time,Comox-Strathcona_1,Cariboo_1,Alberni-Clayoquot_1,FraserValley_1,Stikine_1,Kitimat-Stikine_1,CowichanValley_1,CowichanValley_2,MountWaddington_2,Nanaimo_1,Nanaimo_2,Squamish-Lillooet_1,MountWaddington_1,Capital_1,CentralCoast_2,CentralCoast_1,Skeena-QueenCharlotte_1,PowellRiver_2,Skeena-QueenCharlotte_2,GreaterVancouver_1,Capital_2,PowellRiver_1,EastKootenay_1,Thompson-Nicola_1,Columbia-Shuswap_1,Kitimat-Stikine_2,Fraser-FortGeorge_1,Thompson-Nicola_2
2023-01-01 00:00:00,0.0,0.0,0.0,0.0,0.0,0.0,0.0,0.0,0.0,0.0,0.0,0.0,0.0,0.0,0.0,0.0,0.0,0.0,0.0,0.0,0.0,0.0,0.0,0.0,0.0,0.0,0.0,0.0
2023-01-01 01:00:00,0.0,0.0,0.0,0.0,0.0,0.0,0.0,0.0,0.0,0.0,0.0,0.0,0.0,0.0,0.0,0.0,0.0,0.0,0.0,0.0,0.0,0.0,0.0,0.0,0.0,0.0,0.0,0.0
2023-01-01 02:00:00,0.0,0.0,0.0,0.0,0.0,0.0,0.0,0.0,0.0,0.0,0.0,0.0,0.0,0.0,0.0,0.0,0.0,0.0,0.0,0.0,0.0,0.0,0.0,0.0,0.0,0.0,0.0,0.0
2023-01-01 03:00:00,0.0,0.0,0.0,0.0,0.0,0.0,0.0,0.0,0.0,0.0,0.0,0.0,0.0,0.0,0.0,0.0,0.0,0.0,0.0,0.0,0.0,0.0,0.0,0.0,0.0,0.0,0.0,0.0
2023-01-01 04:00:00,0.0,0.0,0.0,0.0,0.0,0.0,0.0,0.0,0.0,0.0,0.0,0.0,0.0,0.0,0.0,0.0,0.0,0.0,0.0,0.0,0.0,0.0,0.0,0.0,0.0,0.0,0.0,0.0
2023-01-01 05:00:00,0.0,0.0,0.0,0.0,0.0,0.0,0.0,0.0,0.0,0.0,0.0,0.0,0.0,0.0,0.0,0.0,0.0,0.0,0.0,0.0,0.0,0.0,0.0,0.0,0.0,0.0,0.0,0.0
2023-01-01 06:00:00,0.0,0.0,0.0,0.0,0.0,0.0,0.0,0.0,0.0,0.0,0.0,0.0,0.0,0.0,0.0,0.0,0.0,0.0,0.0,0.0,0.0,0.0,0.0,0.0,0.0,0.0,0.0,0.0
2023-01-01 07:00:00,0.0,0.0,0.0,0.0,0.0,0.0,0.0,0.0,0.0,0.0,0.0,0.0,0.0,0.0,0.0,0.0,0.0,0.0,0.0,0.0,0.0,0.0,0.0,0.0,0.0,0.0,0.0,0.0
2023-01-01 08:00:00,0.0,0.0,0.0,0.0,0.0,0.0,0.0,0.0,0.0,0.0,0.0,0.0,0.0,0.0,0.0,0.0,0.0,0.0,0.0,0.0,0.0,0.0,0.0,0.0,0.0,0.0,0.0,0.0
2023-01-01 09:00:00,0.0,0.0,0.0,0.0,0.0,0.0,0.0,0.0,0.0,0.0,0.0,0.0,0.0,0.0,0.0,0.0,0.0,0.0,0.0,0.0,0.0,0.0,0.0,0.0,0.0,0.0,0.0,0.0
2023-01-01 10:00:00,0.0073031968214386745,0.026464339535024636,0.1004511078645181,0.10937521116658791,0.0,0.0,0.13738571887109732,0.09644860511867358,0.0,0.1489691341260754,0.13153348735312173,0.06620839811497169,0.0,0.07153305996296395,0.0,0.0,0.0,0.0,0.0,0.09614803846545474,0.07478280317802447,0.04989779058442223,0.2182388419489751,0.1534656586652198,0.08288799394125895,0.0,0.07991865132711723,0.1824973926424489
2023-01-01 11:00:00,0.14233197697159974,0.26620130379219425,0.19843164670686694,0.1581499114665327,0.00016579690470898566,0.013546483058303443,0.23698449546379827,0.18784136013778965,0.20707991474997312,0.2060249526494985,0.20698297947561925,0.1665121880513193,0.24178984973841408,0.14409082964446263,0.09701114717758484,0.17851387723051373,0.0045062111935650455,0.13737610121471,0.0009194800265243547,0.11653263011868376,0.14150571050390642,0.16214319408904607,0.3303680124541868,0.1902327609082799,0.13641426671616463,0.011126333355862241,0.18382934349969285,0.23998753261312436
2023-01-01 12:00:00,0.19705488202209903,0.26084696489191367,0.20162208125023853,0.4053652552436363,0.00958056929909032,0.02452583636267402,0.31072695835413716,0.21430960485802172,0.15049386026246414,0.2279481733618933,0.2205926330082989,0.34736443066484585,0.1675068847917268,0.17835851317311016,0.09139933306621359,0.1115894399101411,0.015353499865812859,0.1823769371130514,0.011453749762330281,0.21717391421705215,0.17433658192365237,0.21815785269001378,0.3947936018312652,0.3246275698327951,0.24822978115346886,0.03595207827083882,0.19105486257566978,0.38555712916936336
2023-01-01 13:00:00,0.2711409722645731,0.27572298111442806,0.22536493381547432,0.43481355290902973,0.026091572678333647,0.05477339145058482,0.23315807398701371,0.13708121824656708,0.17833487202963533,0.18815062426223392,0.1693647423526837,0.4691386709873535,0.21845037716245122,0.11392802631062834,0.14114952837438735,0.15684219372151403,0.03342728683909531,0.2764923280373025,0.030358114331686857,0.12735893980440996,0.11198641121947016,0.3056191511403031,0.47873408912830545,0.4391172894054296,0.3846427664664585,0.07863854567522204,0.3143385360350599,0.46742394221414774
2023-01-01 14:00:00,0.3154692156078657,0.2617602306776632,0.3554781868182386,0.44119126904553174,0.03616177646376093,0.08904114257266837,0.28888787112233,0.1785794409849104,0.2073551769639207,0.2592020660692413,0.22154920803631212,0.46293468452413655,0.24186168301488134,0.15014520045835,0.1570403921818237,0.17596647436837304,0.03854928338044748,0.3615795804934668,0.038093224832291696,0.21553262407265625,0.15489221261825642,0.35125008095195825,0.40588939541460034,0.4778020215760963,0.3848573277146917,0.10732885392203578,0.28377374006723544,0.5382755286091485
2023-01-01 15:00:00,0.33356666234557053,0.2714011190810961,0.34285212320572966,0.4273678348622114,0.02800173272376373,0.08242522759587187,0.2851332016694675,0.14350217155602546,0.1856803971150346,0.2800676922717768,0.2510168433839517,0.520680224225106,0.20063708347117626,0.0709494242886611,0.19913560176038275,0.1707402364267581,0.03214023916527955,0.48926941359884674,0.02767779133256929,0.09913911436405164,0.07209590629373484,0.44555929842002184,0.3768117638053545,0.44484004532979987,0.3219475503788848,0.13520010343478378,0.243604628276949,0.5164332129228171
2023-01-01 16:00:00,0.26470945004940455,0.3116761705680264,0.1284657723961637,0.45625186882746305,0.01603543194059297,0.04691769752573178,0.1530986518094539,0.09461037808438465,0.08331601732109392,0.1531565461652857,0.1313264589919408,0.5643600769444703,0.0901192480396554,0.09346800662682081,0.10822882887090576,0.077936494563627,0.019921405196629306,0.4465788671618805,0.015624954621527755,0.15440774918746877,0.09769103413221353,0.3959685028233056,0.2846074187420919,0.4024177818996887,0.1727596133841648,0.08861151044940901,0.20333714418742083,0.45973510895837016
2023-01-01 17:00:00,0.11013351970100402,0.1697976085951149,0.08367820947086903,0.3694190392494931,0.006368701148172489,0.0090160699670796,0.10801578896924131,0.08341401898846203,0.01949527300715831,0.10653995937549858,0.08287406961102355,0.3672987487322147,0.0196495356463144,0.10284413545836707,0.019788200049794053,0.015945610479128854,0.004056723238445673,0.2081656712660219,0.002919480349871098,0.17745893730432274,0.11043414212037946,0.20228750292493347,0.20544213243855164,0.23557412115427345,0.09928707544532948,0.01897707471539613,0.10571356855725932,0.291573412943893
2023-01-01 18:00:00,0.0,0.0,0.0,0.0,0.0,0.0,0.0,0.0,0.0,0.0,0.0,0.0,0.0,0.0,0.0,0.0,0.0,0.0,0.0,0.0,0.0,0.0,0.0,0.0,0.0,0.0,0.0,0.0
2023-01-01 19:00:00,0.0,0.0,0.0,0.0,0.0,0.0,0.0,0.0,0.0,0.0,0.0,0.0,0.0,0.0,0.0,0.0,0.0,0.0,0.0,0.0,0.0,0.0,0.0,0.0,0.0,0.0,0.0,0.0
2023-01-01 20:00:00,0.0,0.0,0.0,0.0,0.0,0.0,0.0,0.0,0.0,0.0,0.0,0.0,0.0,0.0,0.0,0.0,0.0,0.0,0.0,0.0,0.0,0.0,0.0,0.0,0.0,0.0,0.0,0.0
2023-01-01 21:00:00,0.0,0.0,0.0,0.0,0.0,0.0,0.0,0.0,0.0,0.0,0.0,0.0,0.0,0.0,0.0,0.0,0.0,0.0,0.0,0.0,0.0,0.0,0.0,0.0,0.0,0.0,0.0,0.0
2023-01-01 22:00:00,0.0,0.0,0.0,0.0,0.0,0.0,0.0,0.0,0.0,0.0,0.0,0.0,0.0,0.0,0.0,0.0,0.0,0.0,0.0,0.0,0.0,0.0,0.0,0.0,0.0,0.0,0.0,0.0
2023-01-01 23:00:00,0.0,0.0,0.0,0.0,0.0,0.0,0.0,0.0,0.0,0.0,0.0,0.0,0.0,0.0,0.0,0.0,0.0,0.0,0.0,0.0,0.0,0.0,0.0,0.0,0.0,0.0,0.0,0.0
2023-01-02 00:00:00,0.0,0.0,0.0,0.0,0.0,0.0,0.0,0.0,0.0,0.0,0.0,0.0,0.0,0.0,0.0,0.0,0.0,0.0,0.0,0.0,0.0,0.0,0.0,0.0,0.0,0.0,0.0,0.0
2023-01-02 01:00:00,0.0,0.0,0.0,0.0,0.0,0.0,0.0,0.0,0.0,0.0,0.0,0.0,0.0,0.0,0.0,0.0,0.0,0.0,0.0,0.0,0.0,0.0,0.0,0.0,0.0,0.0,0.0,0.0
2023-01-02 02:00:00,0.0,0.0,0.0,0.0,0.0,0.0,0.0,0.0,0.0,0.0,0.0,0.0,0.0,0.0,0.0,0.0,0.0,0.0,0.0,0.0,0.0,0.0,0.0,0.0,0.0,0.0,0.0,0.0
2023-01-02 03:00:00,0.0,0.0,0.0,0.0,0.0,0.0,0.0,0.0,0.0,0.0,0.0,0.0,0.0,0.0,0.0,0.0,0.0,0.0,0.0,0.0,0.0,0.0,0.0,0.0,0.0,0.0,0.0,0.0
2023-01-02 04:00:00,0.0,0.0,0.0,0.0,0.0,0.0,0.0,0.0,0.0,0.0,0.0,0.0,0.0,0.0,0.0,0.0,0.0,0.0,0.0,0.0,0.0,0.0,0.0,0.0,0.0,0.0,0.0,0.0
2023-01-02 05:00:00,0.0,0.0,0.0,0.0,0.0,0.0,0.0,0.0,0.0,0.0,0.0,0.0,0.0,0.0,0.0,0.0,0.0,0.0,0.0,0.0,0.0,0.0,0.0,0.0,0.0,0.0,0.0,0.0
2023-01-02 06:00:00,0.0,0.0,0.0,0.0,0.0,0.0,0.0,0.0,0.0,0.0,0.0,0.0,0.0,0.0,0.0,0.0,0.0,0.0,0.0,0.0,0.0,0.0,0.0,0.0,0.0,0.0,0.0,0.0
2023-01-02 07:00:00,0.0,0.0,0.0,0.0,0.0,0.0,0.0,0.0,0.0,0.0,0.0,0.0,0.0,0.0,0.0,0.0,0.0,0.0,0.0,0.0,0.0,0.0,0.0,0.0,0.0,0.0,0.0,0.0
2023-01-02 08:00:00,0.0,0.0,0.0,0.0,0.0,0.0,0.0,0.0,0.0,0.0,0.0,0.0,0.0,0.0,0.0,0.0,0.0,0.0,0.0,0.0,0.0,0.0,0.0,0.0,0.0,0.0,0.0,0.0
2023-01-02 09:00:00,0.0,0.0,0.0,0.0,0.0,0.0,0.0,0.0,0.0,0.0,0.0,0.0,0.0,0.0,0.0,0.0,0.0,0.0,0.0,0.0,0.0,0.0,0.0,0.0,0.0,0.0,0.0,0.0
2023-01-02 10:00:00,0.0,0.0016532187140113007,0.0002705155796192006,0.09674172893895797,0.0,0.0,0.005841034770584521,0.03673554076072629,0.0,0.010269207764482147,0.0082784081174815,0.02041357970070013,0.0,0.06762709999648307,0.0,0.0,0.0,0.0,0.0,0.0810946546973578,0.07191068474806592,0.0017458500125756354,0.3094343778186924,0.040880941065189434,0.0995477343317107,0.0,0.045840235223745945,0.034574864435819926
2023-01-02 11:00:00,0.1335829808852333,0.09709818018904343,0.019067764608921636,0.23870176360939557,0.0020791370338464855,0.000487874568181127,0.036586124227068854,0.0653970931140571,0.11573152824545546,0.03461334884191268,0.035172325732499454,0.14112885522913002,0.13992020384315698,0.10194041440479097,0.060926457002435486,0.08107887168534937,0.004893749568931111,0.12432713159033994,0.012618078193605449,0.11850079715973627,0.10618247609974411,0.11170853660995132,0.429021811890126,0.11110574606561485,0.1714463653751079,0.0026435087825005315,0.23149951995943083,0.09496366736648645
2023-01-02 12:00:00,0.285737469473902,0.22074620044157003,0.06312697914732537,0.2335525684682623,0.13505832826692324,0.020510911617775716,0.10947886746133796,0.12108485231331782,0.11287552028526808,0.1024585279904445,0.1000181583233905,0.3668668872742836,0.11272894983981448,0.1345848549563592,0.04160168179850635,0.04602851905862808,0.012685128393919968,0.3281014719990942,0.022342015534570048,0.16305464042486711,0.13564444292553976,0.33853854288479596,0.5897248149885741,0.1673995067174531,0.24196048898689482,0.030368227009593043,0.390228794177339,0.17757539408764106
2023-01-02 13:00:00,0.2910227676356616,0.3424653072390736,0.07720080029488989,0.360773718865495,0.1881643644244476,0.03628385528145351,0.1620450499197193,0.20037568351197202,0.11579756445724468,0.16488096471900543,0.166714994300199,0.5068884376529501,0.13725590448675085,0.21419637541662767,0.09969396549930754,0.07973826412032699,0.04168364585887418,0.31021011628749334,0.05097388771541165,0.27001182521921496,0.2140232986662127,0.3968179918580455,0.6384759627531916,0.26921514781829836,0.28467220854992914,0.052501234768386175,0.48778482440581494,0.24124743035590307
2023-01-02 14:00:00,0.2428714446188053,0.377701051219888,0.08405211311869527,0.3991189513318279,0.18368399885786799,0.046395090142313015,0.12407604827588457,0.1666415864184698,0.08782120819323429,0.1428821565010097,0.13770817697557833,0.42146583521145786,0.10512640035638991,0.21301011602393177,0.08049049216850745,0.05969546116053716,0.05033759109683489,0.2453400217432833,0.08935543328637709,0.18689995516622593,0.219598306296169,0.3257296389948107,0.6749980489581295,0.3765454301398895,0.37358538332270225,0.05463211704504164,0.523772953667257,0.304254937071988
2023-01-02 15:00:00,0.1757314506622755,0.255906526185073,0.06590520227077364,0.45474561946481074,0.16901793347450197,0.035959722345590646,0.10351157143273715,0.18810355961651512,0.0759000733103752,0.11301056013805963,0.10901708111911716,0.3042488431629402,0.0825475426703785,0.277759793943621,0.036722875157388715,0.03317766869860619,0.09780187604313446,0.1584766819965082,0.09744904530683636,0.2765647365480661,0.2891920328419336,0.17951704168090007,0.6762272739564184,0.35868178373771553,0.35175749484076557,0.03966817090287804,0.46414615850811997,0.3425851912311062
2023-01-02 16:00:00,0.12677079848571654,0.1655191017716219,0.03823487430589875,0.46218124653336584,0.13732611095934807,0.029240670846034326,0.06230924352850417,0.1480942378391185,0.054898897050951294,0.08663646182487861,0.07379766833635233,0.25429482894993327,0.061949447870454755,0.23053766932294323,0.02022131035832581,0.022192001652830574,0.10871318524347309,0.12416006136657089,0.09969331395436569,0.2907446746387378,0.24190441279672062,0.13329450848327584,0.5380288874013592,0.30366566761471003,0.29282823553226883,0.02953256042054808,0.3202239832233729,0.2978384609154795
2023-01-02 17:00:00,0.056921365660734566,0.07449171988369259,0.01077510901171247,0.3488589342109138,0.06903119238520605,0.004337768473447041,0.036857551412417484,0.13449993975179694,0.018918095997371823,0.06087903222400837,0.04624515748783909,0.1645325081245736,0.023550644500937235,0.2200476991925785,0.004891863054131304,0.006641165366461628,0.09652008235052087,0.039475394214781676,0.11050739754645962,0.2855855531324627,0.23221783654040365,0.06890870346070663,0.4267320660259856,0.21129418308823247,0.2745345700423827,0.005192309752254851,0.21803993963415993,0.21545883005944527
2023-01-02 18:00:00,0.0,0.0,0.0,0.0,0.0,0.0,0.0,0.0,0.0,0.0,0.0,0.0,0.0,0.0,0.0,0.0,0.022079652205894043,0.0,0.0,0.0,0.0,0.0,0.0,0.0,0.0,0.0,0.0,0.0
2023-01-02 19:00:00,0.0,0.0,0.0,0.0,0.0,0.0,0.0,0.0,0.0,0.0,0.0,0.0,0.0,0.0,0.0,0.0,0.0,0.0,0.0,0.0,0.0,0.0,0.0,0.0,0.0,0.0,0.0,0.0
2023-01-02 20:00:00,0.0,0.0,0.0,0.0,0.0,0.0,0.0,0.0,0.0,0.0,0.0,0.0,0.0,0.0,0.0,0.0,0.0,0.0,0.0,0.0,0.0,0.0,0.0,0.0,0.0,0.0,0.0,0.0
2023-01-02 21:00:00,0.0,0.0,0.0,0.0,0.0,0.0,0.0,0.0,0.0,0.0,0.0,0.0,0.0,0.0,0.0,0.0,0.0,0.0,0.0,0.0,0.0,0.0,0.0,0.0,0.0,0.0,0.0,0.0
2023-01-02 22:00:00,0.0,0.0,0.0,0.0,0.0,0.0,0.0,0.0,0.0,0.0,0.0,0.0,0.0,0.0,0.0,0.0,0.0,0.0,0.0,0.0,0.0,0.0,0.0,0.0,0.0,0.0,0.0,0.0
2023-01-02 23:00:00,0.0,0.0,0.0,0.0,0.0,0.0,0.0,0.0,0.0,0.0,0.0,0.0,0.0,0.0,0.0,0.0,0.0,0.0,0.0,0.0,0.0,0.0,0.0,0.0,0.0,0.0,0.0,0.0
2023-01-03 00:00:00,0.0,0.0,0.0,0.0,0.0,0.0,0.0,0.0,0.0,0.0,0.0,0.0,0.0,0.0,0.0,0.0,0.0,0.0,0.0,0.0,0.0,0.0,0.0,0.0,0.0,0.0,0.0,0.0
2023-01-03 01:00:00,0.0,0.0,0.0,0.0,0.0,0.0,0.0,0.0,0.0,0.0,0.0,0.0,0.0,0.0,0.0,0.0,0.0,0.0,0.0,0.0,0.0,0.0,0.0,0.0,0.0,0.0,0.0,0.0
2023-01-03 02:00:00,0.0,0.0,0.0,0.0,0.0,0.0,0.0,0.0,0.0,0.0,0.0,0.0,0.0,0.0,0.0,0.0,0.0,0.0,0.0,0.0,0.0,0.0,0.0,0.0,0.0,0.0,0.0,0.0
2023-01-03 03:00:00,0.0,0.0,0.0,0.0,0.0,0.0,0.0,0.0,0.0,0.0,0.0,0.0,0.0,0.0,0.0,0.0,0.0,0.0,0.0,0.0,0.0,0.0,0.0,0.0,0.0,0.0,0.0,0.0
2023-01-03 04:00:00,0.0,0.0,0.0,0.0,0.0,0.0,0.0,0.0,0.0,0.0,0.0,0.0,0.0,0.0,0.0,0.0,0.0,0.0,0.0,0.0,0.0,0.0,0.0,0.0,0.0,0.0,0.0,0.0
2023-01-03 05:00:00,0.0,0.0,0.0,0.0,0.0,0.0,0.0,0.0,0.0,0.0,0.0,0.0,0.0,0.0,0.0,0.0,0.0,0.0,0.0,0.0,0.0,0.0,0.0,0.0,0.0,0.0,0.0,0.0
2023-01-03 06:00:00,0.0,0.0,0.0,0.0,0.0,0.0,0.0,0.0,0.0,0.0,0.0,0.0,0.0,0.0,0.0,0.0,0.0,0.0,0.0,0.0,0.0,0.0,0.0,0.0,0.0,0.0,0.0,0.0
2023-01-03 07:00:00,0.0,0.0,0.0,0.0,0.0,0.0,0.0,0.0,0.0,0.0,0.0,0.0,0.0,0.0,0.0,0.0,0.0,0.0,0.0,0.0,0.0,0.0,0.0,0.0,0.0,0.0,0.0,0.0
2023-01-03 08:00:00,0.0,0.0,0.0,0.0,0.0,0.0,0.0,0.0,0.0,0.0,0.0,0.0,0.0,0.0,0.0,0.0,0.0,0.0,0.0,0.0,0.0,0.0,0.0,0.0,0.0,0.0,0.0,0.0
2023-01-03 09:00:00,0.0,0.0,0.0,0.0,0.0,0.0,0.0,0.0,0.0,0.0,0.0,0.0,0.0,0.0,0.0,0.0,0.0,0.0,0.0,0.0,0.0,0.0,0.0,0.0,0.0,0.0,0.0,0.0
2023-01-03 10:00:00,0.0001711809413027378,0.03722026117427225,0.03471043492166928,0.03717225604146606,0.0,0.0,0.10071378513126732,0.07229329859502542,0.0,0.01069809584177314,0.03785809455508147,0.058755032855031114,0.0,0.10802630375767269,0.0,0.0,0.0,0.0,0.0,0.0033969702090254654,0.11067590959968394,0.0006643612853234464,0.47777334425924733,0.31086997845400877,0.4667398697949432,0.0,0.13981550692168532,0.22343893209874663
2023-01-03 11:00:00,0.10105879408392689,0.24928530790374856,0.1627623567985604,0.06347219811549437,0.006915473240219208,0.04692493371024834,0.16994955952914448,0.11548837310788847,0.09943180467320237,0.033190700478680675,0.06622824741084901,0.15476832227332743,0.09168409433053107,0.1692588385523081,0.039091547767444695,0.06778618716194866,0.04085324680802964,0.023145640559823388,0.00695711057960625,0.021012322265053666,0.17639093374865078,0.06405801810541227,0.5976805558309429,0.43554751456000684,0.6341255512969087,0.02245021492813955,0.3607986841531628,0.3727909190663271
2023-01-03 12:00:00,0.1259100680331397,0.349719867875223,0.3005135900174714,0.11680139039750476,0.07637402998327868,0.09337561835907801,0.27538785642153424,0.19049108672836387,0.16929931565400594,0.11848977305399404,0.159908047711194,0.13448989319095267,0.2170760583252939,0.19490093856544607,0.1494904917376642,0.21504952587715426,0.0382426340025508,0.03957031778476754,0.013767835607606558,0.0812497133868054,0.19634734012592606,0.07376508632944272,0.6586907052092142,0.42496481847466777,0.6433961086036107,0.05720650690848222,0.5244326432087381,0.4183077107897886
2023-01-03 13:00:00,0.20597534531778222,0.466202245027874,0.3269805445228949,0.18662415762353168,0.13838543340971327,0.16539167088549106,0.26045575841640695,0.21131763458133368,0.24346557751340456,0.1979820421221932,0.1844810949588086,0.221044914399604,0.3396703921144401,0.24498326706920281,0.3000900202473312,0.40537168872842405,0.08154370218598761,0.09504723161535389,0.05953015676660235,0.1919928288670161,0.25498940827156613,0.18067239614003672,0.6477410806948175,0.4505133056772188,0.6994877794616596,0.10010313655534893,0.5166697827982039,0.44508998095270336
2023-01-03 14:00:00,0.18679602790963856,0.5335947127844817,0.2842443021396157,0.21394805990531046,0.1513766058012889,0.23826279251252463,0.2945821283275573,0.27500067854695437,0.23769193129317395,0.2257592985674155,0.2273681683296745,0.2958761232722201,0.3387523687718923,0.326520101170611,0.4892372538742234,0.467882947372233,0.09959582155294648,0.1669484950256356,0.09856276270352345,0.26135569483762,0.3374666274796876,0.21051506878064638,0.6610670899888962,0.48588175250710647,0.7082225930828557,0.17305406171599205,0.5423834683902338,0.4869609301726784
2023-01-03 15:00:00,0.1333944849629348,0.5477990580780252,0.23507714152777595,0.13120395240854812,0.1277183172083492,0.14371047108822924,0.22170386948252782,0.15114216369048641,0.13471636951799412,0.14030333189500616,0.14396324091380852,0.22276389326186125,0.16651629056034853,0.16493743359359966,0.4427543979087764,0.2714996452604233,0.042204905957175326,0.08841617948432719,0.08216833262521289,0.10874880018509618,0.17334077618080312,0.13878154648428223,0.6229260023058845,0.4237018879915255,0.6890547376887913,0.15838734515109743,0.4894539803696357,0.536181031896883
2023-01-03 16:00:00,0.11168119175952038,0.4860151529596719,0.09169712556083437,0.17106882259761733,0.10643247046161258,0.11769294464313627,0.09431939010026669,0.11653915236834884,0.11312688856206543,0.08122752776998789,0.07929431783601583,0.21898251506734936,0.12704506480853311,0.15582695045445674,0.35306257377473504,0.1844532727284201,0.025491665133454196,0.0868383678647528,0.06713308744797208,0.12350564990092769,0.1619612333566224,0.12843421341259018,0.4919346862740983,0.3361388501013986,0.5900160184805565,0.16926592532762433,0.40379250886083473,0.4254585357249742
2023-01-03 17:00:00,0.08306271143618832,0.3214337523095077,0.04926083723279251,0.1081312214522469,0.045697798677490235,0.03412520229454147,0.04536591450613098,0.053091801791467295,0.07376659611237267,0.035738351239106,0.030181634638639692,0.11708175467913239,0.07529423412704336,0.08706484831323402,0.10045967788393922,0.055027491917338835,0.013486784922425221,0.13345931217900578,0.020255833100724333,0.1322897072169998,0.09205560645303036,0.07476742402794746,0.353086547272732,0.18996036429066443,0.41213986387354234,0.09146013164839488,0.27500925258303927,0.2681038426577613
2023-01-03 18:00:00,0.0,0.0,0.0,0.0,0.0,0.0,0.0,0.0,0.0,0.0,0.0,0.0,0.0,0.0,0.0,0.0,0.008104721007489286,0.0,0.0,0.0,0.0,0.0,0.0,0.0,0.0,0.0,0.0,0.0
2023-01-03 19:00:00,0.0,0.0,0.0,0.0,0.0,0.0,0.0,0.0,0.0,0.0,0.0,0.0,0.0,0.0,0.0,0.0,0.0,0.0,0.0,0.0,0.0,0.0,0.0,0.0,0.0,0.0,0.0,0.0
2023-01-03 20:00:00,0.0,0.0,0.0,0.0,0.0,0.0,0.0,0.0,0.0,0.0,0.0,0.0,0.0,0.0,0.0,0.0,0.0,0.0,0.0,0.0,0.0,0.0,0.0,0.0,0.0,0.0,0.0,0.0
2023-01-03 21:00:00,0.0,0.0,0.0,0.0,0.0,0.0,0.0,0.0,0.0,0.0,0.0,0.0,0.0,0.0,0.0,0.0,0.0,0.0,0.0,0.0,0.0,0.0,0.0,0.0,0.0,0.0,0.0,0.0
2023-01-03 22:00:00,0.0,0.0,0.0,0.0,0.0,0.0,0.0,0.0,0.0,0.0,0.0,0.0,0.0,0.0,0.0,0.0,0.0,0.0,0.0,0.0,0.0,0.0,0.0,0.0,0.0,0.0,0.0,0.0
2023-01-03 23:00:00,0.0,0.0,0.0,0.0,0.0,0.0,0.0,0.0,0.0,0.0,0.0,0.0,0.0,0.0,0.0,0.0,0.0,0.0,0.0,0.0,0.0,0.0,0.0,0.0,0.0,0.0,0.0,0.0
2023-01-04 00:00:00,0.0,0.0,0.0,0.0,0.0,0.0,0.0,0.0,0.0,0.0,0.0,0.0,0.0,0.0,0.0,0.0,0.0,0.0,0.0,0.0,0.0,0.0,0.0,0.0,0.0,0.0,0.0,0.0
2023-01-04 01:00:00,0.0,0.0,0.0,0.0,0.0,0.0,0.0,0.0,0.0,0.0,0.0,0.0,0.0,0.0,0.0,0.0,0.0,0.0,0.0,0.0,0.0,0.0,0.0,0.0,0.0,0.0,0.0,0.0
2023-01-04 02:00:00,0.0,0.0,0.0,0.0,0.0,0.0,0.0,0.0,0.0,0.0,0.0,0.0,0.0,0.0,0.0,0.0,0.0,0.0,0.0,0.0,0.0,0.0,0.0,0.0,0.0,0.0,0.0,0.0
2023-01-04 03:00:00,0.0,0.0,0.0,0.0,0.0,0.0,0.0,0.0,0.0,0.0,0.0,0.0,0.0,0.0,0.0,0.0,0.0,0.0,0.0,0.0,0.0,0.0,0.0,0.0,0.0,0.0,0.0,0.0
2023-01-04 04:00:00,0.0,0.0,0.0,0.0,0.0,0.0,0.0,0.0,0.0,0.0,0.0,0.0,0.0,0.0,0.0,0.0,0.0,0.0,0.0,0.0,0.0,0.0,0.0,0.0,0.0,0.0,0.0,0.0
2023-01-04 05:00:00,0.0,0.0,0.0,0.0,0.0,0.0,0.0,0.0,0.0,0.0,0.0,0.0,0.0,0.0,0.0,0.0,0.0,0.0,0.0,0.0,0.0,0.0,0.0,0.0,0.0,0.0,0.0,0.0
2023-01-04 06:00:00,0.0,0.0,0.0,0.0,0.0,0.0,0.0,0.0,0.0,0.0,0.0,0.0,0.0,0.0,0.0,0.0,0.0,0.0,0.0,0.0,0.0,0.0,0.0,0.0,0.0,0.0,0.0,0.0
2023-01-04 07:00:00,0.0,0.0,0.0,0.0,0.0,0.0,0.0,0.0,0.0,0.0,0.0,0.0,0.0,0.0,0.0,0.0,0.0,0.0,0.0,0.0,0.0,0.0,0.0,0.0,0.0,0.0,0.0,0.0
2023-01-04 08:00:00,0.0,0.0,0.0,0.0,0.0,0.0,0.0,0.0,0.0,0.0,0.0,0.0,0.0,0.0,0.0,0.0,0.0,0.0,0.0,0.0,0.0,0.0,0.0,0.0,0.0,0.0,0.0,0.0
2023-01-04 09:00:00,0.0,0.0,0.0,0.0,0.0,0.0,0.0,0.0,0.0,0.0,0.0,0.0,0.0,0.0,0.0,0.0,0.0,0.0,0.0,0.0,0.0,0.0,0.0,0.0,0.0,0.0,0.0,0.0
2023-01-04 10:00:00,0.004487884934176134,0.03701317557962466,0.11176895423808857,0.33894513747398086,0.0,0.0,0.23002263841863524,0.2699022123543955,0.0,0.15663618705012883,0.2132012707453938,0.18760156628146968,0.0,0.3031949863601217,0.0,0.0,0.0,0.0,0.0,0.30975228075231753,0.30273464509676595,0.028904756789133765,0.2937743534642898,0.2907179878161541,0.3773033028708231,0.0,0.14011804767058578,0.261456895218622
2023-01-04 11:00:00,0.24204907175547344,0.4346668264148758,0.2292373783783827,0.5381967438516704,0.012171809912375538,0.0415689820279324,0.3054879518386581,0.3968768390385189,0.16517587961711308,0.3311053141531621,0.3449278931768395,0.4582752056386696,0.23877033909293552,0.4328562771646082,0.22579199392916643,0.28535416424010723,0.060970778693313174,0.26006325666144026,0.06161555112230095,0.4893210264386222,0.43408478271295486,0.3618076930393314,0.44021591118528675,0.4183486118273714,0.4815415155831666,0.046872798849483206,0.4532344154465243,0.44392777909675807
2023-01-04 12:00:00,0.33341567642823683,0.49344517804969484,0.13785033941396488,0.45207596938883154,0.08935523994735657,0.1568921282738961,0.22616247164099312,0.2884406029050857,0.2938266461565933,0.179466392698866,0.1784218197035401,0.4450040353839309,0.35485799851193245,0.37982082590560506,0.48866836517503953,0.3414065943659076,0.1112601119707631,0.35525591280935426,0.17318356963181622,0.4007630093396428,0.3889841154114257,0.3793443040590024,0.5735570446384144,0.41393027334900806,0.382123900088901,0.24982980715139552,0.40574586369405413,0.48259137488654213
2023-01-04 13:00:00,0.369985238554567,0.5908988218496484,0.18887847973953348,0.6330999358237205,0.12914367746578564,0.23529178585030552,0.27535130376656325,0.3265558859005166,0.26279442886603643,0.2704590193991275,0.25676982928698855,0.6119203450775369,0.28499917976792283,0.36911432316946097,0.4593785584246565,0.26884326325856495,0.18558994378750054,0.40382896394366935,0.25664311304733706,0.4676548520217581,0.37340755051066216,0.47410301000861543,0.6539749702927555,0.551080690049248,0.47795763375771116,0.37438385952942077,0.507959280259788,0.5785977149766167
2023-01-04 14:00:00,0.4188109925053111,0.6393033618767997,0.17154351704134962,0.5797259034599177,0.16678906141179387,0.28651794591267815,0.24127669809735744,0.29852311114743213,0.37547759129159486,0.28851724279301844,0.256734018806046,0.6564492134971602,0.44678293732227603,0.3213786398332258,0.5972573123891999,0.5643395079754134,0.1750349608031017,0.46847497177386427,0.1906892082573896,0.4078580841809272,0.3247933019638065,0.5139454656227828,0.6502817120051603,0.6375797973114896,0.5073353020196936,0.3854114419919424,0.5733688330378962,0.6451224507991264
2023-01-04 15:00:00,0.3243832279935108,0.6741705604232109,0.07761104022466389,0.5050844028454288,0.16620503561937836,0.2526929535808248,0.10426923266668937,0.12837751835232733,0.22298771410260435,0.12915181730720357,0.10460433124644436,0.6298374928889968,0.2649565666325251,0.1449777279922917,0.6603153931615772,0.3253341212100909,0.2067545367871604,0.3483233006469822,0.22102242706314398,0.256732735252555,0.1480146888872269,0.3957694846396475,0.6478400379625794,0.5768353522369786,0.48659916598268804,0.3871142778507393,0.5268179962785604,0.6067718880674025
2023-01-04 16:00:00,0.11284457621278496,0.5424321584937764,0.04760948153045342,0.23903980605152278,0.11071092848064396,0.22140993159187858,0.05799107814337329,0.06570351125153899,0.08070533731186451,0.0591399267091345,0.05623237506225322,0.29110691296357083,0.07854725950144148,0.06970349557248867,0.35433291860590116,0.0897203510015686,0.10559578760486257,0.09540728149267957,0.15258468858149493,0.08986538049942468,0.06997416485765191,0.13067811970702486,0.534786015564673,0.48197101201202786,0.3474642333189655,0.33365979443027705,0.44441235254677197,0.4859188488104979
2023-01-04 17:00:00,0.02368687068606385,0.23777057821042194,0.012010682798578592,0.04553220382010377,0.0786200407292687,0.12603971633049246,0.011079921640615512,0.012066318510641274,0.01917470044208285,0.01168932231421057,0.011588610473446745,0.044406771652202186,0.021451210884833618,0.012786581938142048,0.06468175226562886,0.018708639853703586,0.06682820170226861,0.027128002370436163,0.060522570844977405,0.017735355732017316,0.01295187363137177,0.027402928786681793,0.39487176136359264,0.23559803955795044,0.21462138881564366,0.15535036381989784,0.27914473097876613,0.2564215254374821
2023-01-04 18:00:00,0.0,0.0,0.0,0.0,0.0,0.0,0.0,0.0,0.0,0.0,0.0,0.0,0.0,0.0,0.0,0.0,0.0,0.0,0.0,0.0,0.0,0.0,0.0,0.0,0.0,0.0,0.0,0.0
2023-01-04 19:00:00,0.0,0.0,0.0,0.0,0.0,0.0,0.0,0.0,0.0,0.0,0.0,0.0,0.0,0.0,0.0,0.0,0.0,0.0,0.0,0.0,0.0,0.0,0.0,0.0,0.0,0.0,0.0,0.0
2023-01-04 20:00:00,0.0,0.0,0.0,0.0,0.0,0.0,0.0,0.0,0.0,0.0,0.0,0.0,0.0,0.0,0.0,0.0,0.0,0.0,0.0,0.0,0.0,0.0,0.0,0.0,0.0,0.0,0.0,0.0
2023-01-04 21:00:00,0.0,0.0,0.0,0.0,0.0,0.0,0.0,0.0,0.0,0.0,0.0,0.0,0.0,0.0,0.0,0.0,0.0,0.0,0.0,0.0,0.0,0.0,0.0,0.0,0.0,0.0,0.0,0.0
2023-01-04 22:00:00,0.0,0.0,0.0,0.0,0.0,0.0,0.0,0.0,0.0,0.0,0.0,0.0,0.0,0.0,0.0,0.0,0.0,0.0,0.0,0.0,0.0,0.0,0.0,0.0,0.0,0.0,0.0,0.0
2023-01-04 23:00:00,0.0,0.0,0.0,0.0,0.0,0.0,0.0,0.0,0.0,0.0,0.0,0.0,0.0,0.0,0.0,0.0,0.0,0.0,0.0,0.0,0.0,0.0,0.0,0.0,0.0,0.0,0.0,0.0
2023-01-05 00:00:00,0.0,0.0,0.0,0.0,0.0,0.0,0.0,0.0,0.0,0.0,0.0,0.0,0.0,0.0,0.0,0.0,0.0,0.0,0.0,0.0,0.0,0.0,0.0,0.0,0.0,0.0,0.0,0.0
2023-01-05 01:00:00,0.0,0.0,0.0,0.0,0.0,0.0,0.0,0.0,0.0,0.0,0.0,0.0,0.0,0.0,0.0,0.0,0.0,0.0,0.0,0.0,0.0,0.0,0.0,0.0,0.0,0.0,0.0,0.0
2023-01-05 02:00:00,0.0,0.0,0.0,0.0,0.0,0.0,0.0,0.0,0.0,0.0,0.0,0.0,0.0,0.0,0.0,0.0,0.0,0.0,0.0,0.0,0.0,0.0,0.0,0.0,0.0,0.0,0.0,0.0
2023-01-05 03:00:00,0.0,0.0,0.0,0.0,0.0,0.0,0.0,0.0,0.0,0.0,0.0,0.0,0.0,0.0,0.0,0.0,0.0,0.0,0.0,0.0,0.0,0.0,0.0,0.0,0.0,0.0,0.0,0.0
2023-01-05 04:00:00,0.0,0.0,0.0,0.0,0.0,0.0,0.0,0.0,0.0,0.0,0.0,0.0,0.0,0.0,0.0,0.0,0.0,0.0,0.0,0.0,0.0,0.0,0.0,0.0,0.0,0.0,0.0,0.0
2023-01-05 05:00:00,0.0,0.0,0.0,0.0,0.0,0.0,0.0,0.0,0.0,0.0,0.0,0.0,0.0,0.0,0.0,0.0,0.0,0.0,0.0,0.0,0.0,0.0,0.0,0.0,0.0,0.0,0.0,0.0
2023-01-05 06:00:00,0.0,0.0,0.0,0.0,0.0,0.0,0.0,0.0,0.0,0.0,0.0,0.0,0.0,0.0,0.0,0.0,0.0,0.0,0.0,0.0,0.0,0.0,0.0,0.0,0.0,0.0,0.0,0.0
2023-01-05 07:00:00,0.0,0.0,0.0,0.0,0.0,0.0,0.0,0.0,0.0,0.0,0.0,0.0,0.0,0.0,0.0,0.0,0.0,0.0,0.0,0.0,0.0,0.0,0.0,0.0,0.0,0.0,0.0,0.0
2023-01-05 08:00:00,0.0,0.0,0.0,0.0,0.0,0.0,0.0,0.0,0.0,0.0,0.0,0.0,0.0,0.0,0.0,0.0,0.0,0.0,0.0,0.0,0.0,0.0,0.0,0.0,0.0,0.0,0.0,0.0
2023-01-05 09:00:00,0.0,0.0,0.0,0.0,0.0,0.0,0.0,0.0,0.0,0.0,0.0,0.0,0.0,0.0,0.0,0.0,0.0,0.0,0.0,0.0,0.0,0.0,0.0,0.0,0.0,0.0,0.0,0.0
2023-01-05 10:00:00,0.0015903294500486474,0.008095349128769283,0.030835686331959117,0.05993609220011095,0.0,0.0,0.11856063349462281,0.17370278536587672,0.0,0.06360617368521695,0.11116175360385244,0.026440590867984694,0.0,0.2055204841531892,0.0,0.0,0.0,0.0,0.0,0.12963448280741668,0.2041872736665566,0.011347440849544747,0.05117437777407583,0.04147055428124284,0.02922764207010832,0.0,0.019893253021883266,0.05400419674349936
2023-01-05 11:00:00,0.06941354091907512,0.14602407465156036,0.0171133683943854,0.17942719570364932,0.002266755657406553,0.011449356676394068,0.04298943803267801,0.15689730712389488,0.07814929178273536,0.16874704540069965,0.09958609392584214,0.14539845797954173,0.10769211592059351,0.22029832593375367,0.02756343591177321,0.1005875388661159,0.003709867604555852,0.05015129903150934,0.00730247516584468,0.3091766242119785,0.23300274237712434,0.11514718206999906,0.1661234079927217,0.1709661287751102,0.1269368049147086,0.005617348287280807,0.06064499991697015,0.19617165809964887
2023-01-05 12:00:00,0.18155513709070972,0.37392252989139896,0.059382760724514726,0.058752158557867105,0.016538365507891322,0.13416200210894513,0.07684776452399025,0.06610631123290853,0.106039483223461,0.03597217338783871,0.043608128757758935,0.12664387137133254,0.10829128377317608,0.10266329295539864,0.3391844722871512,0.14046348047051163,0.013872981218942326,0.17135081646301828,0.009006209673219827,0.025300351235188166,0.10857069651827322,0.11580800856753648,0.2687464290634603,0.33990760234011425,0.3407345799368201,0.11191546059445034,0.18908751073157862,0.36509176448213543
2023-01-05 13:00:00,0.19423857172929146,0.5368297321243817,0.08036139204355844,0.16766038690521604,0.07957161418660076,0.13210379823956828,0.07029162996166193,0.1642959751265266,0.11818821541547465,0.045246835519622275,0.06390593784330434,0.1489222595310057,0.12901225879383704,0.2769012306146768,0.21397636828010463,0.08461979008860668,0.03268548887931451,0.08266764780680337,0.03519403008856852,0.15287781217387358,0.2901630825494609,0.1060950907367505,0.37180264939631125,0.4082432348281925,0.41939461331193706,0.2342571902601866,0.287600507134389,0.47443837534564376
2023-01-05 14:00:00,0.14398121163328964,0.543495163027774,0.021613036991258952,0.17583868586781104,0.10735861785964297,0.09460123644043576,0.04135494925693594,0.12370091560363843,0.21730664852292977,0.07736606137676943,0.05845724256790307,0.13746863475136015,0.22680989997983397,0.1988450844756026,0.14083918825301814,0.15711883713757263,0.043459615845514984,0.08413719333162141,0.075773501050355,0.18938338404641658,0.21070166867455373,0.12721273670935143,0.34537813884014246,0.4748350703535014,0.40217016883288276,0.16301819139173887,0.3304732913348272,0.5045937426228383
2023-01-05 15:00:00,0.08029084845703086,0.5111621556282325,0.007219736027522009,0.1574724626825739,0.10061851251423513,0.07596311041461912,0.014558212741948642,0.01698907898827756,0.21543407970596032,0.02499865918714835,0.015818565098547552,0.10859053980053404,0.25889781298263187,0.027027302215771053,0.1352779223336256,0.23088976086745316,0.06984158034314039,0.05919268446093575,0.12670131790548939,0.044092147834759676,0.028973066662783552,0.06933766252153202,0.25196433957097203,0.4901057187584738,0.38665349044053704,0.0885675623954584,0.356103227777735,0.5365168110070423
2023-01-05 16:00:00,0.07961115420411125,0.36794331981029704,0.0025163580856535756,0.16496695478301757,0.05086228094188416,0.06563573395932769,0.007338735334151911,0.014411003427437044,0.11806697718225134,0.0026872302815020253,0.002661175146231675,0.11401051680092857,0.16504087259035324,0.032800193202515725,0.17306134515670035,0.22252712476336015,0.07176561529125638,0.03419734277094739,0.0783022183218641,0.009566514213701083,0.03559557792240428,0.056375210722043774,0.09808080777550822,0.38061057391086794,0.24145258376600537,0.05567392212013694,0.3358299172580696,0.4437213216437425
2023-01-05 17:00:00,0.05685707976458064,0.24804866608946355,0.0050199336317117305,0.09134970558288794,0.016204661234397746,0.02985989601575273,0.005206448084035037,0.010971908379135918,0.04508625503876527,0.0017063743194548184,0.0028956789019397413,0.054417650190367886,0.05778180772271268,0.02209509402451548,0.07825283339138982,0.05001145810877141,0.02610111814823378,0.008075123671310023,0.017509053068743157,0.000991593880727852,0.02441857737845341,0.014592172217250584,0.009482602691533474,0.267060703376757,0.0864310765744307,0.029725589189968572,0.22053464971434816,0.33473473637279333
2023-01-05 18:00:00,0.00021626854493897847,0.0,0.0,0.0,0.0,0.0,0.0,0.0,0.0,0.0,0.0,0.0,0.0,0.0,0.0,0.0,0.0004048771921134091,0.0,0.0,0.0,0.0,0.0,0.0,0.0,0.0,0.0,0.0,0.0
2023-01-05 19:00:00,0.0,0.0,0.0,0.0,0.0,0.0,0.0,0.0,0.0,0.0,0.0,0.0,0.0,0.0,0.0,0.0,0.0,0.0,0.0,0.0,0.0,0.0,0.0,0.0,0.0,0.0,0.0,0.0
2023-01-05 20:00:00,0.0,0.0,0.0,0.0,0.0,0.0,0.0,0.0,0.0,0.0,0.0,0.0,0.0,0.0,0.0,0.0,0.0,0.0,0.0,0.0,0.0,0.0,0.0,0.0,0.0,0.0,0.0,0.0
2023-01-05 21:00:00,0.0,0.0,0.0,0.0,0.0,0.0,0.0,0.0,0.0,0.0,0.0,0.0,0.0,0.0,0.0,0.0,0.0,0.0,0.0,0.0,0.0,0.0,0.0,0.0,0.0,0.0,0.0,0.0
2023-01-05 22:00:00,0.0,0.0,0.0,0.0,0.0,0.0,0.0,0.0,0.0,0.0,0.0,0.0,0.0,0.0,0.0,0.0,0.0,0.0,0.0,0.0,0.0,0.0,0.0,0.0,0.0,0.0,0.0,0.0
2023-01-05 23:00:00,0.0,0.0,0.0,0.0,0.0,0.0,0.0,0.0,0.0,0.0,0.0,0.0,0.0,0.0,0.0,0.0,0.0,0.0,0.0,0.0,0.0,0.0,0.0,0.0,0.0,0.0,0.0,0.0
2023-01-06 00:00:00,0.0,0.0,0.0,0.0,0.0,0.0,0.0,0.0,0.0,0.0,0.0,0.0,0.0,0.0,0.0,0.0,0.0,0.0,0.0,0.0,0.0,0.0,0.0,0.0,0.0,0.0,0.0,0.0
2023-01-06 01:00:00,0.0,0.0,0.0,0.0,0.0,0.0,0.0,0.0,0.0,0.0,0.0,0.0,0.0,0.0,0.0,0.0,0.0,0.0,0.0,0.0,0.0,0.0,0.0,0.0,0.0,0.0,0.0,0.0
2023-01-06 02:00:00,0.0,0.0,0.0,0.0,0.0,0.0,0.0,0.0,0.0,0.0,0.0,0.0,0.0,0.0,0.0,0.0,0.0,0.0,0.0,0.0,0.0,0.0,0.0,0.0,0.0,0.0,0.0,0.0
2023-01-06 03:00:00,0.0,0.0,0.0,0.0,0.0,0.0,0.0,0.0,0.0,0.0,0.0,0.0,0.0,0.0,0.0,0.0,0.0,0.0,0.0,0.0,0.0,0.0,0.0,0.0,0.0,0.0,0.0,0.0
2023-01-06 04:00:00,0.0,0.0,0.0,0.0,0.0,0.0,0.0,0.0,0.0,0.0,0.0,0.0,0.0,0.0,0.0,0.0,0.0,0.0,0.0,0.0,0.0,0.0,0.0,0.0,0.0,0.0,0.0,0.0
2023-01-06 05:00:00,0.0,0.0,0.0,0.0,0.0,0.0,0.0,0.0,0.0,0.0,0.0,0.0,0.0,0.0,0.0,0.0,0.0,0.0,0.0,0.0,0.0,0.0,0.0,0.0,0.0,0.0,0.0,0.0
2023-01-06 06:00:00,0.0,0.0,0.0,0.0,0.0,0.0,0.0,0.0,0.0,0.0,0.0,0.0,0.0,0.0,0.0,0.0,0.0,0.0,0.0,0.0,0.0,0.0,0.0,0.0,0.0,0.0,0.0,0.0
2023-01-06 07:00:00,0.0,0.0,0.0,0.0,0.0,0.0,0.0,0.0,0.0,0.0,0.0,0.0,0.0,0.0,0.0,0.0,0.0,0.0,0.0,0.0,0.0,0.0,0.0,0.0,0.0,0.0,0.0,0.0
2023-01-06 08:00:00,0.0,0.0,0.0,0.0,0.0,0.0,0.0,0.0,0.0,0.0,0.0,0.0,0.0,0.0,0.0,0.0,0.0,0.0,0.0,0.0,0.0,0.0,0.0,0.0,0.0,0.0,0.0,0.0
2023-01-06 09:00:00,0.0,0.0,0.0,0.0,0.0,0.0,0.0,0.0,0.0,0.0,0.0,0.0,0.0,0.0,0.0,0.0,0.0,0.0,0.0,0.0,0.0,0.0,0.0,0.0,0.0,0.0,0.0,0.0
2023-01-06 10:00:00,0.011383469700482495,0.01387909524276899,0.006697347768309422,0.1281208201034669,0.0,0.0,0.031180807471288884,0.1335162715248026,0.0,0.10850147790574069,0.06802274817842216,0.09569872472971107,0.0,0.1969847631462826,0.0,0.0,0.0,0.0,0.0,0.2071488677057437,0.20550375875373264,0.06744399661367602,0.2053208722312845,0.08083239596243025,0.032970973426682586,0.0,0.031239586810720206,0.09846282338537668
2023-01-06 11:00:00,0.07575536776452887,0.35401398926744565,0.0035512237919677406,0.19616780130344116,0.0024222825282801757,0.013017278186756007,0.012058423108591261,0.05568334652439508,0.03730693270386096,0.01246738713418992,0.01425434815968619,0.13929907626110954,0.03330031763553237,0.11189688456938447,0.12560577803897072,0.036060212841227395,0.050274578440159104,0.08330669558902117,0.06944607382164013,0.08842513548807421,0.11838014183079462,0.0774120679367709,0.23375164532030404,0.2331709473797353,0.08062513670997996,0.03519983356000738,0.21213552709420244,0.30181449702676405
2023-01-06 12:00:00,0.0673401176208373,0.503322034168627,0.00772748313102307,0.22871023574074886,0.016355658640203167,0.01261228159737091,0.021709249475148375,0.02037617772789328,0.0847382616422575,0.0058232340174368125,0.00494708942331555,0.14809634687298645,0.08815639457868661,0.05102076384982043,0.12271688877049317,0.10155830623346124,0.014227789897891467,0.048334193173021726,0.01288287698448526,0.03507239701932344,0.05547718775475215,0.05270556775049881,0.339223077513231,0.4180672700881333,0.1760691090302028,0.024188246026897037,0.33804215625497624,0.500865049322732
2023-01-06 13:00:00,0.11343943539906147,0.5467232029622368,0.024965118787817372,0.39007799017233963,0.0401986454055817,0.026785912079372757,0.043011037251386906,0.017373146558755725,0.1520368079346853,0.008304199747895006,0.006207525635041485,0.256597259726857,0.136998630262274,0.047130200743949496,0.16365807378760117,0.1423693194405134,0.013683576340036575,0.08496306964281582,0.00589585214174362,0.056293716842284416,0.0513221891127118,0.11034303361697496,0.3615125210897896,0.4163162088292096,0.20142230970134448,0.03579270049938072,0.4199177676992313,0.528013806096623
2023-01-06 14:00:00,0.09172332169887484,0.43262052407260276,0.0832152645635621,0.412582644426812,0.06168668411489376,0.0867630947121111,0.12415727047122622,0.09991780846491753,0.14041682956846516,0.09226322016438822,0.08885918520691523,0.24622132639103786,0.1777820363729621,0.11764329798493606,0.18241924461758696,0.28184868928395523,0.014688944213637336,0.04220753233152136,0.009015061054602189,0.085480359844497,0.12338992765826494,0.10792518054506876,0.4014050281360517,0.425850349998995,0.23349298476403693,0.06153382545530342,0.3722809877578855,0.5119931609079477
2023-01-06 15:00:00,0.07356868331103508,0.393083500684161,0.03179961964317006,0.38588042437670916,0.07438714514121204,0.07673146884543913,0.10732279272957741,0.11828646952733046,0.09497279471560527,0.07580571860795998,0.08487393161455567,0.22479827814751968,0.13442997655264255,0.13620481486265482,0.20698604835172332,0.2706688047053769,0.01364218538956921,0.037656002254914035,0.03270829715991368,0.10437873826425424,0.13631274726997553,0.084912511118939,0.4040883141266039,0.4319846017806763,0.23564732574690472,0.08366635207461699,0.4082996536228669,0.5003136240379371
2023-01-06 16:00:00,0.0717162356794279,0.3572040616693141,0.02055339436426331,0.2538855857019493,0.06551561941879862,0.05680533430490642,0.05578941251887084,0.09375079362242957,0.10898367359743226,0.13405497007962708,0.08923153032087476,0.15579485469027016,0.1610428660681905,0.08854581758697982,0.2857353296426566,0.26106438127779663,0.0072512109006692025,0.038320785391233236,0.0197783087223657,0.08545514481580582,0.0914874954151722,0.1034405527278867,0.29940690631951383,0.3683561984388674,0.21701469623403008,0.08599434016075923,0.36295758748274887,0.4229232054514602
2023-01-06 17:00:00,0.03433572603652898,0.237237166756415,5.93068904597232e-05,0.10447118199014481,0.03139413354561921,0.02761428215770337,0.0032365465734585687,0.008341608358208371,0.07642429147084856,0.00806593431501696,0.0033100198278379145,0.06531628550803362,0.11460629774727177,0.01316570706616544,0.2153839296229459,0.15407973821774562,0.003979181753399307,0.009585879068049048,0.003925922147409884,0.03434188289881659,0.014242925636683059,0.017979569918599676,0.17063990872138354,0.2603263237917352,0.12638797420369682,0.05110669531316129,0.23715780918889018,0.2915413150636569
2023-01-06 18:00:00,0.0,0.0,0.0,0.0,0.0,0.0,0.0,0.0,0.0,0.0,0.0,0.0,0.0,0.0,0.0,0.0,0.0,0.0,0.0,0.0,0.0,0.0,0.0,0.0,0.0,0.0,0.0,0.0
2023-01-06 19:00:00,0.0,0.0,0.0,0.0,0.0,0.0,0.0,0.0,0.0,0.0,0.0,0.0,0.0,0.0,0.0,0.0,0.0,0.0,0.0,0.0,0.0,0.0,0.0,0.0,0.0,0.0,0.0,0.0
2023-01-06 20:00:00,0.0,0.0,0.0,0.0,0.0,0.0,0.0,0.0,0.0,0.0,0.0,0.0,0.0,0.0,0.0,0.0,0.0,0.0,0.0,0.0,0.0,0.0,0.0,0.0,0.0,0.0,0.0,0.0
2023-01-06 21:00:00,0.0,0.0,0.0,0.0,0.0,0.0,0.0,0.0,0.0,0.0,0.0,0.0,0.0,0.0,0.0,0.0,0.0,0.0,0.0,0.0,0.0,0.0,0.0,0.0,0.0,0.0,0.0,0.0
2023-01-06 22:00:00,0.0,0.0,0.0,0.0,0.0,0.0,0.0,0.0,0.0,0.0,0.0,0.0,0.0,0.0,0.0,0.0,0.0,0.0,0.0,0.0,0.0,0.0,0.0,0.0,0.0,0.0,0.0,0.0
2023-01-06 23:00:00,0.0,0.0,0.0,0.0,0.0,0.0,0.0,0.0,0.0,0.0,0.0,0.0,0.0,0.0,0.0,0.0,0.0,0.0,0.0,0.0,0.0,0.0,0.0,0.0,0.0,0.0,0.0,0.0
2023-01-07 00:00:00,0.0,0.0,0.0,0.0,0.0,0.0,0.0,0.0,0.0,0.0,0.0,0.0,0.0,0.0,0.0,0.0,0.0,0.0,0.0,0.0,0.0,0.0,0.0,0.0,0.0,0.0,0.0,0.0
2023-01-07 01:00:00,0.0,0.0,0.0,0.0,0.0,0.0,0.0,0.0,0.0,0.0,0.0,0.0,0.0,0.0,0.0,0.0,0.0,0.0,0.0,0.0,0.0,0.0,0.0,0.0,0.0,0.0,0.0,0.0
2023-01-07 02:00:00,0.0,0.0,0.0,0.0,0.0,0.0,0.0,0.0,0.0,0.0,0.0,0.0,0.0,0.0,0.0,0.0,0.0,0.0,0.0,0.0,0.0,0.0,0.0,0.0,0.0,0.0,0.0,0.0
2023-01-07 03:00:00,0.0,0.0,0.0,0.0,0.0,0.0,0.0,0.0,0.0,0.0,0.0,0.0,0.0,0.0,0.0,0.0,0.0,0.0,0.0,0.0,0.0,0.0,0.0,0.0,0.0,0.0,0.0,0.0
2023-01-07 04:00:00,0.0,0.0,0.0,0.0,0.0,0.0,0.0,0.0,0.0,0.0,0.0,0.0,0.0,0.0,0.0,0.0,0.0,0.0,0.0,0.0,0.0,0.0,0.0,0.0,0.0,0.0,0.0,0.0
2023-01-07 05:00:00,0.0,0.0,0.0,0.0,0.0,0.0,0.0,0.0,0.0,0.0,0.0,0.0,0.0,0.0,0.0,0.0,0.0,0.0,0.0,0.0,0.0,0.0,0.0,0.0,0.0,0.0,0.0,0.0
2023-01-07 06:00:00,0.0,0.0,0.0,0.0,0.0,0.0,0.0,0.0,0.0,0.0,0.0,0.0,0.0,0.0,0.0,0.0,0.0,0.0,0.0,0.0,0.0,0.0,0.0,0.0,0.0,0.0,0.0,0.0
2023-01-07 07:00:00,0.0,0.0,0.0,0.0,0.0,0.0,0.0,0.0,0.0,0.0,0.0,0.0,0.0,0.0,0.0,0.0,0.0,0.0,0.0,0.0,0.0,0.0,0.0,0.0,0.0,0.0,0.0,0.0
2023-01-07 08:00:00,0.0,0.0,0.0,0.0,0.0,0.0,0.0,0.0,0.0,0.0,0.0,0.0,0.0,0.0,0.0,0.0,0.0,0.0,0.0,0.0,0.0,0.0,0.0,0.0,0.0,0.0,0.0,0.0
2023-01-07 09:00:00,0.0,0.0,0.0,0.0,0.0,0.0,0.0,0.0,0.0,0.0,0.0,0.0,0.0,0.0,0.0,0.0,0.0,0.0,0.0,0.0,0.0,0.0,0.0,0.0,0.0,0.0,0.0,0.0
2023-01-07 10:00:00,0.00023423306594341932,0.008011931277108983,0.0021911581869243826,0.002927432801912555,0.0,0.0,0.001030768488037339,0.0011441280395482472,0.0,0.0036476559396104776,0.001742853390666523,0.04323240899455693,0.0,0.0003197298962792161,0.0,0.0,0.0,0.01963805186107309,0.0,0.0012118983783012927,0.0002903337804859518,0.0015510675598066966,0.14187921512258597,0.041237292314646894,0.07633328353576933,0.0,0.03930858403839707,0.0755816229163167
2023-01-07 11:00:00,0.18764370023458074,0.31386844988861656,0.028886737087609096,0.020135152350302363,0.012919721313408496,0.007771070974236435,0.01252614920906197,0.011288897162761763,0.14928426858014185,0.02160688784811758,0.022840186023139454,0.12421475570177914,0.15848295129008222,0.006556890032634568,0.12462166709656397,0.13356245120774285,0.0026116450144916437,0.149619088076499,0.0015529060562425737,0.005641401808243959,0.006181893183301182,0.1584765623832496,0.2808898933621219,0.14834311528560734,0.15835809477912552,0.020141621686814534,0.10472799873227334,0.22649758505780876
2023-01-07 12:00:00,0.30026330718886346,0.439281507567577,0.0804514692893508,0.04735493670106165,0.06521127305948556,0.06569627104529124,0.03187484005155091,0.029834237932135372,0.3290118039835159,0.05945888371780589,0.05801708077436568,0.2078299437396288,0.34959438418322447,0.02214384759373232,0.1986156442000636,0.28310690184505083,0.01952039679189919,0.2808376332825751,0.009157888494088667,0.01967409216873752,0.02181304545847003,0.2586653063087975,0.3118956619867001,0.2967295793141305,0.23235798188729673,0.08286763252907615,0.24462080417361595,0.39019227767691245
2023-01-07 13:00:00,0.2939354229565982,0.5248769720100465,0.07311273598305562,0.052393514514425095,0.12927763168622186,0.06406919637852383,0.044541672055590585,0.04353366144591877,0.41274452289186203,0.05715492315518106,0.05716764642124122,0.22379718369685883,0.4316636528657611,0.036755737076496216,0.30151275948128575,0.36769887434937554,0.09151181236327298,0.203578382087252,0.026210309291851558,0.032038171212475465,0.03610261153557626,0.24459138115656823,0.44074424067399964,0.31222427834598643,0.3312655563546214,0.11827931106617744,0.36108701645721786,0.35263556848961314
2023-01-07 14:00:00,0.30812979738078067,0.5238945173788314,0.109325429937772,0.08390879218848599,0.19343806709265884,0.0782447781028438,0.05088818299738392,0.04878767286017426,0.43239035687116617,0.09553424016642253,0.09129571415329238,0.16106958242315406,0.42913249821180605,0.026432478807697193,0.41746959644834064,0.4498231305416019,0.14524551246232956,0.1830184546713388,0.07413444030177155,0.028066051824374397,0.025620053780339533,0.19300197524858334,0.49166891380357747,0.31229604098473585,0.409366544787688,0.14443500780831303,0.37615500108455213,0.26639710950246065
2023-01-07 15:00:00,0.29298937973594763,0.4314099853540076,0.07328122486685944,0.07250489987558545,0.18549104751267173,0.06672513373217501,0.023491431502146432,0.018785296072026267,0.3799664227998232,0.030254653762657808,0.02704443373028239,0.1947780487967969,0.344398993044115,0.012174936084310332,0.3596030905406264,0.41128041272663485,0.19697846728376958,0.1770405881824201,0.1142077797826381,0.016691910272195746,0.012074446563896956,0.17906117348302794,0.4486531537942508,0.1496205970417166,0.31304976805425283,0.1182405183815305,0.40173754725538824,0.13178557096516702
2023-01-07 16:00:00,0.18564411169348546,0.27558416165528976,0.027877915593477427,0.02784885277915101,0.12750074912352413,0.05578944049089992,0.009287909042055563,0.007266067223553955,0.31820445001041503,0.01477938793920136,0.013022941071435635,0.1535438026348685,0.293907635247132,0.0041186276079509246,0.3127271700780182,0.37454911983759154,0.1502282362464875,0.1075874427099493,0.11384686661541825,0.005758323241903297,0.004163444558339356,0.12957994336601011,0.23214501076197425,0.07506479849692481,0.15203249907747257,0.07897316248914497,0.2911389404503805,0.06415463138962244
2023-01-07 17:00:00,0.13357766623397593,0.11901018328352041,0.005725661386024125,0.007430390692101082,0.06842842816163647,0.04835242693645742,0.00099985564530884,0.0005251958467291442,0.22881338854089775,0.0021171720872131517,0.001742122220745841,0.10547555850653739,0.2099521425851363,7.386412642768681e-05,0.24878805801722262,0.29247707002414025,0.18303216765248978,0.10116738440622806,0.12909828318465194,0.0003213505820007823,8.309714223114766e-05,0.12411349694056652,0.08888006069943585,0.012564267460084204,0.08021140906281317,0.0432667869194914,0.18584436579527214,0.011681779494055843
2023-01-07 18:00:00,0.04329858577885156,0.0,0.0,0.0,0.0,0.0,0.0,0.0,0.07783764369319711,0.0,0.0,0.0,0.01515863399853172,0.0,0.0,0.0,0.10821267774915994,0.0,0.04367824669881571,0.0,0.0,0.0,0.0,0.0,0.0,0.0,0.0,0.0
2023-01-07 19:00:00,0.0,0.0,0.0,0.0,0.0,0.0,0.0,0.0,0.0,0.0,0.0,0.0,0.0,0.0,0.0,0.0,0.0,0.0,0.0,0.0,0.0,0.0,0.0,0.0,0.0,0.0,0.0,0.0
2023-01-07 20:00:00,0.0,0.0,0.0,0.0,0.0,0.0,0.0,0.0,0.0,0.0,0.0,0.0,0.0,0.0,0.0,0.0,0.0,0.0,0.0,0.0,0.0,0.0,0.0,0.0,0.0,0.0,0.0,0.0
2023-01-07 21:00:00,0.0,0.0,0.0,0.0,0.0,0.0,0.0,0.0,0.0,0.0,0.0,0.0,0.0,0.0,0.0,0.0,0.0,0.0,0.0,0.0,0.0,0.0,0.0,0.0,0.0,0.0,0.0,0.0
2023-01-07 22:00:00,0.0,0.0,0.0,0.0,0.0,0.0,0.0,0.0,0.0,0.0,0.0,0.0,0.0,0.0,0.0,0.0,0.0,0.0,0.0,0.0,0.0,0.0,0.0,0.0,0.0,0.0,0.0,0.0
2023-01-07 23:00:00,0.0,0.0,0.0,0.0,0.0,0.0,0.0,0.0,0.0,0.0,0.0,0.0,0.0,0.0,0.0,0.0,0.0,0.0,0.0,0.0,0.0,0.0,0.0,0.0,0.0,0.0,0.0,0.0
2023-01-08 00:00:00,0.0,0.0,0.0,0.0,0.0,0.0,0.0,0.0,0.0,0.0,0.0,0.0,0.0,0.0,0.0,0.0,0.0,0.0,0.0,0.0,0.0,0.0,0.0,0.0,0.0,0.0,0.0,0.0
2023-01-08 01:00:00,0.0,0.0,0.0,0.0,0.0,0.0,0.0,0.0,0.0,0.0,0.0,0.0,0.0,0.0,0.0,0.0,0.0,0.0,0.0,0.0,0.0,0.0,0.0,0.0,0.0,0.0,0.0,0.0
2023-01-08 02:00:00,0.0,0.0,0.0,0.0,0.0,0.0,0.0,0.0,0.0,0.0,0.0,0.0,0.0,0.0,0.0,0.0,0.0,0.0,0.0,0.0,0.0,0.0,0.0,0.0,0.0,0.0,0.0,0.0
2023-01-08 03:00:00,0.0,0.0,0.0,0.0,0.0,0.0,0.0,0.0,0.0,0.0,0.0,0.0,0.0,0.0,0.0,0.0,0.0,0.0,0.0,0.0,0.0,0.0,0.0,0.0,0.0,0.0,0.0,0.0
2023-01-08 04:00:00,0.0,0.0,0.0,0.0,0.0,0.0,0.0,0.0,0.0,0.0,0.0,0.0,0.0,0.0,0.0,0.0,0.0,0.0,0.0,0.0,0.0,0.0,0.0,0.0,0.0,0.0,0.0,0.0
2023-01-08 05:00:00,0.0,0.0,0.0,0.0,0.0,0.0,0.0,0.0,0.0,0.0,0.0,0.0,0.0,0.0,0.0,0.0,0.0,0.0,0.0,0.0,0.0,0.0,0.0,0.0,0.0,0.0,0.0,0.0
2023-01-08 06:00:00,0.0,0.0,0.0,0.0,0.0,0.0,0.0,0.0,0.0,0.0,0.0,0.0,0.0,0.0,0.0,0.0,0.0,0.0,0.0,0.0,0.0,0.0,0.0,0.0,0.0,0.0,0.0,0.0
2023-01-08 07:00:00,0.0,0.0,0.0,0.0,0.0,0.0,0.0,0.0,0.0,0.0,0.0,0.0,0.0,0.0,0.0,0.0,0.0,0.0,0.0,0.0,0.0,0.0,0.0,0.0,0.0,0.0,0.0,0.0
2023-01-08 08:00:00,0.0,0.0,0.0,0.0,0.0,0.0,0.0,0.0,0.0,0.0,0.0,0.0,0.0,0.0,0.0,0.0,0.0,0.0,0.0,0.0,0.0,0.0,0.0,0.0,0.0,0.0,0.0,0.0
2023-01-08 09:00:00,0.0,0.0,0.0,0.0,0.0,0.0,0.0,0.0,0.0,0.0,0.0,0.0,0.0,0.0,0.0,0.0,0.0,0.0,0.0,0.0,0.0,0.0,0.0,0.0,0.0,0.0,0.0,0.0
2023-01-08 10:00:00,0.0003309689406462566,0.026353900179217567,7.209196396496788e-05,0.00589626770762234,0.0,0.0,0.0,0.0,0.0,0.00017240749071345123,0.00012025710416764914,0.007586939485915574,0.0,0.0,0.0,0.0,0.0,0.00022120026867582677,0.0,0.0,0.0,0.0011017723682198916,0.11725557691146304,0.09104242188621735,0.14102242077524377,0.0,0.08051910696896203,0.08597348377420261
2023-01-08 11:00:00,0.036908729307082215,0.10976872357695577,0.0041831059483253465,0.02073799811731205,0.004348361611326975,0.15031120584556418,0.002830790972964091,0.0046726368343155585,0.1823755585935136,0.007523490262535577,0.005834624031731557,0.029639893061615775,0.17986350213076627,0.004102999132051127,0.32515833448508613,0.3387902724166854,0.23266740444765108,0.02642888962237565,0.2947875211813527,0.004156983758032272,0.004152326974610848,0.02497582541281133,0.1672387726756872,0.09839242169202007,0.20209409943016052,0.17224055500094548,0.24366261813488715,0.08713075847311773
2023-01-08 12:00:00,0.059292158115253346,0.15063019759839136,0.0076069248339932566,0.054360546500081285,0.06746917436260855,0.31192734530036836,0.00706287979962147,0.007277639309479642,0.15747888547546024,0.005536863577321884,0.004419728065407897,0.0819398934973517,0.18545419992848836,0.011796618896338436,0.37641747795179376,0.35833260448381277,0.4080978083085645,0.046785046514635054,0.4468132540916785,0.008434634963927386,0.012432477844940932,0.05664663818120428,0.3228313338854656,0.13324038107480574,0.3355978797403471,0.2502008144996657,0.3424570129221352,0.1116352650721092
2023-01-08 13:00:00,0.0719990843439117,0.2282237352569882,0.008546626788503492,0.060156892570527525,0.14173489167650946,0.39561004250006504,0.01142983516564254,0.010057188349030896,0.11981362968852788,0.007646511455161739,0.007321381644808855,0.10610284488555212,0.1704294617076414,0.01388961466578095,0.5255441884079991,0.36216265534726527,0.5032506599322952,0.06571721113863847,0.5642864548820686,0.007399601411276375,0.014389560445874496,0.08235848579639816,0.20384449159982926,0.17554911826621314,0.22469025149417565,0.34820135725519513,0.457130143119112,0.15168018979244857
2023-01-08 14:00:00,0.072140351277129,0.20689776150715522,0.0218667335772117,0.06408265789168811,0.1639858003036512,0.416860475564146,0.019018138917345474,0.010873410743801777,0.07909878923774624,0.009137270176368537,0.009631663314465497,0.09709615864676183,0.10589196514696804,0.012300458029890202,0.41314803796427974,0.23460091693667345,0.4681979889624009,0.05193576773627842,0.5843736296284753,0.008129418894524867,0.012801776089633742,0.06485639158113189,0.1601359295248565,0.15062134217405598,0.1869534249250946,0.36936571900709836,0.4624310369200596,0.16284724957254398
2023-01-08 15:00:00,0.06721736358409794,0.13540985010258094,0.00707538996865251,0.02901883956976564,0.20200213365223635,0.40348865816421786,0.003564130339555715,0.005119678399068073,0.044678145602613344,0.004460008473845125,0.004285942298708592,0.07166465856579397,0.05378855498432648,0.00656087775671675,0.2626092283755794,0.08157286967150983,0.4821676214226343,0.039664330175623916,0.5696786231487893,0.0019257194019545371,0.006828794509011403,0.055638580278662274,0.233704170707474,0.08695489172271019,0.1807041742940011,0.36588274452884423,0.35860192243642774,0.08823732519380521
2023-01-08 16:00:00,0.06275999026164407,0.07358804627208727,0.007386576386696332,0.016955337399352913,0.16778961034731357,0.32210339846603847,0.028425316469365292,0.0032978954718563282,0.038354751636421346,0.0012611169555270135,0.0007466417765289173,0.050891953327041,0.05363352356758453,0.008572651620723012,0.18700472528564638,0.06043140740683706,0.44265315202694705,0.036409330010511234,0.538106620469245,0.002743026145905956,0.009114029020891323,0.04828637220064982,0.15175797007065625,0.037292731142567634,0.1237933509183716,0.31297901328855643,0.22752398659018996,0.033577085253363594
2023-01-08 17:00:00,0.030872861156314314,0.036152278638300256,0.01585689773105981,0.0034703168551749,0.09419738830248983,0.21214791390753782,0.028527202770651804,0.004884064177467809,0.027837087106208715,0.0002291282195816093,0.0013747108929941295,0.01950446709081282,0.026717120726589067,0.011007852063127535,0.03310431565153667,0.02122415015772486,0.30938615769202593,0.007568404648578895,0.3977520551370067,2.4598972837446885e-05,0.011861277664519356,0.013556465853354356,0.10314286457679611,0.007224065250808886,0.053955546626465796,0.18320019935753165,0.11823526483213748,0.006732795689052033
2023-01-08 18:00:00,0.0013860062633244295,0.0,0.06844169525126326,0.0,0.0,0.0,0.0,0.0,0.026578305397814146,0.0,0.0,0.0,0.00024063379111279926,0.0,0.0,0.0,0.030204134428066427,0.0,0.0937065792268191,0.0,0.0,0.0,0.0,0.0,0.0,0.0,0.0,0.0
2023-01-08 19:00:00,0.0,0.0,0.0,0.0,0.0,0.0,0.0,0.0,0.0,0.0,0.0,0.0,0.0,0.0,0.0,0.0,0.0,0.0,0.0,0.0,0.0,0.0,0.0,0.0,0.0,0.0,0.0,0.0
2023-01-08 20:00:00,0.0,0.0,0.0,0.0,0.0,0.0,0.0,0.0,0.0,0.0,0.0,0.0,0.0,0.0,0.0,0.0,0.0,0.0,0.0,0.0,0.0,0.0,0.0,0.0,0.0,0.0,0.0,0.0
2023-01-08 21:00:00,0.0,0.0,0.0,0.0,0.0,0.0,0.0,0.0,0.0,0.0,0.0,0.0,0.0,0.0,0.0,0.0,0.0,0.0,0.0,0.0,0.0,0.0,0.0,0.0,0.0,0.0,0.0,0.0
2023-01-08 22:00:00,0.0,0.0,0.0,0.0,0.0,0.0,0.0,0.0,0.0,0.0,0.0,0.0,0.0,0.0,0.0,0.0,0.0,0.0,0.0,0.0,0.0,0.0,0.0,0.0,0.0,0.0,0.0,0.0
2023-01-08 23:00:00,0.0,0.0,0.0,0.0,0.0,0.0,0.0,0.0,0.0,0.0,0.0,0.0,0.0,0.0,0.0,0.0,0.0,0.0,0.0,0.0,0.0,0.0,0.0,0.0,0.0,0.0,0.0,0.0
2023-01-09 00:00:00,0.0,0.0,0.0,0.0,0.0,0.0,0.0,0.0,0.0,0.0,0.0,0.0,0.0,0.0,0.0,0.0,0.0,0.0,0.0,0.0,0.0,0.0,0.0,0.0,0.0,0.0,0.0,0.0
2023-01-09 01:00:00,0.0,0.0,0.0,0.0,0.0,0.0,0.0,0.0,0.0,0.0,0.0,0.0,0.0,0.0,0.0,0.0,0.0,0.0,0.0,0.0,0.0,0.0,0.0,0.0,0.0,0.0,0.0,0.0
2023-01-09 02:00:00,0.0,0.0,0.0,0.0,0.0,0.0,0.0,0.0,0.0,0.0,0.0,0.0,0.0,0.0,0.0,0.0,0.0,0.0,0.0,0.0,0.0,0.0,0.0,0.0,0.0,0.0,0.0,0.0
2023-01-09 03:00:00,0.0,0.0,0.0,0.0,0.0,0.0,0.0,0.0,0.0,0.0,0.0,0.0,0.0,0.0,0.0,0.0,0.0,0.0,0.0,0.0,0.0,0.0,0.0,0.0,0.0,0.0,0.0,0.0
2023-01-09 04:00:00,0.0,0.0,0.0,0.0,0.0,0.0,0.0,0.0,0.0,0.0,0.0,0.0,0.0,0.0,0.0,0.0,0.0,0.0,0.0,0.0,0.0,0.0,0.0,0.0,0.0,0.0,0.0,0.0
2023-01-09 05:00:00,0.0,0.0,0.0,0.0,0.0,0.0,0.0,0.0,0.0,0.0,0.0,0.0,0.0,0.0,0.0,0.0,0.0,0.0,0.0,0.0,0.0,0.0,0.0,0.0,0.0,0.0,0.0,0.0
2023-01-09 06:00:00,0.0,0.0,0.0,0.0,0.0,0.0,0.0,0.0,0.0,0.0,0.0,0.0,0.0,0.0,0.0,0.0,0.0,0.0,0.0,0.0,0.0,0.0,0.0,0.0,0.0,0.0,0.0,0.0
2023-01-09 07:00:00,0.0,0.0,0.0,0.0,0.0,0.0,0.0,0.0,0.0,0.0,0.0,0.0,0.0,0.0,0.0,0.0,0.0,0.0,0.0,0.0,0.0,0.0,0.0,0.0,0.0,0.0,0.0,0.0
2023-01-09 08:00:00,0.0,0.0,0.0,0.0,0.0,0.0,0.0,0.0,0.0,0.0,0.0,0.0,0.0,0.0,0.0,0.0,0.0,0.0,0.0,0.0,0.0,0.0,0.0,0.0,0.0,0.0,0.0,0.0
2023-01-09 09:00:00,0.0,0.0,0.0,0.0,0.0,0.0,0.0,0.0,0.0,0.0,0.0,0.0,0.0,0.0,0.0,0.0,0.0,0.0,0.0,0.0,0.0,0.0,0.0,0.0,0.0,0.0,0.0,0.0
2023-01-09 10:00:00,0.021381937108475628,0.021649011518211813,0.0032383236729755308,0.06807335657404955,0.0,0.0,0.0004856043164743555,0.0006995069647305466,0.0,0.013557036910109004,0.008985503280482693,0.1368811371259179,0.0,0.0008234284509794917,0.0,0.0,0.0,0.137121474160783,0.0,0.007530006386715852,0.0008424873788272135,0.06336227972130551,0.19882180169418662,0.15726472760286958,0.145167483272862,0.0,0.04688990407808227,0.16962610345907564
2023-01-09 11:00:00,0.14699668683280498,0.29096444523836296,0.013174806324064524,0.051564769394077746,0.018727423393893352,0.08927042697020017,0.011750241102939561,0.013889377430878966,0.38921160668706767,0.01928618956527126,0.01848734395996425,0.12372485535048024,0.3910019269647847,0.01153733578492732,0.11518349644447448,0.331244637763149,0.13516869635256967,0.13797575232449283,0.06215594434937542,0.01948211759380978,0.011414455200357542,0.08471318299286253,0.30101686956748896,0.15273615204654462,0.16170212345656057,0.05386254199062863,0.20971021000460158,0.16864421874419566
2023-01-09 12:00:00,0.16661557134748528,0.3345099224484565,0.01974937154873639,0.13595627803119792,0.0966060896385426,0.16900376009394952,0.014798088598596998,0.020312740922415987,0.31511312425916665,0.04623929149905727,0.02961558793146889,0.26369321347108965,0.3108024058538172,0.018479419303753943,0.20247674471813526,0.36712246230594525,0.13114813966099406,0.20874542435502766,0.08645043048562545,0.06675529860054363,0.019540982384352406,0.20324327566094955,0.5034926793521118,0.16605136819302865,0.3913827309254864,0.12774412557941994,0.29541800821524017,0.1916478393943056
2023-01-09 13:00:00,0.17494897212726096,0.4154670058477101,0.01352492062311873,0.12828199885727554,0.2118479688197299,0.3116747746520624,0.013180182076504794,0.030054002455489368,0.3324791811508252,0.018140097760761892,0.01351339238714212,0.26974261723102955,0.357897366709274,0.05799264590942088,0.5069299280089015,0.5053105391509115,0.2370408979680502,0.1643162265075591,0.1497016411889919,0.01773087022179685,0.0632941935313154,0.18198351500638235,0.5953757751789769,0.2555074594908941,0.44633124942965147,0.2437362809310785,0.3133083974405541,0.26894048443281093
2023-01-09 14:00:00,0.13912787270282603,0.40754461748000836,0.013392498467984786,0.06480084133561027,0.26621646081279526,0.4568514783308812,0.02214356630618726,0.08257521569290077,0.3181366052525039,0.01968649609169064,0.023103032170084265,0.16913189075037358,0.3360002677595954,0.1526952643728778,0.6228522106215731,0.5224526158894807,0.2915592065516253,0.11484454204939236,0.20550659965287635,0.0775434059848223,0.16192145210877273,0.13300363837091297,0.608800696598088,0.3481562218010007,0.6021029841683401,0.3688625271705064,0.4604958101554288,0.2719736999068195
2023-01-09 15:00:00,0.07704932384379849,0.334370006912663,0.02102059238240828,0.06434098338164249,0.27352897782489355,0.44787952686179144,0.054233120178886936,0.1042668687156571,0.1982236572178148,0.034100233828512155,0.05086397997389756,0.09620128108583158,0.20319446835793387,0.15349206008963065,0.6212083801148174,0.42605121262047135,0.3689197092225379,0.057137771996510954,0.25246212081042524,0.08450281805301206,0.15852632415817824,0.07006519606653301,0.4996128809520086,0.2842337703177663,0.6051208474365667,0.37078681429385624,0.5295869417647974,0.20451998224592827
2023-01-09 16:00:00,0.03947104553287876,0.23485088791807157,0.008808265286791548,0.05963101674721381,0.26784879823208474,0.4531263872344301,0.02380863112747893,0.023938557158254575,0.06817052659081646,0.023495791183043808,0.016882445155518604,0.047811436804207706,0.07784877635796845,0.03974925437976933,0.49356742541381365,0.22907023704424187,0.33926203298552443,0.03248304863796792,0.2827676487513463,0.04036670318307936,0.042057691160346036,0.048207473900861386,0.31691891818790735,0.21559245469601232,0.4352811291307692,0.4075471861320651,0.45420294359298413,0.14007033996124252
2023-01-09 17:00:00,0.015668139930866416,0.1033656858377556,0.00657614068488228,0.06469701897511643,0.16060901447697276,0.30837036344239355,0.020089108622217362,0.010946307131210267,0.015363465438925195,0.015816390647775645,0.00766862375493702,0.02538638908246651,0.016780942012421755,0.01567046586201902,0.24481918115062026,0.07386027792302642,0.290230124969157,0.012817318365136514,0.25616263305315795,0.01169629837511723,0.016712060263901374,0.023162083975655414,0.06273697556974084,0.082373769631128,0.12462896705499604,0.2731511555708234,0.29999033571972106,0.05566361447791557
2023-01-09 18:00:00,5.9843319117747035e-05,0.0,0.0024358708214066494,0.0,0.0,0.0,0.012921974495748202,0.0,0.0,0.0,0.0,0.0,3.872062600164624e-05,0.0,0.0,0.0,0.13168426865328356,0.0,0.0856926207389333,0.0,0.0,0.0,0.0,0.0,0.0,0.0,0.0,0.0
2023-01-09 19:00:00,0.0,0.0,0.0,0.0,0.0,0.0,0.0,0.0,0.0,0.0,0.0,0.0,0.0,0.0,0.0,0.0,0.0,0.0,0.0,0.0,0.0,0.0,0.0,0.0,0.0,0.0,0.0,0.0
2023-01-09 20:00:00,0.0,0.0,0.0,0.0,0.0,0.0,0.0,0.0,0.0,0.0,0.0,0.0,0.0,0.0,0.0,0.0,0.0,0.0,0.0,0.0,0.0,0.0,0.0,0.0,0.0,0.0,0.0,0.0
2023-01-09 21:00:00,0.0,0.0,0.0,0.0,0.0,0.0,0.0,0.0,0.0,0.0,0.0,0.0,0.0,0.0,0.0,0.0,0.0,0.0,0.0,0.0,0.0,0.0,0.0,0.0,0.0,0.0,0.0,0.0
2023-01-09 22:00:00,0.0,0.0,0.0,0.0,0.0,0.0,0.0,0.0,0.0,0.0,0.0,0.0,0.0,0.0,0.0,0.0,0.0,0.0,0.0,0.0,0.0,0.0,0.0,0.0,0.0,0.0,0.0,0.0
2023-01-09 23:00:00,0.0,0.0,0.0,0.0,0.0,0.0,0.0,0.0,0.0,0.0,0.0,0.0,0.0,0.0,0.0,0.0,0.0,0.0,0.0,0.0,0.0,0.0,0.0,0.0,0.0,0.0,0.0,0.0
2023-01-10 00:00:00,0.0,0.0,0.0,0.0,0.0,0.0,0.0,0.0,0.0,0.0,0.0,0.0,0.0,0.0,0.0,0.0,0.0,0.0,0.0,0.0,0.0,0.0,0.0,0.0,0.0,0.0,0.0,0.0
2023-01-10 01:00:00,0.0,0.0,0.0,0.0,0.0,0.0,0.0,0.0,0.0,0.0,0.0,0.0,0.0,0.0,0.0,0.0,0.0,0.0,0.0,0.0,0.0,0.0,0.0,0.0,0.0,0.0,0.0,0.0
2023-01-10 02:00:00,0.0,0.0,0.0,0.0,0.0,0.0,0.0,0.0,0.0,0.0,0.0,0.0,0.0,0.0,0.0,0.0,0.0,0.0,0.0,0.0,0.0,0.0,0.0,0.0,0.0,0.0,0.0,0.0
2023-01-10 03:00:00,0.0,0.0,0.0,0.0,0.0,0.0,0.0,0.0,0.0,0.0,0.0,0.0,0.0,0.0,0.0,0.0,0.0,0.0,0.0,0.0,0.0,0.0,0.0,0.0,0.0,0.0,0.0,0.0
2023-01-10 04:00:00,0.0,0.0,0.0,0.0,0.0,0.0,0.0,0.0,0.0,0.0,0.0,0.0,0.0,0.0,0.0,0.0,0.0,0.0,0.0,0.0,0.0,0.0,0.0,0.0,0.0,0.0,0.0,0.0
2023-01-10 05:00:00,0.0,0.0,0.0,0.0,0.0,0.0,0.0,0.0,0.0,0.0,0.0,0.0,0.0,0.0,0.0,0.0,0.0,0.0,0.0,0.0,0.0,0.0,0.0,0.0,0.0,0.0,0.0,0.0
2023-01-10 06:00:00,0.0,0.0,0.0,0.0,0.0,0.0,0.0,0.0,0.0,0.0,0.0,0.0,0.0,0.0,0.0,0.0,0.0,0.0,0.0,0.0,0.0,0.0,0.0,0.0,0.0,0.0,0.0,0.0
2023-01-10 07:00:00,0.0,0.0,0.0,0.0,0.0,0.0,0.0,0.0,0.0,0.0,0.0,0.0,0.0,0.0,0.0,0.0,0.0,0.0,0.0,0.0,0.0,0.0,0.0,0.0,0.0,0.0,0.0,0.0
2023-01-10 08:00:00,0.0,0.0,0.0,0.0,0.0,0.0,0.0,0.0,0.0,0.0,0.0,0.0,0.0,0.0,0.0,0.0,0.0,0.0,0.0,0.0,0.0,0.0,0.0,0.0,0.0,0.0,0.0,0.0
2023-01-10 09:00:00,0.0,0.0,0.0,0.0,0.0,0.0,0.0,0.0,0.0,0.0,0.0,0.0,0.0,0.0,0.0,0.0,0.0,0.0,0.0,0.0,0.0,0.0,0.0,0.0,0.0,0.0,0.0,0.0
2023-01-10 10:00:00,0.01798727997214313,0.03433519100022357,0.00021095768389979403,0.029032956710549698,0.0,0.0,0.008007807519074003,0.07179499621712404,0.0,0.008811090436773273,0.014395890713697285,0.044808806189144915,0.0,0.13314562721333192,0.0,0.0,0.0,0.023982350698217414,0.0,0.11494865618194608,0.1401144132702956,0.03865500588904295,0.09279058335182205,0.07848221949105795,0.10748816965820755,0.0,0.14642979408497572,0.05066829558804907
2023-01-10 11:00:00,0.059380180456771334,0.19167958113152817,0.03099039404397929,0.21029974236580148,0.021401915906107346,0.03745569183438957,0.07239075335080898,0.16333074773183306,0.039496855231230976,0.06694171164721398,0.046889960880015076,0.14345427009345157,0.049057851339533394,0.29402642188964406,0.05028269689943608,0.050291952029024575,0.03630661850504734,0.052694068066448496,0.014324893028634317,0.3863515804874702,0.3119661705829133,0.08713576102633157,0.2066220484981985,0.18638002600746775,0.2374445677303835,0.038403683244626584,0.3251839326315918,0.12407382075396746
2023-01-10 12:00:00,0.1800249671275064,0.26122651811890213,0.3467435279765678,0.30640395969838186,0.1701203566363785,0.13651217784646352,0.2805129029910438,0.23982195343673804,0.057052526622932906,0.20469574967002052,0.15990338208170046,0.26109975123444384,0.06722531665970037,0.3443596629399147,0.2135862322070587,0.11830675142137795,0.07288046973099394,0.12725887018128543,0.06267018414665303,0.30204557072807553,0.36733691177466365,0.2125694502940808,0.3467236492830861,0.17895797929052323,0.1552958475626558,0.15442465323290458,0.25102166432502504,0.15984654481830735
2023-01-10 13:00:00,0.2726759296208178,0.3184784761429957,0.39637390562450187,0.5273470305423736,0.2789920412740298,0.1825074419333554,0.3498320708189786,0.2936732708907602,0.10027606483560673,0.16971114827009126,0.17863684050579665,0.4225713749007847,0.09642854939942148,0.4316080675113274,0.230305982707,0.11321303315405899,0.05715411760081015,0.26009926281309176,0.05459312343955101,0.41947695639418,0.4543283662770924,0.293487819026551,0.38484136876257186,0.2552536348088161,0.25372143363117455,0.20437101938896846,0.3251996528699392,0.23374232467200012
2023-01-10 14:00:00,0.3760608203770582,0.35019714827873233,0.3931314731905574,0.525973810529305,0.32402567568056406,0.22882002095676363,0.40229062058945475,0.37663655666563994,0.14064506458026807,0.2499976450932967,0.2478229571808962,0.4910282970453949,0.1517210262433876,0.4968927402738047,0.24670245259457144,0.12693339631740533,0.08606271871259218,0.3138236416916946,0.06968422531007282,0.5141357016455511,0.5164941929316821,0.3870022195351323,0.404832997310681,0.3493010912454015,0.31888677613675404,0.24951290129498635,0.4081275623718849,0.3137295733571482
2023-01-10 15:00:00,0.34106552378941796,0.29778124856793803,0.2899481817686468,0.45184283511679374,0.34940444207986693,0.20562273672772177,0.41735027807722375,0.4145928556751283,0.17106948733368513,0.2675616911641341,0.2945247919010259,0.3145834225712266,0.18577675237338445,0.48905698353414273,0.16726633608727506,0.06660085284708891,0.09545889201107165,0.22136458097301306,0.047764813015525716,0.45514683539504464,0.4938544174614314,0.27329646454898543,0.4085972144698216,0.34652035603185366,0.3802573117265861,0.2642144345988039,0.4621576261011341,0.32515069618075115
2023-01-10 16:00:00,0.2792746688375995,0.21834676691607144,0.22701983803054437,0.37735208568275874,0.2895039990624747,0.18461850839636834,0.3297489209854228,0.35849497712485695,0.1820794139195032,0.2208087033951904,0.2442492326093449,0.21990436515607412,0.17578236753479717,0.4470097237401419,0.07598884940637776,0.056862625571124974,0.14136976329499043,0.1327321251931149,0.06691161946469278,0.40712690270626756,0.4526621104681841,0.1755723603544537,0.3420376198498302,0.25848632591569765,0.37952377085816646,0.21706833457493843,0.36302915606502295,0.24764578917028657
2023-01-10 17:00:00,0.1571397939501796,0.11221476199064222,0.15422654069395791,0.20404096999249619,0.22151752431884664,0.10774681544555406,0.3392262910409514,0.3120116996043482,0.13427095643814474,0.1646211885783951,0.21946102603473716,0.10692234655104373,0.1390427553814196,0.3518116833550397,0.01959879197406946,0.05832201075761866,0.14620165903377286,0.07984435093092633,0.04412802768334166,0.28742769226415515,0.3490988211075595,0.09552099395743473,0.265413361949581,0.17067196684341296,0.30600583539464443,0.10204685652460545,0.26471184160911776,0.1401696274187029
2023-01-10 18:00:00,0.06677787640121298,0.0,0.09273791909991691,0.0,0.0,0.0013073971922461405,0.12753638782436108,0.0,0.08245309551958253,0.0,0.0,0.0,0.0685430125081077,0.0,0.0,0.02897148310378659,0.05431229047061907,0.0,0.008977703570778242,0.0,0.0,0.0,0.0,0.0,0.0,0.0,0.0,0.0
2023-01-10 19:00:00,0.0,0.0,0.0,0.0,0.0,0.0,0.0,0.0,0.0,0.0,0.0,0.0,0.0,0.0,0.0,0.0,0.0,0.0,0.0,0.0,0.0,0.0,0.0,0.0,0.0,0.0,0.0,0.0
2023-01-10 20:00:00,0.0,0.0,0.0,0.0,0.0,0.0,0.0,0.0,0.0,0.0,0.0,0.0,0.0,0.0,0.0,0.0,0.0,0.0,0.0,0.0,0.0,0.0,0.0,0.0,0.0,0.0,0.0,0.0
2023-01-10 21:00:00,0.0,0.0,0.0,0.0,0.0,0.0,0.0,0.0,0.0,0.0,0.0,0.0,0.0,0.0,0.0,0.0,0.0,0.0,0.0,0.0,0.0,0.0,0.0,0.0,0.0,0.0,0.0,0.0
2023-01-10 22:00:00,0.0,0.0,0.0,0.0,0.0,0.0,0.0,0.0,0.0,0.0,0.0,0.0,0.0,0.0,0.0,0.0,0.0,0.0,0.0,0.0,0.0,0.0,0.0,0.0,0.0,0.0,0.0,0.0
2023-01-10 23:00:00,0.0,0.0,0.0,0.0,0.0,0.0,0.0,0.0,0.0,0.0,0.0,0.0,0.0,0.0,0.0,0.0,0.0,0.0,0.0,0.0,0.0,0.0,0.0,0.0,0.0,0.0,0.0,0.0
2023-01-11 00:00:00,0.0,0.0,0.0,0.0,0.0,0.0,0.0,0.0,0.0,0.0,0.0,0.0,0.0,0.0,0.0,0.0,0.0,0.0,0.0,0.0,0.0,0.0,0.0,0.0,0.0,0.0,0.0,0.0
2023-01-11 01:00:00,0.0,0.0,0.0,0.0,0.0,0.0,0.0,0.0,0.0,0.0,0.0,0.0,0.0,0.0,0.0,0.0,0.0,0.0,0.0,0.0,0.0,0.0,0.0,0.0,0.0,0.0,0.0,0.0
2023-01-11 02:00:00,0.0,0.0,0.0,0.0,0.0,0.0,0.0,0.0,0.0,0.0,0.0,0.0,0.0,0.0,0.0,0.0,0.0,0.0,0.0,0.0,0.0,0.0,0.0,0.0,0.0,0.0,0.0,0.0
2023-01-11 03:00:00,0.0,0.0,0.0,0.0,0.0,0.0,0.0,0.0,0.0,0.0,0.0,0.0,0.0,0.0,0.0,0.0,0.0,0.0,0.0,0.0,0.0,0.0,0.0,0.0,0.0,0.0,0.0,0.0
2023-01-11 04:00:00,0.0,0.0,0.0,0.0,0.0,0.0,0.0,0.0,0.0,0.0,0.0,0.0,0.0,0.0,0.0,0.0,0.0,0.0,0.0,0.0,0.0,0.0,0.0,0.0,0.0,0.0,0.0,0.0
2023-01-11 05:00:00,0.0,0.0,0.0,0.0,0.0,0.0,0.0,0.0,0.0,0.0,0.0,0.0,0.0,0.0,0.0,0.0,0.0,0.0,0.0,0.0,0.0,0.0,0.0,0.0,0.0,0.0,0.0,0.0
2023-01-11 06:00:00,0.0,0.0,0.0,0.0,0.0,0.0,0.0,0.0,0.0,0.0,0.0,0.0,0.0,0.0,0.0,0.0,0.0,0.0,0.0,0.0,0.0,0.0,0.0,0.0,0.0,0.0,0.0,0.0
2023-01-11 07:00:00,0.0,0.0,0.0,0.0,0.0,0.0,0.0,0.0,0.0,0.0,0.0,0.0,0.0,0.0,0.0,0.0,0.0,0.0,0.0,0.0,0.0,0.0,0.0,0.0,0.0,0.0,0.0,0.0
2023-01-11 08:00:00,0.0,0.0,0.0,0.0,0.0,0.0,0.0,0.0,0.0,0.0,0.0,0.0,0.0,0.0,0.0,0.0,0.0,0.0,0.0,0.0,0.0,0.0,0.0,0.0,0.0,0.0,0.0,0.0
2023-01-11 09:00:00,0.0,0.0,0.0,0.0,0.0,0.0,0.0,0.0,0.0,0.0,0.0,0.0,0.0,0.0,0.0,0.0,0.0,0.0,0.0,0.0,0.0,0.0,0.0,0.0,0.0,0.0,0.0,0.0
2023-01-11 10:00:00,0.05144576881294703,0.055289023560324745,0.022129473364392582,0.13077888256557177,0.0,0.0,0.016789146960419474,0.06371174401880658,0.0,0.07569855216541432,0.05603237223863773,0.09154085913985874,0.0,0.09701656477783807,0.0,0.0,0.0,0.09091583299542356,0.0,0.0745545694732945,0.10243528909954289,0.09253814727811462,0.2901609188468267,0.1481266775560163,0.06763111763668868,0.0,0.047414764452874146,0.1522311054654748
2023-01-11 11:00:00,0.07178145943064088,0.2888415752282404,0.007711197167770393,0.1592859888337461,0.006339900586466411,0.1367992345934631,0.022739180835682993,0.04132528861590489,0.15976097568043676,0.02966869109298232,0.018213761106214296,0.10758864349356355,0.22801767665165942,0.07025838202891403,0.25452522323925664,0.26835313479030015,0.2823488988982029,0.03392798061214638,0.29499239667505256,0.031372889641633685,0.07543295395364866,0.06096432101136393,0.4378022311054631,0.22021898803192802,0.19359820351657342,0.12830563529831776,0.2706643752569411,0.2147108965438719
2023-01-11 12:00:00,0.12751982361930816,0.3781186905416746,0.045248077888710346,0.1328302348636631,0.07481676814271451,0.2550762089738989,0.12115156017109124,0.09466671738454678,0.15082540309861664,0.02575760027646353,0.049295278441465355,0.19871234895435358,0.17135255363779162,0.1324204209427863,0.4468303293251339,0.25939879641437663,0.37032927568316476,0.06896199425131311,0.460639323056737,0.06896256385033481,0.13433598413740602,0.1113470669114639,0.5691778169658792,0.40777015056801236,0.5089715221911445,0.2834012934887298,0.42658271478068344,0.359812924322191
2023-01-11 13:00:00,0.1621777161083076,0.46739769380702856,0.24434942494708572,0.10409783971032374,0.1319043087395472,0.3185053865968512,0.26653554964535703,0.15931008303758026,0.14766834994438713,0.06084900444776119,0.11111373373044425,0.19896117258051624,0.1983675521663825,0.20901990145497787,0.4359639415579003,0.30739239591565387,0.3781641000966259,0.08989685533636503,0.5300567136241167,0.07644767403288535,0.21511460576042074,0.15160319472944747,0.6443556973103456,0.5251869897646128,0.7002126410897758,0.3566203687896654,0.5958976766944387,0.4737870357355379
2023-01-11 14:00:00,0.168424776893183,0.49840889649417736,0.2253048346467292,0.1047504763257897,0.16970282548931986,0.3274419511647391,0.2832025350538192,0.19470216953216704,0.115118642775841,0.10581805250067897,0.17573718472471894,0.14161029040913753,0.13941775278139615,0.18467108199508597,0.3710836952903687,0.21388439280168317,0.3818943883339403,0.04888918034749524,0.4953934911060941,0.05047905220471952,0.18357051676545633,0.09617023778970635,0.6717659055039283,0.5967402174269653,0.7327477262702113,0.3429876922732157,0.6067074924387631,0.5848240371331739
2023-01-11 15:00:00,0.14185552631169177,0.5244802167851218,0.186383062020029,0.17470384044692983,0.15015959186173045,0.34497187854824324,0.26084900625909985,0.31866101745182107,0.1616800477827592,0.2546991117746764,0.2791233956469542,0.1165522405018004,0.21128109370804837,0.3631574749392106,0.4706811050568886,0.29817580611870576,0.40091751725400254,0.06416761803705315,0.4176986928577416,0.2505756619027862,0.3692506293248925,0.15440601968006976,0.6876084473798724,0.6049841016772546,0.7345385368624736,0.370020212895889,0.6389148060423612,0.5735035266699875
2023-01-11 16:00:00,0.1135481822413666,0.5035286678387664,0.057131335800057456,0.2584039656591148,0.14513021324351777,0.32960022283947366,0.08250151013914443,0.17341558134555177,0.1845541508935522,0.18571462864319627,0.1380483239863613,0.1137814366648425,0.22715787587962666,0.2272133027199527,0.3765138060007136,0.23356900769362876,0.3086512609785535,0.125209399538823,0.3494734362514529,0.3143310916573021,0.23845137692654406,0.14405447279671477,0.6068335693480751,0.5062498262015536,0.6345651813921149,0.306114610803082,0.5491478805402835,0.5159190903596718
2023-01-11 17:00:00,0.07059693308597928,0.3735956282323155,0.0034310416518358567,0.237687002979321,0.08122689886586747,0.2647631922724586,0.015674453238177493,0.03087068063920354,0.06221528586771698,0.035977245891935294,0.020767491217871525,0.11440958674497113,0.07813980356932827,0.04422962203733383,0.30852222965909376,0.21051669389579772,0.2029739615529545,0.09930145544467378,0.2167706262270436,0.11924545261640539,0.04718720382533488,0.07291748129780178,0.409732232091505,0.37556193500592633,0.4524407371173997,0.253381803650633,0.3940693125980365,0.3641852591704879
2023-01-11 18:00:00,0.0,0.0,0.0,0.0,0.0,0.005722826393801321,0.0,0.0,0.0043764315515406604,0.0,0.0,0.0,0.0035785832213265953,0.0,0.0,0.013251141413846193,0.03469937793113781,0.0,0.023010710758317645,0.0,0.0,0.0,0.0,0.0,0.0,0.00010960631888819338,0.0,0.0
2023-01-11 19:00:00,0.0,0.0,0.0,0.0,0.0,0.0,0.0,0.0,0.0,0.0,0.0,0.0,0.0,0.0,0.0,0.0,0.0,0.0,0.0,0.0,0.0,0.0,0.0,0.0,0.0,0.0,0.0,0.0
2023-01-11 20:00:00,0.0,0.0,0.0,0.0,0.0,0.0,0.0,0.0,0.0,0.0,0.0,0.0,0.0,0.0,0.0,0.0,0.0,0.0,0.0,0.0,0.0,0.0,0.0,0.0,0.0,0.0,0.0,0.0
2023-01-11 21:00:00,0.0,0.0,0.0,0.0,0.0,0.0,0.0,0.0,0.0,0.0,0.0,0.0,0.0,0.0,0.0,0.0,0.0,0.0,0.0,0.0,0.0,0.0,0.0,0.0,0.0,0.0,0.0,0.0
2023-01-11 22:00:00,0.0,0.0,0.0,0.0,0.0,0.0,0.0,0.0,0.0,0.0,0.0,0.0,0.0,0.0,0.0,0.0,0.0,0.0,0.0,0.0,0.0,0.0,0.0,0.0,0.0,0.0,0.0,0.0
2023-01-11 23:00:00,0.0,0.0,0.0,0.0,0.0,0.0,0.0,0.0,0.0,0.0,0.0,0.0,0.0,0.0,0.0,0.0,0.0,0.0,0.0,0.0,0.0,0.0,0.0,0.0,0.0,0.0,0.0,0.0
2023-01-12 00:00:00,0.0,0.0,0.0,0.0,0.0,0.0,0.0,0.0,0.0,0.0,0.0,0.0,0.0,0.0,0.0,0.0,0.0,0.0,0.0,0.0,0.0,0.0,0.0,0.0,0.0,0.0,0.0,0.0
2023-01-12 01:00:00,0.0,0.0,0.0,0.0,0.0,0.0,0.0,0.0,0.0,0.0,0.0,0.0,0.0,0.0,0.0,0.0,0.0,0.0,0.0,0.0,0.0,0.0,0.0,0.0,0.0,0.0,0.0,0.0
2023-01-12 02:00:00,0.0,0.0,0.0,0.0,0.0,0.0,0.0,0.0,0.0,0.0,0.0,0.0,0.0,0.0,0.0,0.0,0.0,0.0,0.0,0.0,0.0,0.0,0.0,0.0,0.0,0.0,0.0,0.0
2023-01-12 03:00:00,0.0,0.0,0.0,0.0,0.0,0.0,0.0,0.0,0.0,0.0,0.0,0.0,0.0,0.0,0.0,0.0,0.0,0.0,0.0,0.0,0.0,0.0,0.0,0.0,0.0,0.0,0.0,0.0
2023-01-12 04:00:00,0.0,0.0,0.0,0.0,0.0,0.0,0.0,0.0,0.0,0.0,0.0,0.0,0.0,0.0,0.0,0.0,0.0,0.0,0.0,0.0,0.0,0.0,0.0,0.0,0.0,0.0,0.0,0.0
2023-01-12 05:00:00,0.0,0.0,0.0,0.0,0.0,0.0,0.0,0.0,0.0,0.0,0.0,0.0,0.0,0.0,0.0,0.0,0.0,0.0,0.0,0.0,0.0,0.0,0.0,0.0,0.0,0.0,0.0,0.0
2023-01-12 06:00:00,0.0,0.0,0.0,0.0,0.0,0.0,0.0,0.0,0.0,0.0,0.0,0.0,0.0,0.0,0.0,0.0,0.0,0.0,0.0,0.0,0.0,0.0,0.0,0.0,0.0,0.0,0.0,0.0
2023-01-12 07:00:00,0.0,0.0,0.0,0.0,0.0,0.0,0.0,0.0,0.0,0.0,0.0,0.0,0.0,0.0,0.0,0.0,0.0,0.0,0.0,0.0,0.0,0.0,0.0,0.0,0.0,0.0,0.0,0.0
2023-01-12 08:00:00,0.0,0.0,0.0,0.0,0.0,0.0,0.0,0.0,0.0,0.0,0.0,0.0,0.0,0.0,0.0,0.0,0.0,0.0,0.0,0.0,0.0,0.0,0.0,0.0,0.0,0.0,0.0,0.0
2023-01-12 09:00:00,0.0,0.0,0.0,0.0,0.0,0.0,0.0,0.0,0.0,0.0,0.0,0.0,0.0,0.0,0.0,0.0,0.0,0.0,0.0,0.0,0.0,0.0,0.0,0.0,0.0,0.0,0.0,0.0
2023-01-12 10:00:00,1.4937216476968756e-05,0.0027677437782086885,0.0,0.0017669700246364301,0.0,0.0,0.0,0.0003443170259467087,0.0,0.0,0.0,0.001376251100762514,0.0,0.0009451508341938703,0.0,0.0,0.0,0.0,0.0,0.0003789528793984529,0.0010632946884681041,0.0,0.025922320591337995,0.014798612795237162,0.007834714372364531,0.0,0.0007357883534790554,0.020566144260781825
2023-01-12 11:00:00,0.007184087213525994,0.027606410272488748,0.0004813338505480786,0.014984134205034987,0.027136925278879093,0.007328274831334721,0.0004298857669574472,0.005161935149554772,0.00694036867870871,0.0008370266765203134,0.001086226252857943,0.017304329830942676,0.00881416859606605,0.009659633600152621,0.006970867766252377,0.015350011730434102,0.009247936585487247,0.0035010785705198795,0.0085129408898319,0.007172898280123926,0.010193298861270714,0.007685018530164772,0.12803253760040323,0.05552558096090344,0.056438978933460476,0.019888863116772945,0.022270492519424364,0.0699717343718136
2023-01-12 12:00:00,0.020840654012595942,0.11679317537817782,0.0027390308795266,0.03011915449045325,0.13686020707441193,0.05116046037231099,0.003199083985863429,0.00522280011186985,0.029520515800782493,0.004349288748748346,0.0038234785368756463,0.04425672663848856,0.02826507818971294,0.006887592553152942,0.05126444544120858,0.0334108322888022,0.0216495824517483,0.010084357687985995,0.005586344602730889,0.0021379184697890305,0.007269933169705922,0.02051040584757162,0.16973044724782885,0.0782851569714044,0.10865731831457894,0.0768406390843311,0.03743657043911215,0.10059008632642778
2023-01-12 13:00:00,0.028488505393636065,0.28633011629303023,0.004227539388844791,0.0575048160608888,0.19777453971500847,0.07669458668882834,0.005059854678863725,0.007895906611367999,0.03630334091220955,0.0056129940951450685,0.005132703891722032,0.07116816474895606,0.03926002177638196,0.011206143448868222,0.05488925413978244,0.04588887258505162,0.042710210546813766,0.011203989529305347,0.011097013946626042,0.004864931187386627,0.011829391733758994,0.02741581648445517,0.2501972538030663,0.12078621472632294,0.1729239943806875,0.10354541223570946,0.05743593780730784,0.15071415352256254
2023-01-12 14:00:00,0.02671365631961863,0.371093627398484,0.004444675555784796,0.048019294461362216,0.2414058258524664,0.09370394415910156,0.00873759166966089,0.018837573216584885,0.045040557601612616,0.006908506348087713,0.007621270557953987,0.06302427196334247,0.04173305689288307,0.030765627758843252,0.05880900206147096,0.047384582089261364,0.10424543452722783,0.015346012999314719,0.021824085358868265,0.012635478877195652,0.03258000650829289,0.02763776084535846,0.23723960388579632,0.17637718728354496,0.17733693445591286,0.1349396083938189,0.10089343548363075,0.22522791141730109
2023-01-12 15:00:00,0.020312092524827817,0.398499506663641,0.00297150442956589,0.03531657185969422,0.2777157936835343,0.08291493297664565,0.004632480691798664,0.0032503722008468106,0.03207883807889783,0.0018010661418843025,0.0018476897286834033,0.04846250360172994,0.027713186883788106,0.005477813861402438,0.04224626600707181,0.03701895627036494,0.09886531499513834,0.010288718984673297,0.024942796801010057,0.0011031021937657347,0.0058169346528816855,0.02095961590234871,0.29757918462571903,0.20804327982377385,0.15910278799875938,0.10723107986970014,0.18109642770790674,0.22703550995157756
2023-01-12 16:00:00,0.009474721805882566,0.2639444768699818,0.0013267614412192047,0.007646743239978546,0.1976877205036497,0.05940272397000029,0.002190103303484211,0.007375996034650945,0.015536588504254463,0.0021922857108586176,0.002684915145833289,0.017324258263757445,0.013600422364064627,0.012394426203168331,0.030257172639126258,0.0235929681799691,0.09219328808423871,0.0059231586308533144,0.053451371398757344,0.006674868525921733,0.013051545701183852,0.010131626697853615,0.13066297379442696,0.11503108956299417,0.12000228118845051,0.09317260995557708,0.1496828733541327,0.12557573808233008
2023-01-12 17:00:00,0.0023601608385752245,0.07343123548129286,0.00047845374291182277,0.0006785455444999909,0.1294119153139837,0.015429570252303793,3.1181759120963076e-05,0.0010443831328538565,0.0035531744043335164,0.0,0.0,0.0030802395417291713,0.00274654916308977,0.0026315396519051427,0.006852810879478784,0.004785696244857459,0.061319067352958403,0.0012422408748062285,0.02180591467805124,0.00011537509049861012,0.0029567263483295187,0.0026191920228619257,0.0756584003669688,0.03643728020762276,0.07809754313396947,0.02580570803951497,0.15916680843098535,0.0209468861022064
2023-01-12 18:00:00,0.0,0.0,0.0,0.0,0.0,0.0003783825994206105,0.0,0.0,0.0008421765697467058,0.0,0.0,0.0,0.0,0.0007173026256431318,0.0,0.0,0.01629255872136197,0.0,0.0033568649105180206,0.0,0.0008069654538485232,0.0,0.0,0.0,0.0,0.0012731562342538619,0.0,0.0
2023-01-12 19:00:00,0.0,0.0,0.0,0.0,0.0,0.0,0.0,0.0,0.0,0.0,0.0,0.0,0.0,0.0,0.0,0.0,0.0,0.0,0.0,0.0,0.0,0.0,0.0,0.0,0.0,0.0,0.0,0.0
2023-01-12 20:00:00,0.0,0.0,0.0,0.0,0.0,0.0,0.0,0.0,0.0,0.0,0.0,0.0,0.0,0.0,0.0,0.0,0.0,0.0,0.0,0.0,0.0,0.0,0.0,0.0,0.0,0.0,0.0,0.0
2023-01-12 21:00:00,0.0,0.0,0.0,0.0,0.0,0.0,0.0,0.0,0.0,0.0,0.0,0.0,0.0,0.0,0.0,0.0,0.0,0.0,0.0,0.0,0.0,0.0,0.0,0.0,0.0,0.0,0.0,0.0
2023-01-12 22:00:00,0.0,0.0,0.0,0.0,0.0,0.0,0.0,0.0,0.0,0.0,0.0,0.0,0.0,0.0,0.0,0.0,0.0,0.0,0.0,0.0,0.0,0.0,0.0,0.0,0.0,0.0,0.0,0.0
2023-01-12 23:00:00,0.0,0.0,0.0,0.0,0.0,0.0,0.0,0.0,0.0,0.0,0.0,0.0,0.0,0.0,0.0,0.0,0.0,0.0,0.0,0.0,0.0,0.0,0.0,0.0,0.0,0.0,0.0,0.0
2023-01-13 00:00:00,0.0,0.0,0.0,0.0,0.0,0.0,0.0,0.0,0.0,0.0,0.0,0.0,0.0,0.0,0.0,0.0,0.0,0.0,0.0,0.0,0.0,0.0,0.0,0.0,0.0,0.0,0.0,0.0
2023-01-13 01:00:00,0.0,0.0,0.0,0.0,0.0,0.0,0.0,0.0,0.0,0.0,0.0,0.0,0.0,0.0,0.0,0.0,0.0,0.0,0.0,0.0,0.0,0.0,0.0,0.0,0.0,0.0,0.0,0.0
2023-01-13 02:00:00,0.0,0.0,0.0,0.0,0.0,0.0,0.0,0.0,0.0,0.0,0.0,0.0,0.0,0.0,0.0,0.0,0.0,0.0,0.0,0.0,0.0,0.0,0.0,0.0,0.0,0.0,0.0,0.0
2023-01-13 03:00:00,0.0,0.0,0.0,0.0,0.0,0.0,0.0,0.0,0.0,0.0,0.0,0.0,0.0,0.0,0.0,0.0,0.0,0.0,0.0,0.0,0.0,0.0,0.0,0.0,0.0,0.0,0.0,0.0
2023-01-13 04:00:00,0.0,0.0,0.0,0.0,0.0,0.0,0.0,0.0,0.0,0.0,0.0,0.0,0.0,0.0,0.0,0.0,0.0,0.0,0.0,0.0,0.0,0.0,0.0,0.0,0.0,0.0,0.0,0.0
2023-01-13 05:00:00,0.0,0.0,0.0,0.0,0.0,0.0,0.0,0.0,0.0,0.0,0.0,0.0,0.0,0.0,0.0,0.0,0.0,0.0,0.0,0.0,0.0,0.0,0.0,0.0,0.0,0.0,0.0,0.0
2023-01-13 06:00:00,0.0,0.0,0.0,0.0,0.0,0.0,0.0,0.0,0.0,0.0,0.0,0.0,0.0,0.0,0.0,0.0,0.0,0.0,0.0,0.0,0.0,0.0,0.0,0.0,0.0,0.0,0.0,0.0
2023-01-13 07:00:00,0.0,0.0,0.0,0.0,0.0,0.0,0.0,0.0,0.0,0.0,0.0,0.0,0.0,0.0,0.0,0.0,0.0,0.0,0.0,0.0,0.0,0.0,0.0,0.0,0.0,0.0,0.0,0.0
2023-01-13 08:00:00,0.0,0.0,0.0,0.0,0.0,0.0,0.0,0.0,0.0,0.0,0.0,0.0,0.0,0.0,0.0,0.0,0.0,0.0,0.0,0.0,0.0,0.0,0.0,0.0,0.0,0.0,0.0,0.0
2023-01-13 09:00:00,0.0,0.0,0.0,0.0,0.0,0.0,0.0,0.0,0.0,0.0,0.0,0.0,0.0,0.0,0.0,0.0,0.0,0.0,0.0,0.0,0.0,0.0,0.0,0.0,0.0,0.0,0.0,0.0
2023-01-13 10:00:00,0.0005206371096234513,0.01590199080891506,0.0,0.001122660710850703,0.0,0.0,0.0,0.00029679655826434957,0.0,0.0,0.0,0.003598442465051342,0.0,0.0009037719549503287,0.0,0.0,0.0,0.0,0.0,0.0,0.0010167434493191197,0.0,0.14016518917669885,0.013483004301954954,0.008414203324043829,0.0,0.0039489214608478245,0.022784375567301906
2023-01-13 11:00:00,0.0059013723009914065,0.09813517234210922,0.005142220413716174,0.007901098256277961,0.02391431978444988,0.013923441230021988,0.0030638046079691852,0.0036023019090228522,0.011372368797723579,0.00291934913667082,0.0024077526557836205,0.006750104220439367,0.01400809361531826,0.00475898218196065,0.004090503601306848,0.006330780159112835,0.03398874410634512,0.0007640666461914569,0.001520751403408675,0.0005343977073376692,0.0050618609327262405,0.0041845816703096955,0.20375280128983175,0.06207027461067063,0.04344297174944731,0.011125276275441978,0.047928207672825386,0.07024195752099023
2023-01-13 12:00:00,0.02241287705712715,0.1694035793817267,0.008038685939010765,0.025311015458903182,0.08049451999956078,0.09017825115385024,0.004453436944509533,0.012121852160637638,0.06354391611701558,0.006957995569372604,0.006046796006654025,0.034734566724482135,0.09003017250564187,0.02089462126568171,0.10100101922427533,0.11509695786870312,0.038589282429520894,0.004600239226818024,0.01728497425581563,0.012444037712197011,0.022273315226343317,0.01535632489503958,0.21642020950174568,0.10100519722077245,0.10757842973551351,0.047955127545806574,0.1502026846874022,0.15704208336286815
2023-01-13 13:00:00,0.03768906639364343,0.26585496112158274,0.015831647830528515,0.03671424310382149,0.1513387135632241,0.15250205811377185,0.010612558568968249,0.013491322115076428,0.1086312202640383,0.007771495619832676,0.008904078775401189,0.04363052334435063,0.15260788782617205,0.020186122897695967,0.24957957202066638,0.19169313335259683,0.0346525983173117,0.00933271011912253,0.049860877815323564,0.008053515256517351,0.020955858457943732,0.02106378090748913,0.2225089847421787,0.1335348931165489,0.11322362575966737,0.09427131101201855,0.22294868412623228,0.2239001724202566
2023-01-13 14:00:00,0.04182512399989611,0.3480818476055309,0.014611208650258892,0.03178102664863405,0.19495023225237826,0.14802447769204796,0.01663356682223312,0.024315240493291257,0.12441461686584959,0.02494606431997541,0.020558903172615616,0.04957505441235875,0.16372501267190484,0.025049764034006064,0.3365781917041363,0.20696064257786115,0.03404812511679815,0.017088784199136547,0.028020249157311126,0.014500668433169678,0.02555751704223969,0.03589181983326164,0.2724302438013949,0.15160845407223117,0.1724795404872178,0.14498122705735236,0.26257740110536987,0.23671249236690878
2023-01-13 15:00:00,0.044255403581000774,0.3231204787941802,0.01869872155462842,0.03904440112378627,0.2223445241857664,0.11928849832266174,0.01483428014086705,0.013668240495977556,0.0972863727556261,0.012253563628652956,0.01156737423969054,0.04677804418244932,0.14083982880256735,0.01461931305675463,0.22778350402882566,0.14421509685661965,0.030889515214569313,0.02345803740270964,0.0537445686931142,0.010806160588879161,0.014951289250640456,0.0384155811293062,0.26458635361801564,0.1934647025905245,0.16826021972807417,0.11128086277086253,0.2634568266281025,0.26757044290313536
2023-01-13 16:00:00,0.02566636297726524,0.20839201081649036,0.012043821954866358,0.01670374796760355,0.19799766414329653,0.09133020415097139,0.02421477847340191,0.009300349639505339,0.05223971002445454,0.011044658854227372,0.008858629566599337,0.027313443078170352,0.06966886835578978,0.010894413114990752,0.15239022149269216,0.10037849018188737,0.0728304376876701,0.013160815313525693,0.06283651205809733,0.005590100283162461,0.011204762407943391,0.026365995981743513,0.18783898690106599,0.1372517913222164,0.07444533235260593,0.09294754543293195,0.18800837775941018,0.21406051271962803
2023-01-13 17:00:00,0.007274163587817425,0.0733318522539184,0.0005947689387026214,0.011918932536271134,0.15215491212640278,0.03206297855019505,0.0020681683450348887,0.0015451391447045082,0.01684053501493174,0.0013343903269435263,0.0009680603380415139,0.01054136728264482,0.01974559791720302,0.00226732361933868,0.05893540819864767,0.03478054601781583,0.01909365676110839,0.003122692673825537,0.01525695774759986,0.0005296546408672961,0.002391775037045682,0.008075529503226394,0.10998972156763549,0.0688450461690786,0.024761232734384995,0.03294286768074387,0.07562125610502919,0.10085960003927154
2023-01-13 18:00:00,0.0,0.0,0.0,0.0,0.0,0.0,0.004627541358169878,0.0,0.0,0.0,0.0,0.0,1.500462064420114e-06,5.933788744088688e-05,0.0,0.0,0.00045446613347480466,0.0,0.0009911660008512138,0.0,6.675512337099774e-05,0.0,0.0,0.0,0.0,0.0,0.0,0.0
2023-01-13 19:00:00,0.0,0.0,0.0,0.0,0.0,0.0,0.0,0.0,0.0,0.0,0.0,0.0,0.0,0.0,0.0,0.0,0.0,0.0,0.0,0.0,0.0,0.0,0.0,0.0,0.0,0.0,0.0,0.0
2023-01-13 20:00:00,0.0,0.0,0.0,0.0,0.0,0.0,0.0,0.0,0.0,0.0,0.0,0.0,0.0,0.0,0.0,0.0,0.0,0.0,0.0,0.0,0.0,0.0,0.0,0.0,0.0,0.0,0.0,0.0
2023-01-13 21:00:00,0.0,0.0,0.0,0.0,0.0,0.0,0.0,0.0,0.0,0.0,0.0,0.0,0.0,0.0,0.0,0.0,0.0,0.0,0.0,0.0,0.0,0.0,0.0,0.0,0.0,0.0,0.0,0.0
2023-01-13 22:00:00,0.0,0.0,0.0,0.0,0.0,0.0,0.0,0.0,0.0,0.0,0.0,0.0,0.0,0.0,0.0,0.0,0.0,0.0,0.0,0.0,0.0,0.0,0.0,0.0,0.0,0.0,0.0,0.0
2023-01-13 23:00:00,0.0,0.0,0.0,0.0,0.0,0.0,0.0,0.0,0.0,0.0,0.0,0.0,0.0,0.0,0.0,0.0,0.0,0.0,0.0,0.0,0.0,0.0,0.0,0.0,0.0,0.0,0.0,0.0
2023-01-14 00:00:00,0.0,0.0,0.0,0.0,0.0,0.0,0.0,0.0,0.0,0.0,0.0,0.0,0.0,0.0,0.0,0.0,0.0,0.0,0.0,0.0,0.0,0.0,0.0,0.0,0.0,0.0,0.0,0.0
2023-01-14 01:00:00,0.0,0.0,0.0,0.0,0.0,0.0,0.0,0.0,0.0,0.0,0.0,0.0,0.0,0.0,0.0,0.0,0.0,0.0,0.0,0.0,0.0,0.0,0.0,0.0,0.0,0.0,0.0,0.0
2023-01-14 02:00:00,0.0,0.0,0.0,0.0,0.0,0.0,0.0,0.0,0.0,0.0,0.0,0.0,0.0,0.0,0.0,0.0,0.0,0.0,0.0,0.0,0.0,0.0,0.0,0.0,0.0,0.0,0.0,0.0
2023-01-14 03:00:00,0.0,0.0,0.0,0.0,0.0,0.0,0.0,0.0,0.0,0.0,0.0,0.0,0.0,0.0,0.0,0.0,0.0,0.0,0.0,0.0,0.0,0.0,0.0,0.0,0.0,0.0,0.0,0.0
2023-01-14 04:00:00,0.0,0.0,0.0,0.0,0.0,0.0,0.0,0.0,0.0,0.0,0.0,0.0,0.0,0.0,0.0,0.0,0.0,0.0,0.0,0.0,0.0,0.0,0.0,0.0,0.0,0.0,0.0,0.0
2023-01-14 05:00:00,0.0,0.0,0.0,0.0,0.0,0.0,0.0,0.0,0.0,0.0,0.0,0.0,0.0,0.0,0.0,0.0,0.0,0.0,0.0,0.0,0.0,0.0,0.0,0.0,0.0,0.0,0.0,0.0
2023-01-14 06:00:00,0.0,0.0,0.0,0.0,0.0,0.0,0.0,0.0,0.0,0.0,0.0,0.0,0.0,0.0,0.0,0.0,0.0,0.0,0.0,0.0,0.0,0.0,0.0,0.0,0.0,0.0,0.0,0.0
2023-01-14 07:00:00,0.0,0.0,0.0,0.0,0.0,0.0,0.0,0.0,0.0,0.0,0.0,0.0,0.0,0.0,0.0,0.0,0.0,0.0,0.0,0.0,0.0,0.0,0.0,0.0,0.0,0.0,0.0,0.0
2023-01-14 08:00:00,0.0,0.0,0.0,0.0,0.0,0.0,0.0,0.0,0.0,0.0,0.0,0.0,0.0,0.0,0.0,0.0,0.0,0.0,0.0,0.0,0.0,0.0,0.0,0.0,0.0,0.0,0.0,0.0
2023-01-14 09:00:00,0.0,0.0,0.0,0.0,0.0,0.0,0.0,0.0,0.0,0.0,0.0,0.0,0.0,0.0,0.0,0.0,0.0,0.0,0.0,0.0,0.0,0.0,0.0,0.0,0.0,0.0,0.0,0.0
2023-01-14 10:00:00,0.04607454061347318,0.06679556689906982,0.06313686644609845,0.033306014281891685,0.0,0.0,0.14894133870723775,0.1772929146252771,0.0,0.110602654058845,0.13551297415701705,0.043611001961137555,0.0,0.18348702389085625,0.0,0.0,0.0,0.062139348500661905,0.0,0.13430123663185556,0.18090505573705346,0.0829070842697562,0.12126631118612471,0.08052771662721643,0.05231520504540239,0.0,0.016604802525747562,0.12043373206994691
2023-01-14 11:00:00,0.06205952031690025,0.24479019437472413,0.09520728101379744,0.17556165935247584,0.006333145506998467,0.025556201461253734,0.17768633132840483,0.16110470581286063,0.08441069657826063,0.12982938978618275,0.13832009550562285,0.11066699902234654,0.1149419625854625,0.16736769625490777,0.14662104976765739,0.20646348445203508,0.10011343044138223,0.08052304157568087,0.055696142568955775,0.14871869418797626,0.16838838568899225,0.09381659230913102,0.21656795856680897,0.13716927260920653,0.06039754827025909,0.032456226715770274,0.05519920648302762,0.18602940279870847
2023-01-14 12:00:00,0.1377676898340861,0.30852529443633775,0.14732552209156055,0.37547920767881526,0.03298205764329603,0.09084044918902813,0.18629833604313806,0.22689435937998603,0.1946226764744525,0.19631532174541375,0.1372959354449976,0.24974847477681122,0.2069689812094303,0.3309183471619774,0.29401650447650485,0.31713525966887834,0.09049148179550384,0.20742756246415286,0.0601668956328053,0.4229250887186221,0.35309816966065577,0.22554627996690146,0.37831428052759214,0.24296439157178115,0.15534814640526629,0.05063181848637277,0.19680440241370628,0.24324645130135614
2023-01-14 13:00:00,0.1280265616906135,0.37757006461571807,0.23507281087537665,0.4625165068308686,0.06293036702173845,0.1416752308680512,0.23091080583975807,0.2980055660181703,0.20823465161784455,0.2263821664659672,0.16723054417766858,0.33914667171602286,0.24477293217935592,0.4398912509453496,0.3430542519415977,0.37472910230016315,0.06622218979065908,0.21773465534454695,0.07051226245698121,0.5272487499477301,0.4660933056377496,0.2341398255401892,0.3203467867026379,0.2963579396146342,0.14734027895639193,0.12854282694463273,0.21295436673051021,0.2892759111873986
2023-01-14 14:00:00,0.20050775218184613,0.46966481670798066,0.2971592852901319,0.5572629940044961,0.08039850292836276,0.1715529351534978,0.3590782506340587,0.427792590363264,0.1672219266980735,0.4071315774330964,0.3180515990963834,0.4874025634416502,0.2213308898621507,0.510090928678127,0.40929536131651323,0.4069104234741119,0.10191653215208311,0.32165289419142856,0.101728057046143,0.6436518623810941,0.5300970174829621,0.42245602683191114,0.37976642144276884,0.32064643118715797,0.15514271144620442,0.17537140922302663,0.2754270512683285,0.3210633925679237
2023-01-14 15:00:00,0.2533193366836327,0.45121252301388587,0.2216235837111508,0.6017084623919933,0.08541870466911429,0.18269317645894212,0.3152525578448516,0.3974643985640294,0.11715709140590165,0.3588022889524619,0.27764403308910457,0.5951858210165385,0.13808586269802067,0.4930998211921145,0.43782745739855355,0.2905381660530975,0.08359077882038833,0.43075872350120664,0.08617371229215419,0.6269426438213082,0.5100979162897947,0.47783169559996946,0.3135352211507965,0.294347605878288,0.17510911359700548,0.23039092605565725,0.26195119623477403,0.2924916004202405
2023-01-14 16:00:00,0.2951064735241727,0.3906342065709421,0.20677271473010406,0.556470746856198,0.07079705945274085,0.11728461870075202,0.3432434485036297,0.3934695518248148,0.07101892142186861,0.3831505297345477,0.3174998602697362,0.5402437151478405,0.06819419404181087,0.43432340941862013,0.36722331207619624,0.14269645013958854,0.05818841519472704,0.5177980157735534,0.05861399183661284,0.57635897118567,0.44208297399055696,0.48226987603041854,0.2478756389102176,0.2561977939055577,0.14932204506965452,0.18641507672541555,0.21910142115789016,0.2633681960413003
2023-01-14 17:00:00,0.23385908839620648,0.24915848808879248,0.13618004632000894,0.4207846379204056,0.035894391296188814,0.06082635875087881,0.2900996525162794,0.2955759657293084,0.06086810600834011,0.2964465392634298,0.2676499666847629,0.46016548899216586,0.047475593491449836,0.27551446052035306,0.2360649230150915,0.07596963448286177,0.02481327768352504,0.3888148772307529,0.02366010815064137,0.3786449690920487,0.2738491258372504,0.36534051217482183,0.1664036824432427,0.19276389959340579,0.09918739203094469,0.11886752161013825,0.17003578678711465,0.19697101530148328
2023-01-14 18:00:00,0.03916560734677925,0.0,0.03014117251747925,0.0,0.0,0.011283440144467027,0.05109374437495893,0.0920930546207882,0.01572579166818446,0.085534860109551,0.10428926041992052,0.0,0.021861846685843535,0.048989282848624735,0.025515581491823053,0.006887609939429869,0.002414681204977884,0.05156374061549498,0.006126087077337787,0.0,0.04156317925048718,0.03601970431840517,0.0,0.0,0.0,0.005904531590324134,0.0,0.0
2023-01-14 19:00:00,0.0,0.0,0.0,0.0,0.0,0.0,0.0,0.0,0.0,0.0,0.0,0.0,0.0,0.0,0.0,0.0,0.0,0.0,0.0,0.0,0.0,0.0,0.0,0.0,0.0,0.0,0.0,0.0
2023-01-14 20:00:00,0.0,0.0,0.0,0.0,0.0,0.0,0.0,0.0,0.0,0.0,0.0,0.0,0.0,0.0,0.0,0.0,0.0,0.0,0.0,0.0,0.0,0.0,0.0,0.0,0.0,0.0,0.0,0.0
2023-01-14 21:00:00,0.0,0.0,0.0,0.0,0.0,0.0,0.0,0.0,0.0,0.0,0.0,0.0,0.0,0.0,0.0,0.0,0.0,0.0,0.0,0.0,0.0,0.0,0.0,0.0,0.0,0.0,0.0,0.0
2023-01-14 22:00:00,0.0,0.0,0.0,0.0,0.0,0.0,0.0,0.0,0.0,0.0,0.0,0.0,0.0,0.0,0.0,0.0,0.0,0.0,0.0,0.0,0.0,0.0,0.0,0.0,0.0,0.0,0.0,0.0
2023-01-14 23:00:00,0.0,0.0,0.0,0.0,0.0,0.0,0.0,0.0,0.0,0.0,0.0,0.0,0.0,0.0,0.0,0.0,0.0,0.0,0.0,0.0,0.0,0.0,0.0,0.0,0.0,0.0,0.0,0.0
2023-01-15 00:00:00,0.0,0.0,0.0,0.0,0.0,0.0,0.0,0.0,0.0,0.0,0.0,0.0,0.0,0.0,0.0,0.0,0.0,0.0,0.0,0.0,0.0,0.0,0.0,0.0,0.0,0.0,0.0,0.0
2023-01-15 01:00:00,0.0,0.0,0.0,0.0,0.0,0.0,0.0,0.0,0.0,0.0,0.0,0.0,0.0,0.0,0.0,0.0,0.0,0.0,0.0,0.0,0.0,0.0,0.0,0.0,0.0,0.0,0.0,0.0
2023-01-15 02:00:00,0.0,0.0,0.0,0.0,0.0,0.0,0.0,0.0,0.0,0.0,0.0,0.0,0.0,0.0,0.0,0.0,0.0,0.0,0.0,0.0,0.0,0.0,0.0,0.0,0.0,0.0,0.0,0.0
2023-01-15 03:00:00,0.0,0.0,0.0,0.0,0.0,0.0,0.0,0.0,0.0,0.0,0.0,0.0,0.0,0.0,0.0,0.0,0.0,0.0,0.0,0.0,0.0,0.0,0.0,0.0,0.0,0.0,0.0,0.0
2023-01-15 04:00:00,0.0,0.0,0.0,0.0,0.0,0.0,0.0,0.0,0.0,0.0,0.0,0.0,0.0,0.0,0.0,0.0,0.0,0.0,0.0,0.0,0.0,0.0,0.0,0.0,0.0,0.0,0.0,0.0
2023-01-15 05:00:00,0.0,0.0,0.0,0.0,0.0,0.0,0.0,0.0,0.0,0.0,0.0,0.0,0.0,0.0,0.0,0.0,0.0,0.0,0.0,0.0,0.0,0.0,0.0,0.0,0.0,0.0,0.0,0.0
2023-01-15 06:00:00,0.0,0.0,0.0,0.0,0.0,0.0,0.0,0.0,0.0,0.0,0.0,0.0,0.0,0.0,0.0,0.0,0.0,0.0,0.0,0.0,0.0,0.0,0.0,0.0,0.0,0.0,0.0,0.0
2023-01-15 07:00:00,0.0,0.0,0.0,0.0,0.0,0.0,0.0,0.0,0.0,0.0,0.0,0.0,0.0,0.0,0.0,0.0,0.0,0.0,0.0,0.0,0.0,0.0,0.0,0.0,0.0,0.0,0.0,0.0
2023-01-15 08:00:00,0.0,0.0,0.0,0.0,0.0,0.0,0.0,0.0,0.0,0.0,0.0,0.0,0.0,0.0,0.0,0.0,0.0,0.0,0.0,0.0,0.0,0.0,0.0,0.0,0.0,0.0,0.0,0.0
2023-01-15 09:00:00,0.0,0.0,0.0,0.0,0.0,0.0,0.0,0.0,0.0,0.0,0.0,0.0,0.0,0.0,0.0,0.0,0.0,0.0,0.0,0.0,0.0,0.0,0.0,0.0,0.0,0.0,0.0,0.0
2023-01-15 10:00:00,0.01300167460255686,0.030339553772766127,0.04269451515784181,0.11755501415975328,0.0,0.0,0.052749190270342076,0.04906290172147074,0.0,0.03348969583988004,0.031221068580253683,0.065438461932832,0.0,0.07127151214633806,0.0,0.0,0.0,0.04811546676645926,0.0,0.08392278548198276,0.07563047360559211,0.03905448453775484,0.13433136493297573,0.10920289196370647,0.145857046291481,0.0,0.07101358334453811,0.08093447614095724
2023-01-15 11:00:00,0.03971386123996926,0.10675314627862707,0.09855153425670266,0.14298835544703714,0.002244198380302213,0.015633289881089547,0.1285252172783138,0.15967943178377195,0.1009655488914744,0.10929511940968648,0.10887102558671245,0.08242263575306416,0.14556237082889528,0.18850616751807156,0.06792744033954434,0.1426021565631826,0.002004218329607574,0.032356201879759156,0.004408930581051913,0.24485093434759927,0.19435578416696023,0.06642675750822384,0.23592008268087314,0.20095581237693128,0.20288416550894184,0.01573214804702351,0.17757832182137986,0.17441557034356936
2023-01-15 12:00:00,0.15296998964924383,0.22760943912424936,0.11396034387006924,0.4214224379104976,0.04648527554532427,0.06060595119674836,0.1870346712766607,0.22588105726281751,0.09625815702425536,0.3131151095080655,0.23133107164624683,0.35314503331588143,0.12919746869076126,0.19722238592049296,0.13252006181849682,0.13274587943798258,0.03388436280199801,0.19286755003141134,0.03932196646216439,0.3473380448609416,0.19982261799390091,0.26176960436028124,0.3663145659461213,0.26702454312564067,0.25559136715010994,0.06347137953332158,0.22339771601583552,0.25741458826609803
2023-01-15 13:00:00,0.2625525488194492,0.29661884939304267,0.1621876479484026,0.4213970929362556,0.09476486918775166,0.15843148051459144,0.1716452896832047,0.21963639690380635,0.12004155205081456,0.2696027175566261,0.2199330840865487,0.4619483051891971,0.15522764159420013,0.22528795250852088,0.2910963022868944,0.2155760641005746,0.0501365514934104,0.3828124408743863,0.062756877745364,0.28331971553872326,0.22862364293430185,0.3515137952494231,0.3938600542262594,0.29613016367995115,0.34664667596796117,0.1320469913138715,0.370429762357879,0.30264410764504923
2023-01-15 14:00:00,0.3425830639805989,0.32091063445700146,0.20635635351532966,0.3358407975719241,0.12712483539624006,0.21735309220864388,0.176308519107214,0.18061014591533475,0.12779066826682167,0.23746681545059378,0.22483861634632307,0.4953809151951876,0.13338532977565026,0.14980637153608894,0.35551257751640847,0.19199644694162427,0.07373654949418698,0.5058852502621561,0.07800380692527262,0.14226563398711237,0.1489253665229231,0.4367963078595995,0.306715683131118,0.2802939517828895,0.3411082388347302,0.21301819602665115,0.39796049261479716,0.30316672380076365
2023-01-15 15:00:00,0.368905619999821,0.34881555039117657,0.10077070923120593,0.44502552015400715,0.17632119034912025,0.1847720914503773,0.17801547107665883,0.17733555902677992,0.1641968912574342,0.21184174578732262,0.19359183325791773,0.6020971119827668,0.15096175201545756,0.1286268522493731,0.34924118751924443,0.15747034255057762,0.08375810633139957,0.580875782373336,0.056041362070187915,0.15127626958906018,0.12124782866179663,0.47140410786576625,0.3156736845941562,0.32406777576672663,0.25588594187847,0.2153626939181496,0.450545767978688,0.3442920821404825
2023-01-15 16:00:00,0.2963418103763261,0.2632316178820839,0.07799507751243549,0.27848113260495155,0.1416434082908577,0.11141498985071328,0.0873195569168061,0.08580388135831112,0.14071949393249975,0.08724428902748213,0.08338851348192772,0.42683495579095854,0.13941199427290116,0.08415842541654439,0.22475152448984287,0.08542395126427853,0.08834741209172262,0.40112461892921836,0.05007607665199168,0.09493226601278054,0.08519436881804013,0.3136091704014418,0.2934623235794855,0.20418425341540758,0.15934930435991695,0.14906372626823775,0.33363593898529903,0.25039779917894234
2023-01-15 17:00:00,0.19792856780364781,0.16476503876523313,0.045001679025646925,0.16894244600501135,0.0769274000263813,0.04677390219317987,0.056963517809689945,0.031214547149784933,0.11165464027639235,0.02802315459821277,0.040537037280757006,0.3162443539255102,0.10622254349589924,0.02042262887927548,0.08844159354511641,0.03637331702138304,0.051199822923478175,0.24408021146171155,0.048506666578228004,0.014517275563306085,0.02010752738312791,0.21485119886763526,0.2232809739178138,0.15311156563658718,0.08377532139096205,0.06484875981152813,0.2088482572858663,0.18250093122165983
2023-01-15 18:00:00,0.006845717988855854,0.0,0.02579614046642668,0.0,0.0,0.0016090404002209507,0.026836828362236737,0.01069581263403569,0.05484094927558843,0.011160361581355789,0.01721601157574322,0.0,0.05352047855247879,0.0016232825680719343,0.004219514095330118,0.011020986434189538,0.054613569468659084,0.01438355192249204,0.030487098253853526,2.5987863067230968e-05,0.001826192889080926,0.003474990756722647,0.0,0.0,0.0,0.000529801473162191,0.0,0.0
2023-01-15 19:00:00,0.0,0.0,0.0,0.0,0.0,0.0,0.0,0.0,0.0,0.0,0.0,0.0,0.0,0.0,0.0,0.0,0.0,0.0,0.0,0.0,0.0,0.0,0.0,0.0,0.0,0.0,0.0,0.0
2023-01-15 20:00:00,0.0,0.0,0.0,0.0,0.0,0.0,0.0,0.0,0.0,0.0,0.0,0.0,0.0,0.0,0.0,0.0,0.0,0.0,0.0,0.0,0.0,0.0,0.0,0.0,0.0,0.0,0.0,0.0
2023-01-15 21:00:00,0.0,0.0,0.0,0.0,0.0,0.0,0.0,0.0,0.0,0.0,0.0,0.0,0.0,0.0,0.0,0.0,0.0,0.0,0.0,0.0,0.0,0.0,0.0,0.0,0.0,0.0,0.0,0.0
2023-01-15 22:00:00,0.0,0.0,0.0,0.0,0.0,0.0,0.0,0.0,0.0,0.0,0.0,0.0,0.0,0.0,0.0,0.0,0.0,0.0,0.0,0.0,0.0,0.0,0.0,0.0,0.0,0.0,0.0,0.0
2023-01-15 23:00:00,0.0,0.0,0.0,0.0,0.0,0.0,0.0,0.0,0.0,0.0,0.0,0.0,0.0,0.0,0.0,0.0,0.0,0.0,0.0,0.0,0.0,0.0,0.0,0.0,0.0,0.0,0.0,0.0
2023-01-16 00:00:00,0.0,0.0,0.0,0.0,0.0,0.0,0.0,0.0,0.0,0.0,0.0,0.0,0.0,0.0,0.0,0.0,0.0,0.0,0.0,0.0,0.0,0.0,0.0,0.0,0.0,0.0,0.0,0.0
2023-01-16 01:00:00,0.0,0.0,0.0,0.0,0.0,0.0,0.0,0.0,0.0,0.0,0.0,0.0,0.0,0.0,0.0,0.0,0.0,0.0,0.0,0.0,0.0,0.0,0.0,0.0,0.0,0.0,0.0,0.0
2023-01-16 02:00:00,0.0,0.0,0.0,0.0,0.0,0.0,0.0,0.0,0.0,0.0,0.0,0.0,0.0,0.0,0.0,0.0,0.0,0.0,0.0,0.0,0.0,0.0,0.0,0.0,0.0,0.0,0.0,0.0
2023-01-16 03:00:00,0.0,0.0,0.0,0.0,0.0,0.0,0.0,0.0,0.0,0.0,0.0,0.0,0.0,0.0,0.0,0.0,0.0,0.0,0.0,0.0,0.0,0.0,0.0,0.0,0.0,0.0,0.0,0.0
2023-01-16 04:00:00,0.0,0.0,0.0,0.0,0.0,0.0,0.0,0.0,0.0,0.0,0.0,0.0,0.0,0.0,0.0,0.0,0.0,0.0,0.0,0.0,0.0,0.0,0.0,0.0,0.0,0.0,0.0,0.0
2023-01-16 05:00:00,0.0,0.0,0.0,0.0,0.0,0.0,0.0,0.0,0.0,0.0,0.0,0.0,0.0,0.0,0.0,0.0,0.0,0.0,0.0,0.0,0.0,0.0,0.0,0.0,0.0,0.0,0.0,0.0
2023-01-16 06:00:00,0.0,0.0,0.0,0.0,0.0,0.0,0.0,0.0,0.0,0.0,0.0,0.0,0.0,0.0,0.0,0.0,0.0,0.0,0.0,0.0,0.0,0.0,0.0,0.0,0.0,0.0,0.0,0.0
2023-01-16 07:00:00,0.0,0.0,0.0,0.0,0.0,0.0,0.0,0.0,0.0,0.0,0.0,0.0,0.0,0.0,0.0,0.0,0.0,0.0,0.0,0.0,0.0,0.0,0.0,0.0,0.0,0.0,0.0,0.0
2023-01-16 08:00:00,0.0,0.0,0.0,0.0,0.0,0.0,0.0,0.0,0.0,0.0,0.0,0.0,0.0,0.0,0.0,0.0,0.0,0.0,0.0,0.0,0.0,0.0,0.0,0.0,0.0,0.0,0.0,0.0
2023-01-16 09:00:00,0.0,0.0,0.0,0.0,0.0,0.0,0.0,0.0,0.0,0.0,0.0,0.0,0.0,0.0,0.0,0.0,0.0,0.0,0.0,0.0,0.0,0.0,0.0,0.0,0.0,0.0,0.0,0.0
2023-01-16 10:00:00,0.0039326070423631706,0.016022821018341113,0.01709826652091069,0.02032767957875505,0.0,0.0,0.00022326022818628798,0.020660833282588543,0.0,0.00024989761903978526,0.001667300359999311,0.005574753538507312,0.0,0.04267323326832868,0.0,0.0,0.0,0.0006336042131093734,0.0,0.012089737136946086,0.04603064082585285,0.002282506934280393,0.19284827245586447,0.038720123702359666,0.05554674746886848,0.0,0.050738989894724994,0.033663552853477156
2023-01-16 11:00:00,0.031004967004038625,0.10165894382904424,0.029111659082766663,0.05691875627896383,0.002906761834397983,0.022797073260566465,0.007441972242555456,0.038348672278278026,0.018107490602006823,0.003962438951488178,0.0054381561146791225,0.03843910998750354,0.01650107112064704,0.08077051647114813,0.007899151884962945,0.00991699551659386,0.15283778191443528,0.016315167118666558,0.07488074839757296,0.02908159174169191,0.08692228896012008,0.02686511514583623,0.1962060797579205,0.10884486938975074,0.11717336318018795,0.010828227334568695,0.1428846581693555,0.11495163206032485
2023-01-16 12:00:00,0.06950702145690599,0.2345117986186989,0.02107614670602552,0.11447954538918799,0.05794236210557021,0.06983234885990207,0.011781116980604389,0.0767381509375506,0.11244741147559134,0.014713818523453494,0.01663073172624671,0.1006426061833274,0.11134936114519188,0.15046164614999286,0.06592864110561462,0.08102997449007013,0.2250257718758742,0.06412263793453872,0.20886264520564246,0.09558910061242198,0.15993121891074596,0.06716425184984683,0.30250293312926657,0.26220469233958665,0.23611088065536484,0.07730095947218295,0.2874865519698857,0.29019737036337384
2023-01-16 13:00:00,0.14444213103640335,0.29881779623836546,0.04402864225099609,0.17836793469029655,0.08657703207446799,0.09188124526310608,0.025397008034729208,0.043549448681497814,0.16371751994862502,0.015220627901891954,0.015492041506189432,0.1424554186831612,0.12958371366146793,0.08908844232437543,0.0655396846633219,0.07846962497643337,0.29458829903410877,0.11586929635142523,0.25769113460099613,0.035618944774312176,0.0955718560561375,0.10293521984113557,0.3329183405905425,0.36498486715891837,0.2677934298469655,0.10070626686194716,0.43939474337635426,0.40053412200315935
2023-01-16 14:00:00,0.12592205746918153,0.3354254714590565,0.0655292039664446,0.1723083164896471,0.13827889073982827,0.13301758119823856,0.011193054370149814,0.04181192236503701,0.14214471450684726,0.011518340259067256,0.010262854880267628,0.14357143397878,0.09972394331821359,0.08646587302940999,0.08952606096012504,0.09294092655527016,0.2742173491252524,0.06319342436492549,0.23523083562228192,0.030041234526745085,0.09321808609647678,0.09572021653869534,0.40611678524404055,0.3590735580460414,0.3404833002879506,0.13172574606352253,0.42619439938366205,0.41975812958360187
2023-01-16 15:00:00,0.08552952635511855,0.34237637406986493,0.14621084769995374,0.1269362837029366,0.12322402746716851,0.11873910333260637,0.019024816797223638,0.06507681983079797,0.1406505903194162,0.011674525460961337,0.013049268947614894,0.11070116537262467,0.07386568861910259,0.132520771196693,0.10017574273527673,0.10146855065911213,0.3476631482230799,0.03683303909947322,0.28065120303088603,0.04752976100274058,0.14132038612910988,0.05397769622139912,0.3723320148615434,0.30888731743233966,0.3073176929709531,0.10790154547387887,0.4175707725846441,0.33831211670216604
2023-01-16 16:00:00,0.0722820933535058,0.28055363243798953,0.09546505024146183,0.09570347354301839,0.09094642061269208,0.1033226145675672,0.056197073628927646,0.0890397797647317,0.11883500209845539,0.01407925051827092,0.024768467860387007,0.09160604814786646,0.0508694198124508,0.16856220913574255,0.06189127998415544,0.0624388079589329,0.3075746943491893,0.039931964229748984,0.28876698268354545,0.026595391619706615,0.17647690457099124,0.05112600888227326,0.28080053706377156,0.2240509976724246,0.28137307837719644,0.09306157837211965,0.3003882464637103,0.2737290681932793
2023-01-16 17:00:00,0.05026910891594612,0.2024358843927122,0.03799253984595619,0.05543459319411825,0.06349016101381448,0.07670896734519579,0.03457540439074568,0.06430130861421163,0.11246514408746348,0.00896379812399078,0.019329379034822083,0.046609135302573254,0.028902835778190673,0.11350299404297519,0.03914341866392542,0.04857785109534386,0.13031286825997246,0.015923960959250954,0.15773225579740416,0.0444767528988134,0.1182127422635252,0.019661082938511678,0.23544107666501402,0.10826313408644753,0.18466304081266138,0.07453988242450169,0.13167938152553232,0.1394789000063106
2023-01-16 18:00:00,0.017122536381301803,0.0,0.001607222272464815,0.0,0.00010832014584301229,0.043923198740098215,0.0005408574156820825,0.015118605419661223,0.06054311552164069,0.0,0.0,0.0,0.010295356687232752,0.03438426522085466,0.026119275212970368,0.03922646990036659,0.07181805074844766,0.0,0.11246848631962479,0.0010395400988685588,0.03757533061197926,0.0,0.0,0.0,0.0,0.021714468018965635,0.0,0.0
2023-01-16 19:00:00,0.0,0.0,0.0,0.0,0.0,0.0,0.0,0.0,0.0,0.0,0.0,0.0,0.0,0.0,0.0,0.0,0.0,0.0,0.0,0.0,0.0,0.0,0.0,0.0,0.0,0.0,0.0,0.0
2023-01-16 20:00:00,0.0,0.0,0.0,0.0,0.0,0.0,0.0,0.0,0.0,0.0,0.0,0.0,0.0,0.0,0.0,0.0,0.0,0.0,0.0,0.0,0.0,0.0,0.0,0.0,0.0,0.0,0.0,0.0
2023-01-16 21:00:00,0.0,0.0,0.0,0.0,0.0,0.0,0.0,0.0,0.0,0.0,0.0,0.0,0.0,0.0,0.0,0.0,0.0,0.0,0.0,0.0,0.0,0.0,0.0,0.0,0.0,0.0,0.0,0.0
2023-01-16 22:00:00,0.0,0.0,0.0,0.0,0.0,0.0,0.0,0.0,0.0,0.0,0.0,0.0,0.0,0.0,0.0,0.0,0.0,0.0,0.0,0.0,0.0,0.0,0.0,0.0,0.0,0.0,0.0,0.0
2023-01-16 23:00:00,0.0,0.0,0.0,0.0,0.0,0.0,0.0,0.0,0.0,0.0,0.0,0.0,0.0,0.0,0.0,0.0,0.0,0.0,0.0,0.0,0.0,0.0,0.0,0.0,0.0,0.0,0.0,0.0
2023-01-17 00:00:00,0.0,0.0,0.0,0.0,0.0,0.0,0.0,0.0,0.0,0.0,0.0,0.0,0.0,0.0,0.0,0.0,0.0,0.0,0.0,0.0,0.0,0.0,0.0,0.0,0.0,0.0,0.0,0.0
2023-01-17 01:00:00,0.0,0.0,0.0,0.0,0.0,0.0,0.0,0.0,0.0,0.0,0.0,0.0,0.0,0.0,0.0,0.0,0.0,0.0,0.0,0.0,0.0,0.0,0.0,0.0,0.0,0.0,0.0,0.0
2023-01-17 02:00:00,0.0,0.0,0.0,0.0,0.0,0.0,0.0,0.0,0.0,0.0,0.0,0.0,0.0,0.0,0.0,0.0,0.0,0.0,0.0,0.0,0.0,0.0,0.0,0.0,0.0,0.0,0.0,0.0
2023-01-17 03:00:00,0.0,0.0,0.0,0.0,0.0,0.0,0.0,0.0,0.0,0.0,0.0,0.0,0.0,0.0,0.0,0.0,0.0,0.0,0.0,0.0,0.0,0.0,0.0,0.0,0.0,0.0,0.0,0.0
2023-01-17 04:00:00,0.0,0.0,0.0,0.0,0.0,0.0,0.0,0.0,0.0,0.0,0.0,0.0,0.0,0.0,0.0,0.0,0.0,0.0,0.0,0.0,0.0,0.0,0.0,0.0,0.0,0.0,0.0,0.0
2023-01-17 05:00:00,0.0,0.0,0.0,0.0,0.0,0.0,0.0,0.0,0.0,0.0,0.0,0.0,0.0,0.0,0.0,0.0,0.0,0.0,0.0,0.0,0.0,0.0,0.0,0.0,0.0,0.0,0.0,0.0
2023-01-17 06:00:00,0.0,0.0,0.0,0.0,0.0,0.0,0.0,0.0,0.0,0.0,0.0,0.0,0.0,0.0,0.0,0.0,0.0,0.0,0.0,0.0,0.0,0.0,0.0,0.0,0.0,0.0,0.0,0.0
2023-01-17 07:00:00,0.0,0.0,0.0,0.0,0.0,0.0,0.0,0.0,0.0,0.0,0.0,0.0,0.0,0.0,0.0,0.0,0.0,0.0,0.0,0.0,0.0,0.0,0.0,0.0,0.0,0.0,0.0,0.0
2023-01-17 08:00:00,0.0,0.0,0.0,0.0,0.0,0.0,0.0,0.0,0.0,0.0,0.0,0.0,0.0,0.0,0.0,0.0,0.0,0.0,0.0,0.0,0.0,0.0,0.0,0.0,0.0,0.0,0.0,0.0
2023-01-17 09:00:00,0.0,0.0,0.0,0.0,0.0,0.0,0.0,0.0,0.0,0.0,0.0,0.0,0.0,0.0,0.0,0.0,0.0,0.0,0.0,0.0,0.0,0.0,0.0,0.0,0.0,0.0,0.0,0.0
2023-01-17 10:00:00,0.002310697982310669,0.07428138849866782,2.0870335209406106e-05,0.031108897942508516,0.0,0.0,0.0003727684865317394,0.0017850670517894844,0.0,1.0541415683408725e-05,4.58324193610245e-05,0.013815502710893011,0.0,0.0040880690606258105,0.0,0.0,0.0,0.0001891825222408659,0.0,0.00018922499155860745,0.004439150407319681,0.001732954192783591,0.2034497696193439,0.08750279318642265,0.12612428122978805,0.0,0.1104364707417313,0.10146329830537835
2023-01-17 11:00:00,0.021661871307506318,0.19705845607756597,0.009123664329639026,0.06242300632905193,0.0224250795041666,0.0019832048847037887,0.016916288672948056,0.02573041802333409,0.016382178260353975,0.02692346810416582,0.020188854181442197,0.046169181322053277,0.017781053666559913,0.032947316762291595,0.03773723807369635,0.01651910701893134,0.00010728113664952221,0.013887139678391322,2.8701191487717896e-05,0.021612222739986288,0.0346044086280309,0.026568713893599025,0.31142384907417275,0.17713774151744174,0.22281369259400863,0.0022828486110006868,0.17587252564395,0.1877786536341288
2023-01-17 12:00:00,0.04049686914291581,0.16114303133719018,0.005940944736966065,0.09065149802723702,0.062077075733299784,0.015682115624960278,0.012979356200445413,0.053622543015144825,0.02753054129838155,0.015517953490843776,0.01577267146406033,0.07811521576881755,0.03167191301148154,0.09833530090133324,0.051819381324039536,0.024414515902320726,0.004328388130492579,0.03553760382071014,0.004200801272683487,0.04390110720598624,0.10521218212042188,0.04856088718789273,0.5368724666930798,0.171513353927553,0.26484575941282085,0.021614791831805737,0.15430376781855207,0.15710070711684956
2023-01-17 13:00:00,0.05256945007145849,0.2551111492326674,0.014054660400871381,0.10653739117379392,0.08530455165166925,0.027249840388143647,0.023375844620944174,0.055673001626808584,0.03750631086424296,0.026278717525585766,0.02722589411354954,0.08545021154576313,0.041020550006552726,0.09073562232379774,0.09095589673846444,0.03862228353896575,0.006510406069798125,0.038231223129282704,0.004525754670277653,0.03531034305114569,0.0961063839017228,0.056626904460527434,0.5260124999987016,0.26916336751049863,0.34159144457818674,0.04829184415428903,0.1843688092931803,0.3015112760761029
2023-01-17 14:00:00,0.05836724851700033,0.2465879704398302,0.011494424209283378,0.12475622286156783,0.07122660466967351,0.03453296883280856,0.02085056011967254,0.044037074787158764,0.04456466087738873,0.02445017838090128,0.023945645602478475,0.09860631147472852,0.04723579298475126,0.06869031047523921,0.09499065270192791,0.041450506863172656,0.008287761715134482,0.05351682878022825,0.007663213675690841,0.04905236728491373,0.07204168071768076,0.07221055650940116,0.45720996687480786,0.3315674011967726,0.39498156423568176,0.050539734777033454,0.23485104246480504,0.37808604598271384
2023-01-17 15:00:00,0.051195294257967906,0.2118963110445719,0.009480368107176024,0.08603716480668769,0.06005742475851146,0.0256845618245699,0.015738525587946597,0.025993407806428084,0.03225967142996015,0.018993661621063054,0.017445542598973258,0.08992789740519876,0.03611874985615606,0.03691727792419714,0.06663196897096896,0.030549797043381215,0.007279330410638656,0.04683903859030453,0.006489330031355739,0.025278629238334613,0.038457280770748996,0.06794320785516597,0.3753782411108823,0.33846022294011574,0.33085137219557087,0.038689429973445884,0.29832744306363707,0.38133992996059146
2023-01-17 16:00:00,0.03726133960864674,0.16078440279804632,0.0031497909806008965,0.08894601068978986,0.040357129058533746,0.01601078181235488,0.00553920770425593,0.016297183677117154,0.02234331746226161,0.007217326366495062,0.006497168619859838,0.06307943994805584,0.026768448296561085,0.027677991255396103,0.042774447614271585,0.019335354769481724,0.005001181749270599,0.03259448235395493,0.007497605564774276,0.02309266143283742,0.029088573465236918,0.045608230601647044,0.3700620086325388,0.2697585493170874,0.27706313107015107,0.023036523868047297,0.29589021496559437,0.3223829460225512
2023-01-17 17:00:00,0.027318807162821156,0.0980111761747786,0.0003366326079589093,0.07812061162139343,0.02112262492994161,0.006305959823679124,0.0008965341970274352,0.0018850050331513416,0.018550597247365117,0.0009940961698429109,0.0009422581810806195,0.03290178149593794,0.020618845988345763,0.003334600746124119,0.03825277143423577,0.015870375590624746,0.0015108079877104664,0.016401836597053195,0.002853143196983529,0.00288117689800134,0.0035014577327464854,0.02553446115704155,0.28364619512028083,0.14410249952554954,0.16576136124245236,0.00844489682980978,0.17919388128865976,0.15373400803968143
2023-01-17 18:00:00,3.625779789434526e-05,0.00046954203565648025,0.0,0.0,0.006498461820652045,4.326351747727402e-06,0.0,0.0,0.0002450548640220311,0.0,0.0,0.0,0.004424778872489679,0.0,0.0038342019587575974,0.0051708280312956975,2.7500267963287806e-06,0.0,4.4007365374424456e-05,0.0,0.0,0.0,0.0,0.0,0.0,1.1614061171787519e-05,0.0,0.0
2023-01-17 19:00:00,0.0,0.0,0.0,0.0,0.0,0.0,0.0,0.0,0.0,0.0,0.0,0.0,0.0,0.0,0.0,0.0,0.0,0.0,0.0,0.0,0.0,0.0,0.0,0.0,0.0,0.0,0.0,0.0
2023-01-17 20:00:00,0.0,0.0,0.0,0.0,0.0,0.0,0.0,0.0,0.0,0.0,0.0,0.0,0.0,0.0,0.0,0.0,0.0,0.0,0.0,0.0,0.0,0.0,0.0,0.0,0.0,0.0,0.0,0.0
2023-01-17 21:00:00,0.0,0.0,0.0,0.0,0.0,0.0,0.0,0.0,0.0,0.0,0.0,0.0,0.0,0.0,0.0,0.0,0.0,0.0,0.0,0.0,0.0,0.0,0.0,0.0,0.0,0.0,0.0,0.0
2023-01-17 22:00:00,0.0,0.0,0.0,0.0,0.0,0.0,0.0,0.0,0.0,0.0,0.0,0.0,0.0,0.0,0.0,0.0,0.0,0.0,0.0,0.0,0.0,0.0,0.0,0.0,0.0,0.0,0.0,0.0
2023-01-17 23:00:00,0.0,0.0,0.0,0.0,0.0,0.0,0.0,0.0,0.0,0.0,0.0,0.0,0.0,0.0,0.0,0.0,0.0,0.0,0.0,0.0,0.0,0.0,0.0,0.0,0.0,0.0,0.0,0.0
2023-01-18 00:00:00,0.0,0.0,0.0,0.0,0.0,0.0,0.0,0.0,0.0,0.0,0.0,0.0,0.0,0.0,0.0,0.0,0.0,0.0,0.0,0.0,0.0,0.0,0.0,0.0,0.0,0.0,0.0,0.0
2023-01-18 01:00:00,0.0,0.0,0.0,0.0,0.0,0.0,0.0,0.0,0.0,0.0,0.0,0.0,0.0,0.0,0.0,0.0,0.0,0.0,0.0,0.0,0.0,0.0,0.0,0.0,0.0,0.0,0.0,0.0
2023-01-18 02:00:00,0.0,0.0,0.0,0.0,0.0,0.0,0.0,0.0,0.0,0.0,0.0,0.0,0.0,0.0,0.0,0.0,0.0,0.0,0.0,0.0,0.0,0.0,0.0,0.0,0.0,0.0,0.0,0.0
2023-01-18 03:00:00,0.0,0.0,0.0,0.0,0.0,0.0,0.0,0.0,0.0,0.0,0.0,0.0,0.0,0.0,0.0,0.0,0.0,0.0,0.0,0.0,0.0,0.0,0.0,0.0,0.0,0.0,0.0,0.0
2023-01-18 04:00:00,0.0,0.0,0.0,0.0,0.0,0.0,0.0,0.0,0.0,0.0,0.0,0.0,0.0,0.0,0.0,0.0,0.0,0.0,0.0,0.0,0.0,0.0,0.0,0.0,0.0,0.0,0.0,0.0
2023-01-18 05:00:00,0.0,0.0,0.0,0.0,0.0,0.0,0.0,0.0,0.0,0.0,0.0,0.0,0.0,0.0,0.0,0.0,0.0,0.0,0.0,0.0,0.0,0.0,0.0,0.0,0.0,0.0,0.0,0.0
2023-01-18 06:00:00,0.0,0.0,0.0,0.0,0.0,0.0,0.0,0.0,0.0,0.0,0.0,0.0,0.0,0.0,0.0,0.0,0.0,0.0,0.0,0.0,0.0,0.0,0.0,0.0,0.0,0.0,0.0,0.0
2023-01-18 07:00:00,0.0,0.0,0.0,0.0,0.0,0.0,0.0,0.0,0.0,0.0,0.0,0.0,0.0,0.0,0.0,0.0,0.0,0.0,0.0,0.0,0.0,0.0,0.0,0.0,0.0,0.0,0.0,0.0
2023-01-18 08:00:00,0.0,0.0,0.0,0.0,0.0,0.0,0.0,0.0,0.0,0.0,0.0,0.0,0.0,0.0,0.0,0.0,0.0,0.0,0.0,0.0,0.0,0.0,0.0,0.0,0.0,0.0,0.0,0.0
2023-01-18 09:00:00,0.0,0.0,0.0,0.0,0.0,0.0,0.0,0.0,0.0,0.0,0.0,0.0,0.0,0.0,0.0,0.0,0.0,0.0,0.0,0.0,0.0,0.0,0.0,0.0,0.0,0.0,0.0,0.0
2023-01-18 10:00:00,0.013389305382165751,0.10093172088478433,0.13146027798739596,0.0017170031083483688,0.0,0.0,0.04781150760218886,0.012274673040620026,0.0,0.019943488320624966,0.025951392672085766,0.006495149221643363,0.0,0.000501671743523572,0.0,0.0,0.0,0.0012203465192479389,0.0,0.0,0.0004774842567623494,0.006801750391357316,0.14259428285913142,0.1131014818907854,0.06168467043823481,0.0,0.13841365181728693,0.15769167704406975
2023-01-18 11:00:00,0.1058062917367599,0.19914326104587798,0.24384222174382003,0.015035596182690748,0.0032767898334715093,0.0129895403580387,0.11200949924029728,0.04342662437828174,0.15370177927284986,0.08752754605223433,0.09508238274312575,0.02631321030104841,0.14444055119212865,0.012284472276556428,0.06467633557589603,0.0898392680542866,0.13681797816677269,0.02505025852711254,0.11906957375224951,0.006439133544533854,0.011332447660103863,0.055279147166088054,0.22315827623931997,0.1365481450045645,0.14577742984226566,0.05855241067066466,0.26170788912846515,0.20319077618329862
2023-01-18 12:00:00,0.22334740646312357,0.2187891612951901,0.5240399328694437,0.03319418837108726,0.11398534663486852,0.16050456370138305,0.31106209090236964,0.15862674464075394,0.23097683670137678,0.26069321474324636,0.3101600079690251,0.06451569855855573,0.2053917897067035,0.055869316664009044,0.15104478828391404,0.13252502423803292,0.25914973079393877,0.0723519473401306,0.25126754265123863,0.025124906865564765,0.05008486974192272,0.15237422678486023,0.25398599355643264,0.2641145085435034,0.2819601370398954,0.16271782996554127,0.3529457031192133,0.20761301813961094
2023-01-18 13:00:00,0.30242305977311656,0.24554620733212934,0.4966584655565456,0.04780346252006335,0.2407225679473129,0.31354114808779543,0.36447649862217574,0.241927582214339,0.3367939757805492,0.3186292948651133,0.38720795190935514,0.08069764352769357,0.28863934343750547,0.1387382112950191,0.20269143062298914,0.20870031961615082,0.39551755027939955,0.24857649373880855,0.337030349020377,0.06115482404827999,0.12933315266794373,0.2254229020386981,0.38381679020819126,0.294951257331866,0.47384902705373766,0.2681761824929279,0.4349482820383405,0.25449880795429425
2023-01-18 14:00:00,0.3875244602997481,0.22010764035116168,0.5624055377035027,0.09504327549452153,0.280569081376816,0.36399840738661304,0.42739092249852373,0.2944623077854598,0.3407062446370929,0.3501762184794187,0.4151986903747519,0.14131821790388213,0.25827315806240553,0.17265908621193632,0.22968174573147535,0.2169403169262675,0.3328228708358715,0.32449438068678577,0.32477293593437323,0.09958534363555435,0.1572430175726205,0.2741690852785444,0.4247499581795711,0.22093808676945387,0.46089705579362045,0.34400809674604454,0.3626514709425924,0.22378282598669816
2023-01-18 15:00:00,0.45168108872521673,0.1953035945102868,0.5354672281856376,0.08245608389342884,0.3288374137770102,0.329980728178979,0.39753105352100465,0.31621447312997747,0.3850898230504148,0.45417675267790525,0.4543363000087085,0.20340547946342846,0.3583629251997377,0.20286801908524,0.2014214757567218,0.26210030365151454,0.3330722945155123,0.45391309883245423,0.3405179534499861,0.16575387414093634,0.19286817279156387,0.4241210730444225,0.3780497417831872,0.1629435970308932,0.3908626937354473,0.3218017639158978,0.30566738951069355,0.17474162398410908
2023-01-18 16:00:00,0.4988132887828013,0.2078631174164942,0.5289918764679078,0.06592191569236136,0.2927110154176919,0.24436825270161483,0.41303942092415863,0.31526360943945375,0.36489065066284193,0.38293686669129645,0.4231327759607323,0.2968526748622969,0.34283065998372153,0.20883377680327192,0.18921825162212275,0.2617850765617614,0.3268416555539738,0.5379976264430736,0.3554504301833871,0.15206305145680185,0.19515430446926496,0.49513775842437147,0.3154021804757759,0.10380855318807924,0.28250081876126565,0.3006074730600602,0.21423127130539496,0.13641136857300193
2023-01-18 17:00:00,0.3943110663235109,0.17648740458660608,0.4604116930714133,0.029772322119089832,0.2160235047489907,0.21674534217301364,0.409161916546732,0.3334058012829113,0.33470144145422404,0.41353055700776076,0.42463292471599656,0.16987558638362638,0.32234274681162434,0.2196447377926891,0.18859090968981315,0.2848141185255931,0.3177995517859561,0.4084706055932544,0.3119895817922785,0.18058745509425483,0.20536691893539746,0.3889114111279816,0.17486522456747913,0.05110632333189706,0.12474098634790454,0.23070389017183926,0.08120394551559314,0.08525698625613246
2023-01-18 18:00:00,0.2310599820220062,0.03907303207409321,0.33407323769297004,0.0029759921680286975,0.014204300541691462,0.0654990866750415,0.32109188960239443,0.2941504296852176,0.2084239881703497,0.33000337952486414,0.33853872422505327,0.059623497860823535,0.17571507808384731,0.20230432732048992,0.1228798546691859,0.17570680501754538,0.2268704318543353,0.3163134194687001,0.21553933211971452,0.18545631452946398,0.18993951494223021,0.2680895680574533,0.0,0.0,0.0,0.06866921766616045,0.0,0.0
2023-01-18 19:00:00,0.0,0.0,0.0,0.0,0.0,0.0,0.0,0.0,0.0,0.0,0.0,0.0,0.0,0.0,0.0,0.0,0.0,0.0,0.0,0.0,0.0,0.0,0.0,0.0,0.0,0.0,0.0,0.0
2023-01-18 20:00:00,0.0,0.0,0.0,0.0,0.0,0.0,0.0,0.0,0.0,0.0,0.0,0.0,0.0,0.0,0.0,0.0,0.0,0.0,0.0,0.0,0.0,0.0,0.0,0.0,0.0,0.0,0.0,0.0
2023-01-18 21:00:00,0.0,0.0,0.0,0.0,0.0,0.0,0.0,0.0,0.0,0.0,0.0,0.0,0.0,0.0,0.0,0.0,0.0,0.0,0.0,0.0,0.0,0.0,0.0,0.0,0.0,0.0,0.0,0.0
2023-01-18 22:00:00,0.0,0.0,0.0,0.0,0.0,0.0,0.0,0.0,0.0,0.0,0.0,0.0,0.0,0.0,0.0,0.0,0.0,0.0,0.0,0.0,0.0,0.0,0.0,0.0,0.0,0.0,0.0,0.0
2023-01-18 23:00:00,0.0,0.0,0.0,0.0,0.0,0.0,0.0,0.0,0.0,0.0,0.0,0.0,0.0,0.0,0.0,0.0,0.0,0.0,0.0,0.0,0.0,0.0,0.0,0.0,0.0,0.0,0.0,0.0
2023-01-19 00:00:00,0.0,0.0,0.0,0.0,0.0,0.0,0.0,0.0,0.0,0.0,0.0,0.0,0.0,0.0,0.0,0.0,0.0,0.0,0.0,0.0,0.0,0.0,0.0,0.0,0.0,0.0,0.0,0.0
2023-01-19 01:00:00,0.0,0.0,0.0,0.0,0.0,0.0,0.0,0.0,0.0,0.0,0.0,0.0,0.0,0.0,0.0,0.0,0.0,0.0,0.0,0.0,0.0,0.0,0.0,0.0,0.0,0.0,0.0,0.0
2023-01-19 02:00:00,0.0,0.0,0.0,0.0,0.0,0.0,0.0,0.0,0.0,0.0,0.0,0.0,0.0,0.0,0.0,0.0,0.0,0.0,0.0,0.0,0.0,0.0,0.0,0.0,0.0,0.0,0.0,0.0
2023-01-19 03:00:00,0.0,0.0,0.0,0.0,0.0,0.0,0.0,0.0,0.0,0.0,0.0,0.0,0.0,0.0,0.0,0.0,0.0,0.0,0.0,0.0,0.0,0.0,0.0,0.0,0.0,0.0,0.0,0.0
2023-01-19 04:00:00,0.0,0.0,0.0,0.0,0.0,0.0,0.0,0.0,0.0,0.0,0.0,0.0,0.0,0.0,0.0,0.0,0.0,0.0,0.0,0.0,0.0,0.0,0.0,0.0,0.0,0.0,0.0,0.0
2023-01-19 05:00:00,0.0,0.0,0.0,0.0,0.0,0.0,0.0,0.0,0.0,0.0,0.0,0.0,0.0,0.0,0.0,0.0,0.0,0.0,0.0,0.0,0.0,0.0,0.0,0.0,0.0,0.0,0.0,0.0
2023-01-19 06:00:00,0.0,0.0,0.0,0.0,0.0,0.0,0.0,0.0,0.0,0.0,0.0,0.0,0.0,0.0,0.0,0.0,0.0,0.0,0.0,0.0,0.0,0.0,0.0,0.0,0.0,0.0,0.0,0.0
2023-01-19 07:00:00,0.0,0.0,0.0,0.0,0.0,0.0,0.0,0.0,0.0,0.0,0.0,0.0,0.0,0.0,0.0,0.0,0.0,0.0,0.0,0.0,0.0,0.0,0.0,0.0,0.0,0.0,0.0,0.0
2023-01-19 08:00:00,0.0,0.0,0.0,0.0,0.0,0.0,0.0,0.0,0.0,0.0,0.0,0.0,0.0,0.0,0.0,0.0,0.0,0.0,0.0,0.0,0.0,0.0,0.0,0.0,0.0,0.0,0.0,0.0
2023-01-19 09:00:00,0.0,0.0,0.0,0.0,0.0,0.0,0.0,0.0,0.0,0.0,0.0,0.0,0.0,0.0,0.0,0.0,0.0,0.0,0.0,0.0,0.0,0.0,0.0,0.0,0.0,0.0,0.0,0.0
2023-01-19 10:00:00,0.0028041878734145773,0.11437497567363504,0.007610930646085156,0.09436963579193627,0.0,0.0,0.05107888557796925,0.03115319696871528,0.00014942165439826838,0.009589013842271343,0.01292559809054569,0.03566401464575,0.00011181145614654967,0.053236700821991084,0.0,0.0,0.0,0.0045126631730015455,0.0,0.04464834677413561,0.05485245903107546,0.0066275269091925736,0.08416048804950202,0.2358076135840703,0.12959595383314168,0.0,0.1864938319119852,0.32915312481565506
2023-01-19 11:00:00,0.06391034089509254,0.15740878272042688,0.036413708926236306,0.24350083984576346,0.009120718294251389,0.002423770742939271,0.08598266367515389,0.09775428610979282,0.02511420579531865,0.0752478940468891,0.07339236392099553,0.17722252818063436,0.030174374147569714,0.12228188524101845,0.014346563462240764,0.01852099884208448,0.0008476954426674854,0.08468655050264891,0.0005544559069136708,0.11385993200378716,0.12496190418552867,0.10625158456575934,0.14383961079338792,0.31803891620421826,0.2162228386988937,0.006195154083693216,0.2718480482412375,0.43176518636930156
2023-01-19 12:00:00,0.15152620280794332,0.2043490146611734,0.1318148203528535,0.33269674303022867,0.06085295094472759,0.015906385612275656,0.18201525208122926,0.19721048059583457,0.0579682085175258,0.29856517081522654,0.22003389665113499,0.3423241922523807,0.06118864135278751,0.16623898752865746,0.032311334710820074,0.03845251358768752,0.0037565910821748694,0.19683658778985488,0.0031184304462594575,0.26300349388308447,0.1713859389051641,0.2804789360558377,0.3759299700778376,0.5098045086347048,0.47063292083197966,0.026185189412389436,0.3523039792784609,0.568124574074094
2023-01-19 13:00:00,0.24229842139763616,0.2226807258680446,0.22256234923084495,0.4531871349483371,0.1067605845520244,0.035871506588276564,0.3030237610420136,0.31339431786154137,0.09082455453936907,0.4198319307726334,0.3491412632871894,0.417430458780234,0.09753487902062252,0.27099142819628896,0.05244552970527826,0.06004345117929172,0.009124152333166853,0.37833038729009943,0.008281343048654887,0.3533610071944575,0.27492847359058425,0.41162609578945125,0.4673974893931248,0.5597828142286598,0.531430171203037,0.04846191736078276,0.40963938337781325,0.6190270014928725
2023-01-19 14:00:00,0.22617706937207238,0.22698967098188755,0.3769924174361386,0.5337237745119651,0.1173083855015613,0.0371735075803323,0.4229541168888089,0.39945101171903885,0.08476636462657823,0.47154231271148966,0.3984119400260873,0.4805718997477867,0.09427453324699692,0.38490835498697124,0.06719285046192315,0.06269017497411092,0.01445431584736658,0.32033787681777715,0.014181367481293883,0.5158034595643718,0.3953520550040517,0.3992064046375378,0.4663934188239382,0.6193108379338735,0.5506416446108715,0.0592164249665548,0.3676828930146875,0.6357992997970326
2023-01-19 15:00:00,0.22882876920851816,0.17725753729628405,0.30189566574664806,0.5562304141127737,0.11828041772382039,0.03978523902439084,0.37786826487082564,0.4280172752318205,0.08517098968712677,0.4242729062722323,0.38795844774251176,0.4060761532773327,0.09955584145031762,0.4793444428366217,0.07625111120890339,0.0729138891122344,0.013974667067573948,0.39594496079899316,0.01418334549565614,0.5095511863294333,0.4881401441708424,0.38406894163881294,0.3422699228803405,0.5299830911128186,0.5243819838422517,0.07909752180357875,0.2873640007918568,0.5871731141462405
2023-01-19 16:00:00,0.1774796370128999,0.11297330049688725,0.25960030135823176,0.3784803073161329,0.09647723979722403,0.03713579312959988,0.43142876604177577,0.40617020326310566,0.06944724100664307,0.43080938248323386,0.43540080570101497,0.3019108075077558,0.08056188495175358,0.37052655928665384,0.07866847867621506,0.06407417258255857,0.008242011599177687,0.30841666933629863,0.00752825057840959,0.25871226202131464,0.36686923150172096,0.3421114721219862,0.3645708519487078,0.37689189629830816,0.4018476489741529,0.07102398891370625,0.1496690880451204,0.45814867326498027
2023-01-19 17:00:00,0.07906445934712586,0.0445262375936848,0.09036467731728087,0.1920214080443171,0.08508098088065637,0.018280203553363867,0.23439789348140005,0.2962714487077564,0.03571773084226172,0.22514031582129287,0.22956807262579204,0.1310637190058274,0.038610488707811204,0.331209799801093,0.029801554184180873,0.02262251038149944,0.003506417378436901,0.1259935775392821,0.0032624791292544426,0.23746241491843129,0.3322842062171892,0.160482330791613,0.3624490132399096,0.1995970985031275,0.26582836128694076,0.040774433085429745,0.04209229434216237,0.2645413609819358
2023-01-19 18:00:00,0.00965935544088304,0.002492423060233737,0.010922173200373083,0.09861513958497489,0.0003342886386983126,0.00037292239148379496,0.03207533882223654,0.10119487022644652,0.005520177188015554,0.04175708312177663,0.03617854734865808,0.08104073546846123,0.007976035104939072,0.1706635939766979,0.00570004667040156,0.005637183362644582,0.0,0.019560156023818154,0.0,0.17620817635623778,0.1782298552906286,0.02981714297255297,0.0,0.0,0.0,6.235631267400803e-05,0.0,0.0
2023-01-19 19:00:00,0.0,0.0,0.0,0.0,0.0,0.0,0.0,0.0,0.0,0.0,0.0,0.0,0.0,0.0,0.0,0.0,0.0,0.0,0.0,0.0,0.0,0.0,0.0,0.0,0.0,0.0,0.0,0.0
2023-01-19 20:00:00,0.0,0.0,0.0,0.0,0.0,0.0,0.0,0.0,0.0,0.0,0.0,0.0,0.0,0.0,0.0,0.0,0.0,0.0,0.0,0.0,0.0,0.0,0.0,0.0,0.0,0.0,0.0,0.0
2023-01-19 21:00:00,0.0,0.0,0.0,0.0,0.0,0.0,0.0,0.0,0.0,0.0,0.0,0.0,0.0,0.0,0.0,0.0,0.0,0.0,0.0,0.0,0.0,0.0,0.0,0.0,0.0,0.0,0.0,0.0
2023-01-19 22:00:00,0.0,0.0,0.0,0.0,0.0,0.0,0.0,0.0,0.0,0.0,0.0,0.0,0.0,0.0,0.0,0.0,0.0,0.0,0.0,0.0,0.0,0.0,0.0,0.0,0.0,0.0,0.0,0.0
2023-01-19 23:00:00,0.0,0.0,0.0,0.0,0.0,0.0,0.0,0.0,0.0,0.0,0.0,0.0,0.0,0.0,0.0,0.0,0.0,0.0,0.0,0.0,0.0,0.0,0.0,0.0,0.0,0.0,0.0,0.0
2023-01-20 00:00:00,0.0,0.0,0.0,0.0,0.0,0.0,0.0,0.0,0.0,0.0,0.0,0.0,0.0,0.0,0.0,0.0,0.0,0.0,0.0,0.0,0.0,0.0,0.0,0.0,0.0,0.0,0.0,0.0
2023-01-20 01:00:00,0.0,0.0,0.0,0.0,0.0,0.0,0.0,0.0,0.0,0.0,0.0,0.0,0.0,0.0,0.0,0.0,0.0,0.0,0.0,0.0,0.0,0.0,0.0,0.0,0.0,0.0,0.0,0.0
2023-01-20 02:00:00,0.0,0.0,0.0,0.0,0.0,0.0,0.0,0.0,0.0,0.0,0.0,0.0,0.0,0.0,0.0,0.0,0.0,0.0,0.0,0.0,0.0,0.0,0.0,0.0,0.0,0.0,0.0,0.0
2023-01-20 03:00:00,0.0,0.0,0.0,0.0,0.0,0.0,0.0,0.0,0.0,0.0,0.0,0.0,0.0,0.0,0.0,0.0,0.0,0.0,0.0,0.0,0.0,0.0,0.0,0.0,0.0,0.0,0.0,0.0
2023-01-20 04:00:00,0.0,0.0,0.0,0.0,0.0,0.0,0.0,0.0,0.0,0.0,0.0,0.0,0.0,0.0,0.0,0.0,0.0,0.0,0.0,0.0,0.0,0.0,0.0,0.0,0.0,0.0,0.0,0.0
2023-01-20 05:00:00,0.0,0.0,0.0,0.0,0.0,0.0,0.0,0.0,0.0,0.0,0.0,0.0,0.0,0.0,0.0,0.0,0.0,0.0,0.0,0.0,0.0,0.0,0.0,0.0,0.0,0.0,0.0,0.0
2023-01-20 06:00:00,0.0,0.0,0.0,0.0,0.0,0.0,0.0,0.0,0.0,0.0,0.0,0.0,0.0,0.0,0.0,0.0,0.0,0.0,0.0,0.0,0.0,0.0,0.0,0.0,0.0,0.0,0.0,0.0
2023-01-20 07:00:00,0.0,0.0,0.0,0.0,0.0,0.0,0.0,0.0,0.0,0.0,0.0,0.0,0.0,0.0,0.0,0.0,0.0,0.0,0.0,0.0,0.0,0.0,0.0,0.0,0.0,0.0,0.0,0.0
2023-01-20 08:00:00,0.0,0.0,0.0,0.0,0.0,0.0,0.0,0.0,0.0,0.0,0.0,0.0,0.0,0.0,0.0,0.0,0.0,0.0,0.0,0.0,0.0,0.0,0.0,0.0,0.0,0.0,0.0,0.0
2023-01-20 09:00:00,0.0,0.0,0.0,0.0,0.0,0.0,0.0,0.0,0.0,0.0,0.0,0.0,0.0,0.0,0.0,0.0,0.0,0.0,0.0,0.0,0.0,0.0,0.0,0.0,0.0,0.0,0.0,0.0
2023-01-20 10:00:00,0.043268945435974246,0.09002766165476801,0.004640789767849665,0.12821822458217932,0.0,0.0,0.01216439802422437,0.010112927983812988,0.0008575421832564043,0.002845195331587797,0.0020049485088509925,0.15921544911409283,8.168534253994637e-05,0.023999869873976724,0.0,0.0,0.0,0.06990809998002497,0.0,0.0011340127534439665,0.02536507291242698,0.07717098790637318,0.18014370523936382,0.1186112037274778,0.1389409939580567,0.0,0.011412714470445992,0.1593018892254783
2023-01-20 11:00:00,0.09635453497089783,0.20135084746706702,0.041691970007013766,0.20114998399589734,0.009132941854050426,0.0034329848205802227,0.08128447625992054,0.09757429401834018,0.08694862966752105,0.07118089781105495,0.06978617465839444,0.27472552279673285,0.12174130756879685,0.12638657729846398,0.04989535701584931,0.08132964949222272,0.07050528701649114,0.14098298051446218,0.005738513913188202,0.10217510663861505,0.1289155544546784,0.15281980388158803,0.3517927986779965,0.21451847372662372,0.2621021319921313,0.010738716357388265,0.07419389012797163,0.3136610062048062
2023-01-20 12:00:00,0.11392910538667471,0.19573754325985374,0.01904303662257129,0.4679914935888354,0.013211909487247727,0.013882227031187506,0.026277156031173032,0.1130273913586516,0.08536470465628893,0.027183584569188006,0.032971062585732035,0.4616889355325097,0.1026591536299954,0.21051970272767562,0.04186449621619712,0.09062807738614607,0.03263192339220073,0.11522109624907505,0.0076834346917942775,0.20130880871864934,0.22154215871853672,0.14992451049317668,0.5081303282384149,0.3792892163965025,0.3617095754997143,0.019343523847739314,0.14627712751589225,0.4874223231933005
2023-01-20 13:00:00,0.20908679982231795,0.28794192193225726,0.032643431664998925,0.5598947517432827,0.025527523615585322,0.028046502287443962,0.048240885113408294,0.11356127105375508,0.13062962342976436,0.07665829876420545,0.051049733563289845,0.6169383141445233,0.12655581981695554,0.18568743144991598,0.13235032485015402,0.13101142162115378,0.07128764485519276,0.30397334665892584,0.016436463688252852,0.26563545461257254,0.19604529932356105,0.29657757292321174,0.6174434429907624,0.48513913175573753,0.3654745999617574,0.03510392925107448,0.16710081473880206,0.5873346965034142
2023-01-20 14:00:00,0.23356454291660098,0.32248939479997474,0.08737606803649534,0.6114809186227604,0.03359595267298468,0.03604140236265782,0.07375505709812107,0.11816453955955342,0.22957438617596257,0.09368212548028804,0.0756486460909572,0.6300165562479736,0.2633168349330983,0.19814738189648648,0.22485543784138728,0.20617237847428985,0.06416643459917715,0.27918155142995144,0.033450301379464115,0.20120468530521257,0.20920915182306188,0.30844529642598567,0.6332412132599131,0.5263617509919184,0.4282829608425352,0.05219274156728524,0.18770708898887542,0.6296862565782715
2023-01-20 15:00:00,0.19329499022111032,0.293831712252324,0.0567081003498244,0.5858963202205995,0.028247480598039203,0.031541309684100884,0.0751935599867916,0.11837530367016157,0.21985626023031327,0.12859793737155797,0.08912221013049187,0.5897921831577055,0.2661144905333391,0.17205055565578636,0.2010404270309409,0.18328332791065072,0.026076800867931172,0.26189047688707406,0.013501123206081414,0.2111711251364991,0.18226757557169895,0.30243285516071794,0.5343562335038964,0.5217102035595058,0.3847838752869128,0.04389513495544291,0.15541461321639044,0.609349898881882
2023-01-20 16:00:00,0.20684395266192562,0.27534205722536415,0.043859904548219183,0.5581594201359678,0.02312859220192574,0.023621385953739943,0.08885101801071334,0.13275448805816042,0.21163925563215083,0.1189813970922115,0.07898817812993356,0.5852688254037337,0.22694921907737328,0.20264527708344604,0.18839016699764,0.17429447550019825,0.009308451299557596,0.31447627609395806,0.005953029319744378,0.304492490519305,0.2135646624010115,0.3039499782191594,0.45713923112826266,0.4195530222305947,0.32255941324936244,0.03777904756377762,0.1233193049734557,0.5311126610206773
2023-01-20 17:00:00,0.12589998591488052,0.1827051450305967,0.04563543860578476,0.4487584518203326,0.016081004968119202,0.009779829170007501,0.07686277419555394,0.12951136175723274,0.11536770296314647,0.07707698903361512,0.05750080327861714,0.4386394638119801,0.10070670454502734,0.21158224606431852,0.0927447207871294,0.06956093271987301,0.002945178770478806,0.21351655343940754,0.0009586399986585509,0.2686490649831694,0.22268481442306076,0.1946899205512275,0.32875265611266563,0.35860988002106203,0.1867177832482584,0.01456875461939385,0.06091812881313547,0.4238998702592774
2023-01-20 18:00:00,0.12999381783086078,0.042449529744942587,0.025108271516606544,0.1332769841353536,0.0016849103854736406,1.1761205737521024e-05,0.10174181307016862,0.1496172913224212,0.07317101660495713,0.10075373897169815,0.09828473242418238,0.25829458188881826,0.07463631239971615,0.19078920910690644,0.030443514983488476,0.033321024728682445,0.0,0.2016623100628089,4.711247752608766e-05,0.1894633483976821,0.19379142666203752,0.19965983664484485,0.0,0.0,0.0,2.6708377127149278e-05,0.0,0.0
2023-01-20 19:00:00,0.0,0.0,0.0,0.0,0.0,0.0,0.0,0.0,0.0,0.0,0.0,0.0,0.0,0.0,0.0,0.0,0.0,0.0,0.0,0.0,0.0,0.0,0.0,0.0,0.0,0.0,0.0,0.0
2023-01-20 20:00:00,0.0,0.0,0.0,0.0,0.0,0.0,0.0,0.0,0.0,0.0,0.0,0.0,0.0,0.0,0.0,0.0,0.0,0.0,0.0,0.0,0.0,0.0,0.0,0.0,0.0,0.0,0.0,0.0
2023-01-20 21:00:00,0.0,0.0,0.0,0.0,0.0,0.0,0.0,0.0,0.0,0.0,0.0,0.0,0.0,0.0,0.0,0.0,0.0,0.0,0.0,0.0,0.0,0.0,0.0,0.0,0.0,0.0,0.0,0.0
2023-01-20 22:00:00,0.0,0.0,0.0,0.0,0.0,0.0,0.0,0.0,0.0,0.0,0.0,0.0,0.0,0.0,0.0,0.0,0.0,0.0,0.0,0.0,0.0,0.0,0.0,0.0,0.0,0.0,0.0,0.0
2023-01-20 23:00:00,0.0,0.0,0.0,0.0,0.0,0.0,0.0,0.0,0.0,0.0,0.0,0.0,0.0,0.0,0.0,0.0,0.0,0.0,0.0,0.0,0.0,0.0,0.0,0.0,0.0,0.0,0.0,0.0
2023-01-21 00:00:00,0.0,0.0,0.0,0.0,0.0,0.0,0.0,0.0,0.0,0.0,0.0,0.0,0.0,0.0,0.0,0.0,0.0,0.0,0.0,0.0,0.0,0.0,0.0,0.0,0.0,0.0,0.0,0.0
2023-01-21 01:00:00,0.0,0.0,0.0,0.0,0.0,0.0,0.0,0.0,0.0,0.0,0.0,0.0,0.0,0.0,0.0,0.0,0.0,0.0,0.0,0.0,0.0,0.0,0.0,0.0,0.0,0.0,0.0,0.0
2023-01-21 02:00:00,0.0,0.0,0.0,0.0,0.0,0.0,0.0,0.0,0.0,0.0,0.0,0.0,0.0,0.0,0.0,0.0,0.0,0.0,0.0,0.0,0.0,0.0,0.0,0.0,0.0,0.0,0.0,0.0
2023-01-21 03:00:00,0.0,0.0,0.0,0.0,0.0,0.0,0.0,0.0,0.0,0.0,0.0,0.0,0.0,0.0,0.0,0.0,0.0,0.0,0.0,0.0,0.0,0.0,0.0,0.0,0.0,0.0,0.0,0.0
2023-01-21 04:00:00,0.0,0.0,0.0,0.0,0.0,0.0,0.0,0.0,0.0,0.0,0.0,0.0,0.0,0.0,0.0,0.0,0.0,0.0,0.0,0.0,0.0,0.0,0.0,0.0,0.0,0.0,0.0,0.0
2023-01-21 05:00:00,0.0,0.0,0.0,0.0,0.0,0.0,0.0,0.0,0.0,0.0,0.0,0.0,0.0,0.0,0.0,0.0,0.0,0.0,0.0,0.0,0.0,0.0,0.0,0.0,0.0,0.0,0.0,0.0
2023-01-21 06:00:00,0.0,0.0,0.0,0.0,0.0,0.0,0.0,0.0,0.0,0.0,0.0,0.0,0.0,0.0,0.0,0.0,0.0,0.0,0.0,0.0,0.0,0.0,0.0,0.0,0.0,0.0,0.0,0.0
2023-01-21 07:00:00,0.0,0.0,0.0,0.0,0.0,0.0,0.0,0.0,0.0,0.0,0.0,0.0,0.0,0.0,0.0,0.0,0.0,0.0,0.0,0.0,0.0,0.0,0.0,0.0,0.0,0.0,0.0,0.0
2023-01-21 08:00:00,0.0,0.0,0.0,0.0,0.0,0.0,0.0,0.0,0.0,0.0,0.0,0.0,0.0,0.0,0.0,0.0,0.0,0.0,0.0,0.0,0.0,0.0,0.0,0.0,0.0,0.0,0.0,0.0
2023-01-21 09:00:00,0.0,0.0,0.0,0.0,0.0,0.0,0.0,0.0,0.0,0.0,0.0,0.0,0.0,0.0,0.0,0.0,0.0,0.0,0.0,0.0,0.0,0.0,0.0,0.0,0.0,0.0,0.0,0.0
2023-01-21 10:00:00,0.007403858917888388,0.07345877328645126,0.0,0.21709438207854126,0.0,0.0,0.0009583026762469612,2.2296605179115633e-05,0.0,0.0,0.0,0.05914342268245472,0.0,0.005119331324468848,0.0,0.0,0.0,0.0002677459892806686,0.0,0.011938085684048989,0.005759247740027454,0.0027231290179791077,0.39606352971857134,0.20159261716907803,0.2470824206360964,0.0,0.17207487342571057,0.19707764780099363
2023-01-21 11:00:00,0.01608103480363898,0.14449674018990089,0.001853453763949722,0.24482034985125367,0.03428303388373375,0.05055782514424061,0.012068156843300466,0.013172043300491413,0.009606366492267293,0.002086937717594204,0.004462307547136191,0.07418218198482049,0.005668786798867627,0.030256272593438778,0.0146888495167924,0.0035524368252438415,0.20690049143927008,0.00498401149141104,0.15512240299427463,0.005670088488881746,0.03249502817204733,0.013935073160907514,0.5111903512491652,0.25359911592436885,0.3290675339541353,0.02406283049358835,0.236408182537488,0.2457025948330012
2023-01-21 12:00:00,0.03299715146792086,0.1450028002268578,0.007059377532802399,0.13429153114312375,0.06223623440279408,0.20224215430322073,0.021598644334121436,0.04309216914988475,0.03688327081822463,0.010987834986190133,0.02059478025089554,0.05596332249116238,0.025164107001739874,0.06046299710782826,0.06009006731457661,0.023549553127347876,0.38985684018829875,0.018751845225788096,0.36565289356566905,0.03314090377223021,0.06151704297578872,0.03198232366397653,0.5621183375569518,0.2202888768827825,0.4055020102621663,0.12540835857981553,0.2184952586948688,0.2933165021945356
2023-01-21 13:00:00,0.06118259826295398,0.2133385235289483,0.009046376322663566,0.08230477650926085,0.10372080583551245,0.3419035699107338,0.014083070036881104,0.012741106978084152,0.09068784949809094,0.00860404327061961,0.010019772314720584,0.08684842722048475,0.048786218460441656,0.015199351002991471,0.08709157850683726,0.05476238470519651,0.511521665875385,0.03212079638525792,0.5197655230659725,0.011255075859713776,0.015370668691078511,0.053277309685062356,0.6194300940569576,0.26025394459433554,0.487302692360004,0.23874210459228898,0.25948346144234846,0.2842978244452102
2023-01-21 14:00:00,0.10682044194378948,0.2204512033333152,0.015455117836710115,0.0683810259267351,0.139274828010724,0.424098839512439,0.027896152249513955,0.016177028898382143,0.16130637574488513,0.009688073323435178,0.014715384040148261,0.09545749181961559,0.09128106100439433,0.01990343742914144,0.14800970520104134,0.12805446384167463,0.4855458351044518,0.029795241965544773,0.45039439099306583,0.003960832000858984,0.019863083757358277,0.05674017933233735,0.6662571035689878,0.1983500274864889,0.5718524296906098,0.3995766278608838,0.26853194631258454,0.20445704997398476
2023-01-21 15:00:00,0.1630418187720189,0.21766999587055424,0.024880344801278115,0.04512680913771974,0.18768240891847052,0.44317538802857487,0.06111811581874783,0.03403303770875466,0.25749588981979993,0.009943440743026687,0.01407092457467489,0.07727976627825223,0.1862455674960954,0.06655472301134793,0.3018705953231779,0.27410566912367645,0.46291439946228863,0.031817981606133076,0.45386705240167063,0.006286731720411639,0.07116185598630008,0.04938067118018182,0.6290144460544794,0.11741760085793604,0.524270647811933,0.4962435653740039,0.2455098815261169,0.13362523018240188
2023-01-21 16:00:00,0.1925001430193743,0.20990501517310906,0.04060010485718013,0.058198365331245165,0.18768034969745545,0.3700207409578174,0.044023972077343994,0.04292824143642482,0.2804673107365852,0.0066662670970530245,0.00817920147466501,0.0822186398463604,0.22057811507568195,0.09497860201088253,0.36935481894350497,0.3271328767516149,0.4141668556488016,0.0323750296965778,0.40393148324166966,0.007093527462373956,0.10371601408525712,0.04885096355197582,0.4920984050767461,0.05825014149352916,0.35065260997063913,0.49256823684963597,0.15189983311498056,0.0772999997439263
2023-01-21 17:00:00,0.16395139461004962,0.13685696460054983,0.05582095975935043,0.02550439814016322,0.148431696350802,0.27442863033007553,0.012557504557343155,0.02276250104365386,0.27068034237897826,0.002792536417786136,0.003312742568583069,0.04557677427444047,0.25081188359047446,0.05474428731558413,0.3006553812276326,0.31488037323802914,0.398297877098077,0.020089834186295504,0.352268417748555,0.0029110555499570305,0.06022468818019292,0.026368518889074637,0.33364440339229756,0.029316809182243095,0.20558800555075954,0.3972855890244873,0.05394608846610508,0.04051028205210106
2023-01-21 18:00:00,0.11434587360573487,0.06509699910309187,0.0812316459000245,0.00215250124056108,0.0029323952624425212,0.14490484121228134,0.008517178255148718,0.02110126830065169,0.2058501746535417,0.00015515092917642995,0.0001947069462731127,0.00537975875729981,0.2067001608938979,0.05093131053534013,0.2099356628656703,0.24469293397831246,0.25639712963298744,0.0016117339112977375,0.23885932089064946,0.0,0.056055915526406395,0.0020462049503904883,0.0,0.00039571050478447753,0.0,0.16704459445644687,0.0,0.00021864039183690543
2023-01-21 19:00:00,0.0,0.0,0.0,0.0,0.0,0.0,0.0,0.0,0.0,0.0,0.0,0.0,0.0,0.0,0.0,0.0,0.0,0.0,0.0,0.0,0.0,0.0,0.0,0.0,0.0,0.0,0.0,0.0
2023-01-21 20:00:00,0.0,0.0,0.0,0.0,0.0,0.0,0.0,0.0,0.0,0.0,0.0,0.0,0.0,0.0,0.0,0.0,0.0,0.0,0.0,0.0,0.0,0.0,0.0,0.0,0.0,0.0,0.0,0.0
2023-01-21 21:00:00,0.0,0.0,0.0,0.0,0.0,0.0,0.0,0.0,0.0,0.0,0.0,0.0,0.0,0.0,0.0,0.0,0.0,0.0,0.0,0.0,0.0,0.0,0.0,0.0,0.0,0.0,0.0,0.0
2023-01-21 22:00:00,0.0,0.0,0.0,0.0,0.0,0.0,0.0,0.0,0.0,0.0,0.0,0.0,0.0,0.0,0.0,0.0,0.0,0.0,0.0,0.0,0.0,0.0,0.0,0.0,0.0,0.0,0.0,0.0
2023-01-21 23:00:00,0.0,0.0,0.0,0.0,0.0,0.0,0.0,0.0,0.0,0.0,0.0,0.0,0.0,0.0,0.0,0.0,0.0,0.0,0.0,0.0,0.0,0.0,0.0,0.0,0.0,0.0,0.0,0.0
2023-01-22 00:00:00,0.0,0.0,0.0,0.0,0.0,0.0,0.0,0.0,0.0,0.0,0.0,0.0,0.0,0.0,0.0,0.0,0.0,0.0,0.0,0.0,0.0,0.0,0.0,0.0,0.0,0.0,0.0,0.0
2023-01-22 01:00:00,0.0,0.0,0.0,0.0,0.0,0.0,0.0,0.0,0.0,0.0,0.0,0.0,0.0,0.0,0.0,0.0,0.0,0.0,0.0,0.0,0.0,0.0,0.0,0.0,0.0,0.0,0.0,0.0
2023-01-22 02:00:00,0.0,0.0,0.0,0.0,0.0,0.0,0.0,0.0,0.0,0.0,0.0,0.0,0.0,0.0,0.0,0.0,0.0,0.0,0.0,0.0,0.0,0.0,0.0,0.0,0.0,0.0,0.0,0.0
2023-01-22 03:00:00,0.0,0.0,0.0,0.0,0.0,0.0,0.0,0.0,0.0,0.0,0.0,0.0,0.0,0.0,0.0,0.0,0.0,0.0,0.0,0.0,0.0,0.0,0.0,0.0,0.0,0.0,0.0,0.0
2023-01-22 04:00:00,0.0,0.0,0.0,0.0,0.0,0.0,0.0,0.0,0.0,0.0,0.0,0.0,0.0,0.0,0.0,0.0,0.0,0.0,0.0,0.0,0.0,0.0,0.0,0.0,0.0,0.0,0.0,0.0
2023-01-22 05:00:00,0.0,0.0,0.0,0.0,0.0,0.0,0.0,0.0,0.0,0.0,0.0,0.0,0.0,0.0,0.0,0.0,0.0,0.0,0.0,0.0,0.0,0.0,0.0,0.0,0.0,0.0,0.0,0.0
2023-01-22 06:00:00,0.0,0.0,0.0,0.0,0.0,0.0,0.0,0.0,0.0,0.0,0.0,0.0,0.0,0.0,0.0,0.0,0.0,0.0,0.0,0.0,0.0,0.0,0.0,0.0,0.0,0.0,0.0,0.0
2023-01-22 07:00:00,0.0,0.0,0.0,0.0,0.0,0.0,0.0,0.0,0.0,0.0,0.0,0.0,0.0,0.0,0.0,0.0,0.0,0.0,0.0,0.0,0.0,0.0,0.0,0.0,0.0,0.0,0.0,0.0
2023-01-22 08:00:00,0.0,0.0,0.0,0.0,0.0,0.0,0.0,0.0,0.0,0.0,0.0,0.0,0.0,0.0,0.0,0.0,0.0,0.0,0.0,0.0,0.0,0.0,0.0,0.0,0.0,0.0,0.0,0.0
2023-01-22 09:00:00,0.0,0.0,0.0,0.0,0.0,0.0,0.0,0.0,0.0,0.0,0.0,0.0,0.0,0.0,0.0,0.0,0.0,0.0,0.0,0.0,0.0,0.0,0.0,0.0,0.0,0.0,0.0,0.0
2023-01-22 10:00:00,0.031752237864450736,0.25903978345665574,0.0851102796982903,0.15872489884596347,0.0,0.0,0.15999141635412917,0.20945013758988304,0.0006485823219900659,0.12233920303681872,0.13444013903666635,0.10747314266479281,0.0009357219720033436,0.26616928239793547,0.0,7.047484539117632e-05,0.0,0.03271835973632236,0.0,0.25198716006990046,0.2694790900131813,0.06286883106239986,0.20924266471662076,0.2670463746708513,0.176543353677197,0.0,0.22980779800588544,0.35728626552330234
2023-01-22 11:00:00,0.09342372798950715,0.36549373099201204,0.14898363440314488,0.2978478114830765,0.0374506971003366,0.009749892214908629,0.2708320350774085,0.34844939139347914,0.019966933558100718,0.22685387603638024,0.262828731395771,0.18824116832289922,0.027113851792710596,0.39309956821457215,0.026716179629335875,0.02149330429843669,0.0018055935572255518,0.0862284956225135,0.002078018126681806,0.32169341602555607,0.39252074016676336,0.15256756054081055,0.41033359228718713,0.43339564616032056,0.3694692858416312,0.01837968022376737,0.36837278487954855,0.5164689777222379
2023-01-22 12:00:00,0.2293884531281883,0.40712356473373107,0.20912267479099395,0.4361718786967087,0.04432197585847454,0.032725982745586225,0.3356290671480195,0.3968921054077223,0.080981800996981,0.3915489340028605,0.36494152467663077,0.40124014002890873,0.07477347252734962,0.4364799094131573,0.10124674347315257,0.06036125886543877,0.009315557415278746,0.277527382115902,0.007666698120634146,0.3964919210846105,0.4413650913703263,0.3875348266168867,0.4223444004259826,0.5258336040670014,0.48060782679067665,0.047856321720151786,0.460496736485192,0.6089792176593305
2023-01-22 13:00:00,0.28031360553928025,0.44804551191226627,0.1453489939687827,0.5996203682655638,0.07506843538329715,0.04799061111385772,0.2918233340889005,0.3897749416099501,0.13506368849599565,0.18596935507864892,0.2485807822751018,0.5862658425809482,0.1158181918328338,0.4938931295381346,0.08958044941225027,0.07123900794514282,0.019720734925770523,0.3286591924380185,0.014911039188544795,0.4432196230579567,0.4951534210539326,0.3478223991452174,0.5068619155507981,0.6099196226478156,0.5526240870734438,0.06432409671690803,0.5166350505267678,0.695359441373796
2023-01-22 14:00:00,0.3074399320308539,0.4848547038812268,0.17495663276983275,0.48173799190465627,0.07288186439817769,0.04779024687944736,0.302271769558941,0.27384627851612425,0.13102450729922951,0.16580214654374473,0.2196130652235982,0.5807833899297282,0.1033899947197815,0.28894875281669785,0.07312612227830786,0.06212970812928549,0.017981263043659164,0.36069912051284186,0.015158664686553795,0.2583320088673463,0.2804484890225793,0.3836945238190297,0.557397032189446,0.5735117954762687,0.6210502572076971,0.06085049078250806,0.4895764695292685,0.6653580328896131
2023-01-22 15:00:00,0.32768971851639134,0.48114662866965685,0.3004899505913748,0.5023776579753855,0.06011701666804336,0.04470345745190935,0.3932066006653832,0.4209831513380342,0.10262543988422068,0.36990219615382114,0.3852822354122273,0.6053320480761898,0.10408391928736228,0.41021954668617816,0.05632566964379301,0.06915175011743054,0.018280170549530586,0.3506102202843418,0.017864954247005016,0.37669760641144634,0.40272776172813496,0.4641618416559288,0.49167598351457853,0.5486643805549085,0.5893736959998106,0.05148242122226146,0.43493212277683546,0.6348354989303602
2023-01-22 16:00:00,0.26486248467328954,0.3481376136482186,0.24747881258162988,0.39689604347153795,0.04198154885828898,0.031811719339853765,0.28781940171683756,0.3957540372266417,0.11361331781039172,0.33617209748996113,0.3131318376807487,0.491918924525456,0.07322128959192221,0.4473625252754295,0.03778135221399629,0.03754100099301092,0.011903078515582848,0.2614518828847676,0.00910035826273012,0.39947370551787453,0.44973206965768114,0.3694641487239701,0.46492123342198677,0.470273523281745,0.515853103301118,0.0408517382718948,0.30834426621842126,0.5432644692762664
2023-01-22 17:00:00,0.14566197991156546,0.16730783856457848,0.22272304113031685,0.3056503246704329,0.01712417292008198,0.017256677037405323,0.19261257206042207,0.2550229898502889,0.07818386587228981,0.23729970333850117,0.21330214267252867,0.1982888915301958,0.08073915845651684,0.29909129359498077,0.018991085896393096,0.04954104157173022,0.004838989877515287,0.08613288618593924,0.005585829881007193,0.30504177993472814,0.30644002391339253,0.1673365834403677,0.3789624366154186,0.34614405526052605,0.31649213865107806,0.02095704062157433,0.22326208193351796,0.3891948246207488
2023-01-22 18:00:00,0.09711569447295268,0.003521726303417012,0.17749819298773395,0.16649177280306826,0.0009436589938165708,0.000461545272535258,0.17383551889100154,0.17290761609443028,0.03375231198815718,0.14284585085448884,0.1548111868942873,0.0689085676238664,0.04003194151434767,0.1857048535768524,0.0040148609863735205,0.0069154405275374375,0.0009916325228389495,0.11135752491773498,0.007975144782341468,0.14680521149053488,0.18492408415912198,0.0949831350996349,0.0,0.030710185659499997,0.0,0.0011259603950655778,0.0,0.016128884540545594
2023-01-22 19:00:00,0.0,0.0,0.0,0.0,0.0,0.0,0.0,0.0,0.0,0.0,0.0,0.0,0.0,0.0,0.0,0.0,0.0,0.0,0.0,0.0,0.0,0.0,0.0,0.0,0.0,0.0,0.0,0.0
2023-01-22 20:00:00,0.0,0.0,0.0,0.0,0.0,0.0,0.0,0.0,0.0,0.0,0.0,0.0,0.0,0.0,0.0,0.0,0.0,0.0,0.0,0.0,0.0,0.0,0.0,0.0,0.0,0.0,0.0,0.0
2023-01-22 21:00:00,0.0,0.0,0.0,0.0,0.0,0.0,0.0,0.0,0.0,0.0,0.0,0.0,0.0,0.0,0.0,0.0,0.0,0.0,0.0,0.0,0.0,0.0,0.0,0.0,0.0,0.0,0.0,0.0
2023-01-22 22:00:00,0.0,0.0,0.0,0.0,0.0,0.0,0.0,0.0,0.0,0.0,0.0,0.0,0.0,0.0,0.0,0.0,0.0,0.0,0.0,0.0,0.0,0.0,0.0,0.0,0.0,0.0,0.0,0.0
2023-01-22 23:00:00,0.0,0.0,0.0,0.0,0.0,0.0,0.0,0.0,0.0,0.0,0.0,0.0,0.0,0.0,0.0,0.0,0.0,0.0,0.0,0.0,0.0,0.0,0.0,0.0,0.0,0.0,0.0,0.0
2023-01-23 00:00:00,0.0,0.0,0.0,0.0,0.0,0.0,0.0,0.0,0.0,0.0,0.0,0.0,0.0,0.0,0.0,0.0,0.0,0.0,0.0,0.0,0.0,0.0,0.0,0.0,0.0,0.0,0.0,0.0
2023-01-23 01:00:00,0.0,0.0,0.0,0.0,0.0,0.0,0.0,0.0,0.0,0.0,0.0,0.0,0.0,0.0,0.0,0.0,0.0,0.0,0.0,0.0,0.0,0.0,0.0,0.0,0.0,0.0,0.0,0.0
2023-01-23 02:00:00,0.0,0.0,0.0,0.0,0.0,0.0,0.0,0.0,0.0,0.0,0.0,0.0,0.0,0.0,0.0,0.0,0.0,0.0,0.0,0.0,0.0,0.0,0.0,0.0,0.0,0.0,0.0,0.0
2023-01-23 03:00:00,0.0,0.0,0.0,0.0,0.0,0.0,0.0,0.0,0.0,0.0,0.0,0.0,0.0,0.0,0.0,0.0,0.0,0.0,0.0,0.0,0.0,0.0,0.0,0.0,0.0,0.0,0.0,0.0
2023-01-23 04:00:00,0.0,0.0,0.0,0.0,0.0,0.0,0.0,0.0,0.0,0.0,0.0,0.0,0.0,0.0,0.0,0.0,0.0,0.0,0.0,0.0,0.0,0.0,0.0,0.0,0.0,0.0,0.0,0.0
2023-01-23 05:00:00,0.0,0.0,0.0,0.0,0.0,0.0,0.0,0.0,0.0,0.0,0.0,0.0,0.0,0.0,0.0,0.0,0.0,0.0,0.0,0.0,0.0,0.0,0.0,0.0,0.0,0.0,0.0,0.0
2023-01-23 06:00:00,0.0,0.0,0.0,0.0,0.0,0.0,0.0,0.0,0.0,0.0,0.0,0.0,0.0,0.0,0.0,0.0,0.0,0.0,0.0,0.0,0.0,0.0,0.0,0.0,0.0,0.0,0.0,0.0
2023-01-23 07:00:00,0.0,0.0,0.0,0.0,0.0,0.0,0.0,0.0,0.0,0.0,0.0,0.0,0.0,0.0,0.0,0.0,0.0,0.0,0.0,0.0,0.0,0.0,0.0,0.0,0.0,0.0,0.0,0.0
2023-01-23 08:00:00,0.0,0.0,0.0,0.0,0.0,0.0,0.0,0.0,0.0,0.0,0.0,0.0,0.0,0.0,0.0,0.0,0.0,0.0,0.0,0.0,0.0,0.0,0.0,0.0,0.0,0.0,0.0,0.0
2023-01-23 09:00:00,0.0,0.0,0.0,0.0,0.0,0.0,0.0,0.0,0.0,0.0,0.0,0.0,0.0,0.0,0.0,0.0,0.0,0.0,0.0,0.0,0.0,0.0,0.0,0.0,0.0,0.0,0.0,0.0
2023-01-23 10:00:00,0.055329566933113125,0.27269843001650484,0.022632973741166195,0.08959897723521361,0.0,0.0,0.021657333840734896,0.05769891710155086,0.026451744853370165,0.030825790921817857,0.020317330564397124,0.1240019846178318,0.030442061984067327,0.10333795861996457,0.0,0.010589557544512587,0.0,0.03343437451748862,0.0,0.1220708338324689,0.10854511407154249,0.05425629153403061,0.10058452640337322,0.20263358129129602,0.1509548255489099,0.0,0.10477402304291339,0.30343991910060425
2023-01-23 11:00:00,0.08931403083988743,0.43187919018406357,0.045777264875307505,0.14355919375476656,0.10742705352809949,0.03640427954333298,0.05039831830228958,0.06002188769923885,0.06516781196459885,0.05974299452236802,0.053046471340888995,0.22398467422044874,0.05885010253900248,0.08583563196508343,0.0669895456253156,0.03246852768329057,0.0078025927823702455,0.057068196561898044,0.009375903759280593,0.06970278037906308,0.08905412179873619,0.1044638537285144,0.26797011961582645,0.32572383258706256,0.2006270189593849,0.05919380413644424,0.17647214582636683,0.4631966840508845
2023-01-23 12:00:00,0.16669805186635775,0.43028914216406666,0.0832044033049716,0.16489175120355587,0.13021031606389893,0.05463395919565229,0.05317488266911835,0.06573822587039599,0.10937989707393153,0.07185073527722832,0.06757183334063546,0.2206425680055651,0.08918882281005608,0.08455708851804662,0.07513911132437456,0.05277052439277119,0.04764852121585865,0.14994188888039794,0.05090934318610096,0.07465846277861288,0.08801361175216074,0.16041819418829648,0.46712896522837505,0.3897840314630572,0.2902144615186058,0.06635944484509093,0.21084525751862157,0.4830515413495232
2023-01-23 13:00:00,0.24888503033164916,0.4574762910607911,0.13913782851259376,0.15872387161293033,0.1970484327558668,0.08217310142452074,0.07325879091222093,0.1015261719564768,0.18466388995564229,0.13812678424495653,0.10667422514033552,0.22464297482837103,0.15806966436553344,0.14066530365978192,0.09706979696665365,0.07005518127199578,0.035600886285192535,0.2322005615473384,0.08586678093898086,0.13778462898428134,0.14933451922271668,0.24674088390632623,0.6024414709710847,0.3708703389924364,0.36958987896987183,0.07035000966225276,0.2242794907792492,0.4204689293110921
2023-01-23 14:00:00,0.29192953592693954,0.43096556150405924,0.1736881888115168,0.15263132426938383,0.2216163464587634,0.06948922088485864,0.11598933016649134,0.12639820079956174,0.18273385370402426,0.1681870513061967,0.1378708842555172,0.3284857152379586,0.1721253589219728,0.11152951745287869,0.10313567904597219,0.08386024095744575,0.10518090276441312,0.2641230604177864,0.17895932596738828,0.1345378070285449,0.11276670766959768,0.31585031318321616,0.5979588870189442,0.32291282048815956,0.26618832611815013,0.0679973452485074,0.23795314067871942,0.2508256264314381
2023-01-23 15:00:00,0.2495415143523184,0.4459964203288989,0.16361529968578498,0.1683845396341224,0.21241045881272583,0.05511559863510295,0.06219186391764895,0.054273239513152306,0.12439849490611929,0.09697287789515466,0.07081505157280532,0.32906760596826773,0.11855620567321502,0.04539363512510159,0.04282601212865679,0.056538373144226765,0.1631353019740364,0.21831860022306268,0.2094884060934118,0.09275590666659432,0.04753471672168708,0.22555764475763437,0.5407121612317091,0.19883123877885683,0.2328201969449274,0.059241669998830626,0.2694995733293399,0.17643762042799618
2023-01-23 16:00:00,0.1628392494623531,0.40767191902504873,0.21074311625861378,0.19033901792604535,0.1849079675195633,0.07786997846323244,0.11354435314604823,0.10379922351216957,0.110784123213391,0.09854453933100715,0.07389681127164832,0.2732181196519829,0.10925222965997503,0.13477468465833356,0.04550998129558288,0.03485138000195945,0.10598112954719652,0.12923894441339331,0.14991396160172094,0.19470933230380524,0.14142605776908326,0.15575742399593787,0.48860901235397974,0.12358601000550357,0.19098058882012905,0.07634440427936011,0.2025283111734132,0.13563701400898004
2023-01-23 17:00:00,0.10619809305608015,0.28439254051318574,0.09815446326737365,0.08780285652024288,0.10801844798522878,0.061116165407658185,0.0939373113798846,0.06926534999175199,0.07635487655512922,0.054479511365795485,0.04129138067040887,0.1449585538344278,0.07320814274888839,0.10810411499434683,0.0481041852439778,0.021144916019317693,0.09043188958580982,0.058040090233451185,0.12805686966546598,0.08968408343379161,0.1144803611384612,0.10078847233318944,0.3568339205936449,0.06307982464378876,0.10227163876659956,0.05501034871198094,0.08340207553889833,0.09573937406941532
2023-01-23 18:00:00,0.05278454913344003,0.14159420641452258,0.07649993494834068,0.06888202757795178,0.036658870850082396,0.019899168313628226,0.06579764698478917,0.03869884071014718,0.07476877251413241,0.01362969143533189,0.01290743863637495,0.10200315866022029,0.06834552418732669,0.07787747609148918,0.007790289294160803,0.007569775860761862,0.0411564108842312,0.027210775258362258,0.039949207378483134,0.04674404930732683,0.08351726101202768,0.04453935258433605,0.0,0.013378766652399883,0.0,0.04426936825161798,0.0,0.02827036828633069
2023-01-23 19:00:00,0.0,0.0,0.0,0.0,0.0,0.0,0.0,0.0,0.0,0.0,0.0,0.0,0.0,0.0,0.0,0.0,0.0,0.0,0.0,0.0,0.0,0.0,0.0,0.0,0.0,0.0,0.0,0.0
2023-01-23 20:00:00,0.0,0.0,0.0,0.0,0.0,0.0,0.0,0.0,0.0,0.0,0.0,0.0,0.0,0.0,0.0,0.0,0.0,0.0,0.0,0.0,0.0,0.0,0.0,0.0,0.0,0.0,0.0,0.0
2023-01-23 21:00:00,0.0,0.0,0.0,0.0,0.0,0.0,0.0,0.0,0.0,0.0,0.0,0.0,0.0,0.0,0.0,0.0,0.0,0.0,0.0,0.0,0.0,0.0,0.0,0.0,0.0,0.0,0.0,0.0
2023-01-23 22:00:00,0.0,0.0,0.0,0.0,0.0,0.0,0.0,0.0,0.0,0.0,0.0,0.0,0.0,0.0,0.0,0.0,0.0,0.0,0.0,0.0,0.0,0.0,0.0,0.0,0.0,0.0,0.0,0.0
2023-01-23 23:00:00,0.0,0.0,0.0,0.0,0.0,0.0,0.0,0.0,0.0,0.0,0.0,0.0,0.0,0.0,0.0,0.0,0.0,0.0,0.0,0.0,0.0,0.0,0.0,0.0,0.0,0.0,0.0,0.0
2023-01-24 00:00:00,0.0,0.0,0.0,0.0,0.0,0.0,0.0,0.0,0.0,0.0,0.0,0.0,0.0,0.0,0.0,0.0,0.0,0.0,0.0,0.0,0.0,0.0,0.0,0.0,0.0,0.0,0.0,0.0
2023-01-24 01:00:00,0.0,0.0,0.0,0.0,0.0,0.0,0.0,0.0,0.0,0.0,0.0,0.0,0.0,0.0,0.0,0.0,0.0,0.0,0.0,0.0,0.0,0.0,0.0,0.0,0.0,0.0,0.0,0.0
2023-01-24 02:00:00,0.0,0.0,0.0,0.0,0.0,0.0,0.0,0.0,0.0,0.0,0.0,0.0,0.0,0.0,0.0,0.0,0.0,0.0,0.0,0.0,0.0,0.0,0.0,0.0,0.0,0.0,0.0,0.0
2023-01-24 03:00:00,0.0,0.0,0.0,0.0,0.0,0.0,0.0,0.0,0.0,0.0,0.0,0.0,0.0,0.0,0.0,0.0,0.0,0.0,0.0,0.0,0.0,0.0,0.0,0.0,0.0,0.0,0.0,0.0
2023-01-24 04:00:00,0.0,0.0,0.0,0.0,0.0,0.0,0.0,0.0,0.0,0.0,0.0,0.0,0.0,0.0,0.0,0.0,0.0,0.0,0.0,0.0,0.0,0.0,0.0,0.0,0.0,0.0,0.0,0.0
2023-01-24 05:00:00,0.0,0.0,0.0,0.0,0.0,0.0,0.0,0.0,0.0,0.0,0.0,0.0,0.0,0.0,0.0,0.0,0.0,0.0,0.0,0.0,0.0,0.0,0.0,0.0,0.0,0.0,0.0,0.0
2023-01-24 06:00:00,0.0,0.0,0.0,0.0,0.0,0.0,0.0,0.0,0.0,0.0,0.0,0.0,0.0,0.0,0.0,0.0,0.0,0.0,0.0,0.0,0.0,0.0,0.0,0.0,0.0,0.0,0.0,0.0
2023-01-24 07:00:00,0.0,0.0,0.0,0.0,0.0,0.0,0.0,0.0,0.0,0.0,0.0,0.0,0.0,0.0,0.0,0.0,0.0,0.0,0.0,0.0,0.0,0.0,0.0,0.0,0.0,0.0,0.0,0.0
2023-01-24 08:00:00,0.0,0.0,0.0,0.0,0.0,0.0,0.0,0.0,0.0,0.0,0.0,0.0,0.0,0.0,0.0,0.0,0.0,0.0,0.0,0.0,0.0,0.0,0.0,0.0,0.0,0.0,0.0,0.0
2023-01-24 09:00:00,0.0,0.0,0.0,0.0,0.0,0.0,0.0,0.0,0.0,0.0,0.0,0.0,0.0,0.0,0.0,0.0,0.0,0.0,0.0,0.0,0.0,0.0,0.003173417882849586,0.0,0.0,0.0,0.0,0.0
2023-01-24 10:00:00,0.020222050031511625,0.01448780441023521,5.457093384224756e-05,0.02329230598793195,0.0,0.0,0.0,0.0001726739779401812,0.002855387158298888,0.0,0.0,0.015235996960527461,0.009845437065205867,0.0021025116880095634,0.0,0.0005947817869702523,0.0,0.002065238278206026,0.0,0.0,0.002365325649010759,0.004090284867689014,0.23544857406690523,0.022732751602493273,0.1109764241464359,0.0,0.08181305563621298,0.014756529973572123
2023-01-24 11:00:00,0.04524967512318628,0.04851395061312764,0.010943897075259428,0.11861876609347757,0.026406081101887684,0.0031848218817806975,0.007367664095740394,0.013285477146773986,0.045639620897830524,0.005692611936459109,0.005308463644463378,0.11742799180793227,0.02144712143242901,0.023501038304068078,0.0042689168399306105,0.0069738335562337965,0.11436865392567593,0.028055680454058294,0.12040927904463469,0.005841274630240303,0.025072700860421855,0.038216986888064096,0.3618094566786045,0.12459781655579877,0.2401395853199534,0.0068103506375175316,0.15895495850861155,0.10165177601344112
2023-01-24 12:00:00,0.08990924655957841,0.08984853812955562,0.020491564681898014,0.12553172642316274,0.04429078805611182,0.032209467610873746,0.03141037468241075,0.02864874084236071,0.03731623863118863,0.020772749461163486,0.02764340769878336,0.24154595205458074,0.03605188509267441,0.026436743383210223,0.015269527853430734,0.020395575082267504,0.23299925198774857,0.09420785929675639,0.14276350312133998,0.0224110730298314,0.025034873197271906,0.13149648512276643,0.4084487030049366,0.11642327021310794,0.31924694444009355,0.038353866939633253,0.21813543159580773,0.09946830511503434
2023-01-24 13:00:00,0.1539655207370817,0.15208810710025852,0.04139133661952289,0.2080471846748317,0.05803138731977727,0.05004253857652123,0.035544648196093515,0.03029051591172824,0.08434278107413917,0.030114129794702862,0.030559540625761564,0.39273122376639125,0.0641896611303933,0.03193713066268641,0.043096937113308524,0.052154090814437136,0.2690674985025661,0.1999358871321126,0.17874784203677582,0.03945553463090959,0.03158872739980179,0.19932156347641927,0.5823240930879368,0.20376271167374554,0.3666917371722577,0.05919509008172196,0.3072802946698351,0.16117933788608296
2023-01-24 14:00:00,0.18028134696095527,0.16824929063120506,0.034969683940223685,0.24505684385671075,0.08318866589576307,0.05576986911796793,0.04670640308741342,0.04986579463413196,0.1306630176385825,0.05805137362522163,0.04598620231278411,0.33168139896807747,0.08374085545891419,0.04909236464156484,0.0524360157762209,0.056318476572653854,0.28326088407781236,0.2208402241109856,0.21594919362114356,0.09950103462619969,0.049486926271735864,0.22047212062200228,0.5648938956457897,0.1967500103769972,0.30411866114882463,0.07103723102254347,0.23841004504285893,0.17652240635634545
2023-01-24 15:00:00,0.150633105504505,0.15095985472438733,0.032390658948223634,0.20001915009724017,0.06160493205874115,0.0648171567346844,0.042412517369715234,0.03773838194054347,0.10181981065785163,0.04217749043828234,0.03686965469906933,0.30873146261869344,0.05656346965635756,0.034239764296316644,0.05187100380936148,0.07513736845934821,0.28770377925762697,0.1827829898362632,0.21956894853917658,0.06643562971717318,0.034035437747502104,0.22130816307070866,0.5822872378755598,0.13355977563050536,0.29388868896793713,0.060978452367947064,0.18063527529215978,0.12987620607580022
2023-01-24 16:00:00,0.1498696358221597,0.18061121151722984,0.0340935803821212,0.18263706961706758,0.04426211459985676,0.07238438861735709,0.03635851219488085,0.030260005562595563,0.09157164181890949,0.05523414954879688,0.04265883109974153,0.2920309518298344,0.053084849742018984,0.024226453268179668,0.05796192752125466,0.08107663822372864,0.2919339455960056,0.19616619006747352,0.21640345386029122,0.05915908691988672,0.025404109606722014,0.20398144592517684,0.46765738788042216,0.08767677368736286,0.2278980009905327,0.0545457939752947,0.08555862442972215,0.07561782902358267
2023-01-24 17:00:00,0.07472595842280547,0.15170360672989006,0.01521905286742389,0.1309429052484088,0.020566949944873965,0.053594488324446986,0.011021977935367848,0.010101568801732784,0.06117332733165388,0.013638147004861387,0.012321046021767429,0.22169816066342063,0.028590895490003206,0.008435558173316714,0.03614817498048597,0.061481943650785326,0.2421701441377515,0.05914154896965356,0.18469162772758077,0.007782331356699626,0.00839046706141294,0.10183002426511778,0.34434558469224064,0.06786267379926712,0.12990526864501076,0.03823160751777725,0.02501985563307424,0.08094931857415603
2023-01-24 18:00:00,0.029749227368578417,0.06308672825974339,0.0006288784932117282,0.10304170913051483,0.002650813269599556,0.018441621867835833,0.0019767938975607563,0.002518192291267045,0.050155637386157415,0.005724460645906614,0.00204476492943289,0.1472140379925502,0.005227503222083047,0.00216458760663665,0.01398834902182421,0.03395765709685873,0.16873184781367373,0.025536272387134868,0.15004128118784538,0.01569652668835987,0.0024351610574662313,0.05156395614389036,0.0,0.04205351226678784,0.0,0.031282534407557,0.0,0.04520184390932345
2023-01-24 19:00:00,0.0,0.0,0.0,0.0,0.0,0.0,0.0,0.0,0.0,0.0,0.0,0.0,0.0,0.0,0.0,0.0,0.0,0.0,0.0,0.0,0.0,0.0,0.0,0.0,0.0,0.0,0.0,0.0
2023-01-24 20:00:00,0.0,0.0,0.0,0.0,0.0,0.0,0.0,0.0,0.0,0.0,0.0,0.0,0.0,0.0,0.0,0.0,0.0,0.0,0.0,0.0,0.0,0.0,0.0,0.0,0.0,0.0,0.0,0.0
2023-01-24 21:00:00,0.0,0.0,0.0,0.0,0.0,0.0,0.0,0.0,0.0,0.0,0.0,0.0,0.0,0.0,0.0,0.0,0.0,0.0,0.0,0.0,0.0,0.0,0.0,0.0,0.0,0.0,0.0,0.0
2023-01-24 22:00:00,0.0,0.0,0.0,0.0,0.0,0.0,0.0,0.0,0.0,0.0,0.0,0.0,0.0,0.0,0.0,0.0,0.0,0.0,0.0,0.0,0.0,0.0,0.0,0.0,0.0,0.0,0.0,0.0
2023-01-24 23:00:00,0.0,0.0,0.0,0.0,0.0,0.0,0.0,0.0,0.0,0.0,0.0,0.0,0.0,0.0,0.0,0.0,0.0,0.0,0.0,0.0,0.0,0.0,0.0,0.0,0.0,0.0,0.0,0.0
2023-01-25 00:00:00,0.0,0.0,0.0,0.0,0.0,0.0,0.0,0.0,0.0,0.0,0.0,0.0,0.0,0.0,0.0,0.0,0.0,0.0,0.0,0.0,0.0,0.0,0.0,0.0,0.0,0.0,0.0,0.0
2023-01-25 01:00:00,0.0,0.0,0.0,0.0,0.0,0.0,0.0,0.0,0.0,0.0,0.0,0.0,0.0,0.0,0.0,0.0,0.0,0.0,0.0,0.0,0.0,0.0,0.0,0.0,0.0,0.0,0.0,0.0
2023-01-25 02:00:00,0.0,0.0,0.0,0.0,0.0,0.0,0.0,0.0,0.0,0.0,0.0,0.0,0.0,0.0,0.0,0.0,0.0,0.0,0.0,0.0,0.0,0.0,0.0,0.0,0.0,0.0,0.0,0.0
2023-01-25 03:00:00,0.0,0.0,0.0,0.0,0.0,0.0,0.0,0.0,0.0,0.0,0.0,0.0,0.0,0.0,0.0,0.0,0.0,0.0,0.0,0.0,0.0,0.0,0.0,0.0,0.0,0.0,0.0,0.0
2023-01-25 04:00:00,0.0,0.0,0.0,0.0,0.0,0.0,0.0,0.0,0.0,0.0,0.0,0.0,0.0,0.0,0.0,0.0,0.0,0.0,0.0,0.0,0.0,0.0,0.0,0.0,0.0,0.0,0.0,0.0
2023-01-25 05:00:00,0.0,0.0,0.0,0.0,0.0,0.0,0.0,0.0,0.0,0.0,0.0,0.0,0.0,0.0,0.0,0.0,0.0,0.0,0.0,0.0,0.0,0.0,0.0,0.0,0.0,0.0,0.0,0.0
2023-01-25 06:00:00,0.0,0.0,0.0,0.0,0.0,0.0,0.0,0.0,0.0,0.0,0.0,0.0,0.0,0.0,0.0,0.0,0.0,0.0,0.0,0.0,0.0,0.0,0.0,0.0,0.0,0.0,0.0,0.0
2023-01-25 07:00:00,0.0,0.0,0.0,0.0,0.0,0.0,0.0,0.0,0.0,0.0,0.0,0.0,0.0,0.0,0.0,0.0,0.0,0.0,0.0,0.0,0.0,0.0,0.0,0.0,0.0,0.0,0.0,0.0
2023-01-25 08:00:00,0.0,0.0,0.0,0.0,0.0,0.0,0.0,0.0,0.0,0.0,0.0,0.0,0.0,0.0,0.0,0.0,0.0,0.0,0.0,0.0,0.0,0.0,0.0,0.0,0.0,0.0,0.0,0.0
2023-01-25 09:00:00,0.0,0.0,0.0,0.0,0.0,0.0,0.0,0.0,0.0,0.0,0.0,0.0,0.0,0.0,0.0,0.0,0.0,0.0,0.0,0.0,0.0,0.0,0.018353660578142566,0.0,0.0,0.0,0.0,0.0
2023-01-25 10:00:00,0.21731717181110555,0.11200897823559479,0.1371344223434893,0.27388002633879793,0.0,0.0,0.04136905247903384,0.09117583187060636,0.14282660523263505,0.24494123328013429,0.1710334215608802,0.30408370945936886,0.12754035083687873,0.05784820984475195,0.002604845903170706,0.04837062086536629,0.0,0.3269524362887858,0.0,0.12199058294451241,0.06171549061954123,0.28226221961267156,0.24740979043259922,0.16412231258182092,0.046389938316093546,0.0,0.024719528982568392,0.22038774318567617
2023-01-25 11:00:00,0.34979937076426276,0.2232740544567767,0.22695699279520445,0.4049097098504756,0.03921027280967962,0.011907214315825754,0.16518427160881918,0.24858043850320613,0.24055029462639338,0.2970446870257104,0.2596013776173447,0.46999645391074485,0.25702175568583785,0.2704764586363333,0.06797537198800849,0.14371381717395412,0.007546085154805291,0.49961169128375027,0.002614340505718624,0.29784915826717945,0.2752791085186936,0.4196622231370044,0.3604640570733306,0.3200265104141363,0.08901355159913717,0.029406221550641685,0.09820366942511435,0.4217056328581936
2023-01-25 12:00:00,0.3679687128579703,0.19191638858448123,0.3233256869119573,0.4906584991399685,0.06739576798030414,0.02548966654209355,0.28531719635511377,0.2671397159555891,0.34119050680053425,0.43265412054234537,0.36709205184204174,0.5109229150018296,0.36258899863653743,0.1889043043776214,0.15507519636796016,0.20205589927353543,0.027179268789739485,0.5380668114881528,0.0069792776622703,0.24985821275483788,0.18626808733412153,0.474408695669107,0.2752387303002681,0.3794708081607388,0.1809105461152681,0.04813801248241022,0.21636227436918148,0.4392953499885929
2023-01-25 13:00:00,0.5408883690709149,0.2957418253658676,0.4142230573036731,0.5430465649627444,0.13255654322658864,0.04883275085587038,0.4444118611677341,0.445624452601648,0.4440305765876714,0.5555833977075453,0.5324518649234796,0.62231881530601,0.4481798934107233,0.36147746414158316,0.19474095273915806,0.2663197296635215,0.05796080674074153,0.7024084831653363,0.021121268992132118,0.42984855964644836,0.35194286415424453,0.6429646999683941,0.3206627453765996,0.399047791460001,0.28641338026187224,0.10806895891024836,0.27827632656937507,0.5035579545718344
2023-01-25 14:00:00,0.5970620753317102,0.37363602774819793,0.4168081109691084,0.49904534423806995,0.16011352514867014,0.052263518973042926,0.4804607481318836,0.48510398236765906,0.47702875484830787,0.5888024676140321,0.583216977306972,0.6881629607737753,0.5107249790967096,0.3881210890183854,0.19179079550778963,0.3048494661148048,0.05085183076628434,0.7446531699011972,0.028263222122253285,0.3470637275030047,0.37163114166793426,0.7244716288464558,0.38291713377789577,0.4341291090084662,0.3964984744936174,0.10269458436725776,0.2505315291739316,0.5656040446968967
2023-01-25 15:00:00,0.5876205416711335,0.42244879466895524,0.31542172904627086,0.5493293083439288,0.18308804334592385,0.05909175875628562,0.4208915743241392,0.4534349458129674,0.42728916541581013,0.5049943757396647,0.4852398326525265,0.7407975616669458,0.4549823391142161,0.3976517553874918,0.20167101094970077,0.2792343478145468,0.03527368182728197,0.719085608232518,0.01628147922737402,0.3859718386777726,0.38630989050535863,0.6903713053426949,0.38474395596241057,0.4059844822978032,0.30574192350939583,0.13187838819017156,0.13183075332499514,0.5276067672436862
2023-01-25 16:00:00,0.5692931843028012,0.3749794763000449,0.3060418430017131,0.5790715997643013,0.1749310525931719,0.04384887143557939,0.4022215004662398,0.43041381356776065,0.38629005334657607,0.4859303914942041,0.4592753760573153,0.7263563223118754,0.42800537299776925,0.377462714630053,0.19406941663740712,0.2670505020324906,0.03684941134819076,0.6803425612636592,0.010979834447045032,0.3771312631979099,0.3674960277866246,0.6573447671928629,0.4085317983770479,0.36166348046202007,0.201145567920464,0.07843931426621972,0.09603282778229551,0.4913624765469096
2023-01-25 17:00:00,0.46470467214518774,0.2610242646036555,0.2621443451217259,0.4524589496638615,0.10443562385769209,0.021526604646731617,0.2971465982222143,0.34282366632844935,0.28168992088952566,0.40825742898312517,0.3874866323860854,0.586911262590842,0.3337822233176624,0.3283701960775389,0.1227415096230058,0.19939439773737025,0.03793988130415809,0.5545507161030604,0.009912845243963447,0.23662752482184496,0.32276037415169245,0.5592992961581094,0.3231053013601997,0.2783710231899236,0.13231469440554905,0.04186743566134918,0.045076894545537705,0.3886819116434909
2023-01-25 18:00:00,0.31832269651797734,0.16417754365576773,0.17043823395260185,0.26457646888686664,0.00662888564905256,0.005320546674228888,0.23481493998906933,0.27828342542116113,0.20387153411684947,0.30799382307596895,0.30862236183112607,0.37672314524633094,0.23195855917455324,0.24065293737863502,0.04009058987751732,0.11192405487091273,0.00739934821138214,0.37659652962857854,0.0017504293705583518,0.17887883189484588,0.23136314555799592,0.38857016107775827,0.0,0.10252218894783768,0.0,0.014297409361555114,0.0,0.1264461726793236
2023-01-25 19:00:00,0.0,0.0,0.0,0.0,0.0,0.0,0.0,0.0,0.0,0.0,0.0,0.0,0.0,0.0,0.0,0.0,0.0,0.0,0.0,0.0,0.0,0.0,0.0,0.0,0.0,0.0,0.0,0.0
2023-01-25 20:00:00,0.0,0.0,0.0,0.0,0.0,0.0,0.0,0.0,0.0,0.0,0.0,0.0,0.0,0.0,0.0,0.0,0.0,0.0,0.0,0.0,0.0,0.0,0.0,0.0,0.0,0.0,0.0,0.0
2023-01-25 21:00:00,0.0,0.0,0.0,0.0,0.0,0.0,0.0,0.0,0.0,0.0,0.0,0.0,0.0,0.0,0.0,0.0,0.0,0.0,0.0,0.0,0.0,0.0,0.0,0.0,0.0,0.0,0.0,0.0
2023-01-25 22:00:00,0.0,0.0,0.0,0.0,0.0,0.0,0.0,0.0,0.0,0.0,0.0,0.0,0.0,0.0,0.0,0.0,0.0,0.0,0.0,0.0,0.0,0.0,0.0,0.0,0.0,0.0,0.0,0.0
2023-01-25 23:00:00,0.0,0.0,0.0,0.0,0.0,0.0,0.0,0.0,0.0,0.0,0.0,0.0,0.0,0.0,0.0,0.0,0.0,0.0,0.0,0.0,0.0,0.0,0.0,0.0,0.0,0.0,0.0,0.0
2023-01-26 00:00:00,0.0,0.0,0.0,0.0,0.0,0.0,0.0,0.0,0.0,0.0,0.0,0.0,0.0,0.0,0.0,0.0,0.0,0.0,0.0,0.0,0.0,0.0,0.0,0.0,0.0,0.0,0.0,0.0
2023-01-26 01:00:00,0.0,0.0,0.0,0.0,0.0,0.0,0.0,0.0,0.0,0.0,0.0,0.0,0.0,0.0,0.0,0.0,0.0,0.0,0.0,0.0,0.0,0.0,0.0,0.0,0.0,0.0,0.0,0.0
2023-01-26 02:00:00,0.0,0.0,0.0,0.0,0.0,0.0,0.0,0.0,0.0,0.0,0.0,0.0,0.0,0.0,0.0,0.0,0.0,0.0,0.0,0.0,0.0,0.0,0.0,0.0,0.0,0.0,0.0,0.0
2023-01-26 03:00:00,0.0,0.0,0.0,0.0,0.0,0.0,0.0,0.0,0.0,0.0,0.0,0.0,0.0,0.0,0.0,0.0,0.0,0.0,0.0,0.0,0.0,0.0,0.0,0.0,0.0,0.0,0.0,0.0
2023-01-26 04:00:00,0.0,0.0,0.0,0.0,0.0,0.0,0.0,0.0,0.0,0.0,0.0,0.0,0.0,0.0,0.0,0.0,0.0,0.0,0.0,0.0,0.0,0.0,0.0,0.0,0.0,0.0,0.0,0.0
2023-01-26 05:00:00,0.0,0.0,0.0,0.0,0.0,0.0,0.0,0.0,0.0,0.0,0.0,0.0,0.0,0.0,0.0,0.0,0.0,0.0,0.0,0.0,0.0,0.0,0.0,0.0,0.0,0.0,0.0,0.0
2023-01-26 06:00:00,0.0,0.0,0.0,0.0,0.0,0.0,0.0,0.0,0.0,0.0,0.0,0.0,0.0,0.0,0.0,0.0,0.0,0.0,0.0,0.0,0.0,0.0,0.0,0.0,0.0,0.0,0.0,0.0
2023-01-26 07:00:00,0.0,0.0,0.0,0.0,0.0,0.0,0.0,0.0,0.0,0.0,0.0,0.0,0.0,0.0,0.0,0.0,0.0,0.0,0.0,0.0,0.0,0.0,0.0,0.0,0.0,0.0,0.0,0.0
2023-01-26 08:00:00,0.0,0.0,0.0,0.0,0.0,0.0,0.0,0.0,0.0,0.0,0.0,0.0,0.0,0.0,0.0,0.0,0.0,0.0,0.0,0.0,0.0,0.0,0.0,0.0,0.0,0.0,0.0,0.0
2023-01-26 09:00:00,0.0,0.0,0.0,0.0,0.0,0.0,0.0,0.0,0.0,0.0,0.0,0.0,0.0,0.0,0.0,0.0,0.0,0.0,0.0,0.0,0.0,0.0,0.003323550131697378,0.0,0.0,0.0,0.0,0.0
2023-01-26 10:00:00,0.05553818569387205,0.0396543198882824,0.044228404150586306,0.08923054919496086,0.0,0.0,0.010626055477453067,0.02547224117192449,0.005002239681433482,0.04437109639954219,0.028222531001501128,0.12803473580933025,0.005082451204252568,0.030912550124698394,0.0058191948667731825,0.00039508299451799703,0.0,0.04585047912453221,0.0,0.012024815490082124,0.03405846149169774,0.07230957247321602,0.2076309703005067,0.03557562156568605,0.06864847005741853,0.0,0.004620949518188984,0.03981981511346503
2023-01-26 11:00:00,0.11057146572474945,0.08862747071536946,0.09347140774430583,0.21539212109177563,0.015464124211080626,0.00318128213825474,0.0790104542010111,0.09769492335195673,0.0316471208795309,0.13638277643737978,0.11569478395763996,0.21348919828735083,0.02782060165478605,0.07736963758702162,0.015542134699052539,0.0066843903385201435,0.0005543460338883504,0.09576376853602153,6.817217190084941e-05,0.07625970281041322,0.07596785183969769,0.12555795669935046,0.3263869042407645,0.08316071420195335,0.1550754166688069,0.00803652711604003,0.04631397197655141,0.08329521970938351
2023-01-26 12:00:00,0.11718063739221454,0.06414273970732154,0.1346470429994482,0.13343637088665805,0.07006091764787165,0.02132866349834996,0.11675611231682285,0.1609804052220043,0.031909648350931075,0.18271376253813326,0.17452414126725718,0.09889734531833223,0.03370491385543154,0.18649963990242777,0.017093742865060886,0.015268623362636744,0.004982157853059634,0.11374026497175616,0.003112062808022837,0.11077172369334072,0.18947340544500546,0.1511250319777607,0.4015235753273126,0.09075049526445365,0.23808729647550433,0.026978355389401153,0.10144967106911004,0.09760561632208561
2023-01-26 13:00:00,0.12275029554309287,0.12260480283021093,0.0946998254630605,0.13025252642322852,0.11498479848573628,0.03364924984876701,0.1322110966996893,0.142497061301282,0.045046379944147806,0.14373633045634915,0.14017583527759014,0.1912166439578666,0.04619382592594745,0.1421735440289903,0.030734144377234113,0.02161431561431677,0.011313186477503553,0.10458844312117264,0.006557806686682519,0.09897068061502179,0.14056666336407875,0.14890061198949317,0.463012899897168,0.12141361233006195,0.24660165243457408,0.03950561896548631,0.1332875936103916,0.11644791880268032
2023-01-26 14:00:00,0.12933717715889534,0.18211321479981948,0.08878342256076768,0.1988486648093242,0.1349367716196675,0.041721893646448655,0.08205604510815277,0.10108254981557561,0.05740535448035091,0.1322141748223325,0.11640308310517813,0.226163370925481,0.06220128536536889,0.10473168451201391,0.054105780359510636,0.029705917163560618,0.01760507027956398,0.10183665110584283,0.00750833333483588,0.0890810384128341,0.10569879712018965,0.1472506606166363,0.4719214005197331,0.16784670734876972,0.2515478374488401,0.04575651084676648,0.15662443916787652,0.14879559648823232
2023-01-26 15:00:00,0.11195821934829212,0.20717163147400508,0.07559538441119151,0.08813543555171369,0.1288286790815299,0.047937801657347054,0.10838871749504787,0.12192375694713464,0.05111962339891033,0.18807536725068758,0.1503469456289952,0.11363616294145588,0.05704688548496339,0.08681635321771611,0.04445512157825911,0.02851520329384537,0.01404252423499933,0.10989057179222132,0.006230185206199381,0.09673952712620747,0.08545290034129663,0.14467699410918325,0.4088065613211622,0.12339176203915234,0.15304044616405366,0.043413472866270654,0.12398263341768162,0.14505663105521774
2023-01-26 16:00:00,0.09117685670968366,0.1761784505588585,0.03899673815029271,0.09119834629964649,0.11260722782872587,0.041828342099698324,0.04767904648953882,0.05234599732086744,0.03866607164897749,0.07413726901769307,0.06298189360276611,0.1241207579966792,0.04578393425576767,0.050709458587440644,0.017333632851073713,0.018977859170379786,0.005088904830464547,0.07515435527631183,0.0028713352108109174,0.03661314929469187,0.05141137513632444,0.09045301661697118,0.36702442908135285,0.10766896237088862,0.08214113170913533,0.04377792370384318,0.1022762022375301,0.12636900465230036
2023-01-26 17:00:00,0.07921420383643318,0.11797018603623578,0.01547038457486935,0.03432253477101921,0.10976311315653514,0.06989312321693797,0.02454095709050382,0.032782417574801076,0.022930898533272695,0.07368486125373158,0.04702226097152541,0.08069328654720041,0.02792423272983652,0.01797313028904685,0.004720652645385604,0.007339244311506321,0.0029050462898446015,0.06210367566100263,0.0019482568557321078,0.029969476628825976,0.018516357744672626,0.0827891639168986,0.15490299291641613,0.04202338851250035,0.026653568166329713,0.03144971552645265,0.03804864583678887,0.05538633368193029
2023-01-26 18:00:00,0.03948402273796349,0.019693075707174497,0.015203403506156867,0.011802304770821337,0.03729767262907818,0.04251850932112646,0.00504011251499752,0.014162239819518524,0.0006963642034792293,0.0442103630653,0.03196054031657791,0.07442198181765859,0.0013318039517880471,0.005751987833549198,9.50778645453064e-05,0.00035468323295795897,0.0019724407429143826,0.04437265168817817,0.0027263030337679526,0.009292229237119018,0.006287679863294353,0.07208716861946782,0.0,0.011626768111005374,0.0,0.03103750664622875,0.0,0.01933794261538002
2023-01-26 19:00:00,0.0,0.0,0.0,0.0,0.0,0.0,0.0,0.0,0.0,0.0,0.0,0.0,0.0,0.0,0.0,0.0,0.0,0.0,0.0,0.0,0.0,0.0,0.0,0.0,0.0,0.0,0.0,0.0
2023-01-26 20:00:00,0.0,0.0,0.0,0.0,0.0,0.0,0.0,0.0,0.0,0.0,0.0,0.0,0.0,0.0,0.0,0.0,0.0,0.0,0.0,0.0,0.0,0.0,0.0,0.0,0.0,0.0,0.0,0.0
2023-01-26 21:00:00,0.0,0.0,0.0,0.0,0.0,0.0,0.0,0.0,0.0,0.0,0.0,0.0,0.0,0.0,0.0,0.0,0.0,0.0,0.0,0.0,0.0,0.0,0.0,0.0,0.0,0.0,0.0,0.0
2023-01-26 22:00:00,0.0,0.0,0.0,0.0,0.0,0.0,0.0,0.0,0.0,0.0,0.0,0.0,0.0,0.0,0.0,0.0,0.0,0.0,0.0,0.0,0.0,0.0,0.0,0.0,0.0,0.0,0.0,0.0
2023-01-26 23:00:00,0.0,0.0,0.0,0.0,0.0,0.0,0.0,0.0,0.0,0.0,0.0,0.0,0.0,0.0,0.0,0.0,0.0,0.0,0.0,0.0,0.0,0.0,0.0,0.0,0.0,0.0,0.0,0.0
2023-01-27 00:00:00,0.0,0.0,0.0,0.0,0.0,0.0,0.0,0.0,0.0,0.0,0.0,0.0,0.0,0.0,0.0,0.0,0.0,0.0,0.0,0.0,0.0,0.0,0.0,0.0,0.0,0.0,0.0,0.0
2023-01-27 01:00:00,0.0,0.0,0.0,0.0,0.0,0.0,0.0,0.0,0.0,0.0,0.0,0.0,0.0,0.0,0.0,0.0,0.0,0.0,0.0,0.0,0.0,0.0,0.0,0.0,0.0,0.0,0.0,0.0
2023-01-27 02:00:00,0.0,0.0,0.0,0.0,0.0,0.0,0.0,0.0,0.0,0.0,0.0,0.0,0.0,0.0,0.0,0.0,0.0,0.0,0.0,0.0,0.0,0.0,0.0,0.0,0.0,0.0,0.0,0.0
2023-01-27 03:00:00,0.0,0.0,0.0,0.0,0.0,0.0,0.0,0.0,0.0,0.0,0.0,0.0,0.0,0.0,0.0,0.0,0.0,0.0,0.0,0.0,0.0,0.0,0.0,0.0,0.0,0.0,0.0,0.0
2023-01-27 04:00:00,0.0,0.0,0.0,0.0,0.0,0.0,0.0,0.0,0.0,0.0,0.0,0.0,0.0,0.0,0.0,0.0,0.0,0.0,0.0,0.0,0.0,0.0,0.0,0.0,0.0,0.0,0.0,0.0
2023-01-27 05:00:00,0.0,0.0,0.0,0.0,0.0,0.0,0.0,0.0,0.0,0.0,0.0,0.0,0.0,0.0,0.0,0.0,0.0,0.0,0.0,0.0,0.0,0.0,0.0,0.0,0.0,0.0,0.0,0.0
2023-01-27 06:00:00,0.0,0.0,0.0,0.0,0.0,0.0,0.0,0.0,0.0,0.0,0.0,0.0,0.0,0.0,0.0,0.0,0.0,0.0,0.0,0.0,0.0,0.0,0.0,0.0,0.0,0.0,0.0,0.0
2023-01-27 07:00:00,0.0,0.0,0.0,0.0,0.0,0.0,0.0,0.0,0.0,0.0,0.0,0.0,0.0,0.0,0.0,0.0,0.0,0.0,0.0,0.0,0.0,0.0,0.0,0.0,0.0,0.0,0.0,0.0
2023-01-27 08:00:00,0.0,0.0,0.0,0.0,0.0,0.0,0.0,0.0,0.0,0.0,0.0,0.0,0.0,0.0,0.0,0.0,0.0,0.0,0.0,0.0,0.0,0.0,0.0,0.0,0.0,0.0,0.0,0.0
2023-01-27 09:00:00,0.0,0.0,0.0,0.0,0.0,0.0,0.0,0.0,0.0,0.0,0.0,0.0,0.0,0.0,0.0,0.0,0.0,0.0,0.0,0.0,0.0,0.0,0.00011529004585913943,0.0,0.0,0.0,0.0,0.0
2023-01-27 10:00:00,0.2177088334600124,0.26385573247380784,0.2184381899738491,0.3296177369812568,0.0,0.0,0.14482736167439617,0.12583080412120318,0.07567222864193147,0.26994298713181786,0.17963044756101387,0.35828370216839445,0.06520606570697984,0.09616183183315136,0.03024297811041762,0.022802680035427268,0.0,0.3583467878596298,0.0,0.2715925324051535,0.10216448503141058,0.34820626289345274,0.056779863846100447,0.1770185577218311,0.15241697398081255,0.0,0.09453287131738729,0.13653491330030088
2023-01-27 11:00:00,0.30822084821320145,0.406098976633871,0.4129707736018003,0.5053583509525189,0.05626069496550278,0.07237611706508806,0.3417920313741036,0.25585945356668205,0.21074050137419326,0.38246742494806274,0.3159272029707494,0.48719160056613275,0.20469532706185256,0.19909244150686137,0.07495880614798066,0.10074520331878878,0.0722688828796239,0.44787052529614013,0.08638686844302768,0.4251422118222029,0.20320534764983195,0.43997339043393696,0.1437964448272504,0.2640094884759403,0.2856854162396243,0.10548985277733618,0.21610573129228075,0.23865044729219925
2023-01-27 12:00:00,0.399154510774326,0.4729047045359887,0.564899449261329,0.5001055320235525,0.20906077511577068,0.10884010200926882,0.45671399108121413,0.43889123321688756,0.2719745138465699,0.55858937389288,0.4781213850487862,0.49809567940893584,0.2914120026024702,0.422483811087643,0.17983711773440444,0.2160635219997841,0.2649429958044653,0.5132778830775092,0.17308175994379504,0.612610402509649,0.4307654440017081,0.5151336125908645,0.28080435151338634,0.4014233174605116,0.21214883400848733,0.11952912763904132,0.2216825624269211,0.4565225435383364
2023-01-27 13:00:00,0.464748050280536,0.5591410569867663,0.6149999404317122,0.7065204474162831,0.3313046667713604,0.20373163653598886,0.4415823806939554,0.4499632312061392,0.31496521835647634,0.594365080700712,0.4872722170422179,0.6851403169444852,0.33125771415454386,0.46181328089969764,0.30910965194936074,0.23685626185316372,0.3019696369009096,0.56200898779999,0.22850375981896107,0.632635311856161,0.4760945249642148,0.5808913767186396,0.2610252258894123,0.4322897858477301,0.22839065076824572,0.25309493195391297,0.2691071203181705,0.5239350665909664
2023-01-27 14:00:00,0.5721524025919807,0.6180926304285231,0.6056209909081923,0.6906249984659432,0.40915875416466624,0.2512050913548349,0.4701535177963878,0.48591856148990237,0.3414062633906798,0.5531084641905728,0.49565776806592154,0.7358524513860706,0.3170354290432962,0.5106325220498991,0.270308103369027,0.24267005364348979,0.32234126662474283,0.6666921960027267,0.19709553700506352,0.511554474264648,0.5172947865121346,0.6489574247434055,0.2674693334326189,0.5173200004169142,0.22292293124393564,0.3633592842292336,0.29007223645666685,0.6259950200341667
2023-01-27 15:00:00,0.6214975998617412,0.6209345858669146,0.6685944168971818,0.7047520772386009,0.4029213100598949,0.3171625129737073,0.6268707140057315,0.6430703178541756,0.40017794892632896,0.6625074522211281,0.6451154005206303,0.7893436367464269,0.427856925235546,0.6426631427972217,0.44981395988332185,0.3548432333898474,0.35320375495094736,0.7027089857778058,0.23703500582894235,0.6248520378389335,0.6417410119733127,0.7532343420233109,0.1733858042654497,0.5251515444434708,0.2077991056516412,0.45486386192806916,0.23047566163596078,0.5873321525967857
2023-01-27 16:00:00,0.5982143803007335,0.6137731963463368,0.6282121646928095,0.637049083862129,0.3900596095133013,0.3036389946227814,0.5679653892855582,0.5638241170530255,0.3311233820062061,0.6024137594447553,0.5868128637581222,0.7402170973472854,0.3835148908182872,0.5564185817960967,0.36219520118656956,0.3056535112495918,0.2771696513843632,0.6245899256747899,0.20654243882070036,0.4999134371942549,0.5572050330837313,0.7069772980925855,0.105661380661349,0.4605828550809551,0.14850248137915195,0.43870603370711503,0.20201753566389358,0.5096235106265278
2023-01-27 17:00:00,0.49268729317654103,0.4600003342739671,0.5422631917923105,0.5267509628855878,0.2918685068878566,0.30697145310029195,0.43934376681014337,0.45432983254382747,0.29637481258191983,0.4963528014502796,0.46499053408786223,0.6366287652341563,0.348303431749572,0.47101944999735157,0.4468976650143781,0.30360053106118745,0.2453608468848543,0.513281348182368,0.18994010566118022,0.4579551664846078,0.4767872434446264,0.5902873472875384,0.038274014763043665,0.3845159684989866,0.057857073590142756,0.4126201198755234,0.10472748531308586,0.44272570310835296
2023-01-27 18:00:00,0.33296770372789125,0.3058519083938297,0.3427809017571801,0.36063133325105423,0.1676430042739248,0.18881856051775234,0.313721541332117,0.3471282076051805,0.19399194348536228,0.3545894753119317,0.34420925257631296,0.4142972188989994,0.23562860104452005,0.35796348257864863,0.311743487782515,0.20865617517241902,0.1685734253726077,0.40851462719848114,0.11733932975220446,0.32226210891255674,0.35702819038240347,0.41277498829565284,0.0,0.19857173609144008,0.0,0.2676831452065358,0.014971903134882026,0.2808336772157014
2023-01-27 19:00:00,0.0,0.0,0.0,0.0,0.0,0.0,0.0,0.0,0.0,0.0,0.0,0.0,0.0,0.0,0.0,0.0,0.0,0.0,0.0,0.0,0.0,0.0,0.0,0.0,0.0,0.0,0.0,0.0
2023-01-27 20:00:00,0.0,0.0,0.0,0.0,0.0,0.0,0.0,0.0,0.0,0.0,0.0,0.0,0.0,0.0,0.0,0.0,0.0,0.0,0.0,0.0,0.0,0.0,0.0,0.0,0.0,0.0,0.0,0.0
2023-01-27 21:00:00,0.0,0.0,0.0,0.0,0.0,0.0,0.0,0.0,0.0,0.0,0.0,0.0,0.0,0.0,0.0,0.0,0.0,0.0,0.0,0.0,0.0,0.0,0.0,0.0,0.0,0.0,0.0,0.0
2023-01-27 22:00:00,0.0,0.0,0.0,0.0,0.0,0.0,0.0,0.0,0.0,0.0,0.0,0.0,0.0,0.0,0.0,0.0,0.0,0.0,0.0,0.0,0.0,0.0,0.0,0.0,0.0,0.0,0.0,0.0
2023-01-27 23:00:00,0.0,0.0,0.0,0.0,0.0,0.0,0.0,0.0,0.0,0.0,0.0,0.0,0.0,0.0,0.0,0.0,0.0,0.0,0.0,0.0,0.0,0.0,0.0,0.0,0.0,0.0,0.0,0.0
2023-01-28 00:00:00,0.0,0.0,0.0,0.0,0.0,0.0,0.0,0.0,0.0,0.0,0.0,0.0,0.0,0.0,0.0,0.0,0.0,0.0,0.0,0.0,0.0,0.0,0.0,0.0,0.0,0.0,0.0,0.0
2023-01-28 01:00:00,0.0,0.0,0.0,0.0,0.0,0.0,0.0,0.0,0.0,0.0,0.0,0.0,0.0,0.0,0.0,0.0,0.0,0.0,0.0,0.0,0.0,0.0,0.0,0.0,0.0,0.0,0.0,0.0
2023-01-28 02:00:00,0.0,0.0,0.0,0.0,0.0,0.0,0.0,0.0,0.0,0.0,0.0,0.0,0.0,0.0,0.0,0.0,0.0,0.0,0.0,0.0,0.0,0.0,0.0,0.0,0.0,0.0,0.0,0.0
2023-01-28 03:00:00,0.0,0.0,0.0,0.0,0.0,0.0,0.0,0.0,0.0,0.0,0.0,0.0,0.0,0.0,0.0,0.0,0.0,0.0,0.0,0.0,0.0,0.0,0.0,0.0,0.0,0.0,0.0,0.0
2023-01-28 04:00:00,0.0,0.0,0.0,0.0,0.0,0.0,0.0,0.0,0.0,0.0,0.0,0.0,0.0,0.0,0.0,0.0,0.0,0.0,0.0,0.0,0.0,0.0,0.0,0.0,0.0,0.0,0.0,0.0
2023-01-28 05:00:00,0.0,0.0,0.0,0.0,0.0,0.0,0.0,0.0,0.0,0.0,0.0,0.0,0.0,0.0,0.0,0.0,0.0,0.0,0.0,0.0,0.0,0.0,0.0,0.0,0.0,0.0,0.0,0.0
2023-01-28 06:00:00,0.0,0.0,0.0,0.0,0.0,0.0,0.0,0.0,0.0,0.0,0.0,0.0,0.0,0.0,0.0,0.0,0.0,0.0,0.0,0.0,0.0,0.0,0.0,0.0,0.0,0.0,0.0,0.0
2023-01-28 07:00:00,0.0,0.0,0.0,0.0,0.0,0.0,0.0,0.0,0.0,0.0,0.0,0.0,0.0,0.0,0.0,0.0,0.0,0.0,0.0,0.0,0.0,0.0,0.0,0.0,0.0,0.0,0.0,0.0
2023-01-28 08:00:00,0.0,0.0,0.0,0.0,0.0,0.0,0.0,0.0,0.0,0.0,0.0,0.0,0.0,0.0,0.0,0.0,0.0,0.0,0.0,0.0,0.0,0.0,0.0,0.0,0.0,0.0,0.0,0.0
2023-01-28 09:00:00,0.0,0.0,0.0,0.0,0.0,0.0,0.0,0.0,0.0,0.0,0.0,0.0,0.0,0.0,0.0,0.0,0.0,0.0,0.0,0.0,0.0,0.0,0.008021630407833515,0.0,0.0,0.0,0.0,0.0
2023-01-28 10:00:00,0.28453152108226887,0.31952430518447555,0.27190471974999325,0.34889947461759935,0.0,0.0,0.12862160737353617,0.05134792541945784,0.25225212079091425,0.11431808359911111,0.11209304576739354,0.4088816101325981,0.266341755131236,0.03133648897449476,0.13047030633428283,0.24287088942438192,0.0,0.26377406471620746,0.0,0.024551638418209253,0.03279234627593546,0.2815783675463364,0.37921756992547123,0.40932238491433487,0.5737513228234173,0.0,0.4291739052617122,0.31190094276792074
2023-01-28 11:00:00,0.45005415547504535,0.48421499852254923,0.28194352049483656,0.5724447332680632,0.20340119198465767,0.3887888139277084,0.1298364307426963,0.06218144449735947,0.44393984974303724,0.04343129614398486,0.05558442375362299,0.6170261948757954,0.4238838485397687,0.0772790518790799,0.49428412962927887,0.5262027876958205,0.43978566669163655,0.32840604380486677,0.43497523001560007,0.07076870199293361,0.07678349579865407,0.34459659919142044,0.6250703908403599,0.5838995124643974,0.7628869966592905,0.44427297877623606,0.6445234146988131,0.44522470266992453
2023-01-28 12:00:00,0.6082344392081952,0.6686492662031064,0.3141755769792282,0.6899294432388962,0.4196564260107424,0.5478662593686405,0.2767766872309932,0.2712845754910935,0.5939137283856829,0.2500634678875635,0.22939970111890703,0.704984390662601,0.5695291801067351,0.31538650228913934,0.6283292559028676,0.6501711378804447,0.5966573738864739,0.6274632763596191,0.5990339686081675,0.42878281442589955,0.31910242873510697,0.5376777290432331,0.7442093952448918,0.7593288174313552,0.8867347036227163,0.6026344538071168,0.7799181370505549,0.6818325240108322
2023-01-28 13:00:00,0.7098073533224574,0.7754989885526292,0.29325988849141954,0.7659494957285138,0.5333400902863167,0.6785320655076211,0.3803262481386147,0.4372647636084579,0.725662019577421,0.4767370705714177,0.4304046234958779,0.8516301089793734,0.73438348622124,0.4497723761731074,0.7509020091179275,0.746637829757277,0.6847417055927834,0.7928054505528398,0.6842696604006572,0.5914349572394272,0.4536857287130485,0.7218023579794958,0.7199671207125452,0.8003222018591006,0.921276359882219,0.7206266246806272,0.842347527432023,0.7231919142523928
2023-01-28 14:00:00,0.787679890871835,0.8199713129609063,0.4880449436720818,0.7621376633981464,0.6066977788969353,0.7338581935586908,0.5363681567724848,0.5703178439028125,0.7607778004240907,0.6563182362363076,0.6181427575903707,0.8779553604740525,0.773570304947397,0.5453199529649582,0.780921568259586,0.7728495480592398,0.7228790972886783,0.8446435733969451,0.7156538487304946,0.5786242299945901,0.5434169286014768,0.8278928905946722,0.7571562530742654,0.7959447473534159,0.9208800134924999,0.7852897507616026,0.8715139504687707,0.7244107868594823
2023-01-28 15:00:00,0.7999877188834879,0.8100293180531828,0.5442139129262422,0.8077405468620281,0.6254906166097179,0.7547465676701842,0.4555312069847141,0.5280055948790151,0.7573344063715337,0.6580454081280062,0.5695987908182026,0.8473693045506006,0.7765380292889245,0.5615484518362056,0.7609347143937087,0.7557638913266658,0.7276031523068837,0.8489821293880565,0.7233498684657459,0.647014008694958,0.5766758932724088,0.8331255223676018,0.7403402393593943,0.7853613755375841,0.903357881870275,0.8016391103120835,0.8719119307734623,0.7330095876302848
2023-01-28 16:00:00,0.7647981574827399,0.7698742168263683,0.6034853094294266,0.7619796169121876,0.5905308760042706,0.7229496656180467,0.5203577970846558,0.5713633309688092,0.734784222559813,0.6221169219598124,0.5852083561893832,0.8025953929823824,0.7549989917555123,0.6048388085640918,0.7411594237146006,0.7337745110403948,0.6968056578033016,0.8026004875451717,0.6920142745314724,0.6525232528543881,0.6149099411662436,0.7740360046223701,0.6720866098655542,0.7412394553370026,0.8287685837308217,0.7584956859336844,0.8029185083049933,0.6823511229177281
2023-01-28 17:00:00,0.6659603076555077,0.6646250043241665,0.5434047254267512,0.6648968303587929,0.48669312086544225,0.6358724161160464,0.49790066766813784,0.5393318209338285,0.6534673244554704,0.5775979095909753,0.5411029764076172,0.6963079912189147,0.6657348450223769,0.5687894292183585,0.6606638082557924,0.6508984174139141,0.6147794980360884,0.6836877123996645,0.6099929049539018,0.5945659662559102,0.5745876070481877,0.6710681841490039,0.5139840994832771,0.6173335204831029,0.6619815563494081,0.655868031627527,0.6446646157328355,0.5467183908517946
2023-01-28 18:00:00,0.48826875397835884,0.4304556006780228,0.412626389813471,0.4643942944104159,0.26872961101056697,0.45245133611086996,0.4018400720498206,0.41084834115675406,0.47629224914154034,0.41618426086508353,0.4103939080650544,0.5159121334539414,0.48393033534667645,0.4221072367102978,0.48598595438474085,0.47478687210309534,0.44699033500884644,0.4969020425824621,0.44195093511591743,0.42553198293399647,0.42351360099862817,0.49041608100120726,0.0,0.22470270781202306,0.0,0.4698859835315149,0.0385834821782613,0.2559738165778804
2023-01-28 19:00:00,0.0,0.0,0.0,0.0,0.0,0.0,0.0,0.0,0.0,0.0,0.0,0.0,0.0,0.0,0.0,0.0,0.0,0.0,0.0,0.0,0.0,0.0,0.0,0.0,0.0,0.0,0.0,0.0
2023-01-28 20:00:00,0.0,0.0,0.0,0.0,0.0,0.0,0.0,0.0,0.0,0.0,0.0,0.0,0.0,0.0,0.0,0.0,0.0,0.0,0.0,0.0,0.0,0.0,0.0,0.0,0.0,0.0,0.0,0.0
2023-01-28 21:00:00,0.0,0.0,0.0,0.0,0.0,0.0,0.0,0.0,0.0,0.0,0.0,0.0,0.0,0.0,0.0,0.0,0.0,0.0,0.0,0.0,0.0,0.0,0.0,0.0,0.0,0.0,0.0,0.0
2023-01-28 22:00:00,0.0,0.0,0.0,0.0,0.0,0.0,0.0,0.0,0.0,0.0,0.0,0.0,0.0,0.0,0.0,0.0,0.0,0.0,0.0,0.0,0.0,0.0,0.0,0.0,0.0,0.0,0.0,0.0
2023-01-28 23:00:00,0.0,0.0,0.0,0.0,0.0,0.0,0.0,0.0,0.0,0.0,0.0,0.0,0.0,0.0,0.0,0.0,0.0,0.0,0.0,0.0,0.0,0.0,0.0,0.0,0.0,0.0,0.0,0.0
2023-01-29 00:00:00,0.0,0.0,0.0,0.0,0.0,0.0,0.0,0.0,0.0,0.0,0.0,0.0,0.0,0.0,0.0,0.0,0.0,0.0,0.0,0.0,0.0,0.0,0.0,0.0,0.0,0.0,0.0,0.0
2023-01-29 01:00:00,0.0,0.0,0.0,0.0,0.0,0.0,0.0,0.0,0.0,0.0,0.0,0.0,0.0,0.0,0.0,0.0,0.0,0.0,0.0,0.0,0.0,0.0,0.0,0.0,0.0,0.0,0.0,0.0
2023-01-29 02:00:00,0.0,0.0,0.0,0.0,0.0,0.0,0.0,0.0,0.0,0.0,0.0,0.0,0.0,0.0,0.0,0.0,0.0,0.0,0.0,0.0,0.0,0.0,0.0,0.0,0.0,0.0,0.0,0.0
2023-01-29 03:00:00,0.0,0.0,0.0,0.0,0.0,0.0,0.0,0.0,0.0,0.0,0.0,0.0,0.0,0.0,0.0,0.0,0.0,0.0,0.0,0.0,0.0,0.0,0.0,0.0,0.0,0.0,0.0,0.0
2023-01-29 04:00:00,0.0,0.0,0.0,0.0,0.0,0.0,0.0,0.0,0.0,0.0,0.0,0.0,0.0,0.0,0.0,0.0,0.0,0.0,0.0,0.0,0.0,0.0,0.0,0.0,0.0,0.0,0.0,0.0
2023-01-29 05:00:00,0.0,0.0,0.0,0.0,0.0,0.0,0.0,0.0,0.0,0.0,0.0,0.0,0.0,0.0,0.0,0.0,0.0,0.0,0.0,0.0,0.0,0.0,0.0,0.0,0.0,0.0,0.0,0.0
2023-01-29 06:00:00,0.0,0.0,0.0,0.0,0.0,0.0,0.0,0.0,0.0,0.0,0.0,0.0,0.0,0.0,0.0,0.0,0.0,0.0,0.0,0.0,0.0,0.0,0.0,0.0,0.0,0.0,0.0,0.0
2023-01-29 07:00:00,0.0,0.0,0.0,0.0,0.0,0.0,0.0,0.0,0.0,0.0,0.0,0.0,0.0,0.0,0.0,0.0,0.0,0.0,0.0,0.0,0.0,0.0,0.0,0.0,0.0,0.0,0.0,0.0
2023-01-29 08:00:00,0.0,0.0,0.0,0.0,0.0,0.0,0.0,0.0,0.0,0.0,0.0,0.0,0.0,0.0,0.0,0.0,0.0,0.0,0.0,0.0,0.0,0.0,0.0,0.0,0.0,0.0,0.0,0.0
2023-01-29 09:00:00,0.0,0.0,0.0,0.0,0.0,0.0,0.0,0.0,0.0,0.0,0.0,0.0,0.0,0.0,0.0,0.0,0.0,0.0,0.0,0.0,0.0,0.0,0.13419375891859311,0.0,0.0,0.0,0.0,0.0
2023-01-29 10:00:00,0.445332427334019,0.500185020625448,0.45311912599926824,0.5688117310345718,0.0,0.0,0.4738845654837125,0.47772761359415666,0.4369146664276974,0.465754926683291,0.4729657990028056,0.5690981197683022,0.4324789183497108,0.48279532359021193,0.20532211190232466,0.3654518074567385,0.0,0.4973970772542174,0.0,0.4812263217241421,0.4828206199971431,0.5118469573789075,0.689071657010127,0.5673051785472562,0.6640650540860055,0.0,0.4604522043660918,0.564588110518345
2023-01-29 11:00:00,0.6331049512500857,0.6760505409407965,0.636708794738362,0.7638240336004294,0.21385108286596088,0.40694686850210454,0.660999585610662,0.6629604577376226,0.5974854915945734,0.6481522635064427,0.6567304028810899,0.7802528215040814,0.6124906422665691,0.6689660876422572,0.5255299767460105,0.6020161402698351,0.4435655729639145,0.7015083353702786,0.43170770789991375,0.6663622954099062,0.6689534585477784,0.7155758429576903,0.8712360860719631,0.7587400972577204,0.8388358356548177,0.41307224738097026,0.6447905905064435,0.7519763019238845
2023-01-29 12:00:00,0.758802472040067,0.7925172118766314,0.7330703028467584,0.8418523151289654,0.4397893067067564,0.5467871048843322,0.7524995489925869,0.7543573027848341,0.7235986031403991,0.7424655421885022,0.7503722625119044,0.8485837756598555,0.7288954535706164,0.7578188892985516,0.722357489937795,0.7187582558814105,0.6127955034532,0.8064753334303255,0.6038253620209308,0.7527403229786225,0.7575403923452152,0.8058800425256104,0.9338677838314212,0.8217149565834849,0.8901028080596162,0.6233206846618785,0.690640275016675,0.8386650871745531
2023-01-29 13:00:00,0.8326431453319783,0.8524030962832192,0.7744622550566312,0.8817772749630648,0.5565538486529398,0.6741550948759918,0.7909252071580996,0.791984638502639,0.7917711279065717,0.780804307789932,0.788888206300324,0.9044076496898122,0.8042916613491589,0.7949391491677269,0.7909276025810839,0.777509624747337,0.6918608955019107,0.8528326441043883,0.6809672619034907,0.7870653028054877,0.7945689018183666,0.8561379982787921,0.9480323157881221,0.8758270062413948,0.8991655964580004,0.7392543191400093,0.7927648629680073,0.8852665330409306
2023-01-29 14:00:00,0.8418650126663264,0.8571839167603804,0.7834434892968091,0.8846757878182143,0.5931564474887742,0.7429532052793631,0.7968740024936571,0.7992805724126532,0.8053052143938211,0.7905649691874184,0.7962332731982723,0.9116096661752464,0.817306599143358,0.8020334565345828,0.7986650962338492,0.7884105429910188,0.72142334951544,0.856606970479597,0.7096843627691689,0.797830511788489,0.8018721212337847,0.8628984357432575,0.9164818514030086,0.8824254873904257,0.7655419231186084,0.7798252138433673,0.7604753806190009,0.880016525977563
2023-01-29 15:00:00,0.8241990901829753,0.8407499055830251,0.7673681241672538,0.8634510566980288,0.5856346868198616,0.7519647907694174,0.7840635265783767,0.7845301677979252,0.7918704187812637,0.7744462450939709,0.7801512989226779,0.8863021385042426,0.8029122656376099,0.7889010010940493,0.7878465576589736,0.7775214836461295,0.7175600784084762,0.8373436609835183,0.7096866910533595,0.7815934799151414,0.7889423922164946,0.8432739970066995,0.8463958085030477,0.855593155152874,0.8229137993204982,0.7743581982212995,0.7955533861987688,0.8534957758917744
2023-01-29 16:00:00,0.7769897626884628,0.7899840442205579,0.7226086460855723,0.8076733593640305,0.5200652505142376,0.7071155072682651,0.7380048329367815,0.7375992933683375,0.748373347725072,0.7271025665561085,0.7330600224446262,0.8303033623416459,0.7573168400460495,0.7422528825036891,0.7464982465724166,0.7354366195086212,0.6831235559320825,0.7862773441838562,0.67352620613485,0.7332349119421439,0.7423248109920978,0.7919493786571293,0.7616192758567409,0.7931708477922083,0.708819328708146,0.7236554319422106,0.738801139846055,0.7949732471415973
2023-01-29 17:00:00,0.6730412620501732,0.6654927978079604,0.6281957744008381,0.6876228311996866,0.39448107853021336,0.5986364692009455,0.6391310894043769,0.6355656375405657,0.6499348799369209,0.6262742140070787,0.6331619080606248,0.7105318947808977,0.6565446925512096,0.6380461344157012,0.641979276711018,0.6369815858439725,0.5966771048889068,0.6763533017791309,0.5878099939818617,0.6280637857396605,0.6377258840811062,0.6807225398455756,0.5613000121210284,0.6548369295151752,0.5588881568724307,0.6075882356930782,0.592656309422944,0.6571342075365412
2023-01-29 18:00:00,0.47734878791230173,0.41521597514434333,0.43869111444047554,0.4828651737805208,0.15591498552771296,0.39957251581933084,0.45090223531153395,0.44823708646660393,0.4609988096342967,0.43959580320985225,0.4459680035738781,0.5001411751451923,0.46463192735930264,0.450179076568801,0.45210460962648985,0.45110364452180657,0.4265082142237679,0.47739833155330264,0.41626300395948396,0.44100781015828766,0.44996461027715107,0.47799209536362436,0.0,0.25940520242243936,0.0,0.3904358415354166,0.05335646288504993,0.3824551632157133
2023-01-29 19:00:00,0.0,0.0,0.0,0.0,0.0,0.0,0.0,0.0,0.0,0.0,0.0,0.0,0.0,0.0,0.0,0.0,0.0,0.0,0.0,0.0,0.0,0.0,0.0,0.0,0.0,0.0,0.0,0.0
2023-01-29 20:00:00,0.0,0.0,0.0,0.0,0.0,0.0,0.0,0.0,0.0,0.0,0.0,0.0,0.0,0.0,0.0,0.0,0.0,0.0,0.0,0.0,0.0,0.0,0.0,0.0,0.0,0.0,0.0,0.0
2023-01-29 21:00:00,0.0,0.0,0.0,0.0,0.0,0.0,0.0,0.0,0.0,0.0,0.0,0.0,0.0,0.0,0.0,0.0,0.0,0.0,0.0,0.0,0.0,0.0,0.0,0.0,0.0,0.0,0.0,0.0
2023-01-29 22:00:00,0.0,0.0,0.0,0.0,0.0,0.0,0.0,0.0,0.0,0.0,0.0,0.0,0.0,0.0,0.0,0.0,0.0,0.0,0.0,0.0,0.0,0.0,0.0,0.0,0.0,0.0,0.0,0.0
2023-01-29 23:00:00,0.0,0.0,0.0,0.0,0.0,0.0,0.0,0.0,0.0,0.0,0.0,0.0,0.0,0.0,0.0,0.0,0.0,0.0,0.0,0.0,0.0,0.0,0.0,0.0,0.0,0.0,0.0,0.0
2023-01-30 00:00:00,0.0,0.0,0.0,0.0,0.0,0.0,0.0,0.0,0.0,0.0,0.0,0.0,0.0,0.0,0.0,0.0,0.0,0.0,0.0,0.0,0.0,0.0,0.0,0.0,0.0,0.0,0.0,0.0
2023-01-30 01:00:00,0.0,0.0,0.0,0.0,0.0,0.0,0.0,0.0,0.0,0.0,0.0,0.0,0.0,0.0,0.0,0.0,0.0,0.0,0.0,0.0,0.0,0.0,0.0,0.0,0.0,0.0,0.0,0.0
2023-01-30 02:00:00,0.0,0.0,0.0,0.0,0.0,0.0,0.0,0.0,0.0,0.0,0.0,0.0,0.0,0.0,0.0,0.0,0.0,0.0,0.0,0.0,0.0,0.0,0.0,0.0,0.0,0.0,0.0,0.0
2023-01-30 03:00:00,0.0,0.0,0.0,0.0,0.0,0.0,0.0,0.0,0.0,0.0,0.0,0.0,0.0,0.0,0.0,0.0,0.0,0.0,0.0,0.0,0.0,0.0,0.0,0.0,0.0,0.0,0.0,0.0
2023-01-30 04:00:00,0.0,0.0,0.0,0.0,0.0,0.0,0.0,0.0,0.0,0.0,0.0,0.0,0.0,0.0,0.0,0.0,0.0,0.0,0.0,0.0,0.0,0.0,0.0,0.0,0.0,0.0,0.0,0.0
2023-01-30 05:00:00,0.0,0.0,0.0,0.0,0.0,0.0,0.0,0.0,0.0,0.0,0.0,0.0,0.0,0.0,0.0,0.0,0.0,0.0,0.0,0.0,0.0,0.0,0.0,0.0,0.0,0.0,0.0,0.0
2023-01-30 06:00:00,0.0,0.0,0.0,0.0,0.0,0.0,0.0,0.0,0.0,0.0,0.0,0.0,0.0,0.0,0.0,0.0,0.0,0.0,0.0,0.0,0.0,0.0,0.0,0.0,0.0,0.0,0.0,0.0
2023-01-30 07:00:00,0.0,0.0,0.0,0.0,0.0,0.0,0.0,0.0,0.0,0.0,0.0,0.0,0.0,0.0,0.0,0.0,0.0,0.0,0.0,0.0,0.0,0.0,0.0,0.0,0.0,0.0,0.0,0.0
2023-01-30 08:00:00,0.0,0.0,0.0,0.0,0.0,0.0,0.0,0.0,0.0,0.0,0.0,0.0,0.0,0.0,0.0,0.0,0.0,0.0,0.0,0.0,0.0,0.0,0.0,0.0,0.0,0.0,0.0,0.0
2023-01-30 09:00:00,0.0,0.0,0.0,0.0,0.0,0.0,0.0,0.0,0.0,0.0,0.0,0.0,0.0,0.0,0.0,0.0,0.0,0.0,0.0,0.0,0.0,0.0,0.09293334736491887,0.0,0.0,0.0,0.0,0.0
2023-01-30 10:00:00,0.13086173527478112,0.039759137050495504,0.28575962781079356,0.43186537171671713,0.0,3.440752879996783e-05,0.3697877708568668,0.32279267721252297,0.01585952744881735,0.3100839678348113,0.32911413919550264,0.29154048902718294,0.01755185343709045,0.28972710834520277,0.002447407609282175,0.007032180887901529,0.0,0.18074446704069666,0.0,0.2597180803965307,0.2842560821561394,0.23118667506584997,0.5832045037795475,0.2578137940421099,0.39348080105134003,1.6250911980215093e-05,0.08863517518216583,0.30422726083457347
2023-01-30 11:00:00,0.2004840040762649,0.09916519477351649,0.27475202788583564,0.6405115601983554,0.006679605494123256,0.022732362737683455,0.5293662073286366,0.5658363289801471,0.0685472332880264,0.42829225820851424,0.46807222121789094,0.46621986547451566,0.07038169669771524,0.5815328701987189,0.03241573724158013,0.0329964170495101,0.02504558273098705,0.2899846957245202,0.014720785508133036,0.5538790492130838,0.5769027904339017,0.3327763073724437,0.7654242684632148,0.32903630718591326,0.4355075294330183,0.024376329094733865,0.10175623435746022,0.366572628178617
2023-01-30 12:00:00,0.21786799898471285,0.12494686166598662,0.310259608948245,0.6129897805581199,0.03282088037419629,0.06565541065913845,0.54530367089977,0.4599279303143688,0.1110952128627651,0.3532886061835415,0.4091386096350015,0.3996990730995489,0.11446521674581395,0.47451961695497413,0.08499390044086216,0.06968094306841201,0.040062350226535814,0.2884587092191114,0.03047808204745067,0.3806211015062795,0.47257929330621273,0.30662487057681603,0.8667202815875236,0.3744174986950245,0.6891877112552796,0.0995128653934405,0.2700780962400776,0.3486271211397723
2023-01-30 13:00:00,0.1992517512093362,0.15383850824087264,0.23779118925965934,0.6166115698225224,0.06269107727489051,0.0900164806341132,0.4896248609415937,0.4417842225325317,0.12820377673963892,0.3147391170293167,0.37850483247689404,0.4052249396050825,0.13335658399868072,0.4663235796786335,0.1257891355382989,0.10396072312973653,0.052253456796862933,0.23446409339826513,0.04745999722663489,0.36458405681053996,0.4615460552382137,0.2710783998304899,0.9150736327579517,0.3078101882454427,0.6397428644675837,0.1408553286271664,0.20865743037176074,0.3240528071313616
2023-01-30 14:00:00,0.1636864932125919,0.1649246356163025,0.17000788601668168,0.43990550121275923,0.09133222828525585,0.11210117708856925,0.4164280821446345,0.4146863038182313,0.1352331209740157,0.2631413895235178,0.31989944125916603,0.2590678860900266,0.15425015839863898,0.4587315083877324,0.14942639601086963,0.12153199998680717,0.051990322284165204,0.1566727940187553,0.04808806864262608,0.3285366986769437,0.45538817115449026,0.20271383861111203,0.9249928351681479,0.27259095999453714,0.5953390125633979,0.15796587150930674,0.20137771836015503,0.2712031387187543
2023-01-30 15:00:00,0.2022758043858158,0.18740787682742696,0.10789243391237718,0.2666497807465094,0.10506406703106978,0.1100580229992818,0.1955003229094516,0.2282985299381325,0.18613637212264908,0.14716986734241233,0.16233435062784002,0.26653780200702054,0.20702513942183973,0.28389197612261047,0.16956233801243134,0.15190381026610633,0.056310251079745105,0.20160417655807694,0.040343546439563636,0.18163269548244534,0.2860704947525723,0.21424607918999836,0.8859718064615136,0.16658806323610395,0.441318006565834,0.13531537934486776,0.14127928979971832,0.1738030678785956
2023-01-30 16:00:00,0.1639712382770187,0.1326322756770905,0.09292803618329915,0.20118409953476002,0.08228054915943636,0.07037200752028476,0.07732301096067586,0.08530904382933117,0.12420358060627755,0.07905717967925655,0.07881892680838547,0.2757603075215791,0.14220996326138877,0.08676634114227338,0.1088788183138388,0.10950166630995421,0.040069767491910845,0.15958587387261566,0.02274650369591471,0.08372285928709237,0.08577353462510717,0.17276249716127,0.7550625700512829,0.12613616420233623,0.2996647968252211,0.09032227216381722,0.07752591489648175,0.1311235765772109
2023-01-30 17:00:00,0.09801477226724412,0.06316703485941896,0.04792172359240224,0.2398812897447211,0.06134857985516837,0.04342490698502439,0.06062305862495581,0.08031923081347096,0.08521831880082012,0.06281757574856656,0.06112418495040969,0.24331571025503146,0.10385611556975483,0.0940780599119052,0.06123022548231064,0.06513455720881059,0.04278411791525656,0.11801556527297068,0.015707985122774742,0.09620571852162615,0.09516540887300912,0.11320852526885461,0.4749082728863286,0.09450375284321193,0.10209484596136331,0.06240237022561821,0.031061589830229292,0.09823276136178781
2023-01-30 18:00:00,0.04331303515755576,0.01594935381565625,0.015987843062408847,0.17366355792842988,0.01324164083579278,0.008193907755039441,0.016005223318749776,0.03322224534479471,0.048430977478516185,0.0246777764264967,0.015042344301233095,0.12799018440643592,0.05177682055116069,0.04849515815250704,0.03426441019356562,0.028796601065749175,0.009599702456065545,0.07727500282481156,0.005191356881645769,0.10115146053667151,0.05084165658654083,0.059556959744498685,0.0,0.049662285534469934,0.0,0.018850050130963532,7.740975565091162e-06,0.05332678154570775
2023-01-30 19:00:00,0.0,0.0,0.0,0.0,0.0,0.0,0.0,0.0,0.0,0.0,0.0,0.0,0.0,0.0,0.0,0.0,0.0,0.0,0.0,0.0,0.0,0.0,0.0,0.0,0.0,0.0,0.0,0.0
2023-01-30 20:00:00,0.0,0.0,0.0,0.0,0.0,0.0,0.0,0.0,0.0,0.0,0.0,0.0,0.0,0.0,0.0,0.0,0.0,0.0,0.0,0.0,0.0,0.0,0.0,0.0,0.0,0.0,0.0,0.0
2023-01-30 21:00:00,0.0,0.0,0.0,0.0,0.0,0.0,0.0,0.0,0.0,0.0,0.0,0.0,0.0,0.0,0.0,0.0,0.0,0.0,0.0,0.0,0.0,0.0,0.0,0.0,0.0,0.0,0.0,0.0
2023-01-30 22:00:00,0.0,0.0,0.0,0.0,0.0,0.0,0.0,0.0,0.0,0.0,0.0,0.0,0.0,0.0,0.0,0.0,0.0,0.0,0.0,0.0,0.0,0.0,0.0,0.0,0.0,0.0,0.0,0.0
2023-01-30 23:00:00,0.0,0.0,0.0,0.0,0.0,0.0,0.0,0.0,0.0,0.0,0.0,0.0,0.0,0.0,0.0,0.0,0.0,0.0,0.0,0.0,0.0,0.0,0.0,0.0,0.0,0.0,0.0,0.0
2023-01-31 00:00:00,0.0,0.0,0.0,0.0,0.0,0.0,0.0,0.0,0.0,0.0,0.0,0.0,0.0,0.0,0.0,0.0,0.0,0.0,0.0,0.0,0.0,0.0,0.0,0.0,0.0,0.0,0.0,0.0
2023-01-31 01:00:00,0.0,0.0,0.0,0.0,0.0,0.0,0.0,0.0,0.0,0.0,0.0,0.0,0.0,0.0,0.0,0.0,0.0,0.0,0.0,0.0,0.0,0.0,0.0,0.0,0.0,0.0,0.0,0.0
2023-01-31 02:00:00,0.0,0.0,0.0,0.0,0.0,0.0,0.0,0.0,0.0,0.0,0.0,0.0,0.0,0.0,0.0,0.0,0.0,0.0,0.0,0.0,0.0,0.0,0.0,0.0,0.0,0.0,0.0,0.0
2023-01-31 03:00:00,0.0,0.0,0.0,0.0,0.0,0.0,0.0,0.0,0.0,0.0,0.0,0.0,0.0,0.0,0.0,0.0,0.0,0.0,0.0,0.0,0.0,0.0,0.0,0.0,0.0,0.0,0.0,0.0
2023-01-31 04:00:00,0.0,0.0,0.0,0.0,0.0,0.0,0.0,0.0,0.0,0.0,0.0,0.0,0.0,0.0,0.0,0.0,0.0,0.0,0.0,0.0,0.0,0.0,0.0,0.0,0.0,0.0,0.0,0.0
2023-01-31 05:00:00,0.0,0.0,0.0,0.0,0.0,0.0,0.0,0.0,0.0,0.0,0.0,0.0,0.0,0.0,0.0,0.0,0.0,0.0,0.0,0.0,0.0,0.0,0.0,0.0,0.0,0.0,0.0,0.0
2023-01-31 06:00:00,0.0,0.0,0.0,0.0,0.0,0.0,0.0,0.0,0.0,0.0,0.0,0.0,0.0,0.0,0.0,0.0,0.0,0.0,0.0,0.0,0.0,0.0,0.0,0.0,0.0,0.0,0.0,0.0
2023-01-31 07:00:00,0.0,0.0,0.0,0.0,0.0,0.0,0.0,0.0,0.0,0.0,0.0,0.0,0.0,0.0,0.0,0.0,0.0,0.0,0.0,0.0,0.0,0.0,0.0,0.0,0.0,0.0,0.0,0.0
2023-01-31 08:00:00,0.0,0.0,0.0,0.0,0.0,0.0,0.0,0.0,0.0,0.0,0.0,0.0,0.0,0.0,0.0,0.0,0.0,0.0,0.0,0.0,0.0,0.0,0.0,0.0,0.0,0.0,0.0,0.0
2023-01-31 09:00:00,0.0,0.0,0.0,0.0,0.0,0.0,0.0,0.0,0.0,0.0,0.0,0.0,0.0,0.0,0.0,0.0,0.0,0.0,0.0,0.0,0.0,0.0,0.05910586662624461,0.0,0.0,0.0,0.0,0.0
2023-01-31 10:00:00,0.024369942604626924,0.012807923085586441,0.07390535000248227,0.02044465391878836,0.0,4.465903560659617e-05,0.059932001804806366,0.04265684428949212,0.038261628402599585,0.044810640792203066,0.05017615237821902,0.028892968897890614,0.05315579089676761,0.04404917208580198,0.016470893783549528,0.023601593975994515,0.0,0.037176579832658395,0.0,0.034751191212441496,0.04695912197992025,0.03645141025145381,0.16025245524921586,0.013969537297990614,0.06115283473062358,0.0004050969626187513,0.008154070561486596,0.015303460879417165
2023-01-31 11:00:00,0.09930443550908952,0.07139129479543348,0.09772764735518916,0.05833865108393595,0.014300342307821304,0.012241983069294462,0.12279375908525471,0.12878583337880548,0.12698964580223998,0.14936541203156764,0.11513983870294003,0.09702729052217586,0.1431289971642594,0.14152677491457966,0.08527395367061845,0.07829750676299325,0.004230218105011124,0.1595173493439419,0.00414411798946158,0.11607444990948038,0.1476205723764121,0.1378621166468473,0.22961425555680426,0.055337182598481444,0.09953224619558258,0.01382472051857226,0.04423520698463324,0.06208428360380786
2023-01-31 12:00:00,0.1941047789711991,0.15994299914947688,0.054282168987982694,0.17500892692709977,0.13730063436084952,0.04431518542254933,0.08617592177777698,0.09250027400934861,0.11868710538845617,0.09619105348291901,0.05230282708963352,0.26389160406099915,0.1226903269366525,0.14858932485113507,0.12972481814727455,0.08183732685729343,0.022396403380093587,0.3090821285787799,0.013662105809460768,0.18583086529345239,0.15826017254321362,0.23167130660518154,0.3194609217778023,0.15423360038830033,0.22231781120733957,0.05591734437618924,0.0970052788735493,0.15636826743272797
2023-01-31 13:00:00,0.24301903046525047,0.23120517900148108,0.0634270797037769,0.26465742602703624,0.200607225974159,0.06772592680709527,0.07237059897543269,0.06585423409352269,0.14652670246317454,0.06847965072067286,0.05494951858537649,0.405721108904762,0.17504992607226355,0.08951652727551937,0.1411233996060118,0.0997929737104467,0.07326364392304437,0.2762722148411638,0.06775558377822266,0.07962682015733716,0.09384055928784213,0.27832105499543763,0.3548156868885275,0.18209558829834074,0.2739028182104297,0.07228089908526804,0.1150148557403218,0.15971148298358537
2023-01-31 14:00:00,0.2680037401419854,0.26009378419264345,0.06448766693697629,0.33059508715999575,0.2387191731583424,0.09178533175121215,0.08774146389273087,0.13095735897240543,0.15346998430982722,0.11533636522926805,0.09072974539662848,0.4376448801530366,0.1702552063677252,0.1665153128792435,0.12226118769404445,0.08227233572203418,0.12362595079412703,0.2915524119917254,0.1196838749793209,0.19988054215724127,0.17253343450356576,0.31146026513133823,0.4283973116468758,0.24466864784720163,0.2620039949843305,0.10083188309504817,0.10861335224253905,0.22521320403825681
2023-01-31 15:00:00,0.25717107702188124,0.26241410744741317,0.037565014443431646,0.2920254057803789,0.23543625687211783,0.0825054740774983,0.05797676529618476,0.11932648959776188,0.09219343611410419,0.1160224790475609,0.07837249213524297,0.4523880353973126,0.10471007009264648,0.16655092581654327,0.08461508999492803,0.051492208660269496,0.09886640311811412,0.25062324592387336,0.14043864678309462,0.18737376080549728,0.1754486595330836,0.3321700804197125,0.3905999775767593,0.21565007945253425,0.22687839147249733,0.0933875469846302,0.10115487344725635,0.230350837985717
2023-01-31 16:00:00,0.19272954823710975,0.25154807140111035,0.030023594468543732,0.20345229732692924,0.242175729945593,0.07219837211527987,0.05633062253734428,0.10571570052545336,0.0644525717267685,0.12187086506414634,0.0798731345158713,0.3378815459884914,0.06707777894376524,0.139280534846364,0.058972187270415456,0.03227842792847173,0.04510559420078216,0.23283798814526424,0.09604522214392676,0.17909330430387715,0.14686208195410924,0.25951656662649275,0.3010535639395435,0.21094297614226593,0.1665414948339889,0.09480688607920491,0.07799024941466723,0.27701800118490005
2023-01-31 17:00:00,0.09222237111652205,0.1884346469120583,0.00899725786954266,0.10356136771207068,0.17596900835433293,0.039648513534289255,0.021230552241366885,0.03151398669510553,0.031107394539587375,0.026826723388933438,0.020185251256741952,0.19128766629475377,0.031115003755688115,0.05066032804260566,0.02749907778486904,0.014414310151194529,0.0406872988717186,0.15340668602171295,0.07751437648237389,0.061791074630835434,0.05382974001428999,0.12606909853868706,0.19233323331481444,0.1584740711110974,0.08485875042992251,0.06138787994491176,0.03812372002846099,0.23200178833202012
2023-01-31 18:00:00,0.015126345065848933,0.05845510008490593,0.0006668970098957379,0.02544909016595365,0.11979302821462022,0.013979911423236237,0.001660270656655195,0.0018660702823942582,0.007382585569977093,0.0014688166067589594,0.0011755838709101465,0.024492351685281997,0.00803419678129087,0.003440247885464789,0.005893884523368875,0.0023873324067484767,0.03402980901390501,0.01871511500750049,0.047637867693910575,0.0049248922398460356,0.003620907376905373,0.014562598776587901,0.0,0.0757049991319819,0.0,0.026851873350538357,0.00011478050450476122,0.16188809094357368
2023-01-31 19:00:00,0.0,0.0,0.0,0.0,0.0,0.0,0.0,0.0,0.0,0.0,0.0,0.0,0.0,0.0,0.0,0.0,0.0,0.0,0.0,0.0,0.0,0.0,0.0,0.0,0.0,0.0,0.0,0.0
2023-01-31 20:00:00,0.0,0.0,0.0,0.0,0.0,0.0,0.0,0.0,0.0,0.0,0.0,0.0,0.0,0.0,0.0,0.0,0.0,0.0,0.0,0.0,0.0,0.0,0.0,0.0,0.0,0.0,0.0,0.0
2023-01-31 21:00:00,0.0,0.0,0.0,0.0,0.0,0.0,0.0,0.0,0.0,0.0,0.0,0.0,0.0,0.0,0.0,0.0,0.0,0.0,0.0,0.0,0.0,0.0,0.0,0.0,0.0,0.0,0.0,0.0
2023-01-31 22:00:00,0.0,0.0,0.0,0.0,0.0,0.0,0.0,0.0,0.0,0.0,0.0,0.0,0.0,0.0,0.0,0.0,0.0,0.0,0.0,0.0,0.0,0.0,0.0,0.0,0.0,0.0,0.0,0.0
2023-01-31 23:00:00,0.0,0.0,0.0,0.0,0.0,0.0,0.0,0.0,0.0,0.0,0.0,0.0,0.0,0.0,0.0,0.0,0.0,0.0,0.0,0.0,0.0,0.0,0.0,0.0,0.0,0.0,0.0,0.0
2023-02-01 00:00:00,0.0,0.0,0.0,0.0,0.0,0.0,0.0,0.0,0.0,0.0,0.0,0.0,0.0,0.0,0.0,0.0,0.0,0.0,0.0,0.0,0.0,0.0,0.0,0.0,0.0,0.0,0.0,0.0
2023-02-01 01:00:00,0.0,0.0,0.0,0.0,0.0,0.0,0.0,0.0,0.0,0.0,0.0,0.0,0.0,0.0,0.0,0.0,0.0,0.0,0.0,0.0,0.0,0.0,0.0,0.0,0.0,0.0,0.0,0.0
2023-02-01 02:00:00,0.0,0.0,0.0,0.0,0.0,0.0,0.0,0.0,0.0,0.0,0.0,0.0,0.0,0.0,0.0,0.0,0.0,0.0,0.0,0.0,0.0,0.0,0.0,0.0,0.0,0.0,0.0,0.0
2023-02-01 03:00:00,0.0,0.0,0.0,0.0,0.0,0.0,0.0,0.0,0.0,0.0,0.0,0.0,0.0,0.0,0.0,0.0,0.0,0.0,0.0,0.0,0.0,0.0,0.0,0.0,0.0,0.0,0.0,0.0
2023-02-01 04:00:00,0.0,0.0,0.0,0.0,0.0,0.0,0.0,0.0,0.0,0.0,0.0,0.0,0.0,0.0,0.0,0.0,0.0,0.0,0.0,0.0,0.0,0.0,0.0,0.0,0.0,0.0,0.0,0.0
2023-02-01 05:00:00,0.0,0.0,0.0,0.0,0.0,0.0,0.0,0.0,0.0,0.0,0.0,0.0,0.0,0.0,0.0,0.0,0.0,0.0,0.0,0.0,0.0,0.0,0.0,0.0,0.0,0.0,0.0,0.0
2023-02-01 06:00:00,0.0,0.0,0.0,0.0,0.0,0.0,0.0,0.0,0.0,0.0,0.0,0.0,0.0,0.0,0.0,0.0,0.0,0.0,0.0,0.0,0.0,0.0,0.0,0.0,0.0,0.0,0.0,0.0
2023-02-01 07:00:00,0.0,0.0,0.0,0.0,0.0,0.0,0.0,0.0,0.0,0.0,0.0,0.0,0.0,0.0,0.0,0.0,0.0,0.0,0.0,0.0,0.0,0.0,0.0,0.0,0.0,0.0,0.0,0.0
2023-02-01 08:00:00,0.0,0.0,0.0,0.0,0.0,0.0,0.0,0.0,0.0,0.0,0.0,0.0,0.0,0.0,0.0,0.0,0.0,0.0,0.0,0.0,0.0,0.0,0.0,0.0,0.0,0.0,0.0,0.0
2023-02-01 09:00:00,0.0,0.0,0.0,0.0,0.0,0.0,0.0,0.0,0.0,0.0,0.0,0.0,0.0,0.0,0.0,0.0,0.0,0.0,0.0,0.0,0.0,0.0,0.14437728585370943,0.0,0.0,0.0,0.0,0.0
2023-02-01 10:00:00,0.007763601359302523,0.00932378222009034,0.04980313265838214,0.06932628824899832,0.0,0.0,0.0019537912096161416,0.0032034427323704043,0.003194054567065062,0.0007003095903794219,0.0012822446069167028,0.02552792877255082,0.0038594068529264323,0.005006172472728693,0.002033304847768611,0.0017792670037067588,0.0,0.004595198798267697,0.0,0.0035716164908597536,0.005120738935393188,0.009495995885888604,0.25336160115056805,0.015599234508081004,0.09759415429917087,0.0,0.017084328894086533,0.013951215996019783
2023-02-01 11:00:00,0.04297194523411223,0.07667676397200368,0.031847834003385894,0.16965473513929247,0.053196019407209146,0.024321987701262045,0.013621913994464599,0.017748232115696722,0.026431100027910912,0.013576744646729899,0.01111975373787422,0.10664363713517533,0.03103701323189195,0.02504220484914386,0.04081314116993305,0.026387106957906692,0.008260519934943127,0.03154621443320526,0.0013988782256499665,0.019719473760520335,0.02587433028151278,0.051270475771364725,0.35445896431841833,0.0574941069233824,0.18691417667129073,0.036380183142334654,0.05512493725591084,0.05277596539845735
2023-02-01 12:00:00,0.0899715057001558,0.16025732888271796,0.023559024301039438,0.17716880312360345,0.17016543035622078,0.05448507218016022,0.03494231632939943,0.04804811660402433,0.05319037385976274,0.022002671318132175,0.02488363361373985,0.16623759499626845,0.06062156787634716,0.07941457545783702,0.09708434924433684,0.049298981402064124,0.024108912932479288,0.07009498211064367,0.013464028806306243,0.03815022427538205,0.08317623093963647,0.09841907776779135,0.387681298396269,0.09615251708084573,0.2646513663739294,0.06129942434074155,0.09273780960934334,0.09385365347177893
2023-02-01 13:00:00,0.11026966681796513,0.22424488511311044,0.08928827858049232,0.24133918075524266,0.26397341364313964,0.0848206789663301,0.11152689266264397,0.13236775205704426,0.0617760310762899,0.09271195857265911,0.09864966648154262,0.25872520217714035,0.0682227971526088,0.14925760982824393,0.09339455150617884,0.0440091852480672,0.030536613634563364,0.08363235866688996,0.01983860076061481,0.11650252270645602,0.14924275384500935,0.13777472041332353,0.38810318958844797,0.1204046564728977,0.28979792912969066,0.10237131544515438,0.13746264811344483,0.12539685279548113
2023-02-01 14:00:00,0.11712629082458888,0.19260324445899946,0.09347305155188056,0.3586062472567858,0.3312040238658067,0.09463241135072198,0.1909314045992372,0.32669855317509033,0.06305077179164247,0.15588014217792762,0.16518291307345218,0.2382896192759364,0.07108671415044414,0.47244058099868497,0.05887713876699905,0.0398296689280505,0.03628048221531196,0.09698778164719961,0.023974255262118552,0.4207893774324526,0.48349956637790054,0.16361796142168897,0.4478827449287744,0.12721517773344995,0.29866469670520285,0.11037364723604831,0.1314673418933636,0.14223571035760824
2023-02-01 15:00:00,0.12138890387021536,0.1784264104596311,0.08018968891233587,0.44283186153111537,0.3635666412794841,0.08023535723480503,0.17937461950871372,0.28153535644462574,0.060543704992111834,0.0862844948121636,0.11220380534635285,0.25845515437486977,0.06925638062398741,0.4625545670145718,0.04706174793177752,0.034137062249150946,0.02869349156799017,0.10984358222373647,0.02952985667100744,0.39630602883311444,0.4778622685062548,0.14142413071446744,0.3850550013278824,0.14884042016047444,0.24095110531681388,0.10720575171613028,0.10070377291693433,0.18877545311088434
2023-02-01 16:00:00,0.08284709016004806,0.12852165115070793,0.02851225705901676,0.31706510401752025,0.3071032066038067,0.05933373309678787,0.12367291453680947,0.24679176190207963,0.03812373466572236,0.08796958015517276,0.09726249405713441,0.16224737551982413,0.045181983464114804,0.406779212054534,0.027239345898832003,0.0230975966060913,0.028063640319291636,0.05674467563665061,0.023506587685069996,0.3309370177349886,0.4213614890358143,0.10368567427313564,0.30962573725151815,0.11491047899389083,0.1495174137108103,0.07180618368874184,0.05996441773522374,0.1499820724779894
2023-02-01 17:00:00,0.06695793528686,0.12168834441062916,0.013994538828099642,0.25173197431058986,0.19193215651087667,0.02882543114786549,0.05656265379614366,0.13281759779605057,0.025517728544294554,0.054293955213559036,0.04039872291729232,0.17657402831763155,0.02895436975599348,0.2542385090173779,0.014978899028932714,0.011812462848076879,0.00932864396323735,0.030610695083333573,0.011823778408326255,0.21582286409753995,0.2696697921704968,0.07926991130134138,0.16543650060780257,0.054392062533146726,0.06299637013636969,0.03225097941581623,0.031044772792275657,0.07618595782420579
2023-02-01 18:00:00,0.031170324540723614,0.04487906538404586,0.011051518376539653,0.1613037004022383,0.06930691958914878,0.0066675671124505195,0.027824753834286124,0.045994881524283764,0.008283918536311575,0.025921754667353622,0.018619441483848382,0.12318163463660253,0.01003506387643522,0.07756278380844207,0.002788337391694936,0.002762328020928664,0.0021100068707621054,0.006701247987439533,0.0042197331880976675,0.09435130198204303,0.08137409410333121,0.03748210050125849,0.0,0.017094551276452503,0.0002313244546450443,0.007564584196416012,0.0006426437076927485,0.012833915659700946
2023-02-01 19:00:00,0.0,0.0,0.0,0.0,0.0,0.0,0.0,0.0,0.0,0.0,0.0,0.0,0.0,0.0,0.0,0.0,0.0,0.0,0.0,0.0,0.0,0.0,0.0,0.0,0.0,0.0,0.0,0.0
2023-02-01 20:00:00,0.0,0.0,0.0,0.0,0.0,0.0,0.0,0.0,0.0,0.0,0.0,0.0,0.0,0.0,0.0,0.0,0.0,0.0,0.0,0.0,0.0,0.0,0.0,0.0,0.0,0.0,0.0,0.0
2023-02-01 21:00:00,0.0,0.0,0.0,0.0,0.0,0.0,0.0,0.0,0.0,0.0,0.0,0.0,0.0,0.0,0.0,0.0,0.0,0.0,0.0,0.0,0.0,0.0,0.0,0.0,0.0,0.0,0.0,0.0
2023-02-01 22:00:00,0.0,0.0,0.0,0.0,0.0,0.0,0.0,0.0,0.0,0.0,0.0,0.0,0.0,0.0,0.0,0.0,0.0,0.0,0.0,0.0,0.0,0.0,0.0,0.0,0.0,0.0,0.0,0.0
2023-02-01 23:00:00,0.0,0.0,0.0,0.0,0.0,0.0,0.0,0.0,0.0,0.0,0.0,0.0,0.0,0.0,0.0,0.0,0.0,0.0,0.0,0.0,0.0,0.0,0.0,0.0,0.0,0.0,0.0,0.0
2023-02-02 00:00:00,0.0,0.0,0.0,0.0,0.0,0.0,0.0,0.0,0.0,0.0,0.0,0.0,0.0,0.0,0.0,0.0,0.0,0.0,0.0,0.0,0.0,0.0,0.0,0.0,0.0,0.0,0.0,0.0
2023-02-02 01:00:00,0.0,0.0,0.0,0.0,0.0,0.0,0.0,0.0,0.0,0.0,0.0,0.0,0.0,0.0,0.0,0.0,0.0,0.0,0.0,0.0,0.0,0.0,0.0,0.0,0.0,0.0,0.0,0.0
2023-02-02 02:00:00,0.0,0.0,0.0,0.0,0.0,0.0,0.0,0.0,0.0,0.0,0.0,0.0,0.0,0.0,0.0,0.0,0.0,0.0,0.0,0.0,0.0,0.0,0.0,0.0,0.0,0.0,0.0,0.0
2023-02-02 03:00:00,0.0,0.0,0.0,0.0,0.0,0.0,0.0,0.0,0.0,0.0,0.0,0.0,0.0,0.0,0.0,0.0,0.0,0.0,0.0,0.0,0.0,0.0,0.0,0.0,0.0,0.0,0.0,0.0
2023-02-02 04:00:00,0.0,0.0,0.0,0.0,0.0,0.0,0.0,0.0,0.0,0.0,0.0,0.0,0.0,0.0,0.0,0.0,0.0,0.0,0.0,0.0,0.0,0.0,0.0,0.0,0.0,0.0,0.0,0.0
2023-02-02 05:00:00,0.0,0.0,0.0,0.0,0.0,0.0,0.0,0.0,0.0,0.0,0.0,0.0,0.0,0.0,0.0,0.0,0.0,0.0,0.0,0.0,0.0,0.0,0.0,0.0,0.0,0.0,0.0,0.0
2023-02-02 06:00:00,0.0,0.0,0.0,0.0,0.0,0.0,0.0,0.0,0.0,0.0,0.0,0.0,0.0,0.0,0.0,0.0,0.0,0.0,0.0,0.0,0.0,0.0,0.0,0.0,0.0,0.0,0.0,0.0
2023-02-02 07:00:00,0.0,0.0,0.0,0.0,0.0,0.0,0.0,0.0,0.0,0.0,0.0,0.0,0.0,0.0,0.0,0.0,0.0,0.0,0.0,0.0,0.0,0.0,0.0,0.0,0.0,0.0,0.0,0.0
2023-02-02 08:00:00,0.0,0.0,0.0,0.0,0.0,0.0,0.0,0.0,0.0,0.0,0.0,0.0,0.0,0.0,0.0,0.0,0.0,0.0,0.0,0.0,0.0,0.0,0.0,0.0,0.0,0.0,0.0,0.0
2023-02-02 09:00:00,0.0,0.0,0.0,0.0,0.0,0.0,0.0,0.0,0.0,0.0,0.0,0.0,0.0,0.0,0.0,0.0,0.0,0.0,0.0,0.0,0.0,0.0,0.11608306883846596,0.0,0.0,0.0,0.0,0.0
2023-02-02 10:00:00,0.04722652138699133,0.11489629892236311,0.0027767159851850775,0.14606506512611814,0.0,0.00010737648511993874,0.015669194294688236,0.009186932340063401,0.007770279591211138,0.0056654966953078485,0.005948405437169666,0.14500565825188672,0.006737221073553357,0.019636381043118687,0.02268535599900582,0.0031265145233135955,0.0,0.0574791692452473,0.0,0.015139367879455712,0.02066021493006643,0.07958322045450604,0.37156108818912026,0.04562227065918622,0.19101511402189883,0.00031624367022154435,0.059115911697545306,0.030041445597114354
2023-02-02 11:00:00,0.12931391576932078,0.21149104130929494,0.028764148404862584,0.5240866775337295,0.04171097164609553,0.005752141343567317,0.08268263953061873,0.08433413799867001,0.03291052319528286,0.05414590944805322,0.05827620386711515,0.45333408861055086,0.038182571119759624,0.11104713589878253,0.037107694182741124,0.01694220971436538,0.0006798300545069318,0.11785464811951019,0.00013942757207223446,0.1397076000384129,0.11256160299433284,0.18935424433359735,0.4893998342093684,0.20442075502130094,0.33503337012522355,0.011668596109776512,0.18928364492722646,0.13552341302993878
2023-02-02 12:00:00,0.23991181986810747,0.19514632047571534,0.03764756556031939,0.5756691968602344,0.10585132330565279,0.022338843783874622,0.05965587486903965,0.0869677775856893,0.06693952802437449,0.055160451008734845,0.05403865495679417,0.621736592399487,0.08483544728218591,0.12525767128716908,0.038659860139683956,0.03977636555698098,0.0038318729049425576,0.22038250540805723,0.0019488170956716852,0.14086042884761932,0.1289856770405792,0.32782767773745913,0.6181845120223021,0.24884222489634025,0.5067146460398364,0.030804099874698284,0.267968021931351,0.21213518920481533
2023-02-02 13:00:00,0.255599674629451,0.2836999250417873,0.07740317354913764,0.6083168043017161,0.15968105484698716,0.03584278807677878,0.14425205365753255,0.12545188664409765,0.11800402218321344,0.09876469727549872,0.10711255311067946,0.6343095014413426,0.1533439577978305,0.13382497015420342,0.10032384932643187,0.10040726954063646,0.009910568617231667,0.24040865786304313,0.010677609474274987,0.13020941270100803,0.13317067511860106,0.34345423894343335,0.7360152604686894,0.2316951116274279,0.5462711030179367,0.044482878076209535,0.26055647177082214,0.21885755206465438
2023-02-02 14:00:00,0.27268538253517755,0.34042333746799885,0.06682113940038853,0.5728947262740657,0.15148070492891655,0.042668545161313944,0.17070168234724206,0.18443347677397534,0.12822323891409093,0.151730279873185,0.15799782044894087,0.6418778580319949,0.16529402687017072,0.18608323652951098,0.12507557642906025,0.1105801958122606,0.018133739945307443,0.2840740076934435,0.04797719573762959,0.13572572462491497,0.1831523465188355,0.3934941476082828,0.765679385774989,0.24428886061104368,0.5429338286474089,0.048159017398344765,0.284999248599923,0.23243412547233708
2023-02-02 15:00:00,0.2615135449511595,0.3665851447071173,0.05238974803031074,0.5893528945828815,0.12843891688515427,0.03861106608111033,0.12150211910786368,0.1274377836226739,0.08511662623166062,0.10828655489327822,0.1146818142470461,0.6222754760676388,0.10442027995129964,0.13151923133649754,0.105277741223629,0.06808808347237608,0.02599545699001556,0.26901313762341145,0.08242220084298969,0.10749557598879625,0.12939433303500933,0.3686025917886587,0.6736516951591205,0.29992826089937186,0.4737272385696874,0.04394758266570772,0.2660504554744433,0.2950367536102225
2023-02-02 16:00:00,0.194065211051487,0.2865615312084719,0.026495546516890185,0.6106949689213949,0.10950193750333992,0.02700369973740585,0.07512267398827904,0.07776891057089318,0.05822267946739318,0.039789659060874824,0.05252261269897408,0.5782018861974897,0.06983855158170489,0.10350571438370605,0.07941284951046876,0.04031448033165909,0.0402207415360715,0.1797782777728405,0.10352953298539065,0.07634092099342644,0.10323840798327491,0.26973882091544105,0.5675064384480967,0.2900044520738195,0.5752199798062229,0.02726896356031763,0.2801726932467682,0.2912785573892752
2023-02-02 17:00:00,0.1751981466243602,0.21347450497596718,0.018179376024361104,0.52523167774497,0.08974021753171112,0.015737198783774352,0.08079169797267728,0.07904717331528309,0.04375114334688096,0.025192437919694825,0.046415804379917935,0.525743913038922,0.05295780329812471,0.11369743959551291,0.04793454975509116,0.022136022295748858,0.03241010541030382,0.16473541799360306,0.0839974707293505,0.04880649190044943,0.11368718373462652,0.24924624542734986,0.3964725395983371,0.2453726605739991,0.4248364340457625,0.014287169467946375,0.19077839059901888,0.24914103496558818
2023-02-02 18:00:00,0.10488269190417514,0.16003216783823832,0.014347286210525053,0.3719162032727287,0.03578100334505724,0.004949741906793169,0.06410533543338313,0.07022818728111756,0.010823217083455038,0.048175806623653096,0.05543520283873275,0.3581970803856471,0.012734729850432024,0.0703194046345096,0.02484791260348302,0.0046769029405970474,0.018593412808332484,0.10391325628435467,0.07171550651236262,0.06242829878793788,0.06799051565798543,0.17311253387327066,0.0,0.13784781770495066,0.0368366129449358,0.003723988174555173,0.017911213898067845,0.13613470092168248
2023-02-02 19:00:00,0.0,0.0,0.0,0.0,0.0,0.0,0.0,0.0,0.0,0.0,0.0,0.0,0.0,0.0,0.0,0.0,0.0,0.0,0.0,0.0,0.0,0.0,0.0,0.0,0.0,0.0,0.0,0.0
2023-02-02 20:00:00,0.0,0.0,0.0,0.0,0.0,0.0,0.0,0.0,0.0,0.0,0.0,0.0,0.0,0.0,0.0,0.0,0.0,0.0,0.0,0.0,0.0,0.0,0.0,0.0,0.0,0.0,0.0,0.0
2023-02-02 21:00:00,0.0,0.0,0.0,0.0,0.0,0.0,0.0,0.0,0.0,0.0,0.0,0.0,0.0,0.0,0.0,0.0,0.0,0.0,0.0,0.0,0.0,0.0,0.0,0.0,0.0,0.0,0.0,0.0
2023-02-02 22:00:00,0.0,0.0,0.0,0.0,0.0,0.0,0.0,0.0,0.0,0.0,0.0,0.0,0.0,0.0,0.0,0.0,0.0,0.0,0.0,0.0,0.0,0.0,0.0,0.0,0.0,0.0,0.0,0.0
2023-02-02 23:00:00,0.0,0.0,0.0,0.0,0.0,0.0,0.0,0.0,0.0,0.0,0.0,0.0,0.0,0.0,0.0,0.0,0.0,0.0,0.0,0.0,0.0,0.0,0.0,0.0,0.0,0.0,0.0,0.0
2023-02-03 00:00:00,0.0,0.0,0.0,0.0,0.0,0.0,0.0,0.0,0.0,0.0,0.0,0.0,0.0,0.0,0.0,0.0,0.0,0.0,0.0,0.0,0.0,0.0,0.0,0.0,0.0,0.0,0.0,0.0
2023-02-03 01:00:00,0.0,0.0,0.0,0.0,0.0,0.0,0.0,0.0,0.0,0.0,0.0,0.0,0.0,0.0,0.0,0.0,0.0,0.0,0.0,0.0,0.0,0.0,0.0,0.0,0.0,0.0,0.0,0.0
2023-02-03 02:00:00,0.0,0.0,0.0,0.0,0.0,0.0,0.0,0.0,0.0,0.0,0.0,0.0,0.0,0.0,0.0,0.0,0.0,0.0,0.0,0.0,0.0,0.0,0.0,0.0,0.0,0.0,0.0,0.0
2023-02-03 03:00:00,0.0,0.0,0.0,0.0,0.0,0.0,0.0,0.0,0.0,0.0,0.0,0.0,0.0,0.0,0.0,0.0,0.0,0.0,0.0,0.0,0.0,0.0,0.0,0.0,0.0,0.0,0.0,0.0
2023-02-03 04:00:00,0.0,0.0,0.0,0.0,0.0,0.0,0.0,0.0,0.0,0.0,0.0,0.0,0.0,0.0,0.0,0.0,0.0,0.0,0.0,0.0,0.0,0.0,0.0,0.0,0.0,0.0,0.0,0.0
2023-02-03 05:00:00,0.0,0.0,0.0,0.0,0.0,0.0,0.0,0.0,0.0,0.0,0.0,0.0,0.0,0.0,0.0,0.0,0.0,0.0,0.0,0.0,0.0,0.0,0.0,0.0,0.0,0.0,0.0,0.0
2023-02-03 06:00:00,0.0,0.0,0.0,0.0,0.0,0.0,0.0,0.0,0.0,0.0,0.0,0.0,0.0,0.0,0.0,0.0,0.0,0.0,0.0,0.0,0.0,0.0,0.0,0.0,0.0,0.0,0.0,0.0
2023-02-03 07:00:00,0.0,0.0,0.0,0.0,0.0,0.0,0.0,0.0,0.0,0.0,0.0,0.0,0.0,0.0,0.0,0.0,0.0,0.0,0.0,0.0,0.0,0.0,0.0,0.0,0.0,0.0,0.0,0.0
2023-02-03 08:00:00,0.0,0.0,0.0,0.0,0.0,0.0,0.0,0.0,0.0,0.0,0.0,0.0,0.0,0.0,0.0,0.0,0.0,0.0,0.0,0.0,0.0,0.0,0.0,0.0,0.0,0.0,0.0,0.0
2023-02-03 09:00:00,0.0,0.0,0.0,0.0,0.0,0.0,0.0,0.0,0.0,0.0,0.0,0.0,0.0,0.0,0.0,0.0,0.0,0.0,0.0,0.0,0.0,0.0,0.33233107616552643,0.0,0.0,0.0,0.0,0.0
2023-02-03 10:00:00,0.016522470016070205,0.10494486450991233,0.017854638246312338,0.08760765627049037,0.0,7.206737622602646e-05,0.013281220802224878,0.010127535942650428,0.006458211631863947,0.013200912732039952,0.011762167813310263,0.03968517402489212,0.006833771433218998,0.0079120923213005,0.02118602616005068,0.005628618946406966,0.0,0.009422782822244067,0.0,0.004831742688548551,0.007457763239235784,0.01744987085309983,0.486579359503697,0.16144162218807845,0.24234423337129077,0.00012916376974409497,0.2822821037092056,0.13033781623861787
2023-02-03 11:00:00,0.0676179788316197,0.14153493872567313,0.03649499885380615,0.12616777180860295,0.07834893528283908,0.027681906034277965,0.034849562601890954,0.022878404887914223,0.029758161787312727,0.01649281036231983,0.015983551111563705,0.11737795968594783,0.030054216723579375,0.038762413912220614,0.02878345960382578,0.021341892330034824,0.004237971885065601,0.059884161254949324,0.011524730107799941,0.010260084813176236,0.041815319474179546,0.07759182932397202,0.5644455930749376,0.28840776981046157,0.36207788159774235,0.03178444349294604,0.4436222282556466,0.28968993408951993
2023-02-03 12:00:00,0.14309680526204233,0.10121600227561002,0.022085473883044913,0.19721133711717453,0.17947047598865123,0.044175420707289054,0.038953790901429274,0.06007189317656708,0.29083401691152505,0.06435180057963993,0.05613673012111952,0.22054396918217403,0.3006597108270344,0.06463457698167216,0.04437224342089322,0.15256545473305683,0.007903115977049364,0.12238589501054899,0.012636150157094331,0.04729642804891637,0.06630948654760362,0.15555559264126212,0.5729825771549789,0.1863200552976602,0.510080185899882,0.05770082722656501,0.41253715580329015,0.17482752658639625
2023-02-03 13:00:00,0.21697236827222993,0.15289710823391447,0.010838802305489096,0.2869857397918484,0.2226501624028689,0.09736018308960984,0.02180186546799449,0.048898093447843745,0.380517767906014,0.057715093429262496,0.03920701460608743,0.39405510416522066,0.37585989736097186,0.064618786766068,0.10100976231079156,0.36962334244038314,0.01700268385032656,0.2795135624247078,0.020298887803291157,0.094868227071398,0.06775262856761552,0.26597222256914155,0.5676531326439502,0.20924053275234142,0.5085352961377223,0.08805617116950744,0.4243688230616773,0.23311133370574316
2023-02-03 14:00:00,0.3578641065567228,0.24023012180873912,0.024731054887365007,0.3118923804874407,0.2776221809953909,0.13999210457478167,0.05728432260756261,0.06234776043464444,0.3789651692156069,0.04221064482035475,0.04999187588126838,0.5394297544662832,0.37787734976230586,0.06780208667139585,0.1967450373276206,0.5034036094488661,0.025180049815767654,0.38488112828541793,0.02530088284928758,0.04496806631992511,0.06637103478780304,0.4050430014599687,0.5664036956749424,0.24569345453327623,0.5486040184604406,0.1248244318232853,0.41612208489120245,0.26662226240609316
2023-02-03 15:00:00,0.220820553208411,0.289835844031298,0.03875293098939325,0.2157740675407525,0.3040653630407592,0.17942868923650468,0.06860223298881078,0.09089689776559436,0.3264126300294853,0.04982649009701111,0.05029090034985016,0.3592179898026973,0.3697235743550877,0.12383737350383285,0.18973485401503154,0.49270166954417666,0.032533683362497234,0.1369889197597791,0.023961727839793393,0.0738950276637118,0.12712872868648803,0.2262596744207915,0.4914400076417227,0.2601979041650634,0.42973616691086947,0.1260395834083249,0.3951211638194151,0.3615080641643014
2023-02-03 16:00:00,0.16181375125734782,0.2985447001476121,0.1535463888553169,0.10204305400855194,0.25897319521355283,0.19998800128747346,0.11067686043724619,0.1598133008559212,0.19307606268391697,0.09884894705867614,0.078079427952377,0.20051212910193505,0.2072028504748412,0.24608359437342608,0.2561042178381444,0.23107706244948126,0.03385271420387136,0.06316158929915035,0.028148850183988234,0.1999946180883619,0.2583304863115069,0.13240967522927308,0.5708313901651249,0.24772223680454267,0.2815136303781338,0.13582029583493382,0.24260497480472049,0.3765311709567003
2023-02-03 17:00:00,0.08654182553623795,0.1867075113067925,0.027083684832248454,0.04923613491852002,0.16668079406313452,0.1254327665383001,0.03498451001539509,0.11460202170380746,0.062247694716138724,0.08694662427643124,0.058978899815370744,0.05357373449546207,0.05264597703256548,0.18445195152221486,0.10186605537049086,0.050586766372464495,0.0183012494260604,0.04960685007200737,0.02850822448963786,0.16046846286158273,0.19627222192430618,0.07181444804663024,0.4798249543834032,0.09945584889635473,0.2551934975459268,0.09896622576631774,0.06693190657353532,0.14340232518578122
2023-02-03 18:00:00,0.01609203798223694,0.10152918784204079,0.0026293582398974253,0.038631387129822815,0.08916509472844153,0.06893564477205062,0.0021747636643709685,0.022150066926780194,0.03636593120259857,0.009527211539157917,0.00812140149041022,0.017665176964338895,0.0354645968823156,0.04141633514742346,0.019679110880005544,0.025732545433576774,0.006098779220928414,0.003266577548547813,0.022015833563594826,0.03830223268655095,0.04422722219306191,0.010269420640270784,0.011920135773426975,0.08783742189129028,0.019884978529113074,0.050026134346250986,0.02045843274992501,0.09546188432016446
2023-02-03 19:00:00,0.0,0.0,0.0,0.0,0.0,0.0,0.0,0.0,0.0,0.0,0.0,0.0,0.0,0.0,0.0,0.0,0.0,0.0,0.0,0.0,0.0,0.0,0.0,0.0,0.0,0.0,0.0,0.0
2023-02-03 20:00:00,0.0,0.0,0.0,0.0,0.0,0.0,0.0,0.0,0.0,0.0,0.0,0.0,0.0,0.0,0.0,0.0,0.0,0.0,0.0,0.0,0.0,0.0,0.0,0.0,0.0,0.0,0.0,0.0
2023-02-03 21:00:00,0.0,0.0,0.0,0.0,0.0,0.0,0.0,0.0,0.0,0.0,0.0,0.0,0.0,0.0,0.0,0.0,0.0,0.0,0.0,0.0,0.0,0.0,0.0,0.0,0.0,0.0,0.0,0.0
2023-02-03 22:00:00,0.0,0.0,0.0,0.0,0.0,0.0,0.0,0.0,0.0,0.0,0.0,0.0,0.0,0.0,0.0,0.0,0.0,0.0,0.0,0.0,0.0,0.0,0.0,0.0,0.0,0.0,0.0,0.0
2023-02-03 23:00:00,0.0,0.0,0.0,0.0,0.0,0.0,0.0,0.0,0.0,0.0,0.0,0.0,0.0,0.0,0.0,0.0,0.0,0.0,0.0,0.0,0.0,0.0,0.0,0.0,0.0,0.0,0.0,0.0
2023-02-04 00:00:00,0.0,0.0,0.0,0.0,0.0,0.0,0.0,0.0,0.0,0.0,0.0,0.0,0.0,0.0,0.0,0.0,0.0,0.0,0.0,0.0,0.0,0.0,0.0,0.0,0.0,0.0,0.0,0.0
2023-02-04 01:00:00,0.0,0.0,0.0,0.0,0.0,0.0,0.0,0.0,0.0,0.0,0.0,0.0,0.0,0.0,0.0,0.0,0.0,0.0,0.0,0.0,0.0,0.0,0.0,0.0,0.0,0.0,0.0,0.0
2023-02-04 02:00:00,0.0,0.0,0.0,0.0,0.0,0.0,0.0,0.0,0.0,0.0,0.0,0.0,0.0,0.0,0.0,0.0,0.0,0.0,0.0,0.0,0.0,0.0,0.0,0.0,0.0,0.0,0.0,0.0
2023-02-04 03:00:00,0.0,0.0,0.0,0.0,0.0,0.0,0.0,0.0,0.0,0.0,0.0,0.0,0.0,0.0,0.0,0.0,0.0,0.0,0.0,0.0,0.0,0.0,0.0,0.0,0.0,0.0,0.0,0.0
2023-02-04 04:00:00,0.0,0.0,0.0,0.0,0.0,0.0,0.0,0.0,0.0,0.0,0.0,0.0,0.0,0.0,0.0,0.0,0.0,0.0,0.0,0.0,0.0,0.0,0.0,0.0,0.0,0.0,0.0,0.0
2023-02-04 05:00:00,0.0,0.0,0.0,0.0,0.0,0.0,0.0,0.0,0.0,0.0,0.0,0.0,0.0,0.0,0.0,0.0,0.0,0.0,0.0,0.0,0.0,0.0,0.0,0.0,0.0,0.0,0.0,0.0
2023-02-04 06:00:00,0.0,0.0,0.0,0.0,0.0,0.0,0.0,0.0,0.0,0.0,0.0,0.0,0.0,0.0,0.0,0.0,0.0,0.0,0.0,0.0,0.0,0.0,0.0,0.0,0.0,0.0,0.0,0.0
2023-02-04 07:00:00,0.0,0.0,0.0,0.0,0.0,0.0,0.0,0.0,0.0,0.0,0.0,0.0,0.0,0.0,0.0,0.0,0.0,0.0,0.0,0.0,0.0,0.0,0.0,0.0,0.0,0.0,0.0,0.0
2023-02-04 08:00:00,0.0,0.0,0.0,0.0,0.0,0.0,0.0,0.0,0.0,0.0,0.0,0.0,0.0,0.0,0.0,0.0,0.0,0.0,0.0,0.0,0.0,0.0,0.0,0.0,0.0,0.0,0.0,0.0
2023-02-04 09:00:00,0.0,0.0,0.0,0.0,0.0,0.0,0.0,0.0,0.0,0.0,0.0,0.0,0.0,0.0,0.0,0.0,0.0,0.0,0.0,0.0,0.0,0.0,0.19446102481520625,0.0,0.0,0.0,0.0,0.0
2023-02-04 10:00:00,0.006451441073318053,0.0711084709884288,0.017110741305492273,0.01859210433280216,0.00018136457882821647,0.0,0.003413963609889737,0.007294382022580406,0.010739177409936568,0.009184652841367276,0.0036997165561720403,0.01901257292753084,0.01543193877328561,0.013813107757848058,0.013059029327546986,0.008940694253622015,0.0,0.004621091937732711,0.0,0.006523300072190856,0.014987387843292942,0.01081281590909156,0.21213610854681542,0.16790701693299467,0.11246110064681294,3.2099085762242454e-06,0.1591104169890484,0.21644505433490158
2023-02-04 11:00:00,0.026976368592903022,0.1597343732718635,0.051004617340471695,0.05113499352346217,0.09854052037882045,0.011944142190529463,0.011879915146138053,0.0432741409905501,0.04319773082520155,0.015089305911768106,0.014725051192873394,0.042668852622755785,0.05207196992256408,0.07384755585633153,0.04212099943877096,0.047772958913665585,0.0007888499484359992,0.02588110291767066,0.00026771154461157335,0.060259702821742395,0.07764967142473668,0.028262186030144548,0.3819762439589491,0.2878016891539475,0.2466031990501781,0.01272852249445435,0.23819667478796397,0.32744201805215845
2023-02-04 12:00:00,0.06446848103763556,0.30740202252645227,0.03620304545551882,0.10293714604637115,0.10818216071080894,0.028860696017517985,0.0586942596638805,0.04795109443242545,0.0452611800463735,0.028597185366910836,0.025016701548067913,0.14007507802822444,0.05357926936908638,0.07772244115890488,0.09695309428417884,0.0701797046615899,0.007506420592741932,0.06727591515064953,0.005911027909346794,0.04882467222735278,0.08104166123065609,0.07818216432006479,0.44470327764199835,0.3367594605632943,0.305816030287184,0.028370827239169494,0.2821878103425775,0.38955776374911916
2023-02-04 13:00:00,0.0767737862954053,0.33712400440869544,0.0274042364349694,0.12162873577852537,0.13636931677009517,0.0433946144643051,0.038233727225227034,0.10400623064155638,0.07615457588376247,0.04843017662165295,0.04458768773897251,0.1276220699369615,0.10331255233378786,0.16512519811977014,0.15101324363374405,0.1508700451283781,0.016722322469466307,0.08016355324029847,0.011593906176194171,0.14676393240899233,0.17221814061117927,0.08947270969785885,0.49170957176221847,0.35625306472960094,0.37376452563968,0.04285948679729582,0.2925228243216486,0.41252834705496805
2023-02-04 14:00:00,0.10301201253351082,0.3515483841102973,0.02448563068303232,0.10452539271525621,0.14440664233795408,0.048046411218814714,0.037063067044127145,0.12468071659800606,0.09696037386849339,0.0895238067448067,0.06648142043641704,0.1258167334456735,0.12024856370904058,0.1863605119292281,0.16861608234275152,0.13744392733166086,0.0204847638108838,0.10132956078656756,0.014958101234331056,0.18975088189402775,0.19507586013013628,0.12256402010749269,0.4499729233250154,0.3685736851607902,0.3450022072312828,0.06263295837576426,0.2390151931363095,0.3997248814952888
2023-02-04 15:00:00,0.10536578690182523,0.261716546405283,0.022903420284281314,0.11887222327813345,0.13653153252721245,0.05248105019409411,0.046072093732116966,0.0780997206562541,0.0838352857085251,0.15870853003886937,0.08811816175771756,0.17519653517641146,0.10246271670932171,0.06359977068616411,0.13916021393113973,0.1096580875757027,0.028804477834446177,0.16870686552048775,0.015445396954682937,0.10980265611301594,0.0667217773117874,0.18338144315891203,0.49305746150758445,0.39022010103359295,0.3532811769368681,0.06467384352499089,0.28140220501952845,0.4116910800747305
2023-02-04 16:00:00,0.06645717114881425,0.22068564399107987,0.009066370402930755,0.09435838205288248,0.09503444115927868,0.03981376301332901,0.016364520172206454,0.016535282180036536,0.07549343591475481,0.008009496778788525,0.006631260209845568,0.12186720673356577,0.09633329524174812,0.03485901894239116,0.15613796108080033,0.08715863546613727,0.016303894723252867,0.1078388832883767,0.009209431899228264,0.013592827707544327,0.037176292462176797,0.08761727909501033,0.4250190564689657,0.3051762809454248,0.35534094903902286,0.0690282609398307,0.294768409729411,0.32463955334813577
2023-02-04 17:00:00,0.04613190098959776,0.1414969477735572,0.007489541983543792,0.08237878565401503,0.0569794381442518,0.025286966365127773,0.021549573235253514,0.022505816170840482,0.04198265220684008,0.009034343649085926,0.012549598838635717,0.062320243739219246,0.05338561614374763,0.03443752338960751,0.06915868233850893,0.0497588844258816,0.02624644443024319,0.04449226071533977,0.004952973890681942,0.011121855565613051,0.035510757363190974,0.046889004636809194,0.3428771947562728,0.18209039565825602,0.2199052721394246,0.04728145591937225,0.2729728873958317,0.2041370666093872
2023-02-04 18:00:00,0.01042724220815551,0.06616442331093182,0.001621216294615917,0.038849087202267284,0.01736196915910674,0.004818147680816163,0.008500299411232598,0.008296723589921853,0.01461319545725219,0.0010150416081172826,0.0025423442575368328,0.019945307186501334,0.019064002231602494,0.01635225320580153,0.0399891376767876,0.018636987525939282,0.03438371533925575,0.00277002433401137,0.0028601152597246523,0.0017394623474529416,0.017376470722737833,0.006422713809773824,0.07635009915037645,0.11202849959250757,0.06810673973353366,0.008812982318827479,0.12295973876986019,0.13072404936117996
2023-02-04 19:00:00,0.0,0.0,0.0,0.0,0.0,0.0,0.0,0.0,0.0,0.0,0.0,0.0,0.0,0.0,0.0,0.0,0.0,0.0,0.0,0.0,0.0,0.0,0.0,0.0,0.0,0.0,0.0,0.0
2023-02-04 20:00:00,0.0,0.0,0.0,0.0,0.0,0.0,0.0,0.0,0.0,0.0,0.0,0.0,0.0,0.0,0.0,0.0,0.0,0.0,0.0,0.0,0.0,0.0,0.0,0.0,0.0,0.0,0.0,0.0
2023-02-04 21:00:00,0.0,0.0,0.0,0.0,0.0,0.0,0.0,0.0,0.0,0.0,0.0,0.0,0.0,0.0,0.0,0.0,0.0,0.0,0.0,0.0,0.0,0.0,0.0,0.0,0.0,0.0,0.0,0.0
2023-02-04 22:00:00,0.0,0.0,0.0,0.0,0.0,0.0,0.0,0.0,0.0,0.0,0.0,0.0,0.0,0.0,0.0,0.0,0.0,0.0,0.0,0.0,0.0,0.0,0.0,0.0,0.0,0.0,0.0,0.0
2023-02-04 23:00:00,0.0,0.0,0.0,0.0,0.0,0.0,0.0,0.0,0.0,0.0,0.0,0.0,0.0,0.0,0.0,0.0,0.0,0.0,0.0,0.0,0.0,0.0,0.0,0.0,0.0,0.0,0.0,0.0
2023-02-05 00:00:00,0.0,0.0,0.0,0.0,0.0,0.0,0.0,0.0,0.0,0.0,0.0,0.0,0.0,0.0,0.0,0.0,0.0,0.0,0.0,0.0,0.0,0.0,0.0,0.0,0.0,0.0,0.0,0.0
2023-02-05 01:00:00,0.0,0.0,0.0,0.0,0.0,0.0,0.0,0.0,0.0,0.0,0.0,0.0,0.0,0.0,0.0,0.0,0.0,0.0,0.0,0.0,0.0,0.0,0.0,0.0,0.0,0.0,0.0,0.0
2023-02-05 02:00:00,0.0,0.0,0.0,0.0,0.0,0.0,0.0,0.0,0.0,0.0,0.0,0.0,0.0,0.0,0.0,0.0,0.0,0.0,0.0,0.0,0.0,0.0,0.0,0.0,0.0,0.0,0.0,0.0
2023-02-05 03:00:00,0.0,0.0,0.0,0.0,0.0,0.0,0.0,0.0,0.0,0.0,0.0,0.0,0.0,0.0,0.0,0.0,0.0,0.0,0.0,0.0,0.0,0.0,0.0,0.0,0.0,0.0,0.0,0.0
2023-02-05 04:00:00,0.0,0.0,0.0,0.0,0.0,0.0,0.0,0.0,0.0,0.0,0.0,0.0,0.0,0.0,0.0,0.0,0.0,0.0,0.0,0.0,0.0,0.0,0.0,0.0,0.0,0.0,0.0,0.0
2023-02-05 05:00:00,0.0,0.0,0.0,0.0,0.0,0.0,0.0,0.0,0.0,0.0,0.0,0.0,0.0,0.0,0.0,0.0,0.0,0.0,0.0,0.0,0.0,0.0,0.0,0.0,0.0,0.0,0.0,0.0
2023-02-05 06:00:00,0.0,0.0,0.0,0.0,0.0,0.0,0.0,0.0,0.0,0.0,0.0,0.0,0.0,0.0,0.0,0.0,0.0,0.0,0.0,0.0,0.0,0.0,0.0,0.0,0.0,0.0,0.0,0.0
2023-02-05 07:00:00,0.0,0.0,0.0,0.0,0.0,0.0,0.0,0.0,0.0,0.0,0.0,0.0,0.0,0.0,0.0,0.0,0.0,0.0,0.0,0.0,0.0,0.0,0.0,0.0,0.0,0.0,0.0,0.0
2023-02-05 08:00:00,0.0,0.0,0.0,0.0,0.0,0.0,0.0,0.0,0.0,0.0,0.0,0.0,0.0,0.0,0.0,0.0,0.0,0.0,0.0,0.0,0.0,0.0,0.0,0.0,0.0,0.0,0.0,0.0
2023-02-05 09:00:00,0.0,0.0,0.0,0.0,0.0,0.0,0.0,0.0,0.0,0.0,0.0,0.0,0.0,0.0,0.0,0.0,0.0,0.0,0.0,0.0,0.0,0.0,0.02174766002624783,0.0,0.0007394255264948909,0.0,0.0,0.0
2023-02-05 10:00:00,0.04353496634169261,0.12334229519959405,0.007234134732573416,0.06923738145408873,0.0018505901029724138,0.04615568116666888,0.0042904632154261045,0.008464350653119342,0.10505234492567447,0.005392520444749815,0.004015403712525598,0.040702743563355806,0.055211984569629044,0.012173710203373158,0.1588932289896731,0.11731607504292092,0.0,0.0031224170064170207,0.02243424399465792,0.029864748766538704,0.012760036447249577,0.011521386583631174,0.1195956450987565,0.016742139773043563,0.048094458064309585,0.08815721163419639,0.09943806823452216,0.021705297252069666
2023-02-05 11:00:00,0.10573555405733251,0.26868524592032283,0.03494300437143505,0.13646397375251604,0.12436149271373825,0.19106863254099274,0.021884358864625156,0.025957496627991763,0.17855200292586876,0.014680450621824569,0.018687459878940157,0.07757130219151179,0.10995468474801584,0.031230371977399713,0.2016848617703637,0.17223340959288155,0.29224949937097205,0.018420481780374295,0.24033102779657953,0.03587968711177774,0.031174448159553232,0.03451581508463169,0.28829578511263954,0.07681789750682227,0.1624644201737425,0.20350975741177157,0.19716594211967045,0.07721040227042258
2023-02-05 12:00:00,0.20419476660196914,0.40915228695120426,0.11367319782604533,0.2752817624630476,0.23413121173076426,0.41079431407137484,0.05890053692874534,0.06954733705058,0.35147923382965,0.07748645251472196,0.07786435205541095,0.2456121875412343,0.335082344837052,0.06677687913741061,0.4352421584351508,0.3797575531165413,0.33394566047243934,0.04438911951144398,0.32573190709809835,0.12682434632452833,0.06617605415671463,0.09560119168397115,0.27200867604452267,0.18673024075850927,0.21283435637552328,0.4233040554635265,0.2188804153608028,0.24842462364289714
2023-02-05 13:00:00,0.3055541611703207,0.49150740102239754,0.3374567339323838,0.31422992932073107,0.33707341010744457,0.4960709734964169,0.06254450267190813,0.10130608841397036,0.4154288279249421,0.16061150863547258,0.15621343068667662,0.24785723286870917,0.4518322703481743,0.10163847011777967,0.5370662036681778,0.4935246512741219,0.2641457766994939,0.10026588370808541,0.27916832827748406,0.12194170139089594,0.10187417321203227,0.17430555471476702,0.39876362170932306,0.21597300318420626,0.254969089411655,0.5536908698397816,0.2166849101257644,0.2850944510520772
2023-02-05 14:00:00,0.3722506738000231,0.5565617830401929,0.43418835589987587,0.21224905503315228,0.3919237375910423,0.40142870775131634,0.22853042962932454,0.26233187400422286,0.47275156429475673,0.30551453036308507,0.33932435991326193,0.23097603100498665,0.521899418141511,0.18709770980401527,0.4898747808864791,0.5469711156437361,0.16345870563821094,0.15406251335919285,0.1742948034404183,0.129734502232154,0.17112367346493523,0.24338417045138994,0.4781645590953896,0.2908013668767081,0.2829668975579667,0.5134865825297205,0.2695467530311041,0.3699661142804207
2023-02-05 15:00:00,0.40316837050228893,0.5847816541700928,0.4791162507859911,0.14835992746740187,0.3741110398379499,0.2624500731821157,0.19395479718951747,0.17822848143399853,0.4224353498661817,0.317558918746097,0.2862167448635835,0.26570338018290507,0.5083268525947687,0.09232312447556629,0.46106906766540345,0.48916396280423935,0.09255178612981751,0.21805300955145776,0.08422217082214864,0.10404533458548826,0.0887678557110143,0.3123702599097945,0.4246254670854881,0.24234458894145372,0.2998885697669587,0.4184253833151415,0.3476598193374517,0.3271854392815429
2023-02-05 16:00:00,0.4648059291843335,0.5944618023993469,0.48465066497513576,0.23368566237870156,0.3153618191350647,0.17404709303236326,0.3130135210518858,0.2362064695210948,0.3487875787082577,0.34683872394052384,0.348851181765011,0.4590312097623587,0.42646147933018935,0.12984953204539043,0.33256395901398417,0.3103466341711142,0.044617196140814254,0.3803936677518116,0.03590401185474023,0.12834753668156526,0.12114411039711519,0.4285586495972548,0.30159724294589885,0.24636644049254597,0.22049874996802352,0.2767335933027428,0.2921402501152855,0.35200189433123347
2023-02-05 17:00:00,0.40668245288839877,0.5136456382956824,0.38148026800173396,0.15384122800805244,0.2040266113672569,0.070247244928934,0.44958183621976194,0.3682260461700088,0.22845088563286928,0.4351193782344238,0.4544912484305369,0.410482901993655,0.2469424360967188,0.22886199819143707,0.12446001723958752,0.14247553751556646,0.018544385123538627,0.42209330309382237,0.014739352546054074,0.21762180322822908,0.207048912070815,0.45495832985909607,0.18309084317980656,0.21834482148273565,0.1413644837401013,0.108195904107749,0.3042263599371619,0.32123089173218466
2023-02-05 18:00:00,0.22942856344950763,0.32501567401827935,0.20507120540484597,0.17769005403022928,0.10602460036285292,0.022667246725001877,0.24964986930304212,0.24350511065889527,0.10685477176093099,0.2623525915750592,0.2667345151804782,0.30799565626151776,0.11921671362124563,0.2056345152920801,0.028702083682409903,0.06382389565031639,0.0038088967373826996,0.23349976686194643,0.0022310152732507764,0.2258600831249406,0.2021341319380675,0.3003101654091082,0.05912086725527738,0.24709448990797106,0.0472044097942872,0.03122800034425847,0.2013819679624747,0.29141346130106804
2023-02-05 19:00:00,0.0,0.0,0.0,0.0,0.0,0.0,0.0,0.0,0.0,0.0,0.0,0.0,0.0,0.0,0.0,0.0,0.0,0.0,0.0,0.0,0.0,0.0,0.0,0.0,0.0,0.0,0.0,0.0
2023-02-05 20:00:00,0.0,0.0,0.0,0.0,0.0,0.0,0.0,0.0,0.0,0.0,0.0,0.0,0.0,0.0,0.0,0.0,0.0,0.0,0.0,0.0,0.0,0.0,0.0,0.0,0.0,0.0,0.0,0.0
2023-02-05 21:00:00,0.0,0.0,0.0,0.0,0.0,0.0,0.0,0.0,0.0,0.0,0.0,0.0,0.0,0.0,0.0,0.0,0.0,0.0,0.0,0.0,0.0,0.0,0.0,0.0,0.0,0.0,0.0,0.0
2023-02-05 22:00:00,0.0,0.0,0.0,0.0,0.0,0.0,0.0,0.0,0.0,0.0,0.0,0.0,0.0,0.0,0.0,0.0,0.0,0.0,0.0,0.0,0.0,0.0,0.0,0.0,0.0,0.0,0.0,0.0
2023-02-05 23:00:00,0.0,0.0,0.0,0.0,0.0,0.0,0.0,0.0,0.0,0.0,0.0,0.0,0.0,0.0,0.0,0.0,0.0,0.0,0.0,0.0,0.0,0.0,0.0,0.0,0.0,0.0,0.0,0.0
2023-02-06 00:00:00,0.0,0.0,0.0,0.0,0.0,0.0,0.0,0.0,0.0,0.0,0.0,0.0,0.0,0.0,0.0,0.0,0.0,0.0,0.0,0.0,0.0,0.0,0.0,0.0,0.0,0.0,0.0,0.0
2023-02-06 01:00:00,0.0,0.0,0.0,0.0,0.0,0.0,0.0,0.0,0.0,0.0,0.0,0.0,0.0,0.0,0.0,0.0,0.0,0.0,0.0,0.0,0.0,0.0,0.0,0.0,0.0,0.0,0.0,0.0
2023-02-06 02:00:00,0.0,0.0,0.0,0.0,0.0,0.0,0.0,0.0,0.0,0.0,0.0,0.0,0.0,0.0,0.0,0.0,0.0,0.0,0.0,0.0,0.0,0.0,0.0,0.0,0.0,0.0,0.0,0.0
2023-02-06 03:00:00,0.0,0.0,0.0,0.0,0.0,0.0,0.0,0.0,0.0,0.0,0.0,0.0,0.0,0.0,0.0,0.0,0.0,0.0,0.0,0.0,0.0,0.0,0.0,0.0,0.0,0.0,0.0,0.0
2023-02-06 04:00:00,0.0,0.0,0.0,0.0,0.0,0.0,0.0,0.0,0.0,0.0,0.0,0.0,0.0,0.0,0.0,0.0,0.0,0.0,0.0,0.0,0.0,0.0,0.0,0.0,0.0,0.0,0.0,0.0
2023-02-06 05:00:00,0.0,0.0,0.0,0.0,0.0,0.0,0.0,0.0,0.0,0.0,0.0,0.0,0.0,0.0,0.0,0.0,0.0,0.0,0.0,0.0,0.0,0.0,0.0,0.0,0.0,0.0,0.0,0.0
2023-02-06 06:00:00,0.0,0.0,0.0,0.0,0.0,0.0,0.0,0.0,0.0,0.0,0.0,0.0,0.0,0.0,0.0,0.0,0.0,0.0,0.0,0.0,0.0,0.0,0.0,0.0,0.0,0.0,0.0,0.0
2023-02-06 07:00:00,0.0,0.0,0.0,0.0,0.0,0.0,0.0,0.0,0.0,0.0,0.0,0.0,0.0,0.0,0.0,0.0,0.0,0.0,0.0,0.0,0.0,0.0,0.0,0.0,0.0,0.0,0.0,0.0
2023-02-06 08:00:00,0.0,0.0,0.0,0.0,0.0,0.0,0.0,0.0,0.0,0.0,0.0,0.0,0.0,0.0,0.0,0.0,0.0,0.0,0.0,0.0,0.0,0.0,0.0,0.0,0.0,0.0,0.0,0.0
2023-02-06 09:00:00,0.0,0.0,0.0,0.0,0.0,0.0,0.0,0.0,0.0,0.0,0.0,0.0,0.0,0.0,0.0,0.0,0.0,0.0,0.0,0.0,0.0,0.0,0.17484499867700737,0.0,0.04010828228565863,0.0,0.0,0.0
2023-02-06 10:00:00,0.015020098165623493,0.15771704760971542,0.004686489426560452,0.03149027092890321,0.00033121734845993584,0.0,0.010295960233971913,0.015690374078491196,0.0026548999497306284,0.022179120559294014,0.014482428111918227,0.029129196996215818,0.002953888994933569,0.01702282453993749,0.004660330164475947,0.00142185614293172,0.0,0.009445433593098128,0.0,0.006704076279247889,0.018352519591744415,0.018548839420599327,0.2613323062559882,0.10303948975596666,0.17074144393991558,0.0007563139875551125,0.08712825826156277,0.12706816703697077
2023-02-06 11:00:00,0.05150605758030021,0.3223955180836001,0.01713516396589108,0.08752838178861232,0.1407816926531983,0.07160937293980842,0.045660913553443046,0.023035756440498236,0.028311165489138486,0.021366785477737356,0.01992360355104681,0.08513186055113976,0.03165111086490292,0.027013127293697037,0.04821170783608319,0.014852448334037628,0.002829100870831966,0.0304715281450139,0.005475976936422153,0.011753287402835912,0.027708751096471883,0.050091719436988515,0.4698831374050966,0.17378150883543014,0.2884506483564758,0.04164880020940704,0.17142008532945724,0.2496154047158358
2023-02-06 12:00:00,0.07737536547948498,0.46612979428628787,0.04680511366743371,0.07023017096167838,0.20333718723427344,0.13445862434213104,0.05599573016298836,0.04285452781013207,0.04131422171622924,0.034166433786020974,0.039567871838790084,0.105859518535217,0.04691317103940881,0.04461414515720617,0.06250472404798599,0.02488123656381144,0.028471920407066576,0.049157690650161984,0.08055216963972454,0.02144565484245518,0.04512646011499283,0.07239738715949262,0.5408795122046892,0.2612571077006171,0.27463069857925965,0.07527929539575635,0.27599723308871155,0.30134210199949596
2023-02-06 13:00:00,0.10366503173701316,0.44636593845625194,0.10507130197690405,0.11519793683785666,0.27672886745340997,0.19837702861486473,0.11995049529823483,0.0903792564028032,0.042050568154586944,0.06727657340864013,0.08132978975503086,0.13644009435279866,0.049540336628245245,0.09031616591701636,0.03259388434265342,0.02259214557393436,0.044497832456638686,0.07878147031023948,0.07862563247714775,0.03636794595462289,0.09070754805459297,0.10305662207719797,0.5217712994959305,0.308280734081826,0.2933112961576776,0.13324590089552812,0.3033305008418411,0.30729716241877986
2023-02-06 14:00:00,0.11777486219541689,0.3882082691301912,0.13887950669177787,0.10235223848470616,0.372718675281569,0.28380645156874285,0.16088881498426713,0.12333468013707584,0.04955354019927119,0.10580376550599972,0.1371381101695238,0.12774238872621246,0.05542320457666667,0.11079369876083688,0.029989360170438892,0.027100867597100092,0.11385841966630082,0.07665862392806305,0.14443206172765202,0.050701979544092175,0.10942730050057295,0.12379700129080473,0.4183507477710442,0.22000051518401678,0.271378816983678,0.1823003291796488,0.2792522354601049,0.2152686495936299
2023-02-06 15:00:00,0.09878675745788881,0.41033502684709094,0.10788515638043189,0.08732140010263695,0.3834646690019909,0.24676024337159408,0.19041313356166809,0.1564590371063911,0.0306117852988454,0.135624577515919,0.16762709428850092,0.14304039393327098,0.033539646884608566,0.12644249171200336,0.022007725330863176,0.018421085779650244,0.15648193545945877,0.06398838248928579,0.1872328817293496,0.07116568464463116,0.11968294022916945,0.13477616074588036,0.38070782928246993,0.13902267015077124,0.271048644653338,0.21008524592303238,0.2472682219204869,0.17559161835817497
2023-02-06 16:00:00,0.0756216980966128,0.40105581424872666,0.09154694492843118,0.06250918001754514,0.3809973877120634,0.3214412921291012,0.22998304540809977,0.23294005007036703,0.024671939753588713,0.1519185214494624,0.20110108790267778,0.13381167350207918,0.02565559110948263,0.24082598538937874,0.015879391126875114,0.012715898877352194,0.2830600478008111,0.04596290418649466,0.2696480133984976,0.11729759631855916,0.23476967035828739,0.11412263418689877,0.35618605980894597,0.09933716128559301,0.20933687190711484,0.21305657272349476,0.15852363686746704,0.1168756706210854
2023-02-06 17:00:00,0.04033373334689221,0.34384504336662647,0.019823127814036008,0.03591190436756747,0.32578724141437926,0.2829114536964342,0.10271440363949896,0.13734228059871187,0.015056903614661008,0.0336398668997922,0.07295104778875344,0.1127568636759601,0.010663591871684575,0.1868154064259604,0.007070055055466827,0.005389867958750459,0.3422077416779467,0.017095631142353324,0.309762477080167,0.08768555511347798,0.1863208311042225,0.04797184721173783,0.3026309123747417,0.09700499708729303,0.11386365350755953,0.20233117330668735,0.09410065088230184,0.1262940515764574
2023-02-06 18:00:00,0.011052187997341475,0.2127178105939646,0.000675333034668957,0.005693386380286263,0.2164326688088995,0.23272977083230983,0.01324388282273338,0.028482416065619836,0.002181629920483293,0.0002961796255983302,0.0019258199926230363,0.03249004451251146,0.0012194536621463969,0.06814691392593164,0.02124591865106207,0.015848519688693448,0.3207020767768616,0.00308823842773524,0.26392135050756343,0.005109714185640246,0.07364325620663167,0.010101731881196197,0.07004114978310877,0.05029051180572287,0.014598235509738272,0.14420259462592352,0.05964708379550986,0.06733554678177926
2023-02-06 19:00:00,0.0,0.0,0.0,0.0,0.0,0.0,0.0,0.0,0.0,0.0,0.0,0.0,0.0,0.0,0.0,0.0,0.027758518985140493,0.0,0.03336542503234814,0.0,0.0,0.0,0.0,0.0,0.0,0.0,0.0,0.0
2023-02-06 20:00:00,0.0,0.0,0.0,0.0,0.0,0.0,0.0,0.0,0.0,0.0,0.0,0.0,0.0,0.0,0.0,0.0,0.0,0.0,0.0,0.0,0.0,0.0,0.0,0.0,0.0,0.0,0.0,0.0
2023-02-06 21:00:00,0.0,0.0,0.0,0.0,0.0,0.0,0.0,0.0,0.0,0.0,0.0,0.0,0.0,0.0,0.0,0.0,0.0,0.0,0.0,0.0,0.0,0.0,0.0,0.0,0.0,0.0,0.0,0.0
2023-02-06 22:00:00,0.0,0.0,0.0,0.0,0.0,0.0,0.0,0.0,0.0,0.0,0.0,0.0,0.0,0.0,0.0,0.0,0.0,0.0,0.0,0.0,0.0,0.0,0.0,0.0,0.0,0.0,0.0,0.0
2023-02-06 23:00:00,0.0,0.0,0.0,0.0,0.0,0.0,0.0,0.0,0.0,0.0,0.0,0.0,0.0,0.0,0.0,0.0,0.0,0.0,0.0,0.0,0.0,0.0,0.0,0.0,0.0,0.0,0.0,0.0
2023-02-07 00:00:00,0.0,0.0,0.0,0.0,0.0,0.0,0.0,0.0,0.0,0.0,0.0,0.0,0.0,0.0,0.0,0.0,0.0,0.0,0.0,0.0,0.0,0.0,0.0,0.0,0.0,0.0,0.0,0.0
2023-02-07 01:00:00,0.0,0.0,0.0,0.0,0.0,0.0,0.0,0.0,0.0,0.0,0.0,0.0,0.0,0.0,0.0,0.0,0.0,0.0,0.0,0.0,0.0,0.0,0.0,0.0,0.0,0.0,0.0,0.0
2023-02-07 02:00:00,0.0,0.0,0.0,0.0,0.0,0.0,0.0,0.0,0.0,0.0,0.0,0.0,0.0,0.0,0.0,0.0,0.0,0.0,0.0,0.0,0.0,0.0,0.0,0.0,0.0,0.0,0.0,0.0
2023-02-07 03:00:00,0.0,0.0,0.0,0.0,0.0,0.0,0.0,0.0,0.0,0.0,0.0,0.0,0.0,0.0,0.0,0.0,0.0,0.0,0.0,0.0,0.0,0.0,0.0,0.0,0.0,0.0,0.0,0.0
2023-02-07 04:00:00,0.0,0.0,0.0,0.0,0.0,0.0,0.0,0.0,0.0,0.0,0.0,0.0,0.0,0.0,0.0,0.0,0.0,0.0,0.0,0.0,0.0,0.0,0.0,0.0,0.0,0.0,0.0,0.0
2023-02-07 05:00:00,0.0,0.0,0.0,0.0,0.0,0.0,0.0,0.0,0.0,0.0,0.0,0.0,0.0,0.0,0.0,0.0,0.0,0.0,0.0,0.0,0.0,0.0,0.0,0.0,0.0,0.0,0.0,0.0
2023-02-07 06:00:00,0.0,0.0,0.0,0.0,0.0,0.0,0.0,0.0,0.0,0.0,0.0,0.0,0.0,0.0,0.0,0.0,0.0,0.0,0.0,0.0,0.0,0.0,0.0,0.0,0.0,0.0,0.0,0.0
2023-02-07 07:00:00,0.0,0.0,0.0,0.0,0.0,0.0,0.0,0.0,0.0,0.0,0.0,0.0,0.0,0.0,0.0,0.0,0.0,0.0,0.0,0.0,0.0,0.0,0.0,0.0,0.0,0.0,0.0,0.0
2023-02-07 08:00:00,0.0,0.0,0.0,0.0,0.0,0.0,0.0,0.0,0.0,0.0,0.0,0.0,0.0,0.0,0.0,0.0,0.0,0.0,0.0,0.0,0.0,0.0,0.0,0.0,0.0,0.0,0.0,0.0
2023-02-07 09:00:00,0.0,0.0,0.0,0.0,0.0,0.0,0.0,0.0,0.0,0.0,0.0,0.0,0.0,0.0,0.0,0.0,0.0,0.0,0.0,0.0,0.0,0.0,0.11894157129041777,0.0,0.002860860691564929,0.0,0.0,0.0
2023-02-07 10:00:00,0.05495224745101923,0.04353157520187359,0.02411908257142194,0.020343711483820245,0.027420337149161755,0.008604823070059773,0.0,0.0,0.10390078138791893,0.0,0.0,0.0078086193296202,0.07183950024025917,0.0,0.07682839436472268,0.0717585350902733,0.05017289536566231,0.0019540476924629767,0.00305155127676905,0.0,0.0,0.0034890465420858406,0.19264562182295403,0.045588209241190676,0.026466247174799715,0.024133327885604187,0.06493173619268615,0.06844964776391108
2023-02-07 11:00:00,0.09072718972707225,0.08879546281440645,0.1351766606215935,0.02661989516492639,0.2091453778756317,0.13833354875238563,0.003807643802858624,0.0020159242067586233,0.1864429002132054,0.0026983690053170853,0.0022467242125277414,0.02384845935297452,0.14797934940501242,0.0027518776366997908,0.1408611069739825,0.13696352330799416,0.11867494877213162,0.013825123678986797,0.05793666907263548,0.002076115978821415,0.0028471674605083565,0.017106370077574498,0.338870741286636,0.1039801746032961,0.08312275625039679,0.15560810837988506,0.11673617948258119,0.1483743241590489
2023-02-07 12:00:00,0.166026111742521,0.18734118591211696,0.251756274546162,0.03300106650170196,0.2828292370440416,0.20588466380527656,0.09053112548850961,0.04975720777024836,0.34547113383769756,0.04836666511708052,0.06205358148850147,0.057662236157384465,0.3310653926293449,0.028639585359007506,0.15915432211914513,0.3714605536003268,0.21463019702057706,0.06004969802465535,0.13128026610718,0.018289632674924096,0.028394031575532545,0.0620537464374058,0.40745481209986767,0.11876598516426091,0.11700442318386264,0.19669194768115578,0.1453226137238714,0.15432353899774437
2023-02-07 13:00:00,0.21676953941456106,0.18980182340337648,0.3190322353014286,0.0395389962740957,0.3604063291048314,0.2793527081853104,0.32261034862524113,0.23724418358083502,0.3722419327610162,0.2244399754819397,0.27929923790495026,0.08613927394189937,0.34456573546687624,0.15060566957724678,0.20619989768236582,0.33090728798105906,0.2642777819396443,0.0959882553182247,0.19061668046355576,0.07976016791764501,0.13679091271473742,0.15298586520867713,0.4140354074025328,0.11281999867212934,0.12299384645604942,0.256802243260935,0.1434661151848881,0.14351134973883015
2023-02-07 14:00:00,0.3771301754454853,0.24815760634153483,0.4359844256891963,0.056081450481531264,0.41355450688953715,0.3077680396577727,0.4739248035655417,0.45619249154854696,0.4407249706087985,0.5464782414407218,0.5472377297633112,0.20301372282601807,0.3751939807236779,0.34624646766876,0.23463399554887093,0.3552480008549366,0.3122170137835926,0.26330737635595564,0.25833637831161677,0.26757582755957454,0.3310348891830028,0.42024612410385825,0.4041627443694241,0.14913540340527015,0.13118000446717576,0.301578008540773,0.15764308930392315,0.1888557339674832
2023-02-07 15:00:00,0.46488745102390433,0.27015547784511806,0.3383935155312151,0.10170031334050265,0.40519899530279896,0.30888303563545555,0.44117735118600204,0.4537529262056655,0.4867392843265211,0.43949610004742995,0.47008259173087125,0.26892140525782016,0.42525963937937317,0.41903661065521847,0.3421281150765553,0.3405624830649733,0.35160961475993957,0.3944594835783149,0.2997524014677644,0.30075411072130515,0.4087169510836908,0.4203211472804896,0.33325464849597347,0.13492784634914598,0.09593562759343702,0.34409985875540333,0.14297450248928842,0.16110670117315345
2023-02-07 16:00:00,0.37698867187012175,0.2731713154935413,0.3767209960822243,0.11973895198629321,0.35378227633750886,0.2922884465263379,0.437168165225798,0.46136865541552563,0.38839796378481845,0.46334007564546587,0.4848170093207144,0.21578305644416418,0.32574823685301013,0.4043595708541137,0.34603930705860125,0.2608852775117326,0.33891185041067445,0.33629931088250825,0.25528490697821093,0.3028683243611722,0.38641207137355227,0.37284050997034385,0.2854103192278085,0.16521556585922806,0.06608791788710731,0.29274260778969724,0.09040304487677482,0.20058089561049386
2023-02-07 17:00:00,0.36889542851296886,0.22590578201292782,0.36972869729249386,0.14012259231353574,0.2666453783222209,0.21579999534946342,0.3303812682357317,0.4036937607496989,0.414712439676562,0.4101701183696159,0.39885372734640756,0.34118541475265624,0.3667841000326229,0.4352564085908022,0.2347355358187197,0.3292360211657102,0.29197617934995346,0.336707554391368,0.2256062336114427,0.3748992202754046,0.4401178153296085,0.42863449806851944,0.13348746747243295,0.17960680094024084,0.027276146909894963,0.21276371284911394,0.043209033701529204,0.29207467768584155
2023-02-07 18:00:00,0.27435725589861876,0.18712622816590593,0.19271287293297557,0.18986106093945268,0.13797803343255516,0.10416654860406023,0.12430646897217684,0.21265589404676133,0.298195210882796,0.23566104918786174,0.18961160364114088,0.27013198322361687,0.2744334390239835,0.2756065505266803,0.15393580426752584,0.1825488795354525,0.1513758010657829,0.2747362011480027,0.14844011967565554,0.26664067984098394,0.2839002035776017,0.25245650431729943,0.08279344729634716,0.13546595371410122,0.0018758878197639506,0.12163373340550608,0.007434551113971332,0.19594938048943233
2023-02-07 19:00:00,0.0,0.0,0.0,0.0,0.0,0.0,0.0,0.0,0.0,0.0,0.0,0.0,0.0,0.0,0.0,0.0,0.04139969904992504,0.0,0.03984129010790907,0.0,0.0,0.0,0.0,0.0,0.0,0.0,0.0,0.0
2023-02-07 20:00:00,0.0,0.0,0.0,0.0,0.0,0.0,0.0,0.0,0.0,0.0,0.0,0.0,0.0,0.0,0.0,0.0,0.0,0.0,0.0,0.0,0.0,0.0,0.0,0.0,0.0,0.0,0.0,0.0
2023-02-07 21:00:00,0.0,0.0,0.0,0.0,0.0,0.0,0.0,0.0,0.0,0.0,0.0,0.0,0.0,0.0,0.0,0.0,0.0,0.0,0.0,0.0,0.0,0.0,0.0,0.0,0.0,0.0,0.0,0.0
2023-02-07 22:00:00,0.0,0.0,0.0,0.0,0.0,0.0,0.0,0.0,0.0,0.0,0.0,0.0,0.0,0.0,0.0,0.0,0.0,0.0,0.0,0.0,0.0,0.0,0.0,0.0,0.0,0.0,0.0,0.0
2023-02-07 23:00:00,0.0,0.0,0.0,0.0,0.0,0.0,0.0,0.0,0.0,0.0,0.0,0.0,0.0,0.0,0.0,0.0,0.0,0.0,0.0,0.0,0.0,0.0,0.0,0.0,0.0,0.0,0.0,0.0
2023-02-08 00:00:00,0.0,0.0,0.0,0.0,0.0,0.0,0.0,0.0,0.0,0.0,0.0,0.0,0.0,0.0,0.0,0.0,0.0,0.0,0.0,0.0,0.0,0.0,0.0,0.0,0.0,0.0,0.0,0.0
2023-02-08 01:00:00,0.0,0.0,0.0,0.0,0.0,0.0,0.0,0.0,0.0,0.0,0.0,0.0,0.0,0.0,0.0,0.0,0.0,0.0,0.0,0.0,0.0,0.0,0.0,0.0,0.0,0.0,0.0,0.0
2023-02-08 02:00:00,0.0,0.0,0.0,0.0,0.0,0.0,0.0,0.0,0.0,0.0,0.0,0.0,0.0,0.0,0.0,0.0,0.0,0.0,0.0,0.0,0.0,0.0,0.0,0.0,0.0,0.0,0.0,0.0
2023-02-08 03:00:00,0.0,0.0,0.0,0.0,0.0,0.0,0.0,0.0,0.0,0.0,0.0,0.0,0.0,0.0,0.0,0.0,0.0,0.0,0.0,0.0,0.0,0.0,0.0,0.0,0.0,0.0,0.0,0.0
2023-02-08 04:00:00,0.0,0.0,0.0,0.0,0.0,0.0,0.0,0.0,0.0,0.0,0.0,0.0,0.0,0.0,0.0,0.0,0.0,0.0,0.0,0.0,0.0,0.0,0.0,0.0,0.0,0.0,0.0,0.0
2023-02-08 05:00:00,0.0,0.0,0.0,0.0,0.0,0.0,0.0,0.0,0.0,0.0,0.0,0.0,0.0,0.0,0.0,0.0,0.0,0.0,0.0,0.0,0.0,0.0,0.0,0.0,0.0,0.0,0.0,0.0
2023-02-08 06:00:00,0.0,0.0,0.0,0.0,0.0,0.0,0.0,0.0,0.0,0.0,0.0,0.0,0.0,0.0,0.0,0.0,0.0,0.0,0.0,0.0,0.0,0.0,0.0,0.0,0.0,0.0,0.0,0.0
2023-02-08 07:00:00,0.0,0.0,0.0,0.0,0.0,0.0,0.0,0.0,0.0,0.0,0.0,0.0,0.0,0.0,0.0,0.0,0.0,0.0,0.0,0.0,0.0,0.0,0.0,0.0,0.0,0.0,0.0,0.0
2023-02-08 08:00:00,0.0,0.0,0.0,0.0,0.0,0.0,0.0,0.0,0.0,0.0,0.0,0.0,0.0,0.0,0.0,0.0,0.0,0.0,0.0,0.0,0.0,0.0,0.0,0.0,0.0,0.0,0.0,0.0
2023-02-08 09:00:00,0.0,0.0,0.0,0.0,0.0,0.0,0.0,0.0,0.0,0.0,0.0,0.0,0.0,0.0,0.0,0.0,0.0,0.0,0.0,0.0,0.0,0.0,0.12005123640232433,0.0,0.10817743939449126,0.0,0.0,0.0
2023-02-08 10:00:00,0.08010469606657589,0.37573481264323355,0.14019626490820356,0.27348681568211314,0.00976352665386147,0.04894373531402911,0.2761261088843977,0.34092464186395466,0.05728134012516941,0.24934899448313697,0.25388252534030337,0.23859812224064061,0.05945548894739677,0.3889974394703425,0.1940777490436043,0.08122601444002711,0.0647213462556659,0.12537972999171748,0.04264580801433364,0.41551180824423484,0.3927671241659887,0.15302496204336755,0.25284156906372124,0.4060451578711092,0.578779283416046,0.12035132556095347,0.30543514910418057,0.44204655842750956
2023-02-08 11:00:00,0.13443170757117873,0.514675547887594,0.11855237392563527,0.4494138844630294,0.1809430293828153,0.271629466528577,0.2350730236226846,0.32145166160299926,0.11253063470272422,0.249646922559083,0.22679300513683293,0.32646190492320604,0.12028605028953723,0.39520007692706016,0.2594160408083022,0.10583900295987754,0.1290973439691227,0.21729037639706458,0.08135034081066367,0.4410628988531833,0.4045325654614993,0.20362036933171435,0.45816210824344894,0.5449679384024805,0.6706894297668914,0.24397367842456208,0.43338442889278084,0.5850112256448624
2023-02-08 12:00:00,0.19676638549142458,0.5959832173155124,0.13882262595368128,0.4112500082712987,0.362626619767598,0.32442320438242295,0.16015474336680405,0.2078493715685987,0.12418449639342562,0.19826689059428698,0.17224546581747355,0.4082676080271772,0.13171459859546786,0.2641017010270881,0.24773690495631487,0.1362788235564984,0.13921190959623023,0.2437904221448017,0.11126161938545084,0.27615403164403857,0.27344218335387227,0.27090664153543864,0.6577117414283639,0.6836210073228423,0.8144364676955771,0.3325074242237454,0.6340175034197226,0.6946674021549067
2023-02-08 13:00:00,0.2083461740012444,0.5710691938144151,0.14990831425347564,0.515132032206974,0.47208099636369766,0.33288644249404487,0.17706183766912245,0.18809292562920887,0.15452877646886898,0.20307554667594574,0.17789026213725367,0.49129971460369265,0.1719205801911052,0.20866900265816524,0.22299069323127474,0.15966682480074398,0.1156278774038912,0.26034484127255497,0.10650424019277241,0.25504131552644543,0.21418195708569354,0.2823221917965056,0.6779248858531864,0.7225444892008664,0.7936518880902184,0.37048680304399423,0.5971635896209397,0.7675104031254154
2023-02-08 14:00:00,0.21235480434413087,0.5231950696492141,0.09356097579735075,0.5798967786225675,0.5759843748949327,0.3452631639933267,0.12821993505844917,0.1561163525755879,0.15761517983183496,0.12167542428814124,0.10962493269662531,0.48519341101205316,0.1777157560178229,0.21441338769087637,0.18570641938580235,0.15088380928466819,0.10174708962928947,0.258929803351358,0.09681975888810662,0.22898282201279885,0.22185698368975992,0.26207389035288203,0.7366801199964053,0.6835954200843312,0.6846147689822074,0.36613397060727304,0.5399562295138711,0.757769722695306
2023-02-08 15:00:00,0.12928655455491955,0.3880432392322639,0.11551959125814723,0.4315692600094897,0.6365743581554425,0.3355548420148466,0.13805532297214065,0.11968575733906013,0.11574870839391047,0.10723338664171315,0.11214778867481692,0.26384682592624265,0.14288284120928152,0.12618918222400016,0.1552656938186138,0.12718320600924946,0.08765260530933737,0.15497592901734855,0.07476933812204742,0.11284004562404609,0.12742900835155188,0.1604738279749407,0.7000318618479147,0.559118500084891,0.5386884347444496,0.3468010586952865,0.48365035260499795,0.6943373069542674
2023-02-08 16:00:00,0.0825943101058193,0.24389917373615355,0.06286508865477039,0.2590713657285795,0.5957888214184354,0.15782608516195498,0.08581628268517975,0.09197790364278734,0.06509156111768799,0.06780348708542874,0.07179298223942712,0.16504505166423009,0.07749419333472889,0.12062324693995996,0.08489165167519767,0.06507839694085707,0.03941294209965276,0.09929669891819916,0.04178315695694486,0.08686618522430109,0.12444019419301934,0.10385819385005242,0.674641728780962,0.4842882793980315,0.4984337386737625,0.22354736067976594,0.40943304031877503,0.6160433024911797
2023-02-08 17:00:00,0.051218943385368886,0.1873356431322215,0.017069669967894312,0.16036120353303615,0.4814594505057316,0.07773916666174104,0.031981842427647754,0.08437187474590735,0.03218083035707883,0.05037443188676553,0.0387297400897426,0.1062940261339255,0.03890232641095135,0.138538798986029,0.045751258765053086,0.03063071533183223,0.015216531251802811,0.07767958819021446,0.012670750955082606,0.14348865977086792,0.1461626616465419,0.07897164709483122,0.6033922616799723,0.4056473862481633,0.38482713425810194,0.10602304300549173,0.3492578017903433,0.47106652185318826
2023-02-08 18:00:00,0.022132031304140754,0.11070778110406142,0.004587770604804867,0.10361296570783379,0.29908320933038574,0.025103274431004463,0.015116135691062476,0.06838809398906935,0.007753174437238726,0.025444449897865207,0.020700957893747447,0.06244137373945098,0.009425130354306109,0.12336473827117676,0.013047445544177175,0.006833267466476743,0.0033671253896194126,0.059695937514363806,0.0023577462915873723,0.1379694883950821,0.13114446060282764,0.045674503381947146,0.4991057736455624,0.3075478154250249,0.3207967220714085,0.026196033044113554,0.2514751952345175,0.35069981471613876
2023-02-08 19:00:00,0.0,0.0,0.0,0.0,0.014815333463561951,0.0,0.0,0.0,0.0,0.0,0.0,0.0,0.0,0.0,0.0,0.0,0.0,0.0,0.0,0.0,0.0,0.0,0.0,0.0,0.0,0.0,0.0,0.0
2023-02-08 20:00:00,0.0,0.0,0.0,0.0,0.0,0.0,0.0,0.0,0.0,0.0,0.0,0.0,0.0,0.0,0.0,0.0,0.0,0.0,0.0,0.0,0.0,0.0,0.0,0.0,0.0,0.0,0.0,0.0
2023-02-08 21:00:00,0.0,0.0,0.0,0.0,0.0,0.0,0.0,0.0,0.0,0.0,0.0,0.0,0.0,0.0,0.0,0.0,0.0,0.0,0.0,0.0,0.0,0.0,0.0,0.0,0.0,0.0,0.0,0.0
2023-02-08 22:00:00,0.0,0.0,0.0,0.0,0.0,0.0,0.0,0.0,0.0,0.0,0.0,0.0,0.0,0.0,0.0,0.0,0.0,0.0,0.0,0.0,0.0,0.0,0.0,0.0,0.0,0.0,0.0,0.0
2023-02-08 23:00:00,0.0,0.0,0.0,0.0,0.0,0.0,0.0,0.0,0.0,0.0,0.0,0.0,0.0,0.0,0.0,0.0,0.0,0.0,0.0,0.0,0.0,0.0,0.0,0.0,0.0,0.0,0.0,0.0
2023-02-09 00:00:00,0.0,0.0,0.0,0.0,0.0,0.0,0.0,0.0,0.0,0.0,0.0,0.0,0.0,0.0,0.0,0.0,0.0,0.0,0.0,0.0,0.0,0.0,0.0,0.0,0.0,0.0,0.0,0.0
2023-02-09 01:00:00,0.0,0.0,0.0,0.0,0.0,0.0,0.0,0.0,0.0,0.0,0.0,0.0,0.0,0.0,0.0,0.0,0.0,0.0,0.0,0.0,0.0,0.0,0.0,0.0,0.0,0.0,0.0,0.0
2023-02-09 02:00:00,0.0,0.0,0.0,0.0,0.0,0.0,0.0,0.0,0.0,0.0,0.0,0.0,0.0,0.0,0.0,0.0,0.0,0.0,0.0,0.0,0.0,0.0,0.0,0.0,0.0,0.0,0.0,0.0
2023-02-09 03:00:00,0.0,0.0,0.0,0.0,0.0,0.0,0.0,0.0,0.0,0.0,0.0,0.0,0.0,0.0,0.0,0.0,0.0,0.0,0.0,0.0,0.0,0.0,0.0,0.0,0.0,0.0,0.0,0.0
2023-02-09 04:00:00,0.0,0.0,0.0,0.0,0.0,0.0,0.0,0.0,0.0,0.0,0.0,0.0,0.0,0.0,0.0,0.0,0.0,0.0,0.0,0.0,0.0,0.0,0.0,0.0,0.0,0.0,0.0,0.0
2023-02-09 05:00:00,0.0,0.0,0.0,0.0,0.0,0.0,0.0,0.0,0.0,0.0,0.0,0.0,0.0,0.0,0.0,0.0,0.0,0.0,0.0,0.0,0.0,0.0,0.0,0.0,0.0,0.0,0.0,0.0
2023-02-09 06:00:00,0.0,0.0,0.0,0.0,0.0,0.0,0.0,0.0,0.0,0.0,0.0,0.0,0.0,0.0,0.0,0.0,0.0,0.0,0.0,0.0,0.0,0.0,0.0,0.0,0.0,0.0,0.0,0.0
2023-02-09 07:00:00,0.0,0.0,0.0,0.0,0.0,0.0,0.0,0.0,0.0,0.0,0.0,0.0,0.0,0.0,0.0,0.0,0.0,0.0,0.0,0.0,0.0,0.0,0.0,0.0,0.0,0.0,0.0,0.0
2023-02-09 08:00:00,0.0,0.0,0.0,0.0,0.0,0.0,0.0,0.0,0.0,0.0,0.0,0.0,0.0,0.0,0.0,0.0,0.0,0.0,0.0,0.0,0.0,0.0,0.0,0.0,0.0,0.0,0.0,0.0
2023-02-09 09:00:00,0.0,0.0,0.0,0.0,0.0,0.0,0.0,0.0,0.0,0.0,0.0,0.0,0.0,0.0,0.0,0.0,0.0,0.0,0.0,0.0,0.0,0.0,0.2893874121033018,0.0,0.050687217154420476,0.0,0.0,0.0
2023-02-09 10:00:00,0.01927826196221196,0.10838347850350959,0.01735356812805239,0.027003729774934905,9.414350812410628e-05,0.0,0.018396204688133928,0.010173771527674175,0.0014060735120187465,0.0060116383517539625,0.010029592818533696,0.03267249793204659,0.002355363431234501,0.00915344011298373,0.0010974030162531614,0.0010958381496979316,0.0,0.003835987728382803,0.0,0.0036695291400560257,0.009408812600206857,0.012031292907044563,0.38282245186213154,0.0629863147689246,0.08998862631214061,0.000152335069142291,0.030098559452130958,0.08553764783670129
2023-02-09 11:00:00,0.05072627248789289,0.20545301923579865,0.07201104338222496,0.06156301562942277,0.033693149130517484,0.03486113862019145,0.10089027433691107,0.05578842867957617,0.01469622781949588,0.055242431589078995,0.061238540281940944,0.09286647260367865,0.020599438350440105,0.047748127442111,0.009665765580035703,0.011660683770686355,0.008295159081286956,0.02334064348072863,0.010136388757849302,0.025760392861751982,0.04753025478872659,0.05262784249581068,0.5763260512431202,0.12305829669591996,0.25762065035513587,0.027609011722081144,0.13665819000490886,0.18868458761143259
2023-02-09 12:00:00,0.081792329004331,0.3223692477870025,0.1713974621110786,0.08466965667144745,0.09387329841254605,0.07200908652079537,0.21351047599172937,0.1350291207706186,0.03916989334262659,0.10216432972150742,0.1335120840192696,0.14899679119468703,0.04801019344525361,0.12670506493138878,0.030557486358537972,0.03263184571599523,0.019011005846309846,0.04296239883711775,0.03593804393803567,0.05429005948040501,0.1256853635881393,0.09180451055895882,0.5292722350403846,0.16393255720361255,0.24502931651939236,0.06020252153387924,0.10520330984326351,0.23287311673408545
2023-02-09 13:00:00,0.11963904504100491,0.3900753365854205,0.1707724360221454,0.1042997215733737,0.14426816320559563,0.08362362295186308,0.2373396670685305,0.21981397672082248,0.05612455934086524,0.17690015760883993,0.19554078469057795,0.18949157044992582,0.06325544918879915,0.2340130157847971,0.060263982943049674,0.04328728983744684,0.055999436803402684,0.10274758391869206,0.06873923685286672,0.14666269404062635,0.23577570588448776,0.16685621878683266,0.6599958230477364,0.1898985079409679,0.3677010853011717,0.08304996335617579,0.14695110746924656,0.21971899281591994
2023-02-09 14:00:00,0.15446328302404805,0.4180921920796223,0.18146592496974956,0.1647867520832806,0.19508971905015465,0.07850790645529149,0.17652415487947273,0.22162563693472384,0.06704224378943029,0.1634471198052399,0.16238321401835581,0.28054843886768877,0.0863323037431959,0.30834532438160456,0.05894549898499404,0.05173305501633249,0.08343375693864498,0.11730783706063193,0.10908543156434611,0.23213263111636473,0.31999613539057764,0.19573716256839313,0.6986209952782836,0.26246497655977485,0.43084699789223163,0.0823268291687491,0.1667647194443464,0.3106953319768377
2023-02-09 15:00:00,0.16035979246957033,0.3802983072838377,0.13210838842893777,0.214457527327633,0.20849430778365094,0.07095643646191067,0.17357654533580205,0.26076443207454075,0.08201846880119411,0.12164275282636378,0.14490409681930844,0.2779454217045882,0.09983810593474425,0.4166251736588682,0.0752440830854826,0.05731895433678229,0.07293798385262448,0.12540473860319354,0.07682719429905886,0.27068942022437403,0.43322757908934906,0.18099749167743115,0.7419065083675433,0.18717985708968402,0.4198564183926987,0.06057486944739433,0.1811548981442197,0.24176502192034605
2023-02-09 16:00:00,0.13338680950543336,0.4136022738907957,0.09871859837849811,0.2609158245348448,0.15883366256766224,0.057574173075938165,0.2265362172682155,0.27250593148269586,0.06364897734601699,0.09248528494195804,0.13088598266703255,0.2414849429497192,0.07690678148717774,0.4548634595023555,0.06066464294850841,0.045498038554963906,0.07242771281712464,0.1161648983263716,0.09056291845548514,0.2888180599217732,0.47220246908785724,0.15461314931063053,0.6009954623890529,0.14723158869129216,0.2634451791670456,0.045833698063745654,0.15639433117461668,0.19462592615409857
2023-02-09 17:00:00,0.07939219804777312,0.4068940896312809,0.09002296261220571,0.2669050380044523,0.08932166585300769,0.048888976774724646,0.3075359556419001,0.38301748375575523,0.04016223504260484,0.1704659725979031,0.2248532255871804,0.16592318671443168,0.03991807115819095,0.5258934659047463,0.05684215574801503,0.02401397297866051,0.05226271853963163,0.08605544094468269,0.07302799604649693,0.39193681886035536,0.5347559879951596,0.1099938374720754,0.42102500767118334,0.11659997680135252,0.2257302409503527,0.03083937868692917,0.14436983205931167,0.16819794264984847
2023-02-09 18:00:00,0.03739292956815421,0.26148328074194194,0.043159974703277086,0.29307082972877524,0.0355528872555186,0.022879797731572258,0.16151305363947233,0.25915466339693394,0.01654445417303832,0.11438652884518977,0.14262274749624215,0.12473259582140585,0.01758301957503407,0.36526765351462903,0.015835532239877687,0.0071206213760640555,0.0334618332631551,0.031368683201141896,0.05343969331275942,0.32057991516511214,0.3732676017449964,0.05508833291434346,0.12760633315863823,0.09606767634321246,0.08485179081162644,0.016710602693522522,0.06349982633948494,0.1400110964284651
2023-02-09 19:00:00,0.0,0.0,0.0,0.0,0.0007933984110054919,0.0,0.0,0.0,0.0,0.0,0.0,0.0,0.0,0.0,0.0,0.0,0.01926714185520431,0.0,0.0621540778437679,0.0,0.0,0.0,0.0,0.0,0.0,0.0,0.0,0.0
2023-02-09 20:00:00,0.0,0.0,0.0,0.0,0.0,0.0,0.0,0.0,0.0,0.0,0.0,0.0,0.0,0.0,0.0,0.0,0.0,0.0,0.0,0.0,0.0,0.0,0.0,0.0,0.0,0.0,0.0,0.0
2023-02-09 21:00:00,0.0,0.0,0.0,0.0,0.0,0.0,0.0,0.0,0.0,0.0,0.0,0.0,0.0,0.0,0.0,0.0,0.0,0.0,0.0,0.0,0.0,0.0,0.0,0.0,0.0,0.0,0.0,0.0
2023-02-09 22:00:00,0.0,0.0,0.0,0.0,0.0,0.0,0.0,0.0,0.0,0.0,0.0,0.0,0.0,0.0,0.0,0.0,0.0,0.0,0.0,0.0,0.0,0.0,0.0,0.0,0.0,0.0,0.0,0.0
2023-02-09 23:00:00,0.0,0.0,0.0,0.0,0.0,0.0,0.0,0.0,0.0,0.0,0.0,0.0,0.0,0.0,0.0,0.0,0.0,0.0,0.0,0.0,0.0,0.0,0.0,0.0,0.0,0.0,0.0,0.0
2023-02-10 00:00:00,0.0,0.0,0.0,0.0,0.0,0.0,0.0,0.0,0.0,0.0,0.0,0.0,0.0,0.0,0.0,0.0,0.0,0.0,0.0,0.0,0.0,0.0,0.0,0.0,0.0,0.0,0.0,0.0
2023-02-10 01:00:00,0.0,0.0,0.0,0.0,0.0,0.0,0.0,0.0,0.0,0.0,0.0,0.0,0.0,0.0,0.0,0.0,0.0,0.0,0.0,0.0,0.0,0.0,0.0,0.0,0.0,0.0,0.0,0.0
2023-02-10 02:00:00,0.0,0.0,0.0,0.0,0.0,0.0,0.0,0.0,0.0,0.0,0.0,0.0,0.0,0.0,0.0,0.0,0.0,0.0,0.0,0.0,0.0,0.0,0.0,0.0,0.0,0.0,0.0,0.0
2023-02-10 03:00:00,0.0,0.0,0.0,0.0,0.0,0.0,0.0,0.0,0.0,0.0,0.0,0.0,0.0,0.0,0.0,0.0,0.0,0.0,0.0,0.0,0.0,0.0,0.0,0.0,0.0,0.0,0.0,0.0
2023-02-10 04:00:00,0.0,0.0,0.0,0.0,0.0,0.0,0.0,0.0,0.0,0.0,0.0,0.0,0.0,0.0,0.0,0.0,0.0,0.0,0.0,0.0,0.0,0.0,0.0,0.0,0.0,0.0,0.0,0.0
2023-02-10 05:00:00,0.0,0.0,0.0,0.0,0.0,0.0,0.0,0.0,0.0,0.0,0.0,0.0,0.0,0.0,0.0,0.0,0.0,0.0,0.0,0.0,0.0,0.0,0.0,0.0,0.0,0.0,0.0,0.0
2023-02-10 06:00:00,0.0,0.0,0.0,0.0,0.0,0.0,0.0,0.0,0.0,0.0,0.0,0.0,0.0,0.0,0.0,0.0,0.0,0.0,0.0,0.0,0.0,0.0,0.0,0.0,0.0,0.0,0.0,0.0
2023-02-10 07:00:00,0.0,0.0,0.0,0.0,0.0,0.0,0.0,0.0,0.0,0.0,0.0,0.0,0.0,0.0,0.0,0.0,0.0,0.0,0.0,0.0,0.0,0.0,0.0,0.0,0.0,0.0,0.0,0.0
2023-02-10 08:00:00,0.0,0.0,0.0,0.0,0.0,0.0,0.0,0.0,0.0,0.0,0.0,0.0,0.0,0.0,0.0,0.0,0.0,0.0,0.0,0.0,0.0,0.0,0.0,0.0,0.0,0.0,0.0,0.0
2023-02-10 09:00:00,0.0,0.0,0.0,0.0,0.0,0.0,0.0,0.0,0.0,0.0,0.0,0.0,0.0,0.0,0.0,0.0,0.0,0.0,0.0,0.0,0.0,0.0,0.2947789635726593,0.0,0.05855646391063019,0.0,0.0,0.0
2023-02-10 10:00:00,0.08880724971686645,0.19613717978905437,0.1385737633502047,0.1983416835559998,0.017739345549460214,0.06078158270174624,0.12208496227041737,0.1602679168754709,0.09846831906559282,0.17472494808348127,0.12307177241170263,0.1396267336417502,0.04152109671224414,0.20531004235055794,0.022155795850405217,0.03936786270978387,0.09930582755276687,0.17215938193470423,0.02152254641106004,0.19159062344491923,0.21798639798703856,0.13625154674078754,0.44948184704144095,0.31923232911335986,0.26466801489478115,0.05572218910808496,0.1350740236152413,0.3804659164904214
2023-02-10 11:00:00,0.13490869194092092,0.3027644340010617,0.15977868692908997,0.29826634792858414,0.19064836493920598,0.08329730349285215,0.17649134554619852,0.17825447452438592,0.14717335003789908,0.17549433004676968,0.12993241408466769,0.24426491374016898,0.06943953905886795,0.23721269076583568,0.037800972994065096,0.06932070703236294,0.16594384440312596,0.12060441168622171,0.07743145279925037,0.19430780591562946,0.2518519783312173,0.153341496390847,0.6237392746434249,0.4271040020315305,0.5675271466316725,0.09142944952220475,0.4172832746830808,0.5288339762653892
2023-02-10 12:00:00,0.23460138697780483,0.37280867846589827,0.43139133978985733,0.3268672493323586,0.3586737746986632,0.18684521067671883,0.41531669453446146,0.3175615928205107,0.14025134315265717,0.40542015199262366,0.39207837719441047,0.3793805513858395,0.1070838657697873,0.24794589770983266,0.17160125210147106,0.21992633587382168,0.2067873763301172,0.14653942723470875,0.212281608485012,0.17782028123636273,0.24564458964086397,0.28956935434768893,0.6756544225087393,0.4564834578666364,0.4780622686732981,0.1675116794779744,0.5150027331907064,0.6013687710467872
2023-02-10 13:00:00,0.22998298270045034,0.42493754840910525,0.39962433608893694,0.46775188828926645,0.38468077912133114,0.22693270786658495,0.4201297460850901,0.42996406126418846,0.167879795406774,0.3859806220325722,0.39504533934011155,0.39803068344735776,0.12729376902215228,0.4565114218869305,0.23138933487011182,0.1971683082510016,0.24977096378936303,0.12905574819752572,0.20268348345006656,0.360056732878086,0.45746804064432434,0.2744369406674662,0.6365882198780611,0.4829546097503311,0.4400126264051295,0.1848861845467902,0.49097598520456576,0.6215398150078499
2023-02-10 14:00:00,0.24000490578681885,0.4573724607850239,0.415900942207027,0.49263779888095505,0.3621739981683707,0.2840318556566149,0.39296141432163867,0.3733458652613823,0.19707389844289028,0.37711892143426845,0.37310324231581016,0.41984446339453996,0.1508711579161345,0.39064016314520444,0.20491569248627678,0.20653287124371,0.1802001771600347,0.17182206959567015,0.2027493165875822,0.3131470011278837,0.39445595283199114,0.3053777521871117,0.6081983071919523,0.5083788227220084,0.4084895464476192,0.18489795794203343,0.5075258607451505,0.6083919117748444
2023-02-10 15:00:00,0.23677100655378128,0.3872977545787247,0.4731498033119941,0.4130071002321838,0.33503622248488213,0.26154646714396657,0.4501585882972712,0.43339117392526383,0.23841845517884133,0.44978190178744115,0.43582626065738594,0.3724886300846907,0.20370903225213402,0.45617052494433225,0.22746289288882857,0.28701055667590625,0.28093474031265575,0.2347965083446005,0.26020671680846574,0.3750407872018752,0.4628655440120917,0.3274916465717776,0.6026078811559364,0.44524662439495605,0.42095581028341084,0.1696216256024516,0.4549110723580063,0.5626326388785882
2023-02-10 16:00:00,0.2725322473299337,0.3562847626351309,0.4510258070928186,0.5484279493094312,0.2578200165420557,0.20582781763566718,0.49724621810677894,0.5285569858199829,0.18064761574013774,0.5640955145370365,0.5407252180517239,0.507735664523793,0.1275164049334103,0.5248774673888813,0.21972923462211613,0.1455414788186454,0.2931772304443944,0.24949339517438038,0.22018927109962702,0.4964383911422661,0.5286596973777801,0.43256908755228013,0.5615383253377108,0.37941702878848016,0.3868989399430218,0.1725110609209436,0.3998623261229571,0.4849617920551992
2023-02-10 17:00:00,0.1780660336625888,0.2585678777616329,0.40911257977159177,0.4130888790683937,0.19922793692319826,0.17093799022844794,0.49363083062271995,0.47946769198078215,0.10903756692197501,0.49420778669292303,0.49824561731081973,0.3785176626392172,0.09210360807058675,0.4298103988943231,0.14435961823468008,0.09979920000657716,0.2932694330908533,0.09240361261787815,0.2667158888774414,0.3207946105256032,0.4233787662361982,0.28951737878222644,0.4705980159495813,0.2995333481609465,0.27532048722509606,0.1336079786439306,0.29550467828000615,0.3836064754722217
2023-02-10 18:00:00,0.1808345947601082,0.22746448078538842,0.31280185343622446,0.32131501926404743,0.12356507378104245,0.08694521604006962,0.3824144224023834,0.41752748480082696,0.09961844047273455,0.3858871987351809,0.39661673018292287,0.25946368287842564,0.09303836946289873,0.42139995451807377,0.05721638166667359,0.060828379592582305,0.2371509147464581,0.11619817891277355,0.19914529538325756,0.38817715270976055,0.4203526132222791,0.21720127837107825,0.32047791815855836,0.16901723669948152,0.17086604400530342,0.09032019860093499,0.1795062505099113,0.2309047869256798
2023-02-10 19:00:00,0.0,0.0,0.0,0.0,0.009485573740367192,0.0,0.0,0.0,0.006745875719023727,0.0,0.0,0.0,0.0,0.0,0.0,0.0,0.07780141017384627,0.0,0.016055997086954668,0.0,0.0,0.0,0.0,0.0,0.0,0.0,0.0,0.0
2023-02-10 20:00:00,0.0,0.0,0.0,0.0,0.0,0.0,0.0,0.0,0.0,0.0,0.0,0.0,0.0,0.0,0.0,0.0,0.0,0.0,0.0,0.0,0.0,0.0,0.0,0.0,0.0,0.0,0.0,0.0
2023-02-10 21:00:00,0.0,0.0,0.0,0.0,0.0,0.0,0.0,0.0,0.0,0.0,0.0,0.0,0.0,0.0,0.0,0.0,0.0,0.0,0.0,0.0,0.0,0.0,0.0,0.0,0.0,0.0,0.0,0.0
2023-02-10 22:00:00,0.0,0.0,0.0,0.0,0.0,0.0,0.0,0.0,0.0,0.0,0.0,0.0,0.0,0.0,0.0,0.0,0.0,0.0,0.0,0.0,0.0,0.0,0.0,0.0,0.0,0.0,0.0,0.0
2023-02-10 23:00:00,0.0,0.0,0.0,0.0,0.0,0.0,0.0,0.0,0.0,0.0,0.0,0.0,0.0,0.0,0.0,0.0,0.0,0.0,0.0,0.0,0.0,0.0,0.0,0.0,0.0,0.0,0.0,0.0
2023-02-11 00:00:00,0.0,0.0,0.0,0.0,0.0,0.0,0.0,0.0,0.0,0.0,0.0,0.0,0.0,0.0,0.0,0.0,0.0,0.0,0.0,0.0,0.0,0.0,0.0,0.0,0.0,0.0,0.0,0.0
2023-02-11 01:00:00,0.0,0.0,0.0,0.0,0.0,0.0,0.0,0.0,0.0,0.0,0.0,0.0,0.0,0.0,0.0,0.0,0.0,0.0,0.0,0.0,0.0,0.0,0.0,0.0,0.0,0.0,0.0,0.0
2023-02-11 02:00:00,0.0,0.0,0.0,0.0,0.0,0.0,0.0,0.0,0.0,0.0,0.0,0.0,0.0,0.0,0.0,0.0,0.0,0.0,0.0,0.0,0.0,0.0,0.0,0.0,0.0,0.0,0.0,0.0
2023-02-11 03:00:00,0.0,0.0,0.0,0.0,0.0,0.0,0.0,0.0,0.0,0.0,0.0,0.0,0.0,0.0,0.0,0.0,0.0,0.0,0.0,0.0,0.0,0.0,0.0,0.0,0.0,0.0,0.0,0.0
2023-02-11 04:00:00,0.0,0.0,0.0,0.0,0.0,0.0,0.0,0.0,0.0,0.0,0.0,0.0,0.0,0.0,0.0,0.0,0.0,0.0,0.0,0.0,0.0,0.0,0.0,0.0,0.0,0.0,0.0,0.0
2023-02-11 05:00:00,0.0,0.0,0.0,0.0,0.0,0.0,0.0,0.0,0.0,0.0,0.0,0.0,0.0,0.0,0.0,0.0,0.0,0.0,0.0,0.0,0.0,0.0,0.0,0.0,0.0,0.0,0.0,0.0
2023-02-11 06:00:00,0.0,0.0,0.0,0.0,0.0,0.0,0.0,0.0,0.0,0.0,0.0,0.0,0.0,0.0,0.0,0.0,0.0,0.0,0.0,0.0,0.0,0.0,0.0,0.0,0.0,0.0,0.0,0.0
2023-02-11 07:00:00,0.0,0.0,0.0,0.0,0.0,0.0,0.0,0.0,0.0,0.0,0.0,0.0,0.0,0.0,0.0,0.0,0.0,0.0,0.0,0.0,0.0,0.0,0.0,0.0,0.0,0.0,0.0,0.0
2023-02-11 08:00:00,0.0,0.0,0.0,0.0,0.0,0.0,0.0,0.0,0.0,0.0,0.0,0.0,0.0,0.0,0.0,0.0,0.0,0.0,0.0,0.0,0.0,0.0,0.0,0.0,0.0,0.0,0.0,0.0
2023-02-11 09:00:00,0.0,0.0,0.0,0.0,0.0,0.0,0.0,0.0,0.0,0.0,0.0,0.0,0.0,0.0,0.0,0.0,0.0,0.0,0.0,0.0,0.0,0.0,0.1972776676138993,0.0,0.16819884895427134,0.0,0.0022462763662740325,0.02009535319021497
2023-02-11 10:00:00,0.1009615908860774,0.10514278504400941,0.24768927489070997,0.11422419377115055,0.033792984791307795,0.009953145073017266,0.23392629478781626,0.1793539498489485,0.022166855272344552,0.20974370236288825,0.1914355401000197,0.12112671156616492,0.023166618369769146,0.14721651477745418,0.012124618139446784,0.012613334274926294,0.0034188184518528435,0.1370818549122168,0.020910545649624433,0.2068352136122778,0.14522008221913604,0.15689003300991142,0.2939008144252855,0.12947854382751914,0.20218384712504162,0.017674812030649727,0.09323368096573188,0.13963177522051592
2023-02-11 11:00:00,0.12079927171398382,0.20871413643284517,0.36246934424327104,0.23529393812803123,0.1553388897098615,0.04782180717677643,0.5323406633692335,0.4282997226554466,0.037077051509951255,0.36653356816726346,0.4294854743446393,0.24019104014179535,0.04309960623584658,0.32082376069327484,0.033492172302755835,0.025387907263884596,0.023871433587253826,0.1559093720862613,0.0764576279150572,0.2325687599486297,0.2980114703829281,0.23315438889479223,0.48468278488486255,0.28094424066234236,0.2730356085972325,0.07654320474958995,0.2898658215296575,0.2979311505070678
2023-02-11 12:00:00,0.2208657866680463,0.37496803788904337,0.3211668746646023,0.2968792943556637,0.2243599397605291,0.08943215616732678,0.48875158035087996,0.3877439334398916,0.056353232464769684,0.35289590329679543,0.38926701549602466,0.3780458003467848,0.0627223856831243,0.31974870755797535,0.06380743571194823,0.0448746002056003,0.026395300229019817,0.3033249084077414,0.04119092806376886,0.24978677062274993,0.30518862162811994,0.3518640111797407,0.5847117703073409,0.4321597454257226,0.2889176082372736,0.10874985039487549,0.366095226181563,0.41598984099737074
2023-02-11 13:00:00,0.217060322523064,0.4458606221002375,0.28594702816691253,0.37201840252824137,0.3051652959610312,0.10503290319944249,0.431479724563282,0.31517827511844954,0.08700913775750237,0.29370671869517007,0.31958209535262827,0.4151370868421774,0.10817667349742292,0.28543093498844185,0.1094378725528911,0.0863004772784705,0.06064307192904446,0.27054285812557266,0.06910591938297245,0.2554970002448622,0.2783265280539441,0.3450350681381056,0.7011242455842863,0.49799280803200496,0.5041518710284297,0.13922839291070394,0.45759708180077874,0.4922401922160467
2023-02-11 14:00:00,0.18591010460842525,0.4426738942957037,0.3273656264164517,0.35931584040936965,0.33780864672117866,0.13323470371516236,0.39547044332840375,0.30243015280367264,0.1203529739143306,0.2870869741570884,0.2985220836569593,0.3384060446672381,0.14058938582688327,0.2845384498805381,0.12209537961132921,0.0775509667706272,0.05682500777583428,0.229263798955501,0.059083832678794,0.2599770117065404,0.2805039302626559,0.3012688151774976,0.5641960370356468,0.43500859883802323,0.4936831656314004,0.1620206987445814,0.380269091486763,0.4191728323112959
2023-02-11 15:00:00,0.22589512936905728,0.4279944239382088,0.20653307159765477,0.3148526743483804,0.36549464636855883,0.1300593767959878,0.24429467595299995,0.19315259179808353,0.10768168982519148,0.2172299831513712,0.184003845093321,0.33573826032297976,0.12340683063812422,0.21261901602994138,0.11658697486127761,0.07040030739641268,0.03657813065158491,0.2775337532559294,0.03225378575715267,0.20816944709058735,0.21861404639798226,0.30641570134155544,0.4634891997095062,0.33909511099645406,0.43909653151458716,0.1538069870650359,0.30192762495238,0.3759087781664995
2023-02-11 16:00:00,0.12162861350907717,0.28268109529197977,0.0960910280167623,0.20682302954812357,0.2953106125287137,0.10871368114726042,0.2078594095919001,0.13911357373232694,0.049615922260403546,0.162755270679105,0.13397656298776947,0.25055274374038,0.06486530751328286,0.14352353740965804,0.0957970897350286,0.04806673018653588,0.03487088816259927,0.1417734929287513,0.0281704792322727,0.12875950926381077,0.14674280279105612,0.22764271496713662,0.5101530584659958,0.28667231964320034,0.38080297095858645,0.12132319852060867,0.2638855031608204,0.33301452228346273
2023-02-11 17:00:00,0.07323791680347984,0.1910459394791327,0.05845809492114565,0.1864765566546234,0.24785084334223367,0.09061460372001431,0.1553831231761779,0.11831976932658365,0.04749084582215936,0.09572293589277298,0.0879912446303981,0.11046229664492126,0.05747629557926281,0.1623060859481564,0.08674277862025596,0.039201458959486846,0.020355417141449207,0.06290953337421795,0.015681011165263187,0.11781783504895998,0.16751120326623908,0.09378659321546996,0.4196324311197825,0.15996141486964327,0.31599652306117765,0.12341040600967501,0.15567431963690653,0.2021821440189171
2023-02-11 18:00:00,0.027795014294465042,0.05832100619677424,0.01967110043606338,0.1002096575850873,0.11443260699622701,0.03569849213419374,0.03065016121050233,0.04644011329206454,0.015323135481315791,0.025864744746794618,0.018121920566726537,0.05250752944177622,0.01743228015037872,0.08336445836952312,0.0364569270042292,0.015053983817635315,0.0052911791242762785,0.033553186235313406,0.003309548260671633,0.06371009398244683,0.08757406238251103,0.03569085513563148,0.3876364009699935,0.12880891472154332,0.23785537426669848,0.056076249672429725,0.071394711463506,0.12745229056417837
2023-02-11 19:00:00,0.0,0.0,0.0,0.0,0.0023672920095035347,0.0,0.0,0.0,0.0,0.0,0.0,0.0,0.0,0.0,0.0,0.0,0.0,0.0,0.0,0.0,0.0,0.0,0.0,0.0,0.0,0.0,0.0,0.0
2023-02-11 20:00:00,0.0,0.0,0.0,0.0,0.0,0.0,0.0,0.0,0.0,0.0,0.0,0.0,0.0,0.0,0.0,0.0,0.0,0.0,0.0,0.0,0.0,0.0,0.0,0.0,0.0,0.0,0.0,0.0
2023-02-11 21:00:00,0.0,0.0,0.0,0.0,0.0,0.0,0.0,0.0,0.0,0.0,0.0,0.0,0.0,0.0,0.0,0.0,0.0,0.0,0.0,0.0,0.0,0.0,0.0,0.0,0.0,0.0,0.0,0.0
2023-02-11 22:00:00,0.0,0.0,0.0,0.0,0.0,0.0,0.0,0.0,0.0,0.0,0.0,0.0,0.0,0.0,0.0,0.0,0.0,0.0,0.0,0.0,0.0,0.0,0.0,0.0,0.0,0.0,0.0,0.0
2023-02-11 23:00:00,0.0,0.0,0.0,0.0,0.0,0.0,0.0,0.0,0.0,0.0,0.0,0.0,0.0,0.0,0.0,0.0,0.0,0.0,0.0,0.0,0.0,0.0,0.0,0.0,0.0,0.0,0.0,0.0
2023-02-12 00:00:00,0.0,0.0,0.0,0.0,0.0,0.0,0.0,0.0,0.0,0.0,0.0,0.0,0.0,0.0,0.0,0.0,0.0,0.0,0.0,0.0,0.0,0.0,0.0,0.0,0.0,0.0,0.0,0.0
2023-02-12 01:00:00,0.0,0.0,0.0,0.0,0.0,0.0,0.0,0.0,0.0,0.0,0.0,0.0,0.0,0.0,0.0,0.0,0.0,0.0,0.0,0.0,0.0,0.0,0.0,0.0,0.0,0.0,0.0,0.0
2023-02-12 02:00:00,0.0,0.0,0.0,0.0,0.0,0.0,0.0,0.0,0.0,0.0,0.0,0.0,0.0,0.0,0.0,0.0,0.0,0.0,0.0,0.0,0.0,0.0,0.0,0.0,0.0,0.0,0.0,0.0
2023-02-12 03:00:00,0.0,0.0,0.0,0.0,0.0,0.0,0.0,0.0,0.0,0.0,0.0,0.0,0.0,0.0,0.0,0.0,0.0,0.0,0.0,0.0,0.0,0.0,0.0,0.0,0.0,0.0,0.0,0.0
2023-02-12 04:00:00,0.0,0.0,0.0,0.0,0.0,0.0,0.0,0.0,0.0,0.0,0.0,0.0,0.0,0.0,0.0,0.0,0.0,0.0,0.0,0.0,0.0,0.0,0.0,0.0,0.0,0.0,0.0,0.0
2023-02-12 05:00:00,0.0,0.0,0.0,0.0,0.0,0.0,0.0,0.0,0.0,0.0,0.0,0.0,0.0,0.0,0.0,0.0,0.0,0.0,0.0,0.0,0.0,0.0,0.0,0.0,0.0,0.0,0.0,0.0
2023-02-12 06:00:00,0.0,0.0,0.0,0.0,0.0,0.0,0.0,0.0,0.0,0.0,0.0,0.0,0.0,0.0,0.0,0.0,0.0,0.0,0.0,0.0,0.0,0.0,0.0,0.0,0.0,0.0,0.0,0.0
2023-02-12 07:00:00,0.0,0.0,0.0,0.0,0.0,0.0,0.0,0.0,0.0,0.0,0.0,0.0,0.0,0.0,0.0,0.0,0.0,0.0,0.0,0.0,0.0,0.0,0.0,0.0,0.0,0.0,0.0,0.0
2023-02-12 08:00:00,0.0,0.0,0.0,0.0,0.0,0.0,0.0,0.0,0.0,0.0,0.0,0.0,0.0,0.0,0.0,0.0,0.0,0.0,0.0,0.0,0.0,0.0,0.0,0.0,0.0,0.0,0.0,0.0
2023-02-12 09:00:00,0.0,0.0,0.0,0.01157232342301636,0.0,0.0,0.0,0.0,0.0,0.0,0.0,0.0,0.0,0.0,0.0,0.0,0.0,0.0,0.0,0.0,0.0,0.0,0.13512174850882197,0.005709297890594611,0.01801501956096642,0.0,2.0562827873459867e-05,0.004947728569384855
2023-02-12 10:00:00,0.020578518692582447,0.15938239040306637,0.003189569198122513,0.04977996327291641,0.001778742878640061,0.00017360029046384025,0.005352817441824511,0.007327908484461428,0.006905013271504913,0.0037163709902775146,0.0028773110162549076,0.05051739665139131,0.006009875765441028,0.017557482016489975,0.014223919687024831,0.002109144853341942,0.0013337223450160362,0.003243402410226096,0.010054466278843915,0.00043332828975866484,0.019281565705436446,0.014700019203273969,0.3816553390615989,0.14437144995939408,0.06734772500193074,0.002594928262273883,0.018622433862338483,0.22837288261065164
2023-02-12 11:00:00,0.03229858284847737,0.29583019120131554,0.008011124597792744,0.05344827050777232,0.04723312108329801,0.007522632174280171,0.006607830972807135,0.011318966319790269,0.02599158238684435,0.010491801003328234,0.007950431020233897,0.04749883481222031,0.02720938052937728,0.017628568073864623,0.03548271196901054,0.014747477635314284,0.0032416337866268672,0.005164637140387264,0.00534070598759697,0.007228079937050438,0.018980183674085827,0.015464954240245415,0.4879109166511641,0.16587710121576396,0.1138968311136039,0.015572550549740168,0.07478607476276475,0.247783206355024
2023-02-12 12:00:00,0.09382726420565429,0.4925493620328955,0.013199965974006014,0.069706372503751,0.08428060110020642,0.02561197788596599,0.01564298166040882,0.025371311209868946,0.06059020145430007,0.019835926699230275,0.019313140446630486,0.09101145448153393,0.057127259726093345,0.030391222476980142,0.03885761101710944,0.02474819287180158,0.06768344421749722,0.037904567147145456,0.06668300453500048,0.015672267813105226,0.03126813256423428,0.05657746594121982,0.4711860653663168,0.2259801489968631,0.21233418456985892,0.04069913096737972,0.11086996991920711,0.3242438389912927
2023-02-12 13:00:00,0.12749529680219482,0.5673656142150414,0.04358340899918395,0.09186404615958056,0.12347215057351393,0.050436273446838945,0.02256528142330776,0.027292327463557874,0.08459868622219598,0.03502540815810508,0.03181164133785211,0.13566536790416614,0.10592002411546415,0.035511235200254086,0.0466459456208918,0.04079902769582567,0.2212202816541349,0.05580653776050811,0.22759372076112278,0.020461758072700457,0.03717601280560334,0.09913113099884681,0.4728906416575859,0.27924424948763255,0.1714383172881904,0.05950087938884611,0.21794758058865435,0.3925157991858203
2023-02-12 14:00:00,0.10458102288781435,0.5525046188688643,0.06409428778613374,0.0881090617412664,0.18068852393576032,0.09635302251981977,0.060149236501668785,0.0656548004730262,0.06291234153360044,0.06577246370299747,0.07288545074377287,0.15134175785206797,0.062171835708155626,0.057405595815613664,0.036781369656118945,0.0557469206263283,0.3733502748069698,0.06361554347919256,0.328032936291376,0.03533314328914537,0.0555150888532704,0.1050059356356872,0.4480827973330991,0.27021527330461903,0.2212769244574349,0.09380932357931886,0.28721455176627864,0.32080488088734416
2023-02-12 15:00:00,0.11172233597934474,0.5618224324192769,0.04681899009631935,0.09732129528165552,0.22756273473783603,0.1776855630951576,0.07714214493602017,0.08791911795056007,0.10981555637363849,0.11383234564155945,0.09595782006171011,0.16227093609100374,0.05939595939993757,0.0643538710983444,0.047505397371925884,0.06634799096605888,0.3633450890084809,0.055040349225829316,0.38472772544121664,0.06623414513870943,0.062097353493804595,0.1224534590584007,0.46581820167118787,0.3522652720248114,0.2495744274005279,0.16987270888218095,0.3938708750206039,0.3944298834408141
2023-02-12 16:00:00,0.08523123601505675,0.49780099566687575,0.02417434338983404,0.06515724267834154,0.21786701209390025,0.16738756656065432,0.032063202383999255,0.05931523957836004,0.1228074147827533,0.04378203971761007,0.038313992532560515,0.11632011432227363,0.03996458044586112,0.08161507371726594,0.05355737923367157,0.06088132672506831,0.35499299917265603,0.04682776110398934,0.3700309022268625,0.0648172382340533,0.08479745530566776,0.08201122685733236,0.4063616128497876,0.3349865640212334,0.2614626034426771,0.1667210719313942,0.40015419773359373,0.42643577493198825
2023-02-12 17:00:00,0.07459805674505993,0.3829491680896438,0.008726634964563187,0.03051398437007511,0.17922592853769279,0.1654154117772393,0.011728989561685367,0.02185157903279839,0.21713527647902386,0.01757056408999643,0.013402082637146312,0.06931081802390768,0.1305895857479307,0.03309017878166451,0.0676119643692834,0.1684315784153491,0.33010920107078917,0.01214214578942781,0.3405567867025653,0.01198793507127889,0.03544966105469914,0.035594501140969986,0.1933646187779882,0.251562391450293,0.17645193204818674,0.12709612552633043,0.2662589417364228,0.29838917816748334
2023-02-12 18:00:00,0.08476476377061731,0.24808591382036843,0.01928786468443977,0.020846280157813677,0.08184139723347779,0.1367179371292317,0.0017670829256598776,0.0034427983649105848,0.18182776327780617,0.004058051886952301,0.0026001639509412103,0.027584965723759118,0.09835366909012797,0.004112110249656877,0.11733488202429913,0.17945303126758,0.15081341662910308,0.0008988262727622708,0.15024503085273522,0.0026638569482286987,0.004377939103491522,0.005645057914967341,0.1768117770260421,0.19360217498032928,0.10094575226845089,0.12661460645461795,0.16389206589579863,0.23076043725481335
2023-02-12 19:00:00,0.058379802631883915,0.0,0.0,0.0,0.009099411815528556,0.013748532475618538,0.0,0.0,0.10378824573385322,0.0,0.0,0.0,0.03431026753371767,0.0,0.0,0.01215081408703099,0.09151411636427166,0.0,0.0690215239676712,0.0,0.0,0.0,0.0,0.0,0.0,0.003939032785004499,0.0,0.0
2023-02-12 20:00:00,0.0,0.0,0.0,0.0,0.0,0.0,0.0,0.0,0.0,0.0,0.0,0.0,0.0,0.0,0.0,0.0,0.0,0.0,0.0,0.0,0.0,0.0,0.0,0.0,0.0,0.0,0.0,0.0
2023-02-12 21:00:00,0.0,0.0,0.0,0.0,0.0,0.0,0.0,0.0,0.0,0.0,0.0,0.0,0.0,0.0,0.0,0.0,0.0,0.0,0.0,0.0,0.0,0.0,0.0,0.0,0.0,0.0,0.0,0.0
2023-02-12 22:00:00,0.0,0.0,0.0,0.0,0.0,0.0,0.0,0.0,0.0,0.0,0.0,0.0,0.0,0.0,0.0,0.0,0.0,0.0,0.0,0.0,0.0,0.0,0.0,0.0,0.0,0.0,0.0,0.0
2023-02-12 23:00:00,0.0,0.0,0.0,0.0,0.0,0.0,0.0,0.0,0.0,0.0,0.0,0.0,0.0,0.0,0.0,0.0,0.0,0.0,0.0,0.0,0.0,0.0,0.0,0.0,0.0,0.0,0.0,0.0
2023-02-13 00:00:00,0.0,0.0,0.0,0.0,0.0,0.0,0.0,0.0,0.0,0.0,0.0,0.0,0.0,0.0,0.0,0.0,0.0,0.0,0.0,0.0,0.0,0.0,0.0,0.0,0.0,0.0,0.0,0.0
2023-02-13 01:00:00,0.0,0.0,0.0,0.0,0.0,0.0,0.0,0.0,0.0,0.0,0.0,0.0,0.0,0.0,0.0,0.0,0.0,0.0,0.0,0.0,0.0,0.0,0.0,0.0,0.0,0.0,0.0,0.0
2023-02-13 02:00:00,0.0,0.0,0.0,0.0,0.0,0.0,0.0,0.0,0.0,0.0,0.0,0.0,0.0,0.0,0.0,0.0,0.0,0.0,0.0,0.0,0.0,0.0,0.0,0.0,0.0,0.0,0.0,0.0
2023-02-13 03:00:00,0.0,0.0,0.0,0.0,0.0,0.0,0.0,0.0,0.0,0.0,0.0,0.0,0.0,0.0,0.0,0.0,0.0,0.0,0.0,0.0,0.0,0.0,0.0,0.0,0.0,0.0,0.0,0.0
2023-02-13 04:00:00,0.0,0.0,0.0,0.0,0.0,0.0,0.0,0.0,0.0,0.0,0.0,0.0,0.0,0.0,0.0,0.0,0.0,0.0,0.0,0.0,0.0,0.0,0.0,0.0,0.0,0.0,0.0,0.0
2023-02-13 05:00:00,0.0,0.0,0.0,0.0,0.0,0.0,0.0,0.0,0.0,0.0,0.0,0.0,0.0,0.0,0.0,0.0,0.0,0.0,0.0,0.0,0.0,0.0,0.0,0.0,0.0,0.0,0.0,0.0
2023-02-13 06:00:00,0.0,0.0,0.0,0.0,0.0,0.0,0.0,0.0,0.0,0.0,0.0,0.0,0.0,0.0,0.0,0.0,0.0,0.0,0.0,0.0,0.0,0.0,0.0,0.0,0.0,0.0,0.0,0.0
2023-02-13 07:00:00,0.0,0.0,0.0,0.0,0.0,0.0,0.0,0.0,0.0,0.0,0.0,0.0,0.0,0.0,0.0,0.0,0.0,0.0,0.0,0.0,0.0,0.0,0.0,0.0,0.0,0.0,0.0,0.0
2023-02-13 08:00:00,0.0,0.0,0.0,0.0,0.0,0.0,0.0,0.0,0.0,0.0,0.0,0.0,0.0,0.0,0.0,0.0,0.0,0.0,0.0,0.0,0.0,0.0,0.0,0.0,0.0,0.0,0.0,0.0
2023-02-13 09:00:00,0.0,0.0,0.0,0.03937367605620922,0.0,0.0,0.0,0.0,0.0,0.0,0.0,0.0,0.0,0.0,0.0,0.0,0.0,0.0,0.0,0.0,0.0,0.0,0.26739374576600633,0.057962447468743114,0.16455054797566185,0.0,0.07360176800774323,0.07320841270769123
2023-02-13 10:00:00,0.18058917666421245,0.14134546642482665,0.2030976030293206,0.1816036656264475,0.02362007055951916,0.12077282342352001,0.3126900997193549,0.3962786324523631,0.03369460644190109,0.30701654588714933,0.33142779087605584,0.2998653563085342,0.025921903733649068,0.4355231946322682,0.10302356287359331,0.012373816164200743,0.19525022270238332,0.30530713128312814,0.22787428314326577,0.32661192843854625,0.43331009747953897,0.2871383995475175,0.3709771511329225,0.11725486154094748,0.3256115062540649,0.16534043504819523,0.2289958057700731,0.13775926368821456
2023-02-13 11:00:00,0.23908171593749628,0.2850110392383828,0.2961946208732583,0.3015025422452679,0.060492807495041094,0.24387843053712333,0.25926378256820193,0.3632915506500449,0.11556596648201156,0.4010044784362021,0.3570255654332397,0.3469902106072251,0.11048777146983102,0.39022805681701844,0.20675870192603257,0.0956771703120263,0.3767876610413057,0.31781800547694333,0.3451216865700075,0.35779063103961767,0.39763486618879784,0.32932874845159615,0.42789609950957724,0.21757360758901417,0.42144341322987233,0.2956620403276441,0.3584456032925034,0.22822360678664616
2023-02-13 12:00:00,0.3519634848540642,0.4214947875890217,0.2995261700949986,0.43205704669721484,0.15466785791923576,0.36963197915451185,0.2817320610719828,0.3765132903112769,0.23489835247727942,0.40680765072153247,0.3313132227276536,0.5158390558308148,0.20810361366081206,0.424790688807694,0.2304271073750762,0.17622418280627794,0.5271261736128725,0.3811653417342129,0.47236829022207416,0.4309272317464029,0.4386793230741788,0.3908589841061374,0.5420771302945588,0.4962093856049993,0.6961193438052093,0.40746503490181557,0.5784139812113993,0.4452408140758482
2023-02-13 13:00:00,0.41267818742354645,0.45301536649135854,0.4200838256137464,0.32976885877774964,0.25412219091389204,0.5309022931623579,0.367200589916989,0.41986125437575783,0.3688196065820381,0.4500407822674903,0.3797104916451169,0.5226727922156358,0.3104628872283595,0.4343520830605294,0.34232317722747574,0.3008952275301022,0.5883468389035607,0.3084521865287875,0.549553808130572,0.40758279150894833,0.4432043202811068,0.4173454951082582,0.6421602519356021,0.5051302407910097,0.7416036112707125,0.5394129369943039,0.5836629745640958,0.48639963959701416
2023-02-13 14:00:00,0.5130640951809762,0.4680611206083573,0.45549502094237837,0.3916926084894195,0.32220176880806867,0.5587580157662023,0.4719245192188766,0.507135111664449,0.47552851045513955,0.47638520041376836,0.449463707989308,0.6130315112459337,0.42181993176614974,0.5214628195944772,0.4131909277046485,0.4156536176633647,0.5762783289607142,0.4769691262670288,0.5348238084825955,0.5067318612598402,0.5254217539770074,0.5483259218226295,0.6447674209065649,0.4747466316787183,0.6461094058584202,0.5707802741932321,0.5436171029719392,0.508865645143642
2023-02-13 15:00:00,0.5479531914484659,0.45732271181198497,0.5689826335854256,0.47838192113530553,0.3570313757253547,0.5471198308466115,0.45019857236781374,0.4925794884134496,0.5251409319463137,0.47836885632731385,0.4588250234971222,0.5983387418023414,0.49303408527193693,0.553357072783368,0.42496558385267247,0.4628464679628149,0.5097210607330674,0.4745486913822882,0.5499310497817248,0.5829670483489863,0.5671730391495632,0.5083149935208257,0.5970006905986912,0.5131910119491143,0.6019547972675724,0.5439364014410313,0.5616121954270428,0.5195989883186958
2023-02-13 16:00:00,0.49922406272274067,0.34172609045715413,0.4718295226059533,0.3529468206566538,0.3326953416529385,0.5494759697610684,0.3723751477702653,0.43007371622873847,0.42905970563547663,0.4101558933303453,0.39129381377079653,0.44500051808810837,0.41614324135940334,0.47562023718720436,0.3543444862837318,0.4176297438558629,0.508048477383443,0.4541563934043209,0.512840973751665,0.503804548363121,0.4886999998597205,0.4261857672448896,0.5047056150624625,0.46823501502178294,0.4550942423170627,0.5103572736837004,0.4502164196207122,0.4848503114092417
2023-02-13 17:00:00,0.34080037718269296,0.2751056704938464,0.3974551864870176,0.2948204730255059,0.30768077709590025,0.5220611843745075,0.2088189295123555,0.2221395449920939,0.3821323441279129,0.3035682508401946,0.2215138687421953,0.28360040080582727,0.39913848805767166,0.23666294927503412,0.37855994413565774,0.40807562665938607,0.46228298006951624,0.263049564115085,0.4708993759670663,0.2855482485688587,0.25045498421415185,0.2654260307895921,0.3284537675003318,0.3617054141915799,0.2692426993844659,0.49627282853415555,0.33240254054409585,0.370431069740142
2023-02-13 18:00:00,0.18918448682974026,0.1605950397612653,0.3900285463700427,0.15175268948987666,0.21585912289704637,0.4194559767030317,0.1968223163644572,0.08161660459952756,0.21024877223937022,0.11365132158350916,0.11720716327357734,0.15924046911652162,0.2812647976183674,0.05437023452235518,0.3640861480669423,0.3211738163553395,0.34855352397269024,0.10264517838260155,0.3704416993551012,0.031213945465104923,0.058059509081653096,0.1150523340808383,0.20943701294628353,0.17338833966457617,0.1535345314820473,0.37274470906323537,0.22667378906157618,0.1989890996982224
2023-02-13 19:00:00,0.037928999236495155,0.0,0.036576759042913375,0.0,0.0709344952436348,0.10822559466079597,0.0,0.0,0.05248562205670215,0.0,0.0,0.0,0.03259008299240959,0.0,0.03849078570357526,0.144574585881389,0.2588706881836302,0.0,0.31423256798632265,0.0,0.0,0.0,0.0,0.0,0.0,0.03006655180485509,0.0,0.0
2023-02-13 20:00:00,0.0,0.0,0.0,0.0,0.0,0.0,0.0,0.0,0.0,0.0,0.0,0.0,0.0,0.0,0.0,0.0,0.0,0.0,0.0,0.0,0.0,0.0,0.0,0.0,0.0,0.0,0.0,0.0
2023-02-13 21:00:00,0.0,0.0,0.0,0.0,0.0,0.0,0.0,0.0,0.0,0.0,0.0,0.0,0.0,0.0,0.0,0.0,0.0,0.0,0.0,0.0,0.0,0.0,0.0,0.0,0.0,0.0,0.0,0.0
2023-02-13 22:00:00,0.0,0.0,0.0,0.0,0.0,0.0,0.0,0.0,0.0,0.0,0.0,0.0,0.0,0.0,0.0,0.0,0.0,0.0,0.0,0.0,0.0,0.0,0.0,0.0,0.0,0.0,0.0,0.0
2023-02-13 23:00:00,0.0,0.0,0.0,0.0,0.0,0.0,0.0,0.0,0.0,0.0,0.0,0.0,0.0,0.0,0.0,0.0,0.0,0.0,0.0,0.0,0.0,0.0,0.0,0.0,0.0,0.0,0.0,0.0
2023-02-14 00:00:00,0.0,0.0,0.0,0.0,0.0,0.0,0.0,0.0,0.0,0.0,0.0,0.0,0.0,0.0,0.0,0.0,0.0,0.0,0.0,0.0,0.0,0.0,0.0,0.0,0.0,0.0,0.0,0.0
2023-02-14 01:00:00,0.0,0.0,0.0,0.0,0.0,0.0,0.0,0.0,0.0,0.0,0.0,0.0,0.0,0.0,0.0,0.0,0.0,0.0,0.0,0.0,0.0,0.0,0.0,0.0,0.0,0.0,0.0,0.0
2023-02-14 02:00:00,0.0,0.0,0.0,0.0,0.0,0.0,0.0,0.0,0.0,0.0,0.0,0.0,0.0,0.0,0.0,0.0,0.0,0.0,0.0,0.0,0.0,0.0,0.0,0.0,0.0,0.0,0.0,0.0
2023-02-14 03:00:00,0.0,0.0,0.0,0.0,0.0,0.0,0.0,0.0,0.0,0.0,0.0,0.0,0.0,0.0,0.0,0.0,0.0,0.0,0.0,0.0,0.0,0.0,0.0,0.0,0.0,0.0,0.0,0.0
2023-02-14 04:00:00,0.0,0.0,0.0,0.0,0.0,0.0,0.0,0.0,0.0,0.0,0.0,0.0,0.0,0.0,0.0,0.0,0.0,0.0,0.0,0.0,0.0,0.0,0.0,0.0,0.0,0.0,0.0,0.0
2023-02-14 05:00:00,0.0,0.0,0.0,0.0,0.0,0.0,0.0,0.0,0.0,0.0,0.0,0.0,0.0,0.0,0.0,0.0,0.0,0.0,0.0,0.0,0.0,0.0,0.0,0.0,0.0,0.0,0.0,0.0
2023-02-14 06:00:00,0.0,0.0,0.0,0.0,0.0,0.0,0.0,0.0,0.0,0.0,0.0,0.0,0.0,0.0,0.0,0.0,0.0,0.0,0.0,0.0,0.0,0.0,0.0,0.0,0.0,0.0,0.0,0.0
2023-02-14 07:00:00,0.0,0.0,0.0,0.0,0.0,0.0,0.0,0.0,0.0,0.0,0.0,0.0,0.0,0.0,0.0,0.0,0.0,0.0,0.0,0.0,0.0,0.0,0.0,0.0,0.0,0.0,0.0,0.0
2023-02-14 08:00:00,0.0,0.0,0.0,0.0,0.0,0.0,0.0,0.0,0.0,0.0,0.0,0.0,0.0,0.0,0.0,0.0,0.0,0.0,0.0,0.0,0.0,0.0,0.0,0.0,0.0,0.0,0.0,0.0
2023-02-14 09:00:00,0.0,0.0,0.0,0.03195993525152077,0.0,0.0,0.0,0.0,0.0,0.0,0.0,0.0,0.0,0.0,0.0,0.0,0.0,0.0,0.0,0.0,0.0,0.0,0.17149177400035653,0.07170311327088272,0.25932903152919573,0.0,0.038565921831124866,0.07523776330673766
2023-02-14 10:00:00,0.5398669880474312,0.5181529930278483,0.4976092216515331,0.4994932683527701,0.14711000015695574,0.17458855415989022,0.5540659044081474,0.5376004926289241,0.44933410200949797,0.4677279564280587,0.4973222282947889,0.6217278295332268,0.476664076787809,0.5353868804838708,0.2988632105808216,0.3951002094971109,0.20106465529747997,0.5667660061482621,0.15432475047803165,0.44202926362110795,0.5309983113599006,0.5505296500191267,0.27671828200839294,0.3313053155098182,0.3750250830571213,0.2206774564181057,0.22865758891201535,0.4037966273756372
2023-02-14 11:00:00,0.7261853500083534,0.6936969212511159,0.665016079117362,0.7327939648006527,0.2397577790462557,0.2752791719789694,0.7108611584748702,0.6940333299137809,0.6232809981770473,0.6423034136594443,0.6582482265258123,0.8163367634595141,0.6681892069256987,0.7001316276389775,0.464387629271472,0.6163763470902877,0.2593559481304328,0.7464514927215827,0.20947210515872172,0.6933985762971155,0.6988069857570145,0.7325341751573512,0.36207576465664054,0.48821330684843817,0.4495536368264247,0.339764515980924,0.41833034065394603,0.5903704991346732
2023-02-14 12:00:00,0.8291939003995429,0.7971252085800304,0.7641343744337242,0.8211411480564355,0.3105603486938551,0.38059888409794146,0.7749381464487836,0.7646274423103209,0.7413049372345579,0.7485659644698391,0.7611807113630877,0.8972411006231394,0.8076207872924693,0.7639702143807883,0.6676879164847496,0.7603198224214596,0.3558215137144354,0.8373813429154026,0.31529467615578094,0.7576099531468777,0.7625970468791613,0.8388087918728977,0.5077475618302396,0.6353254864338697,0.7164952752456294,0.44084392031910374,0.6192057569191071,0.6768464728486895
2023-02-14 13:00:00,0.8675849143404036,0.8589832895637751,0.8029545769026296,0.8157263679102819,0.3868891328915288,0.41244277796943585,0.8020069114609858,0.7782338939977049,0.7462833727791143,0.7850153178625751,0.798113815360328,0.9185099441173054,0.8169377967289467,0.7601570968261828,0.8230458852713548,0.8237967079148744,0.4043504769978168,0.8752565396910876,0.3805099020259709,0.7085075043988123,0.7567904951191049,0.8814845640068344,0.5879082336096357,0.7363837534102909,0.7797596510676751,0.5361576806383644,0.6479952416316077,0.7651463161432022
2023-02-14 14:00:00,0.8754610224604511,0.8595139356751673,0.8126201892397477,0.8189960791066752,0.4188362581368182,0.41285415573086,0.807829011456179,0.7981212084601633,0.787940227198876,0.7962989414528394,0.8082042896012109,0.9217104392489041,0.8527991061289241,0.7922512368327994,0.8167487602065078,0.828673578238318,0.3850864525284535,0.8803726128790549,0.372349602905315,0.7282261163454588,0.7905255203364655,0.8884864840428975,0.6834163124229097,0.7389449509628365,0.7964479019548926,0.525596401165646,0.642351494178825,0.7823527746998544
2023-02-14 15:00:00,0.8678514487931512,0.8273621179740158,0.8028935635270967,0.7959384077209095,0.41359715094950306,0.3640414480224604,0.8037722458708098,0.8037865547974407,0.7723196403311421,0.7960739840628481,0.8012284608995728,0.9239667898444759,0.8271968763678693,0.8027449256195327,0.7398409184899707,0.7922620101186891,0.2929261264168276,0.8723389399661737,0.27581481491146226,0.7914757678647953,0.8025149469479667,0.8796911538540759,0.5861711543847751,0.6791395815822405,0.7238929490433952,0.48723636622352806,0.569894319889824,0.7465250958092183
2023-02-14 16:00:00,0.8318819492018641,0.7729467392445986,0.7705974223449021,0.7507922202204296,0.3502676125464589,0.2657172573875392,0.7703482496313336,0.771068910806893,0.7021188397047002,0.7626976065124211,0.7684055347973325,0.8833301017828386,0.7624747594068433,0.7682070908561301,0.6057125576950091,0.6468679714107759,0.23910407713204526,0.8362404210668481,0.21005900180656303,0.7567635204924685,0.7675932000719764,0.8430951834005809,0.4902150828930793,0.7109538499079812,0.6967738588686113,0.3636803818476515,0.5117682262161769,0.7391323398748323
2023-02-14 17:00:00,0.7530616906122551,0.6537015502164095,0.7033779204261886,0.6988433290339008,0.2436427370818717,0.2157082521232698,0.700574276175034,0.6888016411085558,0.5817170709024845,0.6900678626032506,0.6958521936355867,0.7992548092318731,0.6275355799567972,0.6787816089281586,0.41396412615257105,0.493057820068516,0.14311855922034103,0.759241616233604,0.14256587998350345,0.6669965341304359,0.6775424240052984,0.7657911923873058,0.46148540947005073,0.6523346519519597,0.5565737735347243,0.23209436746896564,0.46169576087428515,0.6712972810445911
2023-02-14 18:00:00,0.5708534500525635,0.39593134703362537,0.5601974572513254,0.5660573611713589,0.11429319056223382,0.11240784710333891,0.5500574228027516,0.5389170838071281,0.4191391754136601,0.539002868034997,0.5455661325476451,0.6148498890221148,0.4532225902582655,0.5317966954196586,0.23944967988313975,0.3419329974258658,0.05649832223382354,0.5813136051827815,0.04293868060809504,0.5201360695848456,0.5306560190147176,0.5948567966260311,0.40878107091382043,0.5147842549644375,0.4132760553591986,0.12963466261347617,0.35901072910883053,0.5137977682924307
2023-02-14 19:00:00,0.1229727995003201,0.0,0.14260077785482536,0.0,0.004855254860567919,0.018956221854095342,0.0,0.0,0.14942955509080683,0.0,0.0,0.0,0.1788582384260375,0.0,0.039321414472007155,0.16685831937744106,0.008731711395578365,0.0,0.0029084343994973238,0.0,0.0,0.0,0.0,0.0,0.0,0.009047292589161017,0.0,0.0
2023-02-14 20:00:00,0.0,0.0,0.0,0.0,0.0,0.0,0.0,0.0,0.0,0.0,0.0,0.0,0.0,0.0,0.0,0.0,0.0,0.0,0.0,0.0,0.0,0.0,0.0,0.0,0.0,0.0,0.0,0.0
2023-02-14 21:00:00,0.0,0.0,0.0,0.0,0.0,0.0,0.0,0.0,0.0,0.0,0.0,0.0,0.0,0.0,0.0,0.0,0.0,0.0,0.0,0.0,0.0,0.0,0.0,0.0,0.0,0.0,0.0,0.0
2023-02-14 22:00:00,0.0,0.0,0.0,0.0,0.0,0.0,0.0,0.0,0.0,0.0,0.0,0.0,0.0,0.0,0.0,0.0,0.0,0.0,0.0,0.0,0.0,0.0,0.0,0.0,0.0,0.0,0.0,0.0
2023-02-14 23:00:00,0.0,0.0,0.0,0.0,0.0,0.0,0.0,0.0,0.0,0.0,0.0,0.0,0.0,0.0,0.0,0.0,0.0,0.0,0.0,0.0,0.0,0.0,0.0,0.0,0.0,0.0,0.0,0.0
2023-02-15 00:00:00,0.0,0.0,0.0,0.0,0.0,0.0,0.0,0.0,0.0,0.0,0.0,0.0,0.0,0.0,0.0,0.0,0.0,0.0,0.0,0.0,0.0,0.0,0.0,0.0,0.0,0.0,0.0,0.0
2023-02-15 01:00:00,0.0,0.0,0.0,0.0,0.0,0.0,0.0,0.0,0.0,0.0,0.0,0.0,0.0,0.0,0.0,0.0,0.0,0.0,0.0,0.0,0.0,0.0,0.0,0.0,0.0,0.0,0.0,0.0
2023-02-15 02:00:00,0.0,0.0,0.0,0.0,0.0,0.0,0.0,0.0,0.0,0.0,0.0,0.0,0.0,0.0,0.0,0.0,0.0,0.0,0.0,0.0,0.0,0.0,0.0,0.0,0.0,0.0,0.0,0.0
2023-02-15 03:00:00,0.0,0.0,0.0,0.0,0.0,0.0,0.0,0.0,0.0,0.0,0.0,0.0,0.0,0.0,0.0,0.0,0.0,0.0,0.0,0.0,0.0,0.0,0.0,0.0,0.0,0.0,0.0,0.0
2023-02-15 04:00:00,0.0,0.0,0.0,0.0,0.0,0.0,0.0,0.0,0.0,0.0,0.0,0.0,0.0,0.0,0.0,0.0,0.0,0.0,0.0,0.0,0.0,0.0,0.0,0.0,0.0,0.0,0.0,0.0
2023-02-15 05:00:00,0.0,0.0,0.0,0.0,0.0,0.0,0.0,0.0,0.0,0.0,0.0,0.0,0.0,0.0,0.0,0.0,0.0,0.0,0.0,0.0,0.0,0.0,0.0,0.0,0.0,0.0,0.0,0.0
2023-02-15 06:00:00,0.0,0.0,0.0,0.0,0.0,0.0,0.0,0.0,0.0,0.0,0.0,0.0,0.0,0.0,0.0,0.0,0.0,0.0,0.0,0.0,0.0,0.0,0.0,0.0,0.0,0.0,0.0,0.0
2023-02-15 07:00:00,0.0,0.0,0.0,0.0,0.0,0.0,0.0,0.0,0.0,0.0,0.0,0.0,0.0,0.0,0.0,0.0,0.0,0.0,0.0,0.0,0.0,0.0,0.0,0.0,0.0,0.0,0.0,0.0
2023-02-15 08:00:00,0.0,0.0,0.0,0.0,0.0,0.0,0.0,0.0,0.0,0.0,0.0,0.0,0.0,0.0,0.0,0.0,0.0,0.0,0.0,0.0,0.0,0.0,0.0,0.0,0.0,0.0,0.0,0.0
2023-02-15 09:00:00,0.0,4.1279078569969225e-05,0.0,0.03531857687448304,0.0,0.0,0.0,0.0,0.0,0.0,0.0,0.0,0.0,0.0,0.0,0.0,0.0,0.0,0.0,0.0,0.0,0.0,0.36864196000716565,0.028014130588793512,0.11466321697027673,0.0,0.0036153649740563766,0.05296639071181045
2023-02-15 10:00:00,0.15505498803150108,0.06472639305905445,0.06990216993470609,0.18742976353350063,0.0022939159689272363,0.0011809211149433013,0.21799956962551661,0.265058548494052,0.009805628847634331,0.22173189739877677,0.21252606316790829,0.34059670388018815,0.01122784141427261,0.29818034137017185,0.009560769904628143,0.006683252507486548,0.003980036163516566,0.2841333099703969,0.00031786590441010347,0.22641426667677017,0.29892003377481363,0.3442126013863909,0.4618907704029257,0.1651996845492601,0.34337447733382187,0.011731343976093756,0.06726166051615627,0.15418735975030531
2023-02-15 11:00:00,0.2394982077538355,0.16038216134316235,0.09090839134895339,0.35209100672124216,0.020799558270559664,0.02269559448930517,0.19131028210799952,0.27517882216776945,0.05543813073236466,0.20252144922637275,0.19352463710293075,0.5493513399022569,0.06144676090835954,0.38702332502465625,0.05219917347882702,0.041285717551204575,0.01928926340172981,0.3949533094435678,0.009199934019160897,0.310925071994822,0.3971124998504246,0.4328416080032349,0.592034925291118,0.34201260464577826,0.5762807968503718,0.04597152565922187,0.14016633591954067,0.3341897137810677
2023-02-15 12:00:00,0.2550435443152343,0.21917292889638484,0.15954592057177866,0.3982602374842724,0.061485834863888644,0.05189257583139594,0.3409253110944266,0.37135436251154025,0.09070174563364325,0.2593178515298072,0.3019538839126663,0.6098702074746313,0.0986848458313097,0.43920290100530074,0.10157799565774231,0.08497322381669126,0.026474050193422357,0.4063421984756597,0.01947688758991584,0.26066683657589773,0.4383763969297875,0.43664078249954646,0.5266497040352329,0.36835971646485277,0.49656350649248043,0.08660778337674924,0.1754018770399171,0.4244324433876193
2023-02-15 13:00:00,0.23396492504645564,0.27769267861963687,0.11715009964313176,0.5128016455102744,0.11362495049706257,0.07045824098942982,0.2160614005395676,0.252452595059428,0.10066839501599578,0.18500787545534203,0.173832691836571,0.619842533659227,0.11868856911514655,0.3591377841802712,0.10093238975855642,0.08464515114059427,0.03811379926061237,0.33890802752559973,0.026159627879471497,0.27314073598344546,0.37021637071616503,0.39116793161885494,0.6020596068719407,0.567360242066728,0.5682275288159974,0.1222697336722056,0.2390903210093914,0.6192591941164912
2023-02-15 14:00:00,0.24635801840927501,0.2863061509652853,0.1572140460714533,0.4739251409657262,0.1443132561735637,0.07269949902279928,0.34018364426104736,0.34790317452703956,0.10635267765194657,0.2810361634976268,0.2959707198932189,0.5876858908813578,0.1234042397650369,0.3905085211540776,0.12813125050939084,0.10249753332803084,0.033202169463658,0.31951757746648873,0.02454865581581076,0.24424708467103967,0.3906802199169542,0.4068535777270719,0.6544270621785685,0.5906908275626305,0.6539447805340658,0.1370180832442954,0.29985286163466884,0.6541005993652274
2023-02-15 15:00:00,0.18624938191823662,0.2688908191358477,0.1008419205802388,0.38938143044168144,0.17230240998179652,0.06897825949445435,0.21238155192900124,0.23924829323850536,0.12588827220910953,0.16569770374231907,0.17301513336017466,0.43311615344171206,0.15109819712539826,0.31450470625715143,0.1572131966806077,0.12690591719158267,0.03606685788390863,0.24489864206017595,0.025745024944630775,0.19289801084556857,0.3208423477844098,0.2818718362105848,0.718861503678673,0.5160613122441127,0.7070233847296259,0.12145286477419476,0.3167659787650256,0.5923627463493202
2023-02-15 16:00:00,0.1645080589716501,0.19870363400628022,0.08041115990641405,0.3204432371543278,0.1993820658354248,0.05214486008773647,0.19010581005668023,0.21502377508686077,0.12258744871884876,0.13320083267352528,0.14574503680018736,0.3312133543496294,0.1410537965904061,0.2843506913959624,0.1378942148391371,0.1081033666626136,0.023109307026479432,0.20864000459066168,0.014362687631510317,0.19709696698259196,0.2886997340836028,0.23673256368463236,0.6968903753402848,0.46648458584179003,0.7029499381044748,0.08870301543935986,0.31957041368482486,0.5144647553473861
2023-02-15 17:00:00,0.08514900852276067,0.11263165138552715,0.04463171081376363,0.26159162864064595,0.15621855556010647,0.031138294220634917,0.07170681395584542,0.12675122600602204,0.07229172820788275,0.08550328483309963,0.06824082730667555,0.16672274298896925,0.08793677530377077,0.20872204263280503,0.09146977736875399,0.06701474755468619,0.013721967436793547,0.08774433117505913,0.010144035948884954,0.17848079079267498,0.22082384605377953,0.1159484415229633,0.5588537970456343,0.31184434867215355,0.5031962359956261,0.05956634695067474,0.1885474953952638,0.3510467872377495
2023-02-15 18:00:00,0.04135146655773544,0.07280336933897655,0.019661449747858443,0.15998982391788838,0.10596163687979167,0.014150408761740714,0.05365144543326996,0.08184031047386865,0.03758743623772558,0.060892999366858894,0.05534022561000591,0.06526765899351591,0.03974222882044067,0.10933911966383104,0.06526887786286391,0.03379827521574645,0.005088375450689935,0.059953695564266885,0.0036410817423652955,0.07640088700279381,0.11282516354548508,0.058985627239037504,0.42924933263680404,0.13770085555941308,0.3520078958050066,0.021870592536461363,0.09868265486257828,0.15385751863240346
2023-02-15 19:00:00,0.0,0.0,0.0,0.0,0.05254348145246685,0.00045516317798599,0.0,0.0,0.0,0.0,0.0,0.0,0.0,0.0,0.0,0.0,0.0021156427965008423,0.0,0.003507204707148805,0.0,0.0,0.0,0.0,0.0,0.0,0.0002469369270843085,0.0,0.0
2023-02-15 20:00:00,0.0,0.0,0.0,0.0,0.0,0.0,0.0,0.0,0.0,0.0,0.0,0.0,0.0,0.0,0.0,0.0,0.0,0.0,0.0,0.0,0.0,0.0,0.0,0.0,0.0,0.0,0.0,0.0
2023-02-15 21:00:00,0.0,0.0,0.0,0.0,0.0,0.0,0.0,0.0,0.0,0.0,0.0,0.0,0.0,0.0,0.0,0.0,0.0,0.0,0.0,0.0,0.0,0.0,0.0,0.0,0.0,0.0,0.0,0.0
2023-02-15 22:00:00,0.0,0.0,0.0,0.0,0.0,0.0,0.0,0.0,0.0,0.0,0.0,0.0,0.0,0.0,0.0,0.0,0.0,0.0,0.0,0.0,0.0,0.0,0.0,0.0,0.0,0.0,0.0,0.0
2023-02-15 23:00:00,0.0,0.0,0.0,0.0,0.0,0.0,0.0,0.0,0.0,0.0,0.0,0.0,0.0,0.0,0.0,0.0,0.0,0.0,0.0,0.0,0.0,0.0,0.0,0.0,0.0,0.0,0.0,0.0
2023-02-16 00:00:00,0.0,0.0,0.0,0.0,0.0,0.0,0.0,0.0,0.0,0.0,0.0,0.0,0.0,0.0,0.0,0.0,0.0,0.0,0.0,0.0,0.0,0.0,0.0,0.0,0.0,0.0,0.0,0.0
2023-02-16 01:00:00,0.0,0.0,0.0,0.0,0.0,0.0,0.0,0.0,0.0,0.0,0.0,0.0,0.0,0.0,0.0,0.0,0.0,0.0,0.0,0.0,0.0,0.0,0.0,0.0,0.0,0.0,0.0,0.0
2023-02-16 02:00:00,0.0,0.0,0.0,0.0,0.0,0.0,0.0,0.0,0.0,0.0,0.0,0.0,0.0,0.0,0.0,0.0,0.0,0.0,0.0,0.0,0.0,0.0,0.0,0.0,0.0,0.0,0.0,0.0
2023-02-16 03:00:00,0.0,0.0,0.0,0.0,0.0,0.0,0.0,0.0,0.0,0.0,0.0,0.0,0.0,0.0,0.0,0.0,0.0,0.0,0.0,0.0,0.0,0.0,0.0,0.0,0.0,0.0,0.0,0.0
2023-02-16 04:00:00,0.0,0.0,0.0,0.0,0.0,0.0,0.0,0.0,0.0,0.0,0.0,0.0,0.0,0.0,0.0,0.0,0.0,0.0,0.0,0.0,0.0,0.0,0.0,0.0,0.0,0.0,0.0,0.0
2023-02-16 05:00:00,0.0,0.0,0.0,0.0,0.0,0.0,0.0,0.0,0.0,0.0,0.0,0.0,0.0,0.0,0.0,0.0,0.0,0.0,0.0,0.0,0.0,0.0,0.0,0.0,0.0,0.0,0.0,0.0
2023-02-16 06:00:00,0.0,0.0,0.0,0.0,0.0,0.0,0.0,0.0,0.0,0.0,0.0,0.0,0.0,0.0,0.0,0.0,0.0,0.0,0.0,0.0,0.0,0.0,0.0,0.0,0.0,0.0,0.0,0.0
2023-02-16 07:00:00,0.0,0.0,0.0,0.0,0.0,0.0,0.0,0.0,0.0,0.0,0.0,0.0,0.0,0.0,0.0,0.0,0.0,0.0,0.0,0.0,0.0,0.0,0.0,0.0,0.0,0.0,0.0,0.0
2023-02-16 08:00:00,0.0,0.0,0.0,0.0,0.0,0.0,0.0,0.0,0.0,0.0,0.0,0.0,0.0,0.0,0.0,0.0,0.0,0.0,0.0,0.0,0.0,0.0,0.0,0.0,0.0,0.0,0.0,0.0
2023-02-16 09:00:00,0.0,9.855503475442108e-06,0.0,0.039973657289076196,0.0,0.0,0.0,0.0,0.0,0.0,0.0,1.884994678874672e-05,0.0,0.0,0.0,0.0,0.0,0.0,0.0,0.0,0.0,0.0,0.4180041805831916,0.06943582278897494,0.21219177484037505,0.0,0.06562115528198337,0.0958906272914744
2023-02-16 10:00:00,0.022645129248363847,0.08324105908889154,0.006669196357379736,0.1537422041359844,0.1413008074455524,0.12094196911542762,0.016752346278629177,0.016583168266029,0.04431513283924377,0.011165676470164572,0.015602520140897075,0.11876924159943297,0.005987849227742345,0.01456808403322875,0.04535665888283156,0.042697275018363345,0.24499336066352886,0.008643011754579093,0.26008548871944936,0.009074936869495162,0.013681746652186157,0.030282809465427992,0.5576069032071228,0.12405107987101416,0.26732683818305814,0.13113081904171392,0.07177766367394359,0.16221236839242636
2023-02-16 11:00:00,0.06513812742526257,0.16230636246151622,0.032864262627888725,0.2704612721810802,0.29453377907999206,0.22174843684221124,0.050725259206756544,0.055373070520644524,0.09002580436376051,0.07581039747321695,0.06479128829197471,0.20033966216770885,0.02871081266438684,0.04277426034088573,0.08882250156864942,0.07148402692377659,0.33252766005663165,0.03645044597697045,0.37588565912859806,0.045079838964613206,0.04234171641732037,0.09070976740194418,0.6954083613523023,0.21903110631892514,0.3243807191166938,0.25362090650897384,0.10927714062263737,0.2915987749623314
2023-02-16 12:00:00,0.1017049201868487,0.20547452613721592,0.06343926355436537,0.2932345688678558,0.3570890741337645,0.3309426552248967,0.07284592263541644,0.06742129623108135,0.14156122954996767,0.06718892384782585,0.08002665976741434,0.2492629303091224,0.060334892260365876,0.06887846020511215,0.22264977604721395,0.1187341409318857,0.4487650056451549,0.06195787262425334,0.43989412682064527,0.05286756662409105,0.06870320368147005,0.12383191588712883,0.5811907764273265,0.2519928310880501,0.34633639282456574,0.45631713144866604,0.17576035774311066,0.3632979373041792
2023-02-16 13:00:00,0.1462840226273544,0.27079454812759857,0.06994115883999649,0.3501194243770833,0.40018238737279277,0.45434750112994743,0.13919423626148916,0.1425797596352001,0.19526860441475224,0.08977691613221359,0.12291256831699075,0.3140108593417582,0.09959160723130839,0.1566343247715938,0.37599456036855905,0.18776173243088498,0.5327381173005062,0.08316167035461212,0.5285979024002974,0.1156110086172153,0.15340143478262128,0.15324648485806527,0.6133308718568223,0.29545072506485676,0.32433691813732013,0.5941803964854613,0.16656355322034455,0.40282913195238645
2023-02-16 14:00:00,0.1562329339204801,0.2659942644309908,0.05289320246322804,0.32873641528820996,0.43228090907518757,0.43994400950025814,0.1041017710670377,0.10856201043951046,0.2409444151509664,0.07342745650194482,0.09610380537057758,0.28899540857758166,0.1483882154665302,0.11934883689121084,0.5426857919468825,0.2963865050010865,0.4962932826871894,0.07392504166782866,0.47234247934247103,0.07752956460960994,0.1174122779802519,0.14087569993904392,0.6372821402307937,0.33157930783171946,0.31673389360249093,0.6222313509563722,0.17542669356982846,0.47405198257308495
2023-02-16 15:00:00,0.14044872908538808,0.2509484019886116,0.045564797816045235,0.26448945866194556,0.4317222145993737,0.43495063171378867,0.06685311727791199,0.0643887254970202,0.23023236923613594,0.04946223073009335,0.065807491545894,0.21013923523095432,0.15435192414813662,0.06694929257505816,0.5602652615422765,0.3028917597154195,0.5264421383657355,0.0570409695648298,0.5345899976750005,0.03340085860487948,0.06547403659099962,0.10765773980454747,0.6252349634437278,0.3150134683898826,0.2621007596955315,0.5887986019248813,0.1736299654750147,0.45354015348009424
2023-02-16 16:00:00,0.15714052418133798,0.2371179459295861,0.03748568894514847,0.19221087970756956,0.40943545570167,0.4062669463854169,0.04903883368087069,0.052750198457032056,0.27389923182707304,0.04631552253409246,0.056085122746716086,0.1056016613307066,0.19476779905814134,0.05279528596223726,0.5870781781586798,0.34669536014057206,0.5132997740023026,0.048185908608455036,0.5175407697732753,0.025222277741753722,0.05143735564930539,0.07483368781517284,0.5465261076670643,0.22384025295362397,0.20048278321128835,0.49370732296136993,0.1528643546987484,0.3283774127910428
2023-02-16 17:00:00,0.13935670104737258,0.2169295061141992,0.023329015939106315,0.129619226858719,0.32559772940195125,0.32742164375733573,0.0359107331865676,0.038364855843679775,0.28705757713013075,0.026246586432185918,0.036558688890408725,0.057058299508075803,0.20503018607826778,0.03455570359506424,0.5479048374659393,0.3804603462196526,0.4604607326017436,0.035687903795856464,0.4411734454115869,0.016132957728597425,0.032594729194894034,0.04465348871059891,0.5052258375925192,0.15513320757069213,0.15099566552919272,0.42214759625924986,0.12887693815782736,0.24244344195581963
2023-02-16 18:00:00,0.09747635066553127,0.16695021874428545,0.015218291330790393,0.07582032194733247,0.19053282651952247,0.2086540532878323,0.008530691081266577,0.01140528053451098,0.2243238930050066,0.004456858105530736,0.00712486757754,0.018259554518925795,0.16494819806107597,0.01588492221606574,0.3955125884960817,0.2870983636916703,0.3457758974316314,0.009400400942464828,0.31881561692376886,0.005982400366837251,0.015890120366638543,0.01386992900657615,0.3636099508330471,0.08546687604785407,0.08850945375941563,0.27068460928960136,0.08257060284705638,0.14402678724934534
2023-02-16 19:00:00,0.08126220255024189,0.0,0.03828217154214391,0.0,0.07697002346620312,0.20274060072839895,0.0,0.0,0.15104649819817956,0.0,0.0,0.0,0.11598298206234492,0.0,0.28341376351363384,0.2368500069062264,0.23822734576687357,0.0,0.19365187616280968,0.0,0.0,0.0,0.0,0.0,0.0,0.13549306459708782,0.0,0.0
2023-02-16 20:00:00,0.0,0.0,0.0,0.0,0.0,0.0,0.0,0.0,0.0,0.0,0.0,0.0,0.0,0.0,0.0,0.0,0.0,0.0,0.0,0.0,0.0,0.0,0.0,0.0,0.0,0.0,0.0,0.0
2023-02-16 21:00:00,0.0,0.0,0.0,0.0,0.0,0.0,0.0,0.0,0.0,0.0,0.0,0.0,0.0,0.0,0.0,0.0,0.0,0.0,0.0,0.0,0.0,0.0,0.0,0.0,0.0,0.0,0.0,0.0
2023-02-16 22:00:00,0.0,0.0,0.0,0.0,0.0,0.0,0.0,0.0,0.0,0.0,0.0,0.0,0.0,0.0,0.0,0.0,0.0,0.0,0.0,0.0,0.0,0.0,0.0,0.0,0.0,0.0,0.0,0.0
2023-02-16 23:00:00,0.0,0.0,0.0,0.0,0.0,0.0,0.0,0.0,0.0,0.0,0.0,0.0,0.0,0.0,0.0,0.0,0.0,0.0,0.0,0.0,0.0,0.0,0.0,0.0,0.0,0.0,0.0,0.0
2023-02-17 00:00:00,0.0,0.0,0.0,0.0,0.0,0.0,0.0,0.0,0.0,0.0,0.0,0.0,0.0,0.0,0.0,0.0,0.0,0.0,0.0,0.0,0.0,0.0,0.0,0.0,0.0,0.0,0.0,0.0
2023-02-17 01:00:00,0.0,0.0,0.0,0.0,0.0,0.0,0.0,0.0,0.0,0.0,0.0,0.0,0.0,0.0,0.0,0.0,0.0,0.0,0.0,0.0,0.0,0.0,0.0,0.0,0.0,0.0,0.0,0.0
2023-02-17 02:00:00,0.0,0.0,0.0,0.0,0.0,0.0,0.0,0.0,0.0,0.0,0.0,0.0,0.0,0.0,0.0,0.0,0.0,0.0,0.0,0.0,0.0,0.0,0.0,0.0,0.0,0.0,0.0,0.0
2023-02-17 03:00:00,0.0,0.0,0.0,0.0,0.0,0.0,0.0,0.0,0.0,0.0,0.0,0.0,0.0,0.0,0.0,0.0,0.0,0.0,0.0,0.0,0.0,0.0,0.0,0.0,0.0,0.0,0.0,0.0
2023-02-17 04:00:00,0.0,0.0,0.0,0.0,0.0,0.0,0.0,0.0,0.0,0.0,0.0,0.0,0.0,0.0,0.0,0.0,0.0,0.0,0.0,0.0,0.0,0.0,0.0,0.0,0.0,0.0,0.0,0.0
2023-02-17 05:00:00,0.0,0.0,0.0,0.0,0.0,0.0,0.0,0.0,0.0,0.0,0.0,0.0,0.0,0.0,0.0,0.0,0.0,0.0,0.0,0.0,0.0,0.0,0.0,0.0,0.0,0.0,0.0,0.0
2023-02-17 06:00:00,0.0,0.0,0.0,0.0,0.0,0.0,0.0,0.0,0.0,0.0,0.0,0.0,0.0,0.0,0.0,0.0,0.0,0.0,0.0,0.0,0.0,0.0,0.0,0.0,0.0,0.0,0.0,0.0
2023-02-17 07:00:00,0.0,0.0,0.0,0.0,0.0,0.0,0.0,0.0,0.0,0.0,0.0,0.0,0.0,0.0,0.0,0.0,0.0,0.0,0.0,0.0,0.0,0.0,0.0,0.0,0.0,0.0,0.0,0.0
2023-02-17 08:00:00,0.0,0.0,0.0,0.0,0.0,0.0,0.0,0.0,0.0,0.0,0.0,0.0,0.0,0.0,0.0,0.0,0.0,0.0,0.0,0.0,0.0,0.0,0.0,0.0,0.0,0.0,0.0,0.0
2023-02-17 09:00:00,0.0,0.04035232171224267,0.0,0.07654016991540173,0.0,0.0,0.0,0.011896203857939292,0.0,0.0,0.0,0.030259793138148146,0.0,0.02459114128308651,0.0,0.0,0.0,0.0,0.0,0.0,0.027665033943472323,0.0,0.27897056909376905,0.1942311106565353,0.13985699251251188,0.0,0.13193693427741746,0.2531128574663037
2023-02-17 10:00:00,0.09136046408608409,0.1861939630635777,0.11958319017642768,0.09048077373700068,0.03589966356205308,0.01932320144386562,0.11328477641593948,0.08793870274869366,0.09261075697633654,0.11545420105451384,0.0967032746373302,0.11001026720308792,0.09753233863792293,0.06384717150156058,0.010223864296301692,0.036160541609226854,0.0014688795007542492,0.10363559284938788,0.0011238816915691036,0.048714646801815996,0.062151658755306344,0.10332447432004789,0.4015332415431798,0.2770309283346769,0.1749200541898939,0.014601616062001246,0.29946283974345944,0.3438418146659475
2023-02-17 11:00:00,0.17003972934344525,0.271795492981539,0.22660979405294254,0.13247599422467282,0.09811267349683817,0.055843186030749635,0.18056468495714725,0.12125877795415795,0.12498545109000284,0.20966830239439485,0.1563410433383351,0.2103397229324721,0.142331348381046,0.07762943034348618,0.04657024003090012,0.06565115582746596,0.014896248702137002,0.19442729890587354,0.010259187235069956,0.12146172268887605,0.08091614168125638,0.21601115977889487,0.4754355300715811,0.43714095084590654,0.336442846569671,0.07299023611931428,0.39932533808333637,0.4776521745841729
2023-02-17 12:00:00,0.41201293040576453,0.5599769418405453,0.353777339046446,0.30046771066233413,0.13034698063640893,0.0629780917023466,0.24141932356438778,0.2270380770877289,0.3936604178047758,0.24423015011206176,0.20374918026439856,0.4197309828578704,0.4095651595490358,0.22500331546107125,0.15822459871139719,0.19956781790353614,0.020680573960906945,0.38061259704008243,0.016511435048461812,0.28802329819383393,0.2279267370200236,0.3732397966177505,0.7043630447676452,0.5199946251750054,0.6307099590008863,0.07772792892354431,0.5014842696878192,0.5275071800657845
2023-02-17 13:00:00,0.4758868382362079,0.6267925033033771,0.5261251449914209,0.334189034623482,0.19149548962921112,0.08424133056060176,0.4271182059371985,0.36329421447219806,0.24377638164648543,0.49778950087887575,0.41384725966227726,0.5349670745195222,0.2389752162072277,0.30772776972200927,0.14222904952067528,0.11861373822880077,0.028863018102466432,0.5251978389376558,0.02315720780863175,0.357727928766373,0.3134217769879532,0.5893648851321691,0.7163677941534489,0.526973168088221,0.7356205662330674,0.10498269996668125,0.4803505299426576,0.522868496574264
2023-02-17 14:00:00,0.4402752726425173,0.5798050047768568,0.5379320055584587,0.3826269608709205,0.19749527451829563,0.08617574392406684,0.4700575252363193,0.4353718020076826,0.23047349441575715,0.5560780798336696,0.5043030380023729,0.4986501549931924,0.2294175614442684,0.3914370018343703,0.10753950110907985,0.09310733456281978,0.025620888386523703,0.43114656381934124,0.021209562108583536,0.37021633849154106,0.39409525542726903,0.5916588027080658,0.6643566605566719,0.46520600336740753,0.6170980869695164,0.09678447670857031,0.367732249986784,0.46892630698704674
2023-02-17 15:00:00,0.397932372643954,0.5019259520996793,0.48566028836697445,0.4946797381231017,0.17731626281528332,0.08216168585226066,0.5234495528342614,0.4975062938386357,0.1267835027714826,0.630714487613527,0.5527864037057034,0.5800279719478905,0.12343891667851073,0.4460882628563292,0.07237610206838388,0.06480347057009937,0.020689372201621304,0.46756436196018436,0.01660998097596298,0.5085320764541624,0.4519756434203641,0.6474838262620678,0.6230882247185687,0.49095398574858673,0.5008568524442748,0.0779188646035332,0.391176097886566,0.4909885763990729
2023-02-17 16:00:00,0.22744820174089328,0.28603658661429643,0.23993273963655948,0.4485977420589038,0.13726564797532917,0.0684626918461,0.390628288414212,0.37552396549217976,0.0627126357020957,0.45249412870683037,0.37946583834992004,0.5074668620103976,0.07226025190180535,0.3485633591273666,0.04847896560083032,0.04635555559796826,0.01591511063881134,0.29827876460848485,0.012527059103603293,0.35060297022545717,0.35163605271211323,0.4510263981610571,0.4894159816194399,0.4953331247501287,0.3449713508248313,0.06070527404371062,0.3363497773512501,0.5541115094329011
2023-02-17 17:00:00,0.0887204447339218,0.07835509078510945,0.12843662607282694,0.42093588983543123,0.0872223555646631,0.04452495010012177,0.2880406100795719,0.3241874650264515,0.03062271474029085,0.3199704942862535,0.2583824018685531,0.2976537953506228,0.03463443597249907,0.35500406651801697,0.023402220033516004,0.02173073692622649,0.009644978415364285,0.12796934721031727,0.00829807905350805,0.40678186638894726,0.3608449810700899,0.225642271102111,0.28330612071467176,0.34659006907782525,0.2505565958752051,0.03584364867795662,0.16023602164023604,0.3851453402158077
2023-02-17 18:00:00,0.019140498665618566,0.014699626128630147,0.030931693643804287,0.14670859109074075,0.03950870841465318,0.015619702346102313,0.10729845838845546,0.1527564657444663,0.008843816467574145,0.10222748545133988,0.10353703634802904,0.05231144701142349,0.011649278923684087,0.18241810859277702,0.007328036940800942,0.007170949141698201,0.004542397046714342,0.01860121763206435,0.007154727767843498,0.14868753605676283,0.18441684710222084,0.05213846537196648,0.0982375025704608,0.08613115657081293,0.24364884285729563,0.013696332412001319,0.0358935308308261,0.0848254036889037
2023-02-17 19:00:00,0.0002771493465445729,6.021735045406354e-05,0.00019768044807556414,0.0,0.0076076430743253305,0.00031417358969281325,0.001398764856316801,0.0,0.0,0.0,0.0,0.0,0.0,0.0,0.0003587820604779351,2.9629378313263946e-05,0.0008076345467413991,0.0,0.0011298110792442545,0.0,0.0,0.0,0.0,0.0,0.0,0.0001118880710332481,0.0,0.0
2023-02-17 20:00:00,0.0,0.0,0.0,0.0,0.0,0.0,0.0,0.0,0.0,0.0,0.0,0.0,0.0,0.0,0.0,0.0,0.0,0.0,0.0,0.0,0.0,0.0,0.0,0.0,0.0,0.0,0.0,0.0
2023-02-17 21:00:00,0.0,0.0,0.0,0.0,0.0,0.0,0.0,0.0,0.0,0.0,0.0,0.0,0.0,0.0,0.0,0.0,0.0,0.0,0.0,0.0,0.0,0.0,0.0,0.0,0.0,0.0,0.0,0.0
2023-02-17 22:00:00,0.0,0.0,0.0,0.0,0.0,0.0,0.0,0.0,0.0,0.0,0.0,0.0,0.0,0.0,0.0,0.0,0.0,0.0,0.0,0.0,0.0,0.0,0.0,0.0,0.0,0.0,0.0,0.0
2023-02-17 23:00:00,0.0,0.0,0.0,0.0,0.0,0.0,0.0,0.0,0.0,0.0,0.0,0.0,0.0,0.0,0.0,0.0,0.0,0.0,0.0,0.0,0.0,0.0,0.0,0.0,0.0,0.0,0.0,0.0
2023-02-18 00:00:00,0.0,0.0,0.0,0.0,0.0,0.0,0.0,0.0,0.0,0.0,0.0,0.0,0.0,0.0,0.0,0.0,0.0,0.0,0.0,0.0,0.0,0.0,0.0,0.0,0.0,0.0,0.0,0.0
2023-02-18 01:00:00,0.0,0.0,0.0,0.0,0.0,0.0,0.0,0.0,0.0,0.0,0.0,0.0,0.0,0.0,0.0,0.0,0.0,0.0,0.0,0.0,0.0,0.0,0.0,0.0,0.0,0.0,0.0,0.0
2023-02-18 02:00:00,0.0,0.0,0.0,0.0,0.0,0.0,0.0,0.0,0.0,0.0,0.0,0.0,0.0,0.0,0.0,0.0,0.0,0.0,0.0,0.0,0.0,0.0,0.0,0.0,0.0,0.0,0.0,0.0
2023-02-18 03:00:00,0.0,0.0,0.0,0.0,0.0,0.0,0.0,0.0,0.0,0.0,0.0,0.0,0.0,0.0,0.0,0.0,0.0,0.0,0.0,0.0,0.0,0.0,0.0,0.0,0.0,0.0,0.0,0.0
2023-02-18 04:00:00,0.0,0.0,0.0,0.0,0.0,0.0,0.0,0.0,0.0,0.0,0.0,0.0,0.0,0.0,0.0,0.0,0.0,0.0,0.0,0.0,0.0,0.0,0.0,0.0,0.0,0.0,0.0,0.0
2023-02-18 05:00:00,0.0,0.0,0.0,0.0,0.0,0.0,0.0,0.0,0.0,0.0,0.0,0.0,0.0,0.0,0.0,0.0,0.0,0.0,0.0,0.0,0.0,0.0,0.0,0.0,0.0,0.0,0.0,0.0
2023-02-18 06:00:00,0.0,0.0,0.0,0.0,0.0,0.0,0.0,0.0,0.0,0.0,0.0,0.0,0.0,0.0,0.0,0.0,0.0,0.0,0.0,0.0,0.0,0.0,0.0,0.0,0.0,0.0,0.0,0.0
2023-02-18 07:00:00,0.0,0.0,0.0,0.0,0.0,0.0,0.0,0.0,0.0,0.0,0.0,0.0,0.0,0.0,0.0,0.0,0.0,0.0,0.0,0.0,0.0,0.0,0.0,0.0,0.0,0.0,0.0,0.0
2023-02-18 08:00:00,0.0,0.0,0.0,0.0,0.0,0.0,0.0,0.0,0.0,0.0,0.0,0.0,0.0,0.0,0.0,0.0,0.0,0.0,0.0,0.0,0.0,0.0,0.0,0.0,0.0,0.0,0.0,0.0
2023-02-18 09:00:00,0.0,0.007771488221062094,0.0,0.08519072546020068,0.0,0.0,0.0,0.0016177991985539266,0.0,0.0,0.0,0.03505079244733007,0.0,0.0033125640311584643,0.0,0.0,0.0,0.0,0.0,0.0,0.0037266345350532725,0.0,0.1112891367567041,0.08564657656875703,0.09632572264159694,0.0,0.04497664242090301,0.08298581364422689
2023-02-18 10:00:00,0.12404543962012263,0.3316026675123447,0.1157785818533717,0.11445943709368267,0.013103838016136722,0.010663155130655352,0.03550663956663593,0.017013396978175343,0.0949846573696646,0.016278123648699655,0.020100392426981112,0.2009858396098734,0.09185348090562297,0.013256315436354714,0.042606498650678476,0.05294959273210416,0.015543845928430593,0.04780609593610826,0.0077819805326094565,0.0016722750016741872,0.014289810113098005,0.091311821726712,0.1800484332386783,0.1751555110726416,0.21289874625673696,0.0141211656429684,0.17082819191764928,0.20172663281071976
2023-02-18 11:00:00,0.26261113340959846,0.49861962164124307,0.298903053226492,0.21541197983149427,0.08500168936757688,0.04938091527915232,0.11700903183810073,0.04838479686896612,0.25513009589382313,0.07495184701868485,0.07168146056325315,0.3786608550421804,0.2640090719919773,0.03086778630918275,0.09770162787349891,0.136685794987145,0.03177046401212683,0.13904923322908597,0.04849454791528664,0.031822249567384685,0.0324709752953785,0.18962007038967396,0.3678280583827339,0.3051814623006478,0.34481292615472786,0.059686286744376205,0.25731528497097234,0.3524392964311689
2023-02-18 12:00:00,0.5009564417813187,0.6113963883189617,0.3577700480523075,0.24781633555161608,0.16514600007973723,0.12891450663176682,0.154821893241517,0.109516661938428,0.3764200444833485,0.1850368013689509,0.1464600010480325,0.5827932021666407,0.37851338033081794,0.0867310477573936,0.15626289337948165,0.2909401564793047,0.13008816948914764,0.3879717434764378,0.14002094826480238,0.10866675505807072,0.08817791522920997,0.4657365388966907,0.5974674573505127,0.4328192369732103,0.3927014271885854,0.12244902965666726,0.3226074956605933,0.5100695454298785
2023-02-18 13:00:00,0.5181154858217277,0.6612039930492447,0.41336715929522294,0.33673996424908287,0.1912926313458014,0.16005375363258434,0.21327144384823274,0.1450338283970581,0.41072191754155457,0.24707625841208627,0.18801621731564216,0.6479861447044619,0.4453850376041708,0.1111610618271423,0.23620163334666508,0.3976980799008335,0.17073720360854172,0.44727309631148415,0.1796781588835878,0.1514765886605191,0.11510382988241813,0.5286357075178573,0.5790389251791519,0.5126409726517727,0.46428920845132554,0.14944710326740474,0.443790491494657,0.5762338949125768
2023-02-18 14:00:00,0.5199923781100176,0.6114804793859355,0.4836853855129146,0.4115825431445977,0.20003621520003395,0.1523109493774344,0.43095873767763565,0.34701702876493873,0.37814722355812735,0.29406840955059815,0.3474556121663589,0.665011900610936,0.42311310454320317,0.2851323491301399,0.17766675361861428,0.3334194263417328,0.23464001899005324,0.38666763144476546,0.20653548468146377,0.1856701896762097,0.26920256555996713,0.5138355664461259,0.5566291899083716,0.5300881598687064,0.5976782718086141,0.14982482935329475,0.4770070477863749,0.5759488633487277
2023-02-18 15:00:00,0.537057537833009,0.491043190251951,0.4769357026958691,0.38885611396949515,0.1577101189172264,0.1648116859317094,0.3414520655345868,0.32579552660171557,0.4189039897997274,0.32033592841911784,0.3196871151141689,0.5771043146649695,0.4038589127309146,0.3115072934147336,0.21005075226008277,0.2985010983852871,0.24758138856831174,0.3920521577175318,0.23503696031805454,0.2689361500844599,0.30572868929648606,0.5242724194134488,0.5339236397580653,0.4346329203942475,0.4979579833298484,0.1743765817897795,0.3041337240601397,0.45981252979281656
2023-02-18 16:00:00,0.5143637867056121,0.3556292860647108,0.43006713324160256,0.41154362209729756,0.1163895548608699,0.13420141588836604,0.18216290032515856,0.26561614110623194,0.3855039836632069,0.23719937105717087,0.21275001547609412,0.5845462774124801,0.353729710617817,0.3505186378700367,0.19678831790441156,0.26245718266687496,0.18935774848958115,0.3622615415115254,0.15110459354692327,0.3468401407761664,0.3599451112993406,0.496608068192516,0.5324606456360476,0.3467614779854271,0.40607745060983197,0.14757680685539074,0.2093260713197128,0.3884046933013622
2023-02-18 17:00:00,0.4780453488855881,0.2887319710977562,0.47267283581789127,0.41081951992200083,0.08277099191107197,0.12063715217438324,0.36804279279126845,0.3830791010482785,0.38922469578224,0.36288066394742446,0.3638316182981107,0.5769332632028994,0.3749807167706137,0.4063874569593473,0.15452139883379884,0.2997178752267038,0.12467475772467082,0.364266535566846,0.11972406716972535,0.38738540638505836,0.4055691814414399,0.5120810980434499,0.46414030056275024,0.3429253187993184,0.3048028420863578,0.08623360833014747,0.14614651414376872,0.3343154338395841
2023-02-18 18:00:00,0.38747159620572574,0.17757938269082943,0.3507626373293489,0.3340425722475775,0.03736417515338937,0.07662782111407802,0.25604450805114093,0.30711338575653996,0.24759931385435452,0.29711262877526134,0.2859872284770537,0.4420590082180413,0.2282502068986114,0.3367061077391992,0.1196799541303442,0.16582530152638567,0.053893641420537326,0.3372253598426276,0.03964309333321558,0.36134333208016967,0.3379728632517075,0.4175846022962406,0.3791859156345942,0.2460349610247422,0.22699639941789096,0.05373804655888872,0.07121346254965573,0.2960486697284825
2023-02-18 19:00:00,0.10750212266020824,0.001498561961681022,0.26030400565172584,0.0,0.008411626503026334,0.01981843238252601,0.23284666888598748,0.08426225351453982,0.12860375798736334,0.09532288663438467,0.1712187728244605,0.0,0.13352720226391745,0.0,0.030380996100087914,0.11282056777854248,0.015368240061234717,0.04710513304427006,0.00609179060110855,0.0,0.0,0.05787466649975056,0.0,0.0,0.0,0.010185303029186613,0.0,0.0
2023-02-18 20:00:00,0.0,0.0,0.0,0.0,0.0,0.0,0.0,0.0,0.0,0.0,0.0,0.0,0.0,0.0,0.0,0.0,0.0,0.0,0.0,0.0,0.0,0.0,0.0,0.0,0.0,0.0,0.0,0.0
2023-02-18 21:00:00,0.0,0.0,0.0,0.0,0.0,0.0,0.0,0.0,0.0,0.0,0.0,0.0,0.0,0.0,0.0,0.0,0.0,0.0,0.0,0.0,0.0,0.0,0.0,0.0,0.0,0.0,0.0,0.0
2023-02-18 22:00:00,0.0,0.0,0.0,0.0,0.0,0.0,0.0,0.0,0.0,0.0,0.0,0.0,0.0,0.0,0.0,0.0,0.0,0.0,0.0,0.0,0.0,0.0,0.0,0.0,0.0,0.0,0.0,0.0
2023-02-18 23:00:00,0.0,0.0,0.0,0.0,0.0,0.0,0.0,0.0,0.0,0.0,0.0,0.0,0.0,0.0,0.0,0.0,0.0,0.0,0.0,0.0,0.0,0.0,0.0,0.0,0.0,0.0,0.0,0.0
2023-02-19 00:00:00,0.0,0.0,0.0,0.0,0.0,0.0,0.0,0.0,0.0,0.0,0.0,0.0,0.0,0.0,0.0,0.0,0.0,0.0,0.0,0.0,0.0,0.0,0.0,0.0,0.0,0.0,0.0,0.0
2023-02-19 01:00:00,0.0,0.0,0.0,0.0,0.0,0.0,0.0,0.0,0.0,0.0,0.0,0.0,0.0,0.0,0.0,0.0,0.0,0.0,0.0,0.0,0.0,0.0,0.0,0.0,0.0,0.0,0.0,0.0
2023-02-19 02:00:00,0.0,0.0,0.0,0.0,0.0,0.0,0.0,0.0,0.0,0.0,0.0,0.0,0.0,0.0,0.0,0.0,0.0,0.0,0.0,0.0,0.0,0.0,0.0,0.0,0.0,0.0,0.0,0.0
2023-02-19 03:00:00,0.0,0.0,0.0,0.0,0.0,0.0,0.0,0.0,0.0,0.0,0.0,0.0,0.0,0.0,0.0,0.0,0.0,0.0,0.0,0.0,0.0,0.0,0.0,0.0,0.0,0.0,0.0,0.0
2023-02-19 04:00:00,0.0,0.0,0.0,0.0,0.0,0.0,0.0,0.0,0.0,0.0,0.0,0.0,0.0,0.0,0.0,0.0,0.0,0.0,0.0,0.0,0.0,0.0,0.0,0.0,0.0,0.0,0.0,0.0
2023-02-19 05:00:00,0.0,0.0,0.0,0.0,0.0,0.0,0.0,0.0,0.0,0.0,0.0,0.0,0.0,0.0,0.0,0.0,0.0,0.0,0.0,0.0,0.0,0.0,0.0,0.0,0.0,0.0,0.0,0.0
2023-02-19 06:00:00,0.0,0.0,0.0,0.0,0.0,0.0,0.0,0.0,0.0,0.0,0.0,0.0,0.0,0.0,0.0,0.0,0.0,0.0,0.0,0.0,0.0,0.0,0.0,0.0,0.0,0.0,0.0,0.0
2023-02-19 07:00:00,0.0,0.0,0.0,0.0,0.0,0.0,0.0,0.0,0.0,0.0,0.0,0.0,0.0,0.0,0.0,0.0,0.0,0.0,0.0,0.0,0.0,0.0,0.0,0.0,0.0,0.0,0.0,0.0
2023-02-19 08:00:00,0.0,0.0,0.0,0.0,0.0,0.0,0.0,0.0,0.0,0.0,0.0,0.0,0.0,0.0,0.0,0.0,0.0,0.0,0.0,0.0,0.0,0.0,0.0,0.0,0.0,0.0,0.0,0.0
2023-02-19 09:00:00,0.0,2.5947194937911303e-06,0.0,0.02090768892589619,0.0,0.0,0.006603923374714167,0.015555842837519054,0.0,0.004464001328064479,0.00776531478770778,0.007600038654143855,0.0,0.019865941755452383,0.0,0.0,0.0,0.0,0.0,0.019040930891889754,0.019594542829434385,0.0009927396205959874,0.021840778021589378,0.02061832440958765,0.005613846533528726,0.0,0.0020013555912658187,0.038306217896968524
2023-02-19 10:00:00,0.03921044843170936,0.029417994994795683,0.023241188595024543,0.05167157279035963,0.062212071436315484,0.03205336209798232,0.02233020742989503,0.06531604007321903,0.009685396098410917,0.04410884878668727,0.045351940366816466,0.057911512890004804,0.012527078421082057,0.08887386944237574,0.008467018621124233,0.004270760628486246,0.0024638479634418436,0.02700821716267744,0.00112317047808526,0.07696754815009066,0.09061819111394893,0.050363859967690716,0.08038385381485334,0.0323064744118761,0.04606336196957781,0.04206493824565514,0.058588257083903146,0.042915701176033716
2023-02-19 11:00:00,0.07439501494045851,0.06721002552110919,0.03719245470354986,0.11063873659075306,0.17324238345756912,0.0976575750418305,0.02635730670332991,0.06733373541489837,0.03278106025832258,0.04903254135924355,0.0469909580799311,0.11573815936798305,0.039394511896921613,0.09472057195550458,0.02203287767118739,0.01648837359086277,0.019239464848764203,0.06296252292156616,0.010745255862513478,0.10695234899457141,0.09769195777677184,0.09212802382411021,0.13807625612173482,0.060476531461773404,0.09106423119541115,0.12120802331511935,0.1213597735081592,0.058598978450089885
2023-02-19 12:00:00,0.11555524078965433,0.1058288309536954,0.05563903934554531,0.10526769035542337,0.3283677487480756,0.1383147139127601,0.028691032967420187,0.06081462152729002,0.0501153714966471,0.07541194901744824,0.06832761531630663,0.1389740693939056,0.056595853395613474,0.0808637519835169,0.045277109260700686,0.0261478461219781,0.022199263373345598,0.11014870264449729,0.0182102169369044,0.0699100219242551,0.0839640445634163,0.14275581531407444,0.25919748919622715,0.09781898609716963,0.19315394548142234,0.19981380502266802,0.18728949435754075,0.10098316933874094
2023-02-19 13:00:00,0.13814821508235964,0.1430876214777992,0.08721726750835306,0.13584768314275977,0.43408820136039394,0.24732897439801443,0.07477199830738841,0.1315883888550421,0.06419340460572458,0.1582050099045645,0.13451505501189093,0.17561687290607503,0.07191991967139973,0.14913302536868261,0.059720140232546744,0.034289989996035906,0.05907107169200648,0.14902558091585227,0.04690104045080363,0.16400996869131823,0.153643286086307,0.19471290204358305,0.25481450757293733,0.11064151164279272,0.20102600351098124,0.2696115702449728,0.23789097360535671,0.11572148214148181
2023-02-19 14:00:00,0.14482786515274165,0.15805750645383726,0.07141794246172452,0.1289043457408619,0.4951179512602211,0.27641269262159585,0.07997899329322751,0.11929759171990727,0.06891012388971951,0.1138155435152653,0.11506853125662811,0.1883748922043567,0.07500329397528996,0.14129471730156604,0.06705385823166608,0.04129947109123149,0.09146283975228828,0.15800315198128945,0.08695255771650809,0.10688469890198812,0.14409442087881824,0.18134530322233497,0.26230794202705965,0.11957074420047129,0.20109310144549336,0.30022571475769594,0.2597325158358107,0.11030011319559219
2023-02-19 15:00:00,0.1165434756169802,0.1453041711283509,0.044658985810117444,0.09422962981714829,0.45883296576068455,0.19520990956292875,0.06112466174666947,0.06145164933036226,0.05650093321574666,0.05227630887046469,0.05812184915439092,0.16220307944362627,0.06255480461109184,0.061037373655603924,0.04899327300789199,0.03399192775618926,0.07731073827271437,0.11373357799062744,0.06445137432247608,0.044967032682921945,0.0596412295691092,0.13556184553296627,0.21486387365120913,0.11251727581250381,0.1588277987278284,0.24546865248179486,0.2655207307072228,0.1033316664392196
2023-02-19 16:00:00,0.09597834014866688,0.10058284991775909,0.02713417023571875,0.08332581132988821,0.41144212498883326,0.1997540286882623,0.028659858567027074,0.04944953706110387,0.045064205932000945,0.07339958744872632,0.050267694890945736,0.13397230182091896,0.049324193360303636,0.04609509168737068,0.042098341007731764,0.025294732827139538,0.06591942876312809,0.09525483466211031,0.05177205196161504,0.06519838706065414,0.047066484381043924,0.12344409510780034,0.12340184707341309,0.06864445516941048,0.12024150985158824,0.22981572224447047,0.23233208925896032,0.06340459302548826
2023-02-19 17:00:00,0.05495744467043974,0.05761414503534999,0.016888244072618144,0.0442307067033746,0.44752111171510783,0.1935087454120479,0.015540548874845865,0.022136830359716305,0.03071048677268829,0.028473927684461792,0.023752211219103633,0.07284762498343082,0.033680336290254596,0.020305842901743715,0.029257302726049924,0.01621316898653251,0.05485987550585299,0.05583506326893228,0.039621369565408,0.02970012532021759,0.020210330670343894,0.058927119022753716,0.05838861789348392,0.041187358489756264,0.07872871946494683,0.22708757386147468,0.24293514468182847,0.03570154621506636
2023-02-19 18:00:00,0.033614495087059215,0.03457880278214369,0.007931546485478039,0.014391819600935466,0.33854166535989927,0.10475711303687346,0.00605416567385512,0.010929757047676082,0.010558210296188923,0.015046311157427654,0.01090040559842737,0.04071651930281625,0.012986333905809949,0.01068566808900537,0.008317288250939027,0.004451895557468834,0.024246418363664604,0.03180138836702471,0.026237294456893365,0.013452789436589035,0.010905061846798361,0.04225520322760399,0.04392475302261111,0.011321373134947653,0.0494180442046346,0.16094496184931747,0.1693878107800805,0.010673565241784783
2023-02-19 19:00:00,0.0005380779896238012,0.0006850308607326496,0.0005429489668579206,0.0,0.12417255107511918,0.08608974055011419,0.0,0.0029148904409602825,6.222980159649891e-05,0.005130977065932843,0.003615770789673519,0.0,0.00013323825946629541,0.0019098990831237178,0.0003053272464761436,3.0077823556506872e-05,0.01599742886001038,8.279465201311106e-05,0.011869558647108413,0.0,0.0021486364685141825,0.0036435509664790463,0.0,0.0,0.0,0.10105584222738158,0.0,0.0
2023-02-19 20:00:00,0.0,0.0,0.0,0.0,0.0,0.0,0.0,0.0,0.0,0.0,0.0,0.0,0.0,0.0,0.0,0.0,0.0,0.0,0.0,0.0,0.0,0.0,0.0,0.0,0.0,0.0,0.0,0.0
2023-02-19 21:00:00,0.0,0.0,0.0,0.0,0.0,0.0,0.0,0.0,0.0,0.0,0.0,0.0,0.0,0.0,0.0,0.0,0.0,0.0,0.0,0.0,0.0,0.0,0.0,0.0,0.0,0.0,0.0,0.0
2023-02-19 22:00:00,0.0,0.0,0.0,0.0,0.0,0.0,0.0,0.0,0.0,0.0,0.0,0.0,0.0,0.0,0.0,0.0,0.0,0.0,0.0,0.0,0.0,0.0,0.0,0.0,0.0,0.0,0.0,0.0
2023-02-19 23:00:00,0.0,0.0,0.0,0.0,0.0,0.0,0.0,0.0,0.0,0.0,0.0,0.0,0.0,0.0,0.0,0.0,0.0,0.0,0.0,0.0,0.0,0.0,0.0,0.0,0.0,0.0,0.0,0.0
2023-02-20 00:00:00,0.0,0.0,0.0,0.0,0.0,0.0,0.0,0.0,0.0,0.0,0.0,0.0,0.0,0.0,0.0,0.0,0.0,0.0,0.0,0.0,0.0,0.0,0.0,0.0,0.0,0.0,0.0,0.0
2023-02-20 01:00:00,0.0,0.0,0.0,0.0,0.0,0.0,0.0,0.0,0.0,0.0,0.0,0.0,0.0,0.0,0.0,0.0,0.0,0.0,0.0,0.0,0.0,0.0,0.0,0.0,0.0,0.0,0.0,0.0
2023-02-20 02:00:00,0.0,0.0,0.0,0.0,0.0,0.0,0.0,0.0,0.0,0.0,0.0,0.0,0.0,0.0,0.0,0.0,0.0,0.0,0.0,0.0,0.0,0.0,0.0,0.0,0.0,0.0,0.0,0.0
2023-02-20 03:00:00,0.0,0.0,0.0,0.0,0.0,0.0,0.0,0.0,0.0,0.0,0.0,0.0,0.0,0.0,0.0,0.0,0.0,0.0,0.0,0.0,0.0,0.0,0.0,0.0,0.0,0.0,0.0,0.0
2023-02-20 04:00:00,0.0,0.0,0.0,0.0,0.0,0.0,0.0,0.0,0.0,0.0,0.0,0.0,0.0,0.0,0.0,0.0,0.0,0.0,0.0,0.0,0.0,0.0,0.0,0.0,0.0,0.0,0.0,0.0
2023-02-20 05:00:00,0.0,0.0,0.0,0.0,0.0,0.0,0.0,0.0,0.0,0.0,0.0,0.0,0.0,0.0,0.0,0.0,0.0,0.0,0.0,0.0,0.0,0.0,0.0,0.0,0.0,0.0,0.0,0.0
2023-02-20 06:00:00,0.0,0.0,0.0,0.0,0.0,0.0,0.0,0.0,0.0,0.0,0.0,0.0,0.0,0.0,0.0,0.0,0.0,0.0,0.0,0.0,0.0,0.0,0.0,0.0,0.0,0.0,0.0,0.0
2023-02-20 07:00:00,0.0,0.0,0.0,0.0,0.0,0.0,0.0,0.0,0.0,0.0,0.0,0.0,0.0,0.0,0.0,0.0,0.0,0.0,0.0,0.0,0.0,0.0,0.0,0.0,0.0,0.0,0.0,0.0
2023-02-20 08:00:00,0.0,0.0,0.0,0.0,0.0,0.0,0.0,0.0,0.0,0.0,0.0,0.0,0.0,0.0,0.0,0.0,0.0,0.0,0.0,0.0,0.0,0.0,0.0,0.0,0.0,0.0,0.0,0.0
2023-02-20 09:00:00,7.82387698145927e-05,0.0013018173478871885,0.0,0.0017820770712982166,0.0,0.0,0.0,0.00017159257116401824,0.0,0.0,0.0,0.0010996466368568805,0.0,0.00044506907378958293,0.0,0.0,0.0,0.0,0.0,0.00033945963034168913,0.000495881144579972,0.0002607958993819757,0.1328758729138256,0.015158917470493697,0.06932321468236335,0.0,0.014056251491122957,0.016778378635864618
2023-02-20 10:00:00,0.01862564738828324,0.02422883536175964,0.0030272042018752053,0.03378488326463361,0.01025168303334701,0.0027509808291408056,0.004407625130818204,0.006806173165349562,0.0050044855314575415,0.005889762513737374,0.005881425877472443,0.04375456657932454,0.005979684360338844,0.007661116368230622,0.0016832805631854532,0.002101325557908678,0.0034714207487130124,0.018098020171695674,0.0016339724507177238,0.0073013014944758306,0.007639274666819487,0.02233972623454167,0.1639650960724691,0.05274221944445616,0.12706980234839058,0.0028523521380986734,0.05933521562592062,0.041760404951281874
2023-02-20 11:00:00,0.053662332055868026,0.05657839310437636,0.021306701328136415,0.06027061607759727,0.1150930102872902,0.03436586564953731,0.026376284518660986,0.05658318798326669,0.01973200828097892,0.03861341858673876,0.035800505397583275,0.09220910181823087,0.02278784414502318,0.07843032736839896,0.01079956620690458,0.010191182466304453,0.01551024590197254,0.04081146070819691,0.009564461413012834,0.0646048146859462,0.08086579264470727,0.0666534775445513,0.20398028211210323,0.09455624158599296,0.2258270111326044,0.02826208092262928,0.1321480670738288,0.07676938320350568
2023-02-20 12:00:00,0.09624877833057716,0.10383636344111312,0.024935188778622004,0.09265866335933616,0.2333961945456965,0.0653959884910062,0.04565468701765293,0.044255817787670564,0.03808559664041311,0.03506377487817326,0.037472491234054536,0.1987705284855921,0.044181830569967884,0.05220317475612584,0.022586231365036805,0.023510361616740076,0.027038239041630906,0.06391272790783802,0.017181804360734743,0.02223989772056484,0.052682979261972,0.11363185294573432,0.37959428605489687,0.12450023426072247,0.2851669473518159,0.06507357505131417,0.13652794532666884,0.12413986702803662
2023-02-20 13:00:00,0.09738595766757846,0.20824998228779137,0.04748149353051492,0.09042745859481878,0.32813549127283315,0.08817561502985473,0.05282446998669501,0.05120112527900809,0.03576157051897669,0.04051948901108091,0.045914623834049845,0.21105977301637388,0.03749495662175045,0.06063531176007981,0.031021445696509976,0.026727552937363015,0.14314988703944986,0.04943991486347885,0.04989818728927322,0.02127159038454825,0.06209155252657479,0.1128596984933708,0.39079630751841576,0.13264090742776302,0.24624125260289098,0.07404559943534372,0.1365385661063881,0.14578845753388667
2023-02-20 14:00:00,0.11217438925238525,0.25045367840016275,0.055003000076148695,0.07260604409323762,0.4235367494019955,0.1207324525071851,0.07162431420470576,0.0827684618047032,0.05513728673968788,0.06520606272854364,0.07714280578997199,0.1548970214958845,0.05978920401398622,0.08967917402757661,0.03525437673923667,0.03612235617752256,0.07352526870907694,0.053055505449380515,0.05700603977952309,0.03861734871256523,0.08937873097880979,0.10694271843081886,0.284764495149198,0.1392048959569104,0.20742358655987403,0.09505228357463653,0.1284401575975963,0.1656717039079237
2023-02-20 15:00:00,0.0909912883005112,0.2819495403954247,0.04136692620861715,0.06626937810920883,0.43538437448286205,0.13737139219102792,0.04384511519621554,0.05211461229967834,0.04421719648157232,0.048697326760203774,0.05300031352054703,0.16288753053737975,0.04118040506989269,0.0634593601808701,0.03442269677725138,0.06725831644138468,0.04691081886441308,0.05477897262259548,0.06617610203167006,0.03338876024938933,0.06477799618577525,0.09409178045372207,0.19693141267324119,0.17522544508002758,0.16995406250927153,0.09901121490447932,0.11326513709737163,0.2088959391702145
2023-02-20 16:00:00,0.0647031516264726,0.2831855199730917,0.030758603043197094,0.051708535892612595,0.4528087661468086,0.11113021580561305,0.018339746434413582,0.028510862942346463,0.11845493286172247,0.04153669447362596,0.040518896663392784,0.12483561280660325,0.10935354968416444,0.029332380906272788,0.029203256598065178,0.07137319076158236,0.1457524007560301,0.025970689600652092,0.0853491666016636,0.016197499520468617,0.029626248887504824,0.06498686316601486,0.10018739573240772,0.1986392755684039,0.09024186424892905,0.09039621342360703,0.06900436362644542,0.2788692289959294
2023-02-20 17:00:00,0.06034649706234163,0.1998567228996933,0.028198294638820405,0.03655004056177022,0.4190148337894991,0.08958995101296273,0.01327790005273291,0.022499807628178964,0.0698554452051783,0.04592446609842034,0.03687751506113868,0.05921966485757101,0.08320801954610706,0.016516912571504172,0.019848508655259098,0.09013464126379762,0.26413544070126954,0.02851697427635178,0.1011508332728198,0.014982565252956744,0.016866839652408185,0.052440844465513115,0.03633443922781695,0.17787927189591848,0.04104556603966783,0.06306338363233445,0.03773878422451127,0.29195635740865694
2023-02-20 18:00:00,0.05100981658799615,0.13184609164679817,0.03872469060882973,0.009899654477804134,0.3205725021988107,0.04371636756787335,0.0034029545894625024,0.008812969591681223,0.08295203100948749,0.03400706857470713,0.027269454145293234,0.017794385105140177,0.05556945954246114,0.004145090234558014,0.0033007931066058806,0.052937782699932434,0.24154602019448693,0.02841342431576316,0.09897765878879274,0.004433046040954907,0.004351671781605786,0.03369889801072011,0.0058326148518627954,0.09267010409343863,0.007181952266035053,0.02937880694459846,0.014290481520553525,0.17216939460402345
2023-02-20 19:00:00,0.06651092605687688,0.0014943160851020874,0.04829744698553827,0.0,0.20448206963737356,0.012168359256747988,0.010799375916541046,0.011289704948105474,0.10740500202606879,0.037193009717580355,0.028060023561623536,0.0,0.0563023782256637,0.0014366800986097285,0.0006839210571611271,0.04142675102274325,0.16636365122753008,0.013360929810020197,0.09309145822288166,0.004839320698027429,0.0016162651109359447,0.022103218524184124,0.0,0.0,0.0,0.006729385727803928,0.0,0.0
2023-02-20 20:00:00,0.0,0.0,0.0,0.0,0.0,0.0,0.0,0.0,0.0,0.0,0.0,0.0,0.0,0.0,0.0,0.0,0.0,0.0,0.0,0.0,0.0,0.0,0.0,0.0,0.0,0.0,0.0,0.0
2023-02-20 21:00:00,0.0,0.0,0.0,0.0,0.0,0.0,0.0,0.0,0.0,0.0,0.0,0.0,0.0,0.0,0.0,0.0,0.0,0.0,0.0,0.0,0.0,0.0,0.0,0.0,0.0,0.0,0.0,0.0
2023-02-20 22:00:00,0.0,0.0,0.0,0.0,0.0,0.0,0.0,0.0,0.0,0.0,0.0,0.0,0.0,0.0,0.0,0.0,0.0,0.0,0.0,0.0,0.0,0.0,0.0,0.0,0.0,0.0,0.0,0.0
2023-02-20 23:00:00,0.0,0.0,0.0,0.0,0.0,0.0,0.0,0.0,0.0,0.0,0.0,0.0,0.0,0.0,0.0,0.0,0.0,0.0,0.0,0.0,0.0,0.0,0.0,0.0,0.0,0.0,0.0,0.0
2023-02-21 00:00:00,0.0,0.0,0.0,0.0,0.0,0.0,0.0,0.0,0.0,0.0,0.0,0.0,0.0,0.0,0.0,0.0,0.0,0.0,0.0,0.0,0.0,0.0,0.0,0.0,0.0,0.0,0.0,0.0
2023-02-21 01:00:00,0.0,0.0,0.0,0.0,0.0,0.0,0.0,0.0,0.0,0.0,0.0,0.0,0.0,0.0,0.0,0.0,0.0,0.0,0.0,0.0,0.0,0.0,0.0,0.0,0.0,0.0,0.0,0.0
2023-02-21 02:00:00,0.0,0.0,0.0,0.0,0.0,0.0,0.0,0.0,0.0,0.0,0.0,0.0,0.0,0.0,0.0,0.0,0.0,0.0,0.0,0.0,0.0,0.0,0.0,0.0,0.0,0.0,0.0,0.0
2023-02-21 03:00:00,0.0,0.0,0.0,0.0,0.0,0.0,0.0,0.0,0.0,0.0,0.0,0.0,0.0,0.0,0.0,0.0,0.0,0.0,0.0,0.0,0.0,0.0,0.0,0.0,0.0,0.0,0.0,0.0
2023-02-21 04:00:00,0.0,0.0,0.0,0.0,0.0,0.0,0.0,0.0,0.0,0.0,0.0,0.0,0.0,0.0,0.0,0.0,0.0,0.0,0.0,0.0,0.0,0.0,0.0,0.0,0.0,0.0,0.0,0.0
2023-02-21 05:00:00,0.0,0.0,0.0,0.0,0.0,0.0,0.0,0.0,0.0,0.0,0.0,0.0,0.0,0.0,0.0,0.0,0.0,0.0,0.0,0.0,0.0,0.0,0.0,0.0,0.0,0.0,0.0,0.0
2023-02-21 06:00:00,0.0,0.0,0.0,0.0,0.0,0.0,0.0,0.0,0.0,0.0,0.0,0.0,0.0,0.0,0.0,0.0,0.0,0.0,0.0,0.0,0.0,0.0,0.0,0.0,0.0,0.0,0.0,0.0
2023-02-21 07:00:00,0.0,0.0,0.0,0.0,0.0,0.0,0.0,0.0,0.0,0.0,0.0,0.0,0.0,0.0,0.0,0.0,0.0,0.0,0.0,0.0,0.0,0.0,0.0,0.0,0.0,0.0,0.0,0.0
2023-02-21 08:00:00,0.0,0.0,0.0,0.0,0.0,0.0,0.0,0.0,0.0,0.0,0.0,0.0,0.0,0.0,0.0,0.0,0.0,0.0,0.0,0.0,0.0,0.0,0.0,0.0,0.0,0.0,0.0,0.0
2023-02-21 09:00:00,0.022859647539493745,0.008074706700887438,0.12043336813376031,0.053554179126255264,0.0,0.0,0.1536282597075833,0.08219614574164512,0.0,0.06745512763754194,0.09230605312143214,0.09524146605973152,0.0,0.0915893994523719,0.0,0.0,0.0,0.04721899576118697,0.0,0.0019789992603284727,0.09423562408912198,0.07866116623994329,0.020937755684000737,0.02002632102988936,0.0367709901975489,0.0,0.04084757491146218,0.015595486744491583
2023-02-21 10:00:00,0.16902961770293282,0.12345527077928393,0.2503156729060516,0.12113294829689204,0.2564495759535572,0.3720308926029339,0.17347083407354005,0.09234204995063065,0.13087012604761805,0.05730386598793108,0.08010654581646612,0.2049859694297145,0.0764320126325955,0.11513182743622805,0.0711250028092307,0.09383888502930356,0.3077031147358446,0.1621474244769733,0.3542548831091561,0.030840305415283195,0.12008091744589681,0.15874305304590394,0.08931193595225646,0.07632688601463565,0.13485981675516392,0.2701122257463079,0.19624020056231073,0.060422253665880894
2023-02-21 11:00:00,0.4089603466406658,0.35844498330922636,0.32992987999182544,0.23132460178696163,0.602901029201663,0.6307861269671112,0.26792494547674406,0.2462543634284301,0.3356663810441414,0.15237177937993762,0.19343235329493763,0.4752641300924661,0.28366640310779845,0.3165700892669612,0.2724830859364042,0.27420631991245953,0.5313262705472486,0.4341269766897525,0.5568704248173253,0.2031653416177351,0.32503566060286976,0.4267479481405634,0.1389326507801644,0.1600301546894916,0.22917517659129852,0.5642902304513316,0.3786222477265333,0.1390815736159609
2023-02-21 12:00:00,0.5968800966872243,0.5755609850251975,0.5136140629357837,0.32306574036151964,0.7868709238646424,0.7624680409536506,0.5631811970672695,0.622396169422996,0.48595908299974305,0.520566839501746,0.5691279182463783,0.577691997399056,0.42819623932803824,0.6538369338662542,0.44000183782858393,0.45157502768868246,0.6562445525681934,0.6628388912247459,0.6816058667285205,0.542245551672718,0.652249961543066,0.650228570977543,0.22275161322265832,0.3264370579732974,0.30426152138943086,0.7547443740562634,0.45396603631876087,0.3206015356553764
2023-02-21 13:00:00,0.6222852545174652,0.5811171389359666,0.5526307881622774,0.39664783335650095,0.862755301770184,0.8495774128000234,0.5765802341998368,0.5980935324821391,0.5763051728090511,0.5349957612549523,0.5781839516509395,0.5648860060222126,0.4887799198016363,0.5954657467541379,0.6123297265446281,0.6137767395930096,0.7278765827784138,0.5799692733114036,0.7530146365122998,0.5017924040720674,0.591833904338954,0.6137912653553493,0.26533812274102014,0.4057332254939706,0.37016421753728557,0.860407874580165,0.5597068260490333,0.37947918706180644
2023-02-21 14:00:00,0.6262387406762971,0.6070044402854184,0.6441332624996237,0.4038470677999797,0.892063486111419,0.8901810206029878,0.6111918789883547,0.5721535456872732,0.6442383176127107,0.5815912174506567,0.5983264603860103,0.5725315987434517,0.6021642363918429,0.5487539349860001,0.7807704617910181,0.7154878067800988,0.7749405260089929,0.5837185849328956,0.7806938828309032,0.41816572902580096,0.5489154418235611,0.6163691764739585,0.3351529427434315,0.4497494371425951,0.4296171542303927,0.8980830985899755,0.5900765384491511,0.42146814989180903
2023-02-21 15:00:00,0.6439864218014574,0.6386398367409059,0.6559853831659573,0.5111961427414511,0.8911933893065515,0.8939921753783187,0.597736989918681,0.6209074916304944,0.6915360249941449,0.5637920348474783,0.5831160895112844,0.6318472811871036,0.6633926296472193,0.6495138974984256,0.8388384067164812,0.7435457172468839,0.7684989188164365,0.6867753744377935,0.7914246076191592,0.5818963187782531,0.6536120048709481,0.6210633663007514,0.33300715768663275,0.4407708454474508,0.39682507966424796,0.8958301807662231,0.5967843237351159,0.4159411905564967
2023-02-21 16:00:00,0.609779694740338,0.6256761652898168,0.6010512325551821,0.4251042745106565,0.8402588271788985,0.8611062150845556,0.45878883059181436,0.4688946232440446,0.6607276047064692,0.5018902057855639,0.45537025111241525,0.5571164364388612,0.6689690051002908,0.5235139768246551,0.8453402003443851,0.770649194128089,0.7676029977796411,0.603470570387512,0.7650218104188344,0.4902792452350887,0.5395029303030212,0.5618123976330199,0.2909440895886406,0.380248199939462,0.3250530953803078,0.8626105482307276,0.5506836345204302,0.3510209009747804
2023-02-21 17:00:00,0.5768073567244756,0.5043687009773744,0.5482449985582641,0.2021453830178749,0.7526981991681811,0.7931176896670936,0.3703811424357764,0.31914576743035666,0.6550140435752775,0.4011068322283297,0.39403122322540163,0.4542784016775563,0.6772843460016533,0.3106831580168887,0.7496719301013494,0.7503901990500333,0.6630018104680427,0.5323368446564324,0.7021931732721924,0.23147889508434988,0.3165532801633779,0.5182301563109486,0.21257893062686334,0.20898433525964832,0.22769671484220055,0.7829009195541438,0.47590229286501773,0.19932809747052618
2023-02-21 18:00:00,0.4413120888822507,0.36997290755414297,0.39836849498489396,0.07894969472009193,0.6204624974643989,0.6629898957287415,0.38022522268841774,0.33172258211437855,0.5556594167087268,0.37075142654779014,0.38698579959274376,0.28407094165438096,0.5676449142193893,0.30217939829724794,0.6145496235595249,0.6325500953498931,0.5753079141446583,0.3931018356991645,0.5993297193044284,0.1562394281035863,0.2987401008379283,0.4179359175891089,0.0917648707590731,0.10778281440007491,0.08239441556387986,0.6476972786260943,0.31611280735436154,0.101355927316269
2023-02-21 19:00:00,0.26138489195784087,0.10889519634492742,0.15845089340153795,0.0,0.3588456010880324,0.4620776953689134,0.16528914737773534,0.16635005148640497,0.3985468158575496,0.19715435319188465,0.18558473198026765,0.07322620340275118,0.41477999130340587,0.16709076729733752,0.439422580727145,0.44695408423647465,0.3951812259061429,0.16091891161823466,0.4177368237322805,0.08426392707156158,0.16793877005849644,0.23491250574059963,0.0,0.0,0.0,0.46379576969609965,0.0,0.0
2023-02-21 20:00:00,0.0,0.0,0.0,0.0,0.0,0.0,0.0,0.0,0.0,0.0,0.0,0.0,0.0,0.0,0.0,0.0,0.0,0.0,0.0,0.0,0.0,0.0,0.0,0.0,0.0,0.0,0.0,0.0
2023-02-21 21:00:00,0.0,0.0,0.0,0.0,0.0,0.0,0.0,0.0,0.0,0.0,0.0,0.0,0.0,0.0,0.0,0.0,0.0,0.0,0.0,0.0,0.0,0.0,0.0,0.0,0.0,0.0,0.0,0.0
2023-02-21 22:00:00,0.0,0.0,0.0,0.0,0.0,0.0,0.0,0.0,0.0,0.0,0.0,0.0,0.0,0.0,0.0,0.0,0.0,0.0,0.0,0.0,0.0,0.0,0.0,0.0,0.0,0.0,0.0,0.0
2023-02-21 23:00:00,0.0,0.0,0.0,0.0,0.0,0.0,0.0,0.0,0.0,0.0,0.0,0.0,0.0,0.0,0.0,0.0,0.0,0.0,0.0,0.0,0.0,0.0,0.0,0.0,0.0,0.0,0.0,0.0
2023-02-22 00:00:00,0.0,0.0,0.0,0.0,0.0,0.0,0.0,0.0,0.0,0.0,0.0,0.0,0.0,0.0,0.0,0.0,0.0,0.0,0.0,0.0,0.0,0.0,0.0,0.0,0.0,0.0,0.0,0.0
2023-02-22 01:00:00,0.0,0.0,0.0,0.0,0.0,0.0,0.0,0.0,0.0,0.0,0.0,0.0,0.0,0.0,0.0,0.0,0.0,0.0,0.0,0.0,0.0,0.0,0.0,0.0,0.0,0.0,0.0,0.0
2023-02-22 02:00:00,0.0,0.0,0.0,0.0,0.0,0.0,0.0,0.0,0.0,0.0,0.0,0.0,0.0,0.0,0.0,0.0,0.0,0.0,0.0,0.0,0.0,0.0,0.0,0.0,0.0,0.0,0.0,0.0
2023-02-22 03:00:00,0.0,0.0,0.0,0.0,0.0,0.0,0.0,0.0,0.0,0.0,0.0,0.0,0.0,0.0,0.0,0.0,0.0,0.0,0.0,0.0,0.0,0.0,0.0,0.0,0.0,0.0,0.0,0.0
2023-02-22 04:00:00,0.0,0.0,0.0,0.0,0.0,0.0,0.0,0.0,0.0,0.0,0.0,0.0,0.0,0.0,0.0,0.0,0.0,0.0,0.0,0.0,0.0,0.0,0.0,0.0,0.0,0.0,0.0,0.0
2023-02-22 05:00:00,0.0,0.0,0.0,0.0,0.0,0.0,0.0,0.0,0.0,0.0,0.0,0.0,0.0,0.0,0.0,0.0,0.0,0.0,0.0,0.0,0.0,0.0,0.0,0.0,0.0,0.0,0.0,0.0
2023-02-22 06:00:00,0.0,0.0,0.0,0.0,0.0,0.0,0.0,0.0,0.0,0.0,0.0,0.0,0.0,0.0,0.0,0.0,0.0,0.0,0.0,0.0,0.0,0.0,0.0,0.0,0.0,0.0,0.0,0.0
2023-02-22 07:00:00,0.0,0.0,0.0,0.0,0.0,0.0,0.0,0.0,0.0,0.0,0.0,0.0,0.0,0.0,0.0,0.0,0.0,0.0,0.0,0.0,0.0,0.0,0.0,0.0,0.0,0.0,0.0,0.0
2023-02-22 08:00:00,0.0,0.0,0.0,0.0,0.0,0.0,0.0,0.0,0.0,0.0,0.0,0.0,0.0,0.0,0.0,0.0,0.0,0.0,0.0,0.0,0.0,0.0,0.0,0.0,0.0,0.0,0.0,0.0
2023-02-22 09:00:00,0.011698167902278525,0.23919642341427505,0.0209407644898361,0.148371146868097,0.0,0.0,0.07161637570317615,0.07479254119355434,0.0,0.027199738125860278,0.04087001615260449,0.07086057421898241,0.0,0.10708740600379836,0.0,0.0,0.0,0.010059191670982251,0.0,0.04960902475153366,0.10961783055025826,0.027970380557278185,0.14395252914352188,0.12429324384872527,0.08901614897999123,0.0,0.30047808719586244,0.09363335257575081
2023-02-22 10:00:00,0.2650960283294174,0.4745751120679693,0.16463200247507798,0.27162598692074497,0.26724075847977863,0.5342219655216175,0.14099349991293658,0.12680064484097772,0.4520221912846257,0.15750804632418486,0.14565879134421292,0.15544592694508047,0.53892461283406,0.12107723203579275,0.5922584246082739,0.5920737044602864,0.4608650397775212,0.09451256427387404,0.46802283867727484,0.09044017010121844,0.12452038621951143,0.1330822049171401,0.3740390376165269,0.2780788116980459,0.23322149097134473,0.5262121550912374,0.5159137699487545,0.22171563244963932
2023-02-22 11:00:00,0.393779071804304,0.6405703120385351,0.22154165383693114,0.4052364594836337,0.5614101085661464,0.7460567645819954,0.18786463080727112,0.19100134794773513,0.5872064511068982,0.20456415984283222,0.20036594278034253,0.32283931446916053,0.7069596202434857,0.1887626751935828,0.7840765597460636,0.7701648629665796,0.6583556123579151,0.2360336488878374,0.6541059955369755,0.1844633397427358,0.19023041060420987,0.2711014155102438,0.5422792771124935,0.40497214994499825,0.4161292435319331,0.7392095734460029,0.6962749710099683,0.3574089453688966
2023-02-22 12:00:00,0.49575576648543096,0.7163679708862241,0.2661351489404472,0.38766273896406206,0.7031525127098914,0.8635599927187113,0.29002882012789305,0.24235760884217084,0.7700628493609685,0.23519194483704975,0.2816596066903369,0.38074757928454034,0.8489184847805503,0.18510129831974964,0.8771011537197585,0.8668637148870084,0.701037053373182,0.30485822103602583,0.740012051566916,0.15606775048321078,0.1736669402573323,0.31807039735081793,0.6354714170982394,0.46855984623872443,0.5614708775277598,0.8431616348167735,0.7913019179528705,0.41268510421561205
2023-02-22 13:00:00,0.5475326358416859,0.7270241356186637,0.24463622520402753,0.38752500235845916,0.8130769712076548,0.9151965239612279,0.2932279275593695,0.23281120823218762,0.7921374759753173,0.28436202442587677,0.28386559733747174,0.41635620661165035,0.8742296757568726,0.16665948472552733,0.9205166499910324,0.9036173714570813,0.7235827383624067,0.39111601678426616,0.7813263222029019,0.18935320013086754,0.1581824124398669,0.3802913054569701,0.6892837590712988,0.4665248796560341,0.6332741281858252,0.9030837799911221,0.7764504538063298,0.41834110129034735
2023-02-22 14:00:00,0.5421051072357754,0.7486113195733717,0.25314100871195055,0.3755280468450913,0.8563089308352104,0.9304780514114647,0.24671624848979382,0.21410613109533103,0.7967221133763094,0.2793105169690674,0.263736412120467,0.4200860737004719,0.886528378993869,0.1668438355614174,0.9394105273635525,0.9222375550582249,0.7712073526019391,0.3688873529585268,0.7853716641746181,0.14174373454550906,0.163399067739814,0.38118454324938317,0.6461745924072826,0.4870925143291745,0.6244513974981238,0.9188710176621814,0.7682026462966641,0.447125540068393
2023-02-22 15:00:00,0.5597118775448423,0.7122990881190142,0.22265547306941663,0.39030110496018383,0.8491241522718096,0.9241354016466755,0.20667842871139305,0.19816550187926563,0.794504152075038,0.1989193341215591,0.20517579145727632,0.44924050404034754,0.8671428195881231,0.20536298198252326,0.9464880924141283,0.9163739181911963,0.8058820079663702,0.4189670569122009,0.8159410778820727,0.20745038158260573,0.2059179050999639,0.38942586229953324,0.5376772416116795,0.4100477992930934,0.5386685435648267,0.9043102246481555,0.6897507228144751,0.37852353099126024
2023-02-22 16:00:00,0.5097477592697557,0.6031331240807919,0.20045241880914436,0.2743299205422518,0.8024735300619534,0.8786488653277084,0.152251269372891,0.1805196588207757,0.7580021963228427,0.18151488583292055,0.1836508271922787,0.3395002718981352,0.8368034432503006,0.19919586866299305,0.9158632855325569,0.8820404693169044,0.7863662917381847,0.369962574693528,0.7913998196011977,0.18020808585788872,0.2030116135734076,0.3413632159527089,0.44797241529923765,0.3234326572159256,0.40892655458095956,0.8448570777303804,0.6146086623575526,0.30927502014475045
2023-02-22 17:00:00,0.38367325240624667,0.44513275003696395,0.12905893630854146,0.205431405441374,0.7623845811727862,0.8276483087446567,0.07148141877153473,0.08616456094092444,0.6442752455526135,0.08781909482332673,0.08424299696730123,0.19067019645526667,0.7387550027808206,0.0990842926760493,0.8458112407636782,0.8175095746951222,0.7368180233502007,0.21172639910268046,0.7465210421314804,0.07701854143458714,0.10238327779091574,0.18116740443343873,0.34084220007282895,0.21460313621090593,0.32626527988408216,0.8025509527758805,0.498165117266815,0.1928481991692337
2023-02-22 18:00:00,0.22866019962681183,0.26955149674449264,0.08920002073706501,0.09845600958300425,0.6234919534961741,0.7088859473672231,0.028718755756742334,0.02468134542736414,0.46426785548235106,0.02208923749818043,0.023137205633352094,0.07315683985720328,0.5622303599231258,0.03031355363475169,0.6973497673439685,0.6714535008721603,0.5665614336775555,0.06308776285286653,0.6110616286745771,0.016573796022174552,0.031391388627182736,0.06104738362087825,0.15593092880524112,0.09414155879582427,0.15254862413956982,0.6867187546492889,0.2741069408969713,0.08775059732597579
2023-02-22 19:00:00,0.13920469851085177,0.11072804408862619,0.05568252550781014,0.00683171317353781,0.37946223614171426,0.48864173826954993,0.0016040648487938398,0.004996976980222509,0.3086565914170012,0.00802984812503555,0.004445514510299123,0.00862129509928883,0.3621635213157419,0.011355232205050159,0.4844249608191852,0.46103897699388596,0.3962878334027468,0.01456225275214402,0.4262969319146682,0.0006046614557548807,0.01277463623068143,0.010780991754523834,0.0,0.0,0.0,0.48355079180088595,0.0,0.0
2023-02-22 20:00:00,0.0,0.0,0.0,0.0,0.0,0.0,0.0,0.0,0.0,0.0,0.0,0.0,0.0,0.0,0.0,0.0,0.0,0.0,0.0,0.0,0.0,0.0,0.0,0.0,0.0,0.0,0.0,0.0
2023-02-22 21:00:00,0.0,0.0,0.0,0.0,0.0,0.0,0.0,0.0,0.0,0.0,0.0,0.0,0.0,0.0,0.0,0.0,0.0,0.0,0.0,0.0,0.0,0.0,0.0,0.0,0.0,0.0,0.0,0.0
2023-02-22 22:00:00,0.0,0.0,0.0,0.0,0.0,0.0,0.0,0.0,0.0,0.0,0.0,0.0,0.0,0.0,0.0,0.0,0.0,0.0,0.0,0.0,0.0,0.0,0.0,0.0,0.0,0.0,0.0,0.0
2023-02-22 23:00:00,0.0,0.0,0.0,0.0,0.0,0.0,0.0,0.0,0.0,0.0,0.0,0.0,0.0,0.0,0.0,0.0,0.0,0.0,0.0,0.0,0.0,0.0,0.0,0.0,0.0,0.0,0.0,0.0
2023-02-23 00:00:00,0.0,0.0,0.0,0.0,0.0,0.0,0.0,0.0,0.0,0.0,0.0,0.0,0.0,0.0,0.0,0.0,0.0,0.0,0.0,0.0,0.0,0.0,0.0,0.0,0.0,0.0,0.0,0.0
2023-02-23 01:00:00,0.0,0.0,0.0,0.0,0.0,0.0,0.0,0.0,0.0,0.0,0.0,0.0,0.0,0.0,0.0,0.0,0.0,0.0,0.0,0.0,0.0,0.0,0.0,0.0,0.0,0.0,0.0,0.0
2023-02-23 02:00:00,0.0,0.0,0.0,0.0,0.0,0.0,0.0,0.0,0.0,0.0,0.0,0.0,0.0,0.0,0.0,0.0,0.0,0.0,0.0,0.0,0.0,0.0,0.0,0.0,0.0,0.0,0.0,0.0
2023-02-23 03:00:00,0.0,0.0,0.0,0.0,0.0,0.0,0.0,0.0,0.0,0.0,0.0,0.0,0.0,0.0,0.0,0.0,0.0,0.0,0.0,0.0,0.0,0.0,0.0,0.0,0.0,0.0,0.0,0.0
2023-02-23 04:00:00,0.0,0.0,0.0,0.0,0.0,0.0,0.0,0.0,0.0,0.0,0.0,0.0,0.0,0.0,0.0,0.0,0.0,0.0,0.0,0.0,0.0,0.0,0.0,0.0,0.0,0.0,0.0,0.0
2023-02-23 05:00:00,0.0,0.0,0.0,0.0,0.0,0.0,0.0,0.0,0.0,0.0,0.0,0.0,0.0,0.0,0.0,0.0,0.0,0.0,0.0,0.0,0.0,0.0,0.0,0.0,0.0,0.0,0.0,0.0
2023-02-23 06:00:00,0.0,0.0,0.0,0.0,0.0,0.0,0.0,0.0,0.0,0.0,0.0,0.0,0.0,0.0,0.0,0.0,0.0,0.0,0.0,0.0,0.0,0.0,0.0,0.0,0.0,0.0,0.0,0.0
2023-02-23 07:00:00,0.0,0.0,0.0,0.0,0.0,0.0,0.0,0.0,0.0,0.0,0.0,0.0,0.0,0.0,0.0,0.0,0.0,0.0,0.0,0.0,0.0,0.0,0.0,0.0,0.0,0.0,0.0,0.0
2023-02-23 08:00:00,0.0,0.0,0.0,0.0,0.0,0.0,0.0,0.0,0.0,0.0,0.0,0.0,0.0,0.0,0.0,0.0,0.0,0.0,0.0,0.0,0.0,0.0,0.0,0.0,0.0,0.0,0.0,0.0
2023-02-23 09:00:00,0.08017978055506139,0.12300601743809422,0.09634037948214047,0.3229390223159299,0.0,0.0,0.10216851151154858,0.12581341299861673,0.0,0.24284893286957204,0.18523977414356388,0.22164825264770147,0.0,0.06791760928084555,0.0,0.0,0.0,0.11518462111224388,0.0,0.1598294467208876,0.06870338436280951,0.17181486896561246,0.11514983204701751,0.21212388485956418,0.1559370744274508,0.0,0.2263141839275644,0.17699868374970956
2023-02-23 10:00:00,0.34389617754612856,0.2937959840133605,0.2295729316792501,0.5186194756686339,0.37505501876179387,0.5512714412785522,0.12401400114482901,0.17641799770836106,0.5114817996158211,0.36678673878198437,0.27854831439270067,0.4575451435321922,0.567453059130781,0.11789497724761706,0.504040351228735,0.5706691334198074,0.3162386634348926,0.33359729301903657,0.4231280650225686,0.2363394510786529,0.12299682085713096,0.3858045292958184,0.28438272827041133,0.4280972653562963,0.38563314655746167,0.5542250421782058,0.46351940702014016,0.3919059708904528
2023-02-23 11:00:00,0.6153027659039985,0.5915517554719008,0.42543878087791737,0.7580490599989617,0.6487411622567613,0.7636937740024786,0.33609746452410233,0.38525499654461554,0.7252348143583222,0.5632352477234066,0.4828256417065907,0.7990446914665184,0.7587033658910065,0.3260628636593943,0.747386355197068,0.7471594135923944,0.47486965926554425,0.6585976515339392,0.5874708082384908,0.48105691756605573,0.3318222571581121,0.7099030848454486,0.46538963555965734,0.6566969875343501,0.6256926791196462,0.7626841939108924,0.6521326912504863,0.6154622914438186
2023-02-23 12:00:00,0.7654734094871988,0.8286123613484591,0.3767808598651297,0.7430662959722465,0.800530613591875,0.8845412606951374,0.3701654503166009,0.4963258698324817,0.8383126455851613,0.5284036289065924,0.48737750741086394,0.9195053741332584,0.8665567076474064,0.5178834217570638,0.8746468063322029,0.8462189373579365,0.5669190513154718,0.8848726924666371,0.6679172810563544,0.5120345723185586,0.5206888558542325,0.809280174751267,0.6506299256452367,0.8199994279832085,0.7597433544359834,0.8954946364581172,0.8187603928515471,0.760707473523062
2023-02-23 13:00:00,0.8157680157364924,0.8923264049274257,0.3234591428701635,0.8144834220808072,0.8244846936554818,0.9400319197604878,0.4948119576097835,0.6364120830627517,0.8869755199089399,0.5789158136424349,0.5673322166968093,0.9638855901230866,0.9131670143071625,0.6884016575975913,0.9261615421709782,0.8871585236299007,0.6552346392635714,0.9244680613452988,0.7170691722791559,0.674604556982692,0.690708014189425,0.8397296780499787,0.6815483474094414,0.9095520333864413,0.884846605680384,0.9450937052993569,0.9057016951987492,0.8598127980076521
2023-02-23 14:00:00,0.8260206046357472,0.9148804086123629,0.38889769657281753,0.8220122996900077,0.7904303487940432,0.9597702862880918,0.5944012412243761,0.6417215607732375,0.898305973786799,0.6149077484290413,0.6179509076092592,0.9694963694477525,0.9231495307122616,0.650795308866188,0.917793234999107,0.8987147910793188,0.6919673834288295,0.9123556789000901,0.7660303538361349,0.5829149645819758,0.649846812212318,0.8528284864143743,0.6672338642253447,0.918170462935583,0.8707349344164087,0.9557322671151143,0.9493251691519468,0.8453529206702727
2023-02-23 15:00:00,0.8386478104878717,0.9242099609709399,0.5035385659191814,0.8074055366617204,0.7474725811379898,0.9577218005330642,0.6686221684300118,0.6659568272435648,0.8953311125951601,0.6341938399057563,0.6511332871631792,0.9664278903075131,0.9177354274050328,0.6605163626220177,0.9369209984107478,0.8993396796228219,0.6918186936200243,0.9144926591382913,0.7848837854774742,0.5996289136242139,0.657933963431327,0.8531819014632491,0.5776997756519334,0.8907037312111068,0.7740506606685894,0.9622329387227755,0.9232043923016109,0.8702800872735129
2023-02-23 16:00:00,0.8352263999015299,0.8956374444788266,0.5922319511377869,0.8340268485636934,0.6666544722451726,0.928298727584659,0.7487966154306932,0.7042936886878332,0.8736369928115919,0.7452980479922383,0.7419876316411713,0.9445500433238275,0.8889263966602167,0.6484944119141262,0.9084267083637544,0.871418999617888,0.6339926405996591,0.8954043944045561,0.7759607432483426,0.6398965073185026,0.6458215682601526,0.8789836356711294,0.5462017538502439,0.8189545589581458,0.713411542633983,0.9334170496197517,0.8816397798982418,0.7992075350915652
2023-02-23 17:00:00,0.7859649329242802,0.8033801064617363,0.6320488281396065,0.7611619694845938,0.5406015433458227,0.8576291047300283,0.7070679414488845,0.665556756370444,0.8167600182047743,0.730612043728142,0.7237357671869286,0.8737707123394193,0.8243378880071446,0.6040846761344246,0.843588550652728,0.8126770908534714,0.517137303722743,0.8386668565944096,0.699127946265995,0.6167048239758868,0.6011614423882996,0.8368604423727773,0.4873991782797732,0.732697192603916,0.6164052842067684,0.8643591043205853,0.7727572005551624,0.7006699943049088
2023-02-23 18:00:00,0.6613844347746952,0.6348549109817316,0.5464697890850365,0.6011356190067346,0.3934222558901411,0.7072294260080116,0.5921237289426983,0.5599184344081145,0.6914576010499769,0.618452955945839,0.61544716926145,0.7146353722255069,0.6975134605647287,0.5032340611229972,0.7134477149796467,0.6917403687157305,0.46600463719670143,0.7042634853293004,0.6403099596137587,0.5224831681534455,0.4997500855555388,0.7031539304523351,0.2506468627443132,0.5426670576074536,0.493030537433138,0.7199386606764422,0.5611207943889961,0.5383013468389699
2023-02-23 19:00:00,0.49160229460182714,0.24587187087041915,0.3968829851506332,0.2608228485120892,0.17888601092453704,0.45837861915857175,0.43913833452017403,0.44979055778878535,0.48740614496430107,0.4602373372508534,0.4654615494222443,0.5068997469613337,0.49011527754300777,0.42767452025649616,0.4988241024197448,0.48319720370000824,0.3150051731477892,0.5244398067422349,0.4594646142214344,0.4519762941862781,0.4248901369089426,0.5309949675812421,0.0,0.0,0.0,0.49104325378184144,0.0,0.0
2023-02-23 20:00:00,0.0,0.0,0.0,0.0,0.0,0.0,0.0,0.0,0.0,0.0,0.0,0.0,0.0,0.0,0.0,0.0,0.0,0.0,0.0,0.0,0.0,0.0,0.0,0.0,0.0,0.0,0.0,0.0
2023-02-23 21:00:00,0.0,0.0,0.0,0.0,0.0,0.0,0.0,0.0,0.0,0.0,0.0,0.0,0.0,0.0,0.0,0.0,0.0,0.0,0.0,0.0,0.0,0.0,0.0,0.0,0.0,0.0,0.0,0.0
2023-02-23 22:00:00,0.0,0.0,0.0,0.0,0.0,0.0,0.0,0.0,0.0,0.0,0.0,0.0,0.0,0.0,0.0,0.0,0.0,0.0,0.0,0.0,0.0,0.0,0.0,0.0,0.0,0.0,0.0,0.0
2023-02-23 23:00:00,0.0,0.0,0.0,0.0,0.0,0.0,0.0,0.0,0.0,0.0,0.0,0.0,0.0,0.0,0.0,0.0,0.0,0.0,0.0,0.0,0.0,0.0,0.0,0.0,0.0,0.0,0.0,0.0
2023-02-24 00:00:00,0.0,0.0,0.0,0.0,0.0,0.0,0.0,0.0,0.0,0.0,0.0,0.0,0.0,0.0,0.0,0.0,0.0,0.0,0.0,0.0,0.0,0.0,0.0,0.0,0.0,0.0,0.0,0.0
2023-02-24 01:00:00,0.0,0.0,0.0,0.0,0.0,0.0,0.0,0.0,0.0,0.0,0.0,0.0,0.0,0.0,0.0,0.0,0.0,0.0,0.0,0.0,0.0,0.0,0.0,0.0,0.0,0.0,0.0,0.0
2023-02-24 02:00:00,0.0,0.0,0.0,0.0,0.0,0.0,0.0,0.0,0.0,0.0,0.0,0.0,0.0,0.0,0.0,0.0,0.0,0.0,0.0,0.0,0.0,0.0,0.0,0.0,0.0,0.0,0.0,0.0
2023-02-24 03:00:00,0.0,0.0,0.0,0.0,0.0,0.0,0.0,0.0,0.0,0.0,0.0,0.0,0.0,0.0,0.0,0.0,0.0,0.0,0.0,0.0,0.0,0.0,0.0,0.0,0.0,0.0,0.0,0.0
2023-02-24 04:00:00,0.0,0.0,0.0,0.0,0.0,0.0,0.0,0.0,0.0,0.0,0.0,0.0,0.0,0.0,0.0,0.0,0.0,0.0,0.0,0.0,0.0,0.0,0.0,0.0,0.0,0.0,0.0,0.0
2023-02-24 05:00:00,0.0,0.0,0.0,0.0,0.0,0.0,0.0,0.0,0.0,0.0,0.0,0.0,0.0,0.0,0.0,0.0,0.0,0.0,0.0,0.0,0.0,0.0,0.0,0.0,0.0,0.0,0.0,0.0
2023-02-24 06:00:00,0.0,0.0,0.0,0.0,0.0,0.0,0.0,0.0,0.0,0.0,0.0,0.0,0.0,0.0,0.0,0.0,0.0,0.0,0.0,0.0,0.0,0.0,0.0,0.0,0.0,0.0,0.0,0.0
2023-02-24 07:00:00,0.0,0.0,0.0,0.0,0.0,0.0,0.0,0.0,0.0,0.0,0.0,0.0,0.0,0.0,0.0,0.0,0.0,0.0,0.0,0.0,0.0,0.0,0.0,0.0,0.0,0.0,0.0,0.0
2023-02-24 08:00:00,0.0,0.0,0.0,0.0,0.0,0.0,0.0,0.0,0.0,0.0,0.0,0.0,0.0,0.0,0.0,0.0,0.0,0.0,0.0,0.0,0.0,0.0,0.0,0.0,0.0,0.0,0.0,0.0
2023-02-24 09:00:00,0.35852372590150644,0.3568947214114428,0.4637004125268038,0.5408049333526175,0.0,0.0,0.4771950653721572,0.47501079495004994,0.07218085400808685,0.45271638572327605,0.4738340647524887,0.5693860636155078,0.019804801983703962,0.4607986581607044,0.0,0.0,0.0,0.5379678898244561,0.0,0.46376712840978124,0.4583744060547123,0.5201354329302438,0.6653494898401321,0.5814829856944471,0.6573979185362235,0.0,0.4732198533598387,0.5738187370774899
2023-02-24 10:00:00,0.6001840217285141,0.47908428860001223,0.5710424657897017,0.7366954852287215,0.04657762171185991,0.05374215635434972,0.6659472785023545,0.6714008143835458,0.3638402252401747,0.6146929457807148,0.6423958137213571,0.7760069283450473,0.4102924766459207,0.6642031553889534,0.09860029249248918,0.18702211093450996,0.007995674857051242,0.7018142231806551,0.005777936287093857,0.6632244747575005,0.6620262162856446,0.6931656923457608,0.8401447236787422,0.7965916264547545,0.8733350483561925,0.04471221372470921,0.6257118033093703,0.7882817987245215
2023-02-24 11:00:00,0.6969752342357458,0.5873210071538655,0.7059722310135809,0.8824670856683269,0.14074530803206875,0.18485150082439517,0.789253279760605,0.8021942485950015,0.3402843013921174,0.776729107439385,0.8003843935077053,0.9197776774595983,0.34057968677656464,0.7873819228179575,0.11533137680160699,0.1643896305101373,0.043544822032564046,0.8524647323112022,0.03605010765244526,0.781456826169815,0.7848609828696396,0.8512916526127788,0.9633978850745875,0.9218160982930772,0.980542505423022,0.17541946833261873,0.6840420945057843,0.917390785446263
2023-02-24 12:00:00,0.5095570931024159,0.3698640016178976,0.6666810592014513,0.8852987965701161,0.21518929024758635,0.3348068973444549,0.8371913023097237,0.8384798598925288,0.25535309187651495,0.7515535280673495,0.8104311388280859,0.7517011772966581,0.2594311545071721,0.8308294553189608,0.14796924091156358,0.15479390894236603,0.08858997820014089,0.6344325378029742,0.0849421529596591,0.8028962782399374,0.8281345967890509,0.6901522936006045,0.9743297448593715,0.8337748520347388,1.0282543868528573,0.2635852760195051,0.6320822188150358,0.8313169049900745
2023-02-24 13:00:00,0.43302248145419203,0.37938633222396556,0.5900566179424628,0.8660822103483433,0.3144520015968834,0.43302961550759866,0.8469997611142016,0.8293459992010707,0.2663039434108281,0.7094137401053834,0.7799808400595891,0.6771077960699908,0.27958436309638945,0.8225078844810692,0.18750291269242153,0.18500411975476339,0.16279470495900708,0.5226337952627323,0.11864328229487371,0.7781254915247675,0.819318888609852,0.5995744434303504,0.9802214887715561,0.7933705818788488,1.0317407664287284,0.3507951450386838,0.5764105140905289,0.795094620617133
2023-02-24 14:00:00,0.3848961312810025,0.3533310317908937,0.6109067245655712,0.749684322676923,0.3839493775514867,0.45600289125200144,0.8389891517378639,0.828157120455773,0.2452661862741914,0.7156599399394221,0.804189778100877,0.5811095855706359,0.26738980406369744,0.8235220352449816,0.21230709679860238,0.18880206730784166,0.13680001686069332,0.46626899117820964,0.10476004908762586,0.7081044899400186,0.8197594181939035,0.5766933227157146,0.993105055805998,0.6958609081348319,1.0196756817625838,0.4424547741206009,0.5345180709400076,0.6904570821233341
2023-02-24 15:00:00,0.311667945238914,0.31405827037531253,0.41722406039648613,0.6255538883393512,0.4332396176617042,0.5012225016935113,0.6993665087411762,0.7336270163042856,0.21675301439201136,0.5007473103623419,0.6175594967426252,0.45679661338348754,0.23061392353913499,0.8082148870298369,0.2451511343149538,0.19631525134018302,0.20017922132430807,0.3538644607562334,0.14506516023899615,0.6311670361258228,0.8079809147074202,0.4292248441608643,0.9508292107367378,0.5708943382591987,0.9648289176779549,0.5063210411131241,0.44972594037967584,0.5662849456597572
2023-02-24 16:00:00,0.23259971475332883,0.25858368698385853,0.28042100013822885,0.42031360291417735,0.3763214330202457,0.39634433380317563,0.4842321956433471,0.45527107572381825,0.23491814424360702,0.32004292304445503,0.4002171856831195,0.3002081298482644,0.23537309297756595,0.48142487110270094,0.23599722524299951,0.21115963172040134,0.17455096469676806,0.25856634141439516,0.11206704166101834,0.3125475128145636,0.4804960954660579,0.2894182448424694,0.9038485308489131,0.36502589473947433,0.8150126728306849,0.4604935439342228,0.28475285635493064,0.34956433688830924
2023-02-24 17:00:00,0.20277894590195505,0.24350930348754002,0.15090767063882343,0.22977237363421077,0.22976953895039454,0.22576648002520922,0.21484558220914196,0.23436955814248658,0.24652059676286883,0.17205986658258351,0.20952892748013158,0.21541059568282866,0.239755632558638,0.25756286131662187,0.20626106458126697,0.15389364325276286,0.08603148424668813,0.2333873435242221,0.0606431558288927,0.188867055049465,0.2606309514831443,0.2198136352160208,0.8322917237818779,0.20050448189811765,0.5103667843875618,0.31268662322143337,0.14996630734177915,0.20310776544774178
2023-02-24 18:00:00,0.18956540862938928,0.134515391155563,0.10800518140709493,0.14521535515044687,0.10204515676483562,0.09401231656565719,0.21641401048640563,0.19863197772364058,0.17239003287504195,0.14943925299586014,0.19447586729164815,0.228052897716637,0.15986382577895922,0.17144988341731793,0.11923361618266869,0.08363556352625204,0.044230034354497585,0.2528843651798494,0.029091299516654432,0.1310293144721804,0.16517602614165006,0.228114127587406,0.5721824703170213,0.0721017222681779,0.14051242237555073,0.15201778453805806,0.06041912088252277,0.07459751555659822
2023-02-24 19:00:00,0.11969477548140244,0.050183584013520306,0.14916551602941988,0.19020576125673988,0.020948886660025846,0.010598836749374646,0.30706938598964795,0.3012353603240426,0.05007744042694374,0.24321014107856248,0.26883369100454907,0.24374129695165506,0.041294590715849684,0.28407373331299124,0.01513514021040198,0.013980677657327448,0.0025155162678921826,0.2383010816255657,0.0024851819362850707,0.333523099017863,0.27847772624765277,0.21229409570852045,0.0,0.00937498517143788,0.0,0.03979338798075577,0.0,0.0029939187036002526
2023-02-24 20:00:00,0.0,0.0,0.0,0.0,0.0,0.0,0.0,0.0,0.0,0.0,0.0,0.0,0.0,0.0,0.0,0.0,0.0,0.0,0.0,0.0,0.0,0.0,0.0,0.0,0.0,0.0,0.0,0.0
2023-02-24 21:00:00,0.0,0.0,0.0,0.0,0.0,0.0,0.0,0.0,0.0,0.0,0.0,0.0,0.0,0.0,0.0,0.0,0.0,0.0,0.0,0.0,0.0,0.0,0.0,0.0,0.0,0.0,0.0,0.0
2023-02-24 22:00:00,0.0,0.0,0.0,0.0,0.0,0.0,0.0,0.0,0.0,0.0,0.0,0.0,0.0,0.0,0.0,0.0,0.0,0.0,0.0,0.0,0.0,0.0,0.0,0.0,0.0,0.0,0.0,0.0
2023-02-24 23:00:00,0.0,0.0,0.0,0.0,0.0,0.0,0.0,0.0,0.0,0.0,0.0,0.0,0.0,0.0,0.0,0.0,0.0,0.0,0.0,0.0,0.0,0.0,0.0,0.0,0.0,0.0,0.0,0.0
2023-02-25 00:00:00,0.0,0.0,0.0,0.0,0.0,0.0,0.0,0.0,0.0,0.0,0.0,0.0,0.0,0.0,0.0,0.0,0.0,0.0,0.0,0.0,0.0,0.0,0.0,0.0,0.0,0.0,0.0,0.0
2023-02-25 01:00:00,0.0,0.0,0.0,0.0,0.0,0.0,0.0,0.0,0.0,0.0,0.0,0.0,0.0,0.0,0.0,0.0,0.0,0.0,0.0,0.0,0.0,0.0,0.0,0.0,0.0,0.0,0.0,0.0
2023-02-25 02:00:00,0.0,0.0,0.0,0.0,0.0,0.0,0.0,0.0,0.0,0.0,0.0,0.0,0.0,0.0,0.0,0.0,0.0,0.0,0.0,0.0,0.0,0.0,0.0,0.0,0.0,0.0,0.0,0.0
2023-02-25 03:00:00,0.0,0.0,0.0,0.0,0.0,0.0,0.0,0.0,0.0,0.0,0.0,0.0,0.0,0.0,0.0,0.0,0.0,0.0,0.0,0.0,0.0,0.0,0.0,0.0,0.0,0.0,0.0,0.0
2023-02-25 04:00:00,0.0,0.0,0.0,0.0,0.0,0.0,0.0,0.0,0.0,0.0,0.0,0.0,0.0,0.0,0.0,0.0,0.0,0.0,0.0,0.0,0.0,0.0,0.0,0.0,0.0,0.0,0.0,0.0
2023-02-25 05:00:00,0.0,0.0,0.0,0.0,0.0,0.0,0.0,0.0,0.0,0.0,0.0,0.0,0.0,0.0,0.0,0.0,0.0,0.0,0.0,0.0,0.0,0.0,0.0,0.0,0.0,0.0,0.0,0.0
2023-02-25 06:00:00,0.0,0.0,0.0,0.0,0.0,0.0,0.0,0.0,0.0,0.0,0.0,0.0,0.0,0.0,0.0,0.0,0.0,0.0,0.0,0.0,0.0,0.0,0.0,0.0,0.0,0.0,0.0,0.0
2023-02-25 07:00:00,0.0,0.0,0.0,0.0,0.0,0.0,0.0,0.0,0.0,0.0,0.0,0.0,0.0,0.0,0.0,0.0,0.0,0.0,0.0,0.0,0.0,0.0,0.0,0.0,0.0,0.0,0.0,0.0
2023-02-25 08:00:00,0.0,0.0,0.0,0.0,0.0,0.0,0.0,0.0,0.0,0.0,0.0,0.0,0.0,0.0,0.0,0.0,0.0,0.0,0.0,0.0,0.0,0.0,0.0,0.0,0.0,0.0,0.0,0.0
2023-02-25 09:00:00,0.013416299572717972,0.008789024246697183,0.0268366581035583,0.24132282095120258,0.0,0.0,0.13807014371996448,0.19755255148565828,0.00017839733731093768,0.06595508692644458,0.1062029206219463,0.1280106741140602,0.00028479326313178864,0.26541019820589906,0.0,0.0,0.0,0.004232395395191845,0.0,0.2052493142758484,0.26841878011120507,0.032498652015294484,0.3484943159728725,0.08093237701432772,0.039228329142462125,0.0,0.00958030999443217,0.08747676374229198
2023-02-25 10:00:00,0.05124831596284094,0.04521197199491065,0.027600120503295716,0.31808822743413195,0.025879626424966835,0.011891112570319762,0.13165864657277412,0.20701946401426294,0.010334762708217605,0.09740809413387852,0.10758977385168689,0.17645915844222523,0.01170418473814648,0.30080117634857384,0.005959964632941423,0.0038216754194535635,0.023827439907929546,0.035665571282518266,0.06057034811322519,0.24400577036995755,0.30919060023599015,0.08847038555555024,0.5875824485885773,0.08636986891878559,0.1551978038350685,0.015060567228699442,0.059906917714024885,0.09142066021458033
2023-02-25 11:00:00,0.07366860690063948,0.11100370939268472,0.031828130563394716,0.33848108480521805,0.18119427346563585,0.0496268642197797,0.07730505870340253,0.15340732265898352,0.01929184954920346,0.0435850974986009,0.06284378139928065,0.23231254658073652,0.022673827607808113,0.2722478677890836,0.023086744610617552,0.017864229726975454,0.0864295563382916,0.05552753957241211,0.19591921801497128,0.1765214178847159,0.2860824042653911,0.09623079164231892,0.6364459830971532,0.1419022008776007,0.2269007110548783,0.04739552948195075,0.13821659709583559,0.1455478471011349
2023-02-25 12:00:00,0.10895885234675577,0.15879887842371257,0.037395096985809985,0.21074799771587244,0.3080153671812942,0.10897506045399157,0.047695593182657155,0.06538412770157366,0.03514715736901022,0.04015496825281957,0.048625682668038836,0.25216644472154054,0.03602317010497709,0.0878538584147,0.03984838665951669,0.02963499173657589,0.13836612044496446,0.0869944624706807,0.27421026236642077,0.054827647210152784,0.09103980704395234,0.14325352388107726,0.5618268878274382,0.21223151517715497,0.27997523381819006,0.1028947736074591,0.17481912829700777,0.25946248414604467
2023-02-25 13:00:00,0.11956067799063293,0.1996897188318734,0.04514890598739699,0.23494359628528508,0.3772429398652549,0.14895532855511195,0.06485313530134917,0.09167905940021727,0.04334792573305646,0.06676858003180156,0.075408665897232,0.31677369377127557,0.05225773560580728,0.10108561970465114,0.052752238485933176,0.04479335148016625,0.23186232135399826,0.10276928423921539,0.3355457560370096,0.06972637602199012,0.10307693979653883,0.16803242512825914,0.6495848388260658,0.2259037007354322,0.38863235524454764,0.1558292327663391,0.20817054827163098,0.28090121089431114
2023-02-25 14:00:00,0.11661509648790942,0.20214663715531006,0.04120770568570308,0.22940572955822117,0.45206977286696626,0.21813935452655675,0.07351828580631083,0.11274070850133532,0.05020967176616465,0.07430685148346884,0.085845500066938,0.30286312848777136,0.06371697716213535,0.12986850458537016,0.066991567075424,0.06067542952962314,0.34563276927143194,0.09999673329711141,0.3908074801115009,0.10570750525078441,0.13220136318933468,0.1616912651588816,0.6774150941610194,0.2001262705396447,0.3593937332153729,0.20803137008266503,0.2158825930500873,0.2555985990543405
2023-02-25 15:00:00,0.10328569400994811,0.1819804597531452,0.040469386360497274,0.2286919255717444,0.4901218910969563,0.2268625750577441,0.06337963821582283,0.1015442314339902,0.04206289609987163,0.05713126837991715,0.07360945870562942,0.2967801077079862,0.051603656910610064,0.12879991028931434,0.05397108940949844,0.04606351928886088,0.4794079170347387,0.07777903223491167,0.48844208321032473,0.09874903933771964,0.1314600319866295,0.1412180698832465,0.6653355565689079,0.18749467213300003,0.350403732561912,0.2009676468655712,0.18309614140621164,0.24040149114887807
2023-02-25 16:00:00,0.06900027138005707,0.1383904523355689,0.02557364313376003,0.16427194358376315,0.46459035869446114,0.221732576529504,0.0393335365900156,0.05871533321632157,0.03537093363651039,0.04110954107435045,0.05080601595492727,0.21378092463990284,0.04319677392656847,0.06477209146042814,0.04155401304544225,0.036889663129041524,0.4744895557150984,0.051006468805784334,0.46941683988993577,0.053005129176920254,0.06602034914547338,0.09368197049956563,0.5969610604609551,0.19261696518094748,0.2769431326730198,0.19569211794185537,0.10926468288665872,0.24742518992768603
2023-02-25 17:00:00,0.03722076856854083,0.07105740750529645,0.01199955847262273,0.1557453455107629,0.3922333197844681,0.2111831316469635,0.016823464986597186,0.02428070128963721,0.02393992748884611,0.018945158504504688,0.024684214080940296,0.14090110369134187,0.02879238166881624,0.024888668237583653,0.023987984105557338,0.021868483177541902,0.4030618226454586,0.024783295324942733,0.40373364691825836,0.010562725498645212,0.02537532003561497,0.04691329852791351,0.45934688401224627,0.15188151530116856,0.19791881732687006,0.16621345100921242,0.06471023027093399,0.19510062157520033
2023-02-25 18:00:00,0.012736450175831185,0.024064347667381886,0.0030756158471648464,0.03992093898502607,0.27212241113019553,0.11254747030009739,0.0043490370799251195,0.006320683072073087,0.009385050497603657,0.005731220916460096,0.007666109539333915,0.03794827048595159,0.011292573783565924,0.004550777594878939,0.01110134711822868,0.00880237003919741,0.30870332587757,0.009772678458838597,0.33893813466621703,0.004068165838547407,0.004423924649313077,0.01376765251899926,0.3267807939960037,0.05694624819008653,0.10344376123385214,0.11318974061594442,0.02214375386850908,0.09302675915509447
2023-02-25 19:00:00,0.00039689096493579116,0.0005608846305280139,0.0,0.009058230554179997,0.16225882876592465,0.05997481436690543,0.0,0.0,0.0012413198669585757,0.0,0.0,0.006242402933446741,0.00043693043743783176,0.0,0.0008441192478847856,0.0005209691296872352,0.22367706268227552,1.0038176329485128e-05,0.23358207613092305,0.0,0.0,0.00027535755700319297,0.0,0.00943663510316074,0.0,0.058081141939902076,6.819938120742752e-06,0.006951258253249096
2023-02-25 20:00:00,0.0,0.0,0.0,0.0,0.0,0.0,0.0,0.0,0.0,0.0,0.0,0.0,0.0,0.0,0.0,0.0,0.0,0.0,0.0,0.0,0.0,0.0,0.0,0.0,0.0,0.0,0.0,0.0
2023-02-25 21:00:00,0.0,0.0,0.0,0.0,0.0,0.0,0.0,0.0,0.0,0.0,0.0,0.0,0.0,0.0,0.0,0.0,0.0,0.0,0.0,0.0,0.0,0.0,0.0,0.0,0.0,0.0,0.0,0.0
2023-02-25 22:00:00,0.0,0.0,0.0,0.0,0.0,0.0,0.0,0.0,0.0,0.0,0.0,0.0,0.0,0.0,0.0,0.0,0.0,0.0,0.0,0.0,0.0,0.0,0.0,0.0,0.0,0.0,0.0,0.0
2023-02-25 23:00:00,0.0,0.0,0.0,0.0,0.0,0.0,0.0,0.0,0.0,0.0,0.0,0.0,0.0,0.0,0.0,0.0,0.0,0.0,0.0,0.0,0.0,0.0,0.0,0.0,0.0,0.0,0.0,0.0
2023-02-26 00:00:00,0.0,0.0,0.0,0.0,0.0,0.0,0.0,0.0,0.0,0.0,0.0,0.0,0.0,0.0,0.0,0.0,0.0,0.0,0.0,0.0,0.0,0.0,0.0,0.0,0.0,0.0,0.0,0.0
2023-02-26 01:00:00,0.0,0.0,0.0,0.0,0.0,0.0,0.0,0.0,0.0,0.0,0.0,0.0,0.0,0.0,0.0,0.0,0.0,0.0,0.0,0.0,0.0,0.0,0.0,0.0,0.0,0.0,0.0,0.0
2023-02-26 02:00:00,0.0,0.0,0.0,0.0,0.0,0.0,0.0,0.0,0.0,0.0,0.0,0.0,0.0,0.0,0.0,0.0,0.0,0.0,0.0,0.0,0.0,0.0,0.0,0.0,0.0,0.0,0.0,0.0
2023-02-26 03:00:00,0.0,0.0,0.0,0.0,0.0,0.0,0.0,0.0,0.0,0.0,0.0,0.0,0.0,0.0,0.0,0.0,0.0,0.0,0.0,0.0,0.0,0.0,0.0,0.0,0.0,0.0,0.0,0.0
2023-02-26 04:00:00,0.0,0.0,0.0,0.0,0.0,0.0,0.0,0.0,0.0,0.0,0.0,0.0,0.0,0.0,0.0,0.0,0.0,0.0,0.0,0.0,0.0,0.0,0.0,0.0,0.0,0.0,0.0,0.0
2023-02-26 05:00:00,0.0,0.0,0.0,0.0,0.0,0.0,0.0,0.0,0.0,0.0,0.0,0.0,0.0,0.0,0.0,0.0,0.0,0.0,0.0,0.0,0.0,0.0,0.0,0.0,0.0,0.0,0.0,0.0
2023-02-26 06:00:00,0.0,0.0,0.0,0.0,0.0,0.0,0.0,0.0,0.0,0.0,0.0,0.0,0.0,0.0,0.0,0.0,0.0,0.0,0.0,0.0,0.0,0.0,0.0,0.0,0.0,0.0,0.0,0.0
2023-02-26 07:00:00,0.0,0.0,0.0,0.0,0.0,0.0,0.0,0.0,0.0,0.0,0.0,0.0,0.0,0.0,0.0,0.0,0.0,0.0,0.0,0.0,0.0,0.0,0.0,0.0,0.0,0.0,0.0,0.0
2023-02-26 08:00:00,0.0,0.0,0.0,0.0,0.0,0.0,0.0,0.0,0.0,0.0,0.0,0.0,0.0,0.0,0.0,0.0,0.0,0.0,0.0,0.0,0.0,0.0,0.0,0.0,0.0,0.0,0.0,0.0
2023-02-26 09:00:00,0.11580106771645457,0.04294417617640845,0.2914996762964713,0.02267728033847226,0.0,0.0,0.3504882632659772,0.3542635413377547,0.038963605387750413,0.2777831216510256,0.36010355334429767,0.008086027743721606,0.04205377982396253,0.32629004766738967,0.047217824503165376,0.02317011726995623,0.0,0.08383994915922395,0.0,0.21295330149695474,0.3171571693187982,0.12179353194159735,0.23887687100305732,0.00872423801485044,0.06946671309494894,0.0,0.040468971029028154,0.011459330211700878
2023-02-26 10:00:00,0.2545087895473328,0.14215559496923805,0.40446849107059435,0.04868011218238792,0.1168178157499054,0.14963658849836003,0.5633639018969508,0.5627316463234008,0.22794679509300297,0.48836761692021624,0.5589425594747814,0.07260090279654347,0.21638360411529606,0.4920457237899364,0.27434854901589956,0.2257757340161762,0.1900413405480523,0.2012819086068592,0.15604814350638466,0.33771411438519483,0.47773135796029365,0.2612783574969186,0.37446213890121693,0.05353472711790152,0.1735091203026685,0.1469552794583045,0.0968935242974076,0.06236595905158683
2023-02-26 11:00:00,0.4440615481314928,0.27625409930465095,0.6045538899587479,0.17830543834527565,0.35683036491479087,0.2852584233267947,0.6322550582718599,0.6789384091054235,0.3595497979096348,0.6208665273627955,0.6823523261037603,0.23576436264884315,0.3665635507207098,0.6305028609657829,0.40671391507741544,0.40365923550828986,0.2885467619543164,0.35586229418472864,0.28294043952325504,0.5043360614270279,0.6212035908247058,0.43360127329169273,0.522925592001512,0.11355585678826363,0.29866090626240865,0.2724797642170412,0.20348782378390382,0.11551337903607484
2023-02-26 12:00:00,0.5940220131518628,0.4186798669931237,0.6678688080018564,0.39348510793616015,0.5044428842475264,0.3819645972281,0.7038112494920101,0.790594711159923,0.5725578258239133,0.7273447073934827,0.7783030116657566,0.5209904759857082,0.5692282394257542,0.7572014067989511,0.5851291699272818,0.5876048151361637,0.39120489183982776,0.5729363643367664,0.41005971493014554,0.6411504618696959,0.7479572703277836,0.6208354548737371,0.4861348338122955,0.2295543547189989,0.33649763569297914,0.3847615149305123,0.2276627995036449,0.25347947932151954
2023-02-26 13:00:00,0.6367328979931274,0.4764375140166692,0.6709087196922593,0.5388443915920917,0.5755992636260118,0.41503469928488557,0.7331486976996011,0.7950935999296385,0.585400949138044,0.767213245696395,0.7918851101569951,0.5597319928796034,0.5911661108078216,0.7691373123911577,0.5866593435746478,0.6095680950539701,0.49734539303479247,0.6285622055043276,0.4711217451260684,0.7396993630537347,0.7633447876549413,0.6536318301364262,0.5394297784894373,0.2857162828357982,0.3905301167844065,0.4222145065225917,0.26499532384351976,0.3090001624980401
2023-02-26 14:00:00,0.6585130307177012,0.5416961197903629,0.6176104100090327,0.5433830224077296,0.5955070669000658,0.4044749908287409,0.5435968986011498,0.5887340846658643,0.5822116665681317,0.646456165490563,0.5999510259328357,0.6438588869762985,0.5574900059164629,0.5652105512317266,0.5659859620327312,0.5814510983068403,0.5009087878055898,0.6722188298805386,0.46300377037006707,0.6825536545060549,0.5711378781130596,0.6879190026651868,0.5077692166247476,0.3345507948045637,0.36191241207622044,0.4187099802096438,0.25884841132722636,0.34988384345871815
2023-02-26 15:00:00,0.661497934129182,0.5723622652241854,0.6513747361716227,0.5795095922929167,0.5754822814762023,0.4131158974831321,0.6370908230260598,0.6359176895583025,0.5964854791723224,0.629746738300153,0.6288882510793912,0.668802751696246,0.5546261284325489,0.6051445366520073,0.539984414160782,0.5491325441501267,0.5494451472104355,0.6458127126480233,0.5036894194187818,0.6285355752406517,0.6043623806796191,0.6773931632538508,0.4780228930601677,0.2927273775479535,0.3238970113983563,0.38933270960794913,0.2630603881502292,0.2788250827362966
2023-02-26 16:00:00,0.602066746747812,0.5550593975788525,0.6051556368198876,0.5497815318554108,0.5402632982322385,0.40661819466462756,0.6241014451633348,0.6351929477636384,0.5376275817840965,0.5831482942320592,0.6055202964034799,0.6192578742158171,0.4704685215005633,0.5942339982267547,0.449788552854827,0.41081349289789865,0.5025232439546301,0.5805964682478217,0.4354025894731165,0.6455786652044176,0.5853876912455169,0.5833390903827306,0.3450785721915743,0.300588834630022,0.2648820432350967,0.354473859800636,0.1997742911902068,0.2956753042669709
2023-02-26 17:00:00,0.4719843734106971,0.44386090981543835,0.5643464436627494,0.44956444291666775,0.44385605498562447,0.3192625430323276,0.5808518854131658,0.5976541634690159,0.4292429493251087,0.5821504861282525,0.6034635390382238,0.5334992096237507,0.3817637964930153,0.5450479031906474,0.286871594777984,0.3361761874188619,0.4648979669031871,0.37553618899565416,0.42723303628562626,0.543285440719842,0.536534231407984,0.5227085380915066,0.33416940281276014,0.23040308647187657,0.3126933111468817,0.2852718560475522,0.15891366274684274,0.23227770967490496
2023-02-26 18:00:00,0.4089474347098408,0.32105801064399253,0.4219711849898298,0.33086663569206237,0.34885880871288333,0.20672693122293834,0.380474501193645,0.4224401707536474,0.4085580622188484,0.46690080885022284,0.46616089492013213,0.43585966608844734,0.3964260178894428,0.3791915994893962,0.25180448050338944,0.275545389434009,0.38868989473859394,0.31847081187889087,0.35130800286813685,0.4082034523814817,0.3758617736841506,0.4470963661199561,0.25519861190994175,0.17847888934670833,0.13831880453468895,0.21886929197184124,0.08683144808374249,0.15515714882292397
2023-02-26 19:00:00,0.27128052907282546,0.1769286717455745,0.26494591886410385,0.18482710748651943,0.2246340782486912,0.11823777347720013,0.24085058819786997,0.27740859044623806,0.2532264364824119,0.3255205206876127,0.30515600405949017,0.2753519428291846,0.21792513217193077,0.23331823678489189,0.19835070130230537,0.21581839142348547,0.2148491013359767,0.1773656970884561,0.17652944322252792,0.25969946803076893,0.2286988097487435,0.28324392195392906,0.0,0.04202803305629454,0.0,0.11582646330566851,0.02174991204438904,0.028612692168573275
2023-02-26 20:00:00,0.0,0.0,0.0,0.0,0.0,0.0,0.0,0.0,0.0,0.0,0.0,0.0,0.0,0.0,0.0,0.0,0.0,0.0,0.0,0.0,0.0,0.0,0.0,0.0,0.0,0.0,0.0,0.0
2023-02-26 21:00:00,0.0,0.0,0.0,0.0,0.0,0.0,0.0,0.0,0.0,0.0,0.0,0.0,0.0,0.0,0.0,0.0,0.0,0.0,0.0,0.0,0.0,0.0,0.0,0.0,0.0,0.0,0.0,0.0
2023-02-26 22:00:00,0.0,0.0,0.0,0.0,0.0,0.0,0.0,0.0,0.0,0.0,0.0,0.0,0.0,0.0,0.0,0.0,0.0,0.0,0.0,0.0,0.0,0.0,0.0,0.0,0.0,0.0,0.0,0.0
2023-02-26 23:00:00,0.0,0.0,0.0,0.0,0.0,0.0,0.0,0.0,0.0,0.0,0.0,0.0,0.0,0.0,0.0,0.0,0.0,0.0,0.0,0.0,0.0,0.0,0.0,0.0,0.0,0.0,0.0,0.0
2023-02-27 00:00:00,0.0,0.0,0.0,0.0,0.0,0.0,0.0,0.0,0.0,0.0,0.0,0.0,0.0,0.0,0.0,0.0,0.0,0.0,0.0,0.0,0.0,0.0,0.0,0.0,0.0,0.0,0.0,0.0
2023-02-27 01:00:00,0.0,0.0,0.0,0.0,0.0,0.0,0.0,0.0,0.0,0.0,0.0,0.0,0.0,0.0,0.0,0.0,0.0,0.0,0.0,0.0,0.0,0.0,0.0,0.0,0.0,0.0,0.0,0.0
2023-02-27 02:00:00,0.0,0.0,0.0,0.0,0.0,0.0,0.0,0.0,0.0,0.0,0.0,0.0,0.0,0.0,0.0,0.0,0.0,0.0,0.0,0.0,0.0,0.0,0.0,0.0,0.0,0.0,0.0,0.0
2023-02-27 03:00:00,0.0,0.0,0.0,0.0,0.0,0.0,0.0,0.0,0.0,0.0,0.0,0.0,0.0,0.0,0.0,0.0,0.0,0.0,0.0,0.0,0.0,0.0,0.0,0.0,0.0,0.0,0.0,0.0
2023-02-27 04:00:00,0.0,0.0,0.0,0.0,0.0,0.0,0.0,0.0,0.0,0.0,0.0,0.0,0.0,0.0,0.0,0.0,0.0,0.0,0.0,0.0,0.0,0.0,0.0,0.0,0.0,0.0,0.0,0.0
2023-02-27 05:00:00,0.0,0.0,0.0,0.0,0.0,0.0,0.0,0.0,0.0,0.0,0.0,0.0,0.0,0.0,0.0,0.0,0.0,0.0,0.0,0.0,0.0,0.0,0.0,0.0,0.0,0.0,0.0,0.0
2023-02-27 06:00:00,0.0,0.0,0.0,0.0,0.0,0.0,0.0,0.0,0.0,0.0,0.0,0.0,0.0,0.0,0.0,0.0,0.0,0.0,0.0,0.0,0.0,0.0,0.0,0.0,0.0,0.0,0.0,0.0
2023-02-27 07:00:00,0.0,0.0,0.0,0.0,0.0,0.0,0.0,0.0,0.0,0.0,0.0,0.0,0.0,0.0,0.0,0.0,0.0,0.0,0.0,0.0,0.0,0.0,0.0,0.0,0.0,0.0,0.0,0.0
2023-02-27 08:00:00,0.0,0.0,0.0,0.0,0.0,0.0,0.0,0.0,0.0,0.0,0.0,0.0,0.0,0.0,0.0,0.0,0.0,0.0,0.0,0.0,0.0,0.0,0.0,0.0,0.0,0.0,0.0,0.0
2023-02-27 09:00:00,0.09129400329671965,0.350039696412132,0.02310537655010162,0.081863580559871,0.0,0.0,0.009554170564455513,0.013419469044925775,0.10275257684157199,0.01954854821819189,0.007880853484788343,0.11320174104235396,0.08495790780804902,0.01917050518225309,0.008314945110791398,0.013520911230215265,0.0,0.145061234675122,0.0,0.055261975770898385,0.020378968007926233,0.08015348481553497,0.49248408510261277,0.3504253159650551,0.4473888967645339,0.0,0.3203275567775911,0.29844864664329523
2023-02-27 10:00:00,0.23357893735077387,0.5110056750277715,0.12058097739743937,0.19092773494107948,0.1741397946049116,0.1376637651478106,0.023925309254506737,0.033197218000548055,0.24525628896776955,0.05061372403944372,0.0391831323670944,0.30276884785450897,0.18405628168003965,0.04469726224175346,0.11051043140042507,0.14100403327462402,0.27819950457029574,0.38430346180343894,0.28312559175221147,0.0664730449373959,0.047132726819263976,0.23034820310067017,0.67639214677848,0.5223493124449834,0.7346038256588003,0.16795913466427412,0.5455077779989428,0.4253969532001498
2023-02-27 11:00:00,0.4180779849422267,0.665253844789647,0.15981986876963664,0.26351262724996405,0.36028118370698387,0.2882721810346113,0.03222756050004585,0.04417217833166449,0.42405941205595926,0.08285757445079578,0.07501138818734782,0.43235174778036706,0.3707956990549108,0.04120868051795556,0.29683803660285063,0.3129477669268096,0.397839265882209,0.5819285478347719,0.40807474376519715,0.06262232061512639,0.04315634536728883,0.3812972008081638,0.7782273159346084,0.5464068120620977,0.8437720021102822,0.30652736321787777,0.7142824347004533,0.4944301567073991
2023-02-27 12:00:00,0.5164368152200149,0.7228453040382891,0.22111865546348786,0.2634858351025335,0.48753419373332435,0.3961171410999471,0.10381900037582603,0.09691540282376392,0.6733860766473467,0.13770079477818734,0.14019167244209485,0.3841975612891515,0.6553078546811683,0.05925801194966897,0.39877413516663235,0.44329939550996766,0.5513393487533139,0.46771331418803347,0.6100722311876426,0.09991384063600224,0.058002796473662424,0.35873529132413645,0.804504317229188,0.5777303665397675,0.8673976851180085,0.4710098226854783,0.7708253241450463,0.5146271887856756
2023-02-27 13:00:00,0.5214996367110714,0.7626158763282856,0.21597142651659226,0.2952912739402182,0.5809564704428011,0.45294735855045054,0.06789687381198259,0.07655152192890033,0.7292475316076048,0.1477716035646326,0.11947480177781228,0.4385398265695967,0.7462328945116393,0.053116185533013095,0.4157532957579915,0.5062216877506925,0.5571155569895622,0.44909693595937195,0.5910313553021234,0.11390730866634251,0.05481427507920432,0.3785367023335781,0.8088580725889629,0.5976398939581367,0.7076037999641155,0.5094358344011277,0.7328956343051237,0.5512092973260869
2023-02-27 14:00:00,0.5045707994912167,0.7415827301830087,0.2105468493060639,0.2503571351801489,0.5922156651858771,0.45880398571375297,0.08259709014107149,0.08038094363772136,0.7206153208636517,0.11910211865888545,0.1151190002674426,0.38711641754595666,0.721539054482002,0.06702153303100526,0.48040806852022255,0.5585285939056309,0.5775645564893734,0.4177868047179716,0.6231007707174726,0.09316924500856219,0.0685614868832884,0.3430301548722307,0.7792518883786889,0.5766548515899133,0.8248044663544424,0.477298105446468,0.7066661524229295,0.5202337975954121
2023-02-27 15:00:00,0.46927441089103095,0.7022718289854587,0.16009544388458602,0.23188115019951752,0.6351020071840532,0.4973246643519096,0.09883850706948431,0.07332138290656416,0.6499370526773556,0.0942748773510229,0.086604521364018,0.36522773407491527,0.6388045959615597,0.09181951886950977,0.4819638596222606,0.58631597088627,0.6382826737455494,0.37893512306646965,0.6184833371109304,0.07060139963024102,0.0965101447661883,0.31886994852687117,0.7015437088847261,0.533233866970436,0.7595026134968923,0.5337400798503654,0.6571008247544198,0.4903093035325171
2023-02-27 16:00:00,0.3721430507382445,0.6018580861804923,0.11039093816180398,0.1933200446739571,0.6178141911290339,0.46955130550765123,0.10457532128758922,0.11426315771068224,0.6071890939456589,0.09094879116408625,0.10552727001512834,0.26879142759132457,0.6298258889509413,0.1315104136057602,0.5037677112336739,0.613418786212842,0.6005621993691197,0.26420336886755663,0.5493691964942989,0.08501924978239862,0.13232967000018894,0.21881111445203674,0.4794576193889101,0.4089959195966706,0.6159227635851107,0.5166905431031722,0.576448791942943,0.38034991772469595
2023-02-27 17:00:00,0.2668160993678049,0.4319616653579072,0.08608141885910357,0.10291113462286326,0.5392711931944454,0.40958381714986664,0.1164244931987381,0.11312085353358976,0.508674356761578,0.06571221154612579,0.09655997369650027,0.15622978707425011,0.45627386883667714,0.12826556258489652,0.4208779316585433,0.4884699352582383,0.6050598599903086,0.16496470960497678,0.5484997103033614,0.0650284391727021,0.12784833986062202,0.13820976283579625,0.2485346995005156,0.20659861623689538,0.3669353240504824,0.37717580367581643,0.44503728333748016,0.1931954241071997
2023-02-27 18:00:00,0.15008181974371415,0.27902920322026487,0.040110441802504185,0.06373896522627316,0.45181633126331494,0.3139099193703847,0.06420897724704959,0.0540643302093323,0.35873736205380874,0.02315971297075254,0.03744899237385269,0.08102374058540887,0.3224730573106336,0.07275254721055273,0.41874728823698326,0.43531049728669774,0.4927257767783724,0.06822017601955313,0.47972000932687264,0.04710781653523238,0.07448603549321145,0.06350596013251454,0.1918807609529417,0.12288576467167404,0.20064831188334484,0.3194365839925747,0.3123288606341146,0.10756534705854777
2023-02-27 19:00:00,0.07885587945423402,0.08813838809109083,0.0204475504673229,0.007818242770914235,0.29155952068193786,0.17470932887006435,0.012256994280775672,0.007353902774993269,0.22071887629632392,0.0010014818316381254,0.002309148954508258,0.006978634363420022,0.18907254189457526,0.014837904803243892,0.21419116047714817,0.23990390408717902,0.29747606695823653,0.0064880950970517505,0.27332629471745906,0.007754472482028462,0.015612292383488522,0.0059743919841078715,0.0,0.0024569345432934103,0.0,0.18439711648641724,0.016351213018377213,0.0028830485712850414
2023-02-27 20:00:00,0.0,0.0,0.0,0.0,0.0,0.0,0.0,0.0,0.0,0.0,0.0,0.0,0.0,0.0,0.0,0.0,0.0,0.0,0.0,0.0,0.0,0.0,0.0,0.0,0.0,0.0,0.0,0.0
2023-02-27 21:00:00,0.0,0.0,0.0,0.0,0.0,0.0,0.0,0.0,0.0,0.0,0.0,0.0,0.0,0.0,0.0,0.0,0.0,0.0,0.0,0.0,0.0,0.0,0.0,0.0,0.0,0.0,0.0,0.0
2023-02-27 22:00:00,0.0,0.0,0.0,0.0,0.0,0.0,0.0,0.0,0.0,0.0,0.0,0.0,0.0,0.0,0.0,0.0,0.0,0.0,0.0,0.0,0.0,0.0,0.0,0.0,0.0,0.0,0.0,0.0
2023-02-27 23:00:00,0.0,0.0,0.0,0.0,0.0,0.0,0.0,0.0,0.0,0.0,0.0,0.0,0.0,0.0,0.0,0.0,0.0,0.0,0.0,0.0,0.0,0.0,0.0,0.0,0.0,0.0,0.0,0.0
2023-02-28 00:00:00,0.0,0.0,0.0,0.0,0.0,0.0,0.0,0.0,0.0,0.0,0.0,0.0,0.0,0.0,0.0,0.0,0.0,0.0,0.0,0.0,0.0,0.0,0.0,0.0,0.0,0.0,0.0,0.0
2023-02-28 01:00:00,0.0,0.0,0.0,0.0,0.0,0.0,0.0,0.0,0.0,0.0,0.0,0.0,0.0,0.0,0.0,0.0,0.0,0.0,0.0,0.0,0.0,0.0,0.0,0.0,0.0,0.0,0.0,0.0
2023-02-28 02:00:00,0.0,0.0,0.0,0.0,0.0,0.0,0.0,0.0,0.0,0.0,0.0,0.0,0.0,0.0,0.0,0.0,0.0,0.0,0.0,0.0,0.0,0.0,0.0,0.0,0.0,0.0,0.0,0.0
2023-02-28 03:00:00,0.0,0.0,0.0,0.0,0.0,0.0,0.0,0.0,0.0,0.0,0.0,0.0,0.0,0.0,0.0,0.0,0.0,0.0,0.0,0.0,0.0,0.0,0.0,0.0,0.0,0.0,0.0,0.0
2023-02-28 04:00:00,0.0,0.0,0.0,0.0,0.0,0.0,0.0,0.0,0.0,0.0,0.0,0.0,0.0,0.0,0.0,0.0,0.0,0.0,0.0,0.0,0.0,0.0,0.0,0.0,0.0,0.0,0.0,0.0
2023-02-28 05:00:00,0.0,0.0,0.0,0.0,0.0,0.0,0.0,0.0,0.0,0.0,0.0,0.0,0.0,0.0,0.0,0.0,0.0,0.0,0.0,0.0,0.0,0.0,0.0,0.0,0.0,0.0,0.0,0.0
2023-02-28 06:00:00,0.0,0.0,0.0,0.0,0.0,0.0,0.0,0.0,0.0,0.0,0.0,0.0,0.0,0.0,0.0,0.0,0.0,0.0,0.0,0.0,0.0,0.0,0.0,0.0,0.0,0.0,0.0,0.0
2023-02-28 07:00:00,0.0,0.0,0.0,0.0,0.0,0.0,0.0,0.0,0.0,0.0,0.0,0.0,0.0,0.0,0.0,0.0,0.0,0.0,0.0,0.0,0.0,0.0,0.0,0.0,0.0,0.0,0.0,0.0
2023-02-28 08:00:00,0.0,0.0,0.0,0.0,0.0,0.0,0.0,0.0,0.0,0.0,0.0,0.0,0.0,0.0,0.0,0.0,0.0,0.0,0.0,0.0,0.0,0.0,0.0,0.0,0.0,0.0,0.0,0.0
2023-02-28 09:00:00,0.14273198223184175,0.09436628307558363,0.17963889381324127,0.048413180986091715,0.0,0.0,0.02421031547372864,0.0032189855924221033,0.2844141712656604,0.004975597074949519,0.005392507351611458,0.03846663432126841,0.3834063552052859,0.0021214593751419635,0.17520847036166937,0.22868677647260607,0.0,0.014881092771510535,0.0,0.012857464302478873,0.002123113191560301,0.01964804012768814,0.1297740343281665,0.04840144361957773,0.3224031666911801,0.0,0.1444557677795911,0.042795085708898846
2023-02-28 10:00:00,0.2957927049771728,0.24497790237154074,0.36686230345272886,0.11525618031143572,0.36216785587381467,0.4916678976361909,0.16639208802376035,0.07268092468259903,0.5382051146341786,0.057098700694810274,0.09727404154422675,0.16050770741290166,0.5755950990737954,0.040329232955095086,0.5103608504334453,0.582056770129389,0.4957468003142617,0.1161212628972249,0.46994379821273524,0.028025308152102125,0.034926442315672074,0.11315821595942065,0.30467232924381193,0.14042794066489783,0.5427964544742729,0.5234060405265147,0.31084661395616264,0.13243578768284192
2023-02-28 11:00:00,0.47167499649972366,0.38276796096225807,0.5404873986477194,0.18593281230887343,0.5834495532521226,0.6801930486687491,0.3140167974814174,0.1643999999091971,0.7133867391188037,0.1705799286924057,0.23202724289656043,0.21146004697855963,0.7447064868606414,0.09993112738107877,0.6595059559398466,0.7270423767258946,0.6629553127753435,0.28234113913567876,0.6471721123183519,0.06290203789537983,0.09257273079053643,0.22225190247421142,0.4418580453983475,0.20545960432916116,0.5795453913099501,0.6954432024412247,0.4837686064562874,0.2127605841292965
2023-02-28 12:00:00,0.7132648539781783,0.47258086783924025,0.7526267772687069,0.2810529827116668,0.7347935036958109,0.8112266296760693,0.5706429194970388,0.3764523903956449,0.7795067331089879,0.39690882468116684,0.5168310593607627,0.34308539296002816,0.8125008243784443,0.2622157160133332,0.7889725017929817,0.8219768381585288,0.7204005847569936,0.6244525643884725,0.6886144352465431,0.09545508220616913,0.24784047689705438,0.503670525472943,0.44107757963435507,0.35376571171554044,0.5695737806633185,0.7762728036641994,0.6903620888634151,0.30653864825145116
2023-02-28 13:00:00,0.8098089673780772,0.5930923168790544,0.7892899320622389,0.3726196123878384,0.7532817227046195,0.8838924408819809,0.6488869891801389,0.5089368104147016,0.8261256360667577,0.4867858091196018,0.6060224613362014,0.46558850918709815,0.8645257533961627,0.42346107952011236,0.8684226480615627,0.8684466867682519,0.7747093123364084,0.7613579727511103,0.7436141997117245,0.20288585845882065,0.4113148213261006,0.6620910969776558,0.4857594114599899,0.4220087794430851,0.6431458733271934,0.8843642659403848,0.7665683111843544,0.37276703232166153
2023-02-28 14:00:00,0.7972707007447176,0.5285543126182866,0.794460805922728,0.40042152971535727,0.7220769604756282,0.9029909516956691,0.6738790952007876,0.6024679237348213,0.8190586065954198,0.561502636370771,0.6599782903389201,0.5253294092626241,0.8561481518165145,0.5525414354166422,0.8395351658804884,0.8708121580686042,0.7711510073868991,0.7835176920154324,0.7774132824885619,0.345303806430008,0.5434520744493295,0.6901636707829728,0.45796953737722623,0.43047149278811225,0.6289351890673305,0.8851642831572117,0.7666375482880807,0.3795351517234298
2023-02-28 15:00:00,0.7909552233944426,0.5031125404325723,0.8128034565181214,0.40705810851910607,0.6292562774612106,0.8868334703480962,0.7648029376785476,0.7019399340217448,0.7844596522570528,0.6063544610608329,0.7285156623192208,0.509812329887228,0.8263342379623569,0.6579647484926748,0.8213125172630946,0.8582376377857873,0.788527423193708,0.7819972416250337,0.7747102157066443,0.4600513724461718,0.6455651194715945,0.6910407074237453,0.33379614500739035,0.3916255620740856,0.5302601325180748,0.8599112811724048,0.6934564472776342,0.3419143326780403
2023-02-28 16:00:00,0.7176820222961058,0.39866727410719915,0.7051084857757548,0.4086269176440313,0.541597090943737,0.8107883591461894,0.6148232968799947,0.5520014736465938,0.7364230368680098,0.5137665076428926,0.6116981459748887,0.4214167866371785,0.7850058778738849,0.5298649578001657,0.7823708496173706,0.8290735174519827,0.7345997535396487,0.6721835934430951,0.7772923329089343,0.31411789732197015,0.5263463748867975,0.5959314765272551,0.2572679050890024,0.26271800641567766,0.3912956465285913,0.8088388712198334,0.5453389928357371,0.27356722629786384
2023-02-28 17:00:00,0.6850055010236533,0.34914639132116,0.6510082541316812,0.3802933461880553,0.4488734264024307,0.6492254683740251,0.5177238862728507,0.5331964783206182,0.7488163011464237,0.4870458603581477,0.5416179559733612,0.4070710347857162,0.7629822375686393,0.5602658021714783,0.7248081541699365,0.7744045456526278,0.7032497969395898,0.6360659092700491,0.7142464632447446,0.40627216871546973,0.5620884140695236,0.5801820475946157,0.15288494008390732,0.19788010286069918,0.2931030331784658,0.6759833265870345,0.45357683820958133,0.17066394876870306
2023-02-28 18:00:00,0.5765785559340524,0.26244568461989254,0.5790194914306726,0.27557398316544623,0.30730068082615725,0.4171533883483679,0.47790217400643575,0.4550779028884298,0.6456064103699207,0.41765489797524125,0.4665562969591288,0.2983965501800438,0.6583757877063626,0.4628281194004607,0.6199390464882216,0.6691138542504449,0.5642138732183293,0.5447654148996367,0.5566802959299989,0.3709839052491644,0.46305688093103303,0.48902121281604144,0.10492783533405026,0.1038327508711701,0.20087309792724337,0.5102030818919165,0.332715677255831,0.10675808784329915
2023-02-28 19:00:00,0.4378761748997981,0.2037273437363962,0.41981589821489906,0.18016560288660283,0.16681889393622043,0.21406324338642907,0.3341692064971076,0.31759444198281583,0.46309973562543844,0.3424439373169969,0.3534276208656672,0.24842497400768454,0.47021812805092256,0.3073949021513998,0.4281278668782689,0.46675257781003543,0.3236589178070107,0.4354812724939849,0.2659799356785359,0.2503128062037982,0.30675246671662704,0.39744442463650625,0.0,0.03515765644272471,0.0,0.29501440226263137,0.07717857061181127,0.05473799826945852
2023-02-28 20:00:00,0.0,0.0,0.0,0.0,0.0,0.0,0.0,0.0,0.0,0.0,0.0,0.0,0.0,0.0,0.0,0.0,0.0,0.0,0.0,0.0,0.0,0.0,0.0,0.0,0.0,0.0,0.0,0.0
2023-02-28 21:00:00,0.0,0.0,0.0,0.0,0.0,0.0,0.0,0.0,0.0,0.0,0.0,0.0,0.0,0.0,0.0,0.0,0.0,0.0,0.0,0.0,0.0,0.0,0.0,0.0,0.0,0.0,0.0,0.0
2023-02-28 22:00:00,0.0,0.0,0.0,0.0,0.0,0.0,0.0,0.0,0.0,0.0,0.0,0.0,0.0,0.0,0.0,0.0,0.0,0.0,0.0,0.0,0.0,0.0,0.0,0.0,0.0,0.0,0.0,0.0
2023-02-28 23:00:00,0.0,0.0,0.0,0.0,0.0,0.0,0.0,0.0,0.0,0.0,0.0,0.0,0.0,0.0,0.0,0.0,0.0,0.0,0.0,0.0,0.0,0.0,0.0,0.0,0.0,0.0,0.0,0.0
2023-03-01 00:00:00,0.0,0.0,0.0,0.0,0.0,0.0,0.0,0.0,0.0,0.0,0.0,0.0,0.0,0.0,0.0,0.0,0.0,0.0,0.0,0.0,0.0,0.0,0.0,0.0,0.0,0.0,0.0,0.0
2023-03-01 01:00:00,0.0,0.0,0.0,0.0,0.0,0.0,0.0,0.0,0.0,0.0,0.0,0.0,0.0,0.0,0.0,0.0,0.0,0.0,0.0,0.0,0.0,0.0,0.0,0.0,0.0,0.0,0.0,0.0
2023-03-01 02:00:00,0.0,0.0,0.0,0.0,0.0,0.0,0.0,0.0,0.0,0.0,0.0,0.0,0.0,0.0,0.0,0.0,0.0,0.0,0.0,0.0,0.0,0.0,0.0,0.0,0.0,0.0,0.0,0.0
2023-03-01 03:00:00,0.0,0.0,0.0,0.0,0.0,0.0,0.0,0.0,0.0,0.0,0.0,0.0,0.0,0.0,0.0,0.0,0.0,0.0,0.0,0.0,0.0,0.0,0.0,0.0,0.0,0.0,0.0,0.0
2023-03-01 04:00:00,0.0,0.0,0.0,0.0,0.0,0.0,0.0,0.0,0.0,0.0,0.0,0.0,0.0,0.0,0.0,0.0,0.0,0.0,0.0,0.0,0.0,0.0,0.0,0.0,0.0,0.0,0.0,0.0
2023-03-01 05:00:00,0.0,0.0,0.0,0.0,0.0,0.0,0.0,0.0,0.0,0.0,0.0,0.0,0.0,0.0,0.0,0.0,0.0,0.0,0.0,0.0,0.0,0.0,0.0,0.0,0.0,0.0,0.0,0.0
2023-03-01 06:00:00,0.0,0.0,0.0,0.0,0.0,0.0,0.0,0.0,0.0,0.0,0.0,0.0,0.0,0.0,0.0,0.0,0.0,0.0,0.0,0.0,0.0,0.0,0.0,0.0,0.0,0.0,0.0,0.0
2023-03-01 07:00:00,0.0,0.0,0.0,0.0,0.0,0.0,0.0,0.0,0.0,0.0,0.0,0.0,0.0,0.0,0.0,0.0,0.0,0.0,0.0,0.0,0.0,0.0,0.0,0.0,0.0,0.0,0.0,0.0
2023-03-01 08:00:00,0.0,0.0,0.0,0.0,0.0,0.0,0.0,0.0,0.0,0.0,0.0,0.0,0.0,0.0,0.0,0.0,0.0,0.0,0.0,0.0,0.0,0.0,0.03607974738784262,0.0,0.0,0.0,0.0,0.0
2023-03-01 09:00:00,0.03269628810492159,0.011804623317344087,0.07736542790657441,0.06370039976938056,4.849937740208131e-05,0.00028915046271452713,0.10672913480881267,0.09106528197082643,0.007487358979484756,0.07922698978084636,0.09036691940978345,0.04672365450293919,0.009271628954090401,0.08814487614736159,0.007139465022618839,0.007749811048252624,0.0,0.045421241586025285,0.0,0.06723910597129332,0.08758584367198939,0.05813159223038706,0.4856221545320012,0.04718123705417174,0.18074687700053202,6.570873541790625e-05,0.04944618446592147,0.0545062649386058
2023-03-01 10:00:00,0.13589397414685098,0.07210363180662581,0.256481893138572,0.30941856319737043,0.008131091187467155,0.009589069562730937,0.36362788893511705,0.4110088578755407,0.04690151354582052,0.30747354822611495,0.37240731264079013,0.17208827916757988,0.04751378798632375,0.4452694721379783,0.043281551282985345,0.042208132755693566,0.0016155617407126413,0.15526016327871192,0.001090417947393497,0.387198432648624,0.4426442242617107,0.20654963356587042,0.5629151012089337,0.15565009258163665,0.2310819093291756,0.012892342588882414,0.0946436706985992,0.1879823988842986
2023-03-01 11:00:00,0.3636940520378265,0.181418435656701,0.5358063841784139,0.28454098423596047,0.03356396403701181,0.03689443886351957,0.6546222003103555,0.5847875591314562,0.09161733528128234,0.6163233774958592,0.6626185245835543,0.4569308808532634,0.1089573699965568,0.48737968062041076,0.0948568287357958,0.08664088344258254,0.009828070827518584,0.5931168891150369,0.009943155597647461,0.35490783065341835,0.4731551346765714,0.6459412456576515,0.704841474744991,0.23888271745575676,0.30235027142331733,0.055842195625791936,0.16696885884482318,0.2594934760100473
2023-03-01 12:00:00,0.20512874874539225,0.17824282202973432,0.2649949351460939,0.32979383776543925,0.06312516142690287,0.0649764043656871,0.3838611761920474,0.365438799378861,0.09494169718541237,0.3051256344030585,0.3483411081904442,0.3620659201515629,0.10882424989375958,0.3620537896337661,0.08412366197888507,0.06866366754597543,0.03657604331920153,0.2731172666611708,0.03460065505265958,0.3083670648891606,0.3614606161266616,0.32183513604114256,0.6823334671890023,0.2587032333885481,0.3561909707322744,0.07984755682133789,0.21450322452620096,0.2640071961538526
2023-03-01 13:00:00,0.22730634464014382,0.20907237338754783,0.2523746172364368,0.3430268115799252,0.09345716058973041,0.10089115997712186,0.3723553108105931,0.3544298412937024,0.10773897686813574,0.3823663548403434,0.37060739431700696,0.3999856992566833,0.10722578043361718,0.33699521187156534,0.09989156185767542,0.07159988522735647,0.07216870012223577,0.32638113761475696,0.06121546801199236,0.31539671180656503,0.341487235062994,0.3873258111691193,0.6346701634349459,0.29776288870511103,0.36413760459753325,0.11181298976270199,0.24823662484324902,0.2989962041617468
2023-03-01 14:00:00,0.17841606876011315,0.2258276519729824,0.2018986163838511,0.32961526238218725,0.112423287510339,0.1058415419827504,0.4033746577743325,0.40828248441462067,0.07299608757012271,0.31377249464759976,0.3493598589913056,0.39031559979881575,0.07768767169583005,0.41405881916504794,0.12116711711306426,0.0728293584747698,0.0799698091391717,0.2877867292621446,0.06358191896353685,0.38785668702415566,0.4143263802018239,0.31789045208301075,0.5111533104253393,0.2781718404167781,0.37458487327915524,0.12811400034506085,0.218406961183962,0.2890551923498433
2023-03-01 15:00:00,0.1834189802755597,0.18845252884184624,0.15350082894434608,0.39676715338219276,0.12040843868198135,0.09578780823950295,0.2954768081039722,0.3065339927611666,0.1081746242660239,0.23352854329175163,0.2728683384551573,0.33898368292415026,0.1080837483497674,0.3069724287329878,0.11387746508526635,0.08966823063518888,0.07117482302307503,0.1923421145123633,0.04377451330365414,0.24564441306628143,0.30504589827691186,0.23677231784338104,0.42923431902800735,0.2625974586714508,0.3502596534280135,0.11142992510300187,0.1804747398033806,0.26634674796954777
2023-03-01 16:00:00,0.13583655245783338,0.22641826820899147,0.09682845336244165,0.2315373849113619,0.10665897416156224,0.06741971258722065,0.2601838090569307,0.2941537227525714,0.07709733391150002,0.19194314168062018,0.25511628815590154,0.22868222973136243,0.09017244961874094,0.2613559190480182,0.08910270208367699,0.07090597999358186,0.04227643045595638,0.15840993349409674,0.02485706181059132,0.20480041924151277,0.2498767196202006,0.20350803109954407,0.3298240112581046,0.1793366583878439,0.2765310294755832,0.09610560194478365,0.13179970997219298,0.1825014413442604
2023-03-01 17:00:00,0.10070714956003894,0.20690075212029096,0.04253942908262079,0.1763860575956313,0.11298614683419889,0.049438047052133186,0.06659710874529147,0.09733854959046755,0.07472463698985593,0.08339215012103639,0.08108357386305323,0.28145910090489035,0.08868875782397896,0.10655402150685456,0.08240634501959772,0.07174866954295529,0.027550670325730355,0.10950462992370842,0.01928173582991832,0.13472473892415462,0.10921232815700259,0.15855343932616972,0.21632696719726904,0.10768455241092867,0.18597943000271586,0.06448313974593155,0.1096971778032797,0.11627563736811046
2023-03-01 18:00:00,0.05547861252546689,0.11602399993021102,0.011720523061787646,0.13355987970971392,0.12678384881702187,0.023798390597800274,0.028713081815500016,0.04173501577741829,0.03288225266506786,0.031177847690838735,0.03043807179709453,0.2111767547566622,0.03772096124080399,0.04768628085704268,0.06190354641108388,0.032204480146242324,0.023705337869845782,0.06537790967422208,0.06881608635956249,0.08632001386044086,0.048608094862774204,0.08977431882606603,0.17884184784184298,0.07424355315182055,0.11796527355384218,0.05093894155812646,0.04213891849704051,0.08348896388596151
2023-03-01 19:00:00,0.0045265182216265125,0.01872463793194989,0.0031025558654946645,0.08722469997164806,0.06639087714457799,0.009188890351368053,0.010130986835732225,0.039715402476153815,0.014414844301075959,0.017448597035941194,0.013476877685227963,0.045152709001290585,0.023097776880627793,0.062234487193464326,0.027173711217350786,0.04168244502219891,0.08754091167108152,0.004671182201680164,0.12493071915953875,0.10584782653755472,0.0654918594299381,0.007995922769763878,0.0,0.04860036377715598,0.0,0.02133999066963481,0.0005796967028013404,0.06032300833405073
2023-03-01 20:00:00,0.0,0.0,0.0,0.0,0.0,0.0,0.0,0.0,0.0,0.0,0.0,0.0,0.0,0.0,0.0,0.0,0.0,0.0,0.0,0.0,0.0,0.0,0.0,0.0,0.0,0.0,0.0,0.0
2023-03-01 21:00:00,0.0,0.0,0.0,0.0,0.0,0.0,0.0,0.0,0.0,0.0,0.0,0.0,0.0,0.0,0.0,0.0,0.0,0.0,0.0,0.0,0.0,0.0,0.0,0.0,0.0,0.0,0.0,0.0
2023-03-01 22:00:00,0.0,0.0,0.0,0.0,0.0,0.0,0.0,0.0,0.0,0.0,0.0,0.0,0.0,0.0,0.0,0.0,0.0,0.0,0.0,0.0,0.0,0.0,0.0,0.0,0.0,0.0,0.0,0.0
2023-03-01 23:00:00,0.0,0.0,0.0,0.0,0.0,0.0,0.0,0.0,0.0,0.0,0.0,0.0,0.0,0.0,0.0,0.0,0.0,0.0,0.0,0.0,0.0,0.0,0.0,0.0,0.0,0.0,0.0,0.0
2023-03-02 00:00:00,0.0,0.0,0.0,0.0,0.0,0.0,0.0,0.0,0.0,0.0,0.0,0.0,0.0,0.0,0.0,0.0,0.0,0.0,0.0,0.0,0.0,0.0,0.0,0.0,0.0,0.0,0.0,0.0
2023-03-02 01:00:00,0.0,0.0,0.0,0.0,0.0,0.0,0.0,0.0,0.0,0.0,0.0,0.0,0.0,0.0,0.0,0.0,0.0,0.0,0.0,0.0,0.0,0.0,0.0,0.0,0.0,0.0,0.0,0.0
2023-03-02 02:00:00,0.0,0.0,0.0,0.0,0.0,0.0,0.0,0.0,0.0,0.0,0.0,0.0,0.0,0.0,0.0,0.0,0.0,0.0,0.0,0.0,0.0,0.0,0.0,0.0,0.0,0.0,0.0,0.0
2023-03-02 03:00:00,0.0,0.0,0.0,0.0,0.0,0.0,0.0,0.0,0.0,0.0,0.0,0.0,0.0,0.0,0.0,0.0,0.0,0.0,0.0,0.0,0.0,0.0,0.0,0.0,0.0,0.0,0.0,0.0
2023-03-02 04:00:00,0.0,0.0,0.0,0.0,0.0,0.0,0.0,0.0,0.0,0.0,0.0,0.0,0.0,0.0,0.0,0.0,0.0,0.0,0.0,0.0,0.0,0.0,0.0,0.0,0.0,0.0,0.0,0.0
2023-03-02 05:00:00,0.0,0.0,0.0,0.0,0.0,0.0,0.0,0.0,0.0,0.0,0.0,0.0,0.0,0.0,0.0,0.0,0.0,0.0,0.0,0.0,0.0,0.0,0.0,0.0,0.0,0.0,0.0,0.0
2023-03-02 06:00:00,0.0,0.0,0.0,0.0,0.0,0.0,0.0,0.0,0.0,0.0,0.0,0.0,0.0,0.0,0.0,0.0,0.0,0.0,0.0,0.0,0.0,0.0,0.0,0.0,0.0,0.0,0.0,0.0
2023-03-02 07:00:00,0.0,0.0,0.0,0.0,0.0,0.0,0.0,0.0,0.0,0.0,0.0,0.0,0.0,0.0,0.0,0.0,0.0,0.0,0.0,0.0,0.0,0.0,0.0,0.0,0.0,0.0,0.0,0.0
2023-03-02 08:00:00,0.0,0.0,0.0,0.0,0.0,0.0,0.0,0.0,0.0,0.0,0.0,0.0,0.0,0.0,0.0,0.0,0.0,0.0,0.0,0.0,0.0,0.0,0.0228640438349937,0.0,0.0,0.0,0.0,0.0
2023-03-02 09:00:00,0.1545464469161711,0.10376226729475171,0.3258234978817761,0.051714728121492644,0.0069898796744353175,0.005650458368965341,0.322176303336485,0.31452357935523884,0.12198893577003522,0.280304246945278,0.340696075846302,0.08836944875565989,0.12347960829163862,0.2738442555580006,0.06863193348225678,0.06996636133266253,0.0,0.14961518582351654,0.0,0.18306159930202945,0.2644915163302192,0.15591885339832756,0.22347439051583293,0.10545848707699272,0.027934553615174905,0.022678560126224843,0.05674508386845771,0.160266458642863
2023-03-02 10:00:00,0.2865107891758085,0.2413413381893377,0.4471153735928297,0.14386283488411464,0.17513954234031257,0.09620524688126657,0.5415619413416713,0.5185328593377984,0.21278694676571885,0.49272590266661165,0.5685525214676019,0.14771065833248204,0.18908941434893406,0.44159944481620195,0.12018757276139189,0.16837602033124063,0.23283896039897745,0.2678647054132867,0.17243106817893314,0.2922591379486947,0.4246601387341134,0.29924059082288873,0.3713494512369591,0.19603812568349313,0.11319010746373195,0.1465893490059826,0.166661463210453,0.26617058646807573
2023-03-02 11:00:00,0.5205606361976706,0.44696931984144006,0.572296564010165,0.18394578966712546,0.3438903433703022,0.20136391179731236,0.6059996038174377,0.6233129727328189,0.28976525128514324,0.6211506239441691,0.6748790872338803,0.34815469468495464,0.20394655632075206,0.5462438560607222,0.16423229144959595,0.14159040436386913,0.2937791272538322,0.5867308693722265,0.2732210573966776,0.41818455166436275,0.5328601128686605,0.5944341825503486,0.47516145613992933,0.2578467642223022,0.2113527941930056,0.23750623210941993,0.28599012029608256,0.34894118650881106
2023-03-02 12:00:00,0.609939142886242,0.6273798517685976,0.6577847795341694,0.42355397814896995,0.5006700285230128,0.23200571109276635,0.7402011846509812,0.7667429400463984,0.4123615836153961,0.7016379946331153,0.7680010966647948,0.6364550883736,0.3522150371007459,0.7314991871866683,0.24959250893854373,0.2996820032157664,0.3637246420613105,0.6156446283058283,0.34028846265524426,0.6073834790397044,0.7215615522119581,0.7123582928867215,0.52809683975183,0.36114815634822867,0.30178978001471785,0.301446121995418,0.3973042567140753,0.4291226575258089
2023-03-02 13:00:00,0.6653591390719068,0.6657965166360862,0.6286307288837956,0.5864245019535208,0.5879726996242587,0.2811547323784852,0.7589333631024392,0.7749929481414045,0.4186994447180312,0.726781218552988,0.7571475413385229,0.7980493961521684,0.3572644804432632,0.7525999631038244,0.2559973185168327,0.2741254663685823,0.4163449992794664,0.6959266519041502,0.38457795277630347,0.7296441835308067,0.746312669170095,0.7813173418696504,0.5087880096496447,0.3810212552356242,0.38964587146640567,0.32361609301013244,0.4522042731691041,0.4584546743203153
2023-03-02 14:00:00,0.6714716354896091,0.7041987888875005,0.5616405533763498,0.630809863124879,0.5728164689636862,0.29283293473828237,0.5911837507544618,0.6165745351921381,0.41780998474465086,0.6456199392611492,0.5966298197044932,0.8027071741140029,0.3485287836045222,0.628375427761213,0.2630294974898502,0.30439612375683867,0.42585455805992845,0.710255962306383,0.4116554182979307,0.7368880882924794,0.637392592259115,0.7431879721933914,0.567399423269653,0.4168466311328232,0.3681972824812693,0.3273009777719264,0.4425638154633984,0.48619903753480687
2023-03-02 15:00:00,0.5898344151501874,0.656048897489622,0.5104873364096749,0.6311178404527887,0.5710897440183211,0.33253890568413774,0.6058092450907443,0.6336437161224554,0.4279004396873262,0.5776951309713765,0.6006231611664146,0.7708984004197645,0.34613473354699703,0.630126929276154,0.2657646543180512,0.28572673560701395,0.4371118444991219,0.647375197996746,0.4653734168694289,0.6818186785984102,0.6257450104178492,0.6583695506498759,0.5465021651857047,0.5774567439974208,0.28695522533604806,0.33844295173150174,0.4832563986064426,0.6154994542119073
2023-03-02 16:00:00,0.5379093761942543,0.5521596865530728,0.5632244430707234,0.5764577368130861,0.47841715472542656,0.33028367693066235,0.598246664256422,0.6063493554632621,0.4293049082223953,0.6331251452012301,0.6411644983027543,0.6746124207801472,0.39606378386303825,0.5610768447494064,0.2776986796858656,0.32421475222181445,0.443489693328067,0.558832500159586,0.43364945943398897,0.5963279094214345,0.5566410838809132,0.6080142485792018,0.41991536504939103,0.5689535287159507,0.24616694368308104,0.3048081749831619,0.4645633596245307,0.5876972109832048
2023-03-02 17:00:00,0.4202354675206764,0.40875407781719725,0.5045288733105091,0.5032750846137023,0.3741047548149291,0.3079792572387513,0.5848173693143818,0.6047036732208477,0.36417377003742285,0.5787620902804542,0.6105696988708857,0.5301030278270316,0.32131125229450164,0.5631155644358321,0.2693497204608549,0.23568359873100317,0.37426718804958975,0.43256251440229415,0.3952119131945205,0.5362006075458272,0.5531071793415212,0.5021893940226604,0.37105093065699046,0.5283035454145165,0.20308100695275827,0.30701678450631276,0.33622675474657876,0.5116925702603332
2023-03-02 18:00:00,0.29325803348553714,0.26636803097846296,0.38495480399944926,0.34278805666241524,0.3063787160450401,0.17553834051916348,0.4104263776513754,0.42301181117478315,0.27322679648873566,0.39518349380408013,0.44214202245304485,0.318507370027163,0.21076928003195802,0.39603279262506663,0.1712771743160195,0.1744727323581854,0.33473181050650164,0.16667853035434735,0.3436613906629005,0.3278502799842188,0.3904448500065605,0.29534443963304896,0.2282342597420059,0.3727085130154859,0.1640253193601515,0.17268733605259268,0.2250464325988219,0.39999612547473423
2023-03-02 19:00:00,0.20930153804845314,0.1771135425527443,0.23049601857508645,0.21695749973675638,0.1777057152167042,0.07687998406696296,0.23446356798515547,0.24156832583896773,0.20026155842365,0.21534841914894118,0.2520140870140527,0.12938995581725424,0.16529416027704222,0.22282318247630487,0.09252567437672796,0.09539424197193425,0.18195675323316776,0.07283760047346402,0.19638705368910347,0.1861638912689134,0.2170201164828185,0.13146665231528323,0.0,0.16569310420255384,0.0,0.08286782648537931,0.024985427360133882,0.24745790286479394
2023-03-02 20:00:00,0.0,0.0,0.0,0.0,5.05266232818745e-05,0.0,0.0,0.0,0.0,0.0,0.0,0.0,0.0,0.0,0.0,0.0,0.0,0.0,0.0,0.0,0.0,0.0,0.0,0.0,0.0,0.0,0.0,0.0
2023-03-02 21:00:00,0.0,0.0,0.0,0.0,0.0,0.0,0.0,0.0,0.0,0.0,0.0,0.0,0.0,0.0,0.0,0.0,0.0,0.0,0.0,0.0,0.0,0.0,0.0,0.0,0.0,0.0,0.0,0.0
2023-03-02 22:00:00,0.0,0.0,0.0,0.0,0.0,0.0,0.0,0.0,0.0,0.0,0.0,0.0,0.0,0.0,0.0,0.0,0.0,0.0,0.0,0.0,0.0,0.0,0.0,0.0,0.0,0.0,0.0,0.0
2023-03-02 23:00:00,0.0,0.0,0.0,0.0,0.0,0.0,0.0,0.0,0.0,0.0,0.0,0.0,0.0,0.0,0.0,0.0,0.0,0.0,0.0,0.0,0.0,0.0,0.0,0.0,0.0,0.0,0.0,0.0
2023-03-03 00:00:00,0.0,0.0,0.0,0.0,0.0,0.0,0.0,0.0,0.0,0.0,0.0,0.0,0.0,0.0,0.0,0.0,0.0,0.0,0.0,0.0,0.0,0.0,0.0,0.0,0.0,0.0,0.0,0.0
2023-03-03 01:00:00,0.0,0.0,0.0,0.0,0.0,0.0,0.0,0.0,0.0,0.0,0.0,0.0,0.0,0.0,0.0,0.0,0.0,0.0,0.0,0.0,0.0,0.0,0.0,0.0,0.0,0.0,0.0,0.0
2023-03-03 02:00:00,0.0,0.0,0.0,0.0,0.0,0.0,0.0,0.0,0.0,0.0,0.0,0.0,0.0,0.0,0.0,0.0,0.0,0.0,0.0,0.0,0.0,0.0,0.0,0.0,0.0,0.0,0.0,0.0
2023-03-03 03:00:00,0.0,0.0,0.0,0.0,0.0,0.0,0.0,0.0,0.0,0.0,0.0,0.0,0.0,0.0,0.0,0.0,0.0,0.0,0.0,0.0,0.0,0.0,0.0,0.0,0.0,0.0,0.0,0.0
2023-03-03 04:00:00,0.0,0.0,0.0,0.0,0.0,0.0,0.0,0.0,0.0,0.0,0.0,0.0,0.0,0.0,0.0,0.0,0.0,0.0,0.0,0.0,0.0,0.0,0.0,0.0,0.0,0.0,0.0,0.0
2023-03-03 05:00:00,0.0,0.0,0.0,0.0,0.0,0.0,0.0,0.0,0.0,0.0,0.0,0.0,0.0,0.0,0.0,0.0,0.0,0.0,0.0,0.0,0.0,0.0,0.0,0.0,0.0,0.0,0.0,0.0
2023-03-03 06:00:00,0.0,0.0,0.0,0.0,0.0,0.0,0.0,0.0,0.0,0.0,0.0,0.0,0.0,0.0,0.0,0.0,0.0,0.0,0.0,0.0,0.0,0.0,0.0,0.0,0.0,0.0,0.0,0.0
2023-03-03 07:00:00,0.0,0.0,0.0,0.0,0.0,0.0,0.0,0.0,0.0,0.0,0.0,0.0,0.0,0.0,0.0,0.0,0.0,0.0,0.0,0.0,0.0,0.0,0.0,0.0,0.0,0.0,0.0,0.0
2023-03-03 08:00:00,0.0,0.0,0.0,0.0,0.0,0.0,0.0,0.0,0.0,0.0,0.0,0.0,0.0,0.0,0.0,0.0,0.0,0.0,0.0,0.0,0.0,0.0,0.09611930110273186,0.0,0.0,0.0,0.0,0.0
2023-03-03 09:00:00,0.1709773708990772,0.3014031743763175,0.10592987521997897,0.26421164877672204,0.018671361987805234,0.012858057045269398,0.19224429987515432,0.24189030512140344,0.10765961994810443,0.17324255421819404,0.16535721788203478,0.3175515621150584,0.11208290775365184,0.31284834062201017,0.1663682006678852,0.08938027876868315,0.0,0.25777919120762743,0.0,0.24024666346801915,0.3220156483341847,0.2291152939795028,0.3300802988027989,0.24183099541818875,0.2413509068579303,0.07969223456002181,0.1730696328732181,0.28341139061082893
2023-03-03 10:00:00,0.25716541464647535,0.5261731616683339,0.193710771850761,0.42548324629554163,0.14296041043787752,0.22479811416845252,0.25998563194736773,0.25454727989314474,0.19128363508329171,0.22152283220870095,0.19039947803692003,0.4885828193646412,0.17579608737263727,0.3299692853544271,0.26826607675705355,0.14045377857210367,0.182383752313449,0.38522635345398365,0.17186524139623355,0.2763833492942408,0.34402308298187245,0.3389342122609162,0.5167133289639793,0.44596112827411283,0.4508105562138507,0.22442680937207507,0.3359282836058975,0.5119953285877221
2023-03-03 11:00:00,0.3793619122089152,0.6444139256781297,0.27537906705232973,0.522410255011047,0.27767775103746073,0.27900194157856845,0.3498211235527089,0.34905324190805015,0.31502035949866064,0.4013791932803453,0.3241466583079015,0.596413136382817,0.28810411396970975,0.36926753544720403,0.3456372271553849,0.23810641705612262,0.30146548047964744,0.48821357867952625,0.2687147866532451,0.4540502533567662,0.3808086487770069,0.4575110907767721,0.6287077829221089,0.5779194275207091,0.5890612312333537,0.26673756535079746,0.4654579469643109,0.6767600116040016
2023-03-03 12:00:00,0.4577953960240884,0.732608381707711,0.33358746707192866,0.5427890203024947,0.4589261262523708,0.40014151767978057,0.4067058011740359,0.42281613238248,0.38296021047973633,0.4148188975956641,0.3799231605485287,0.6603354323263575,0.35072809024584845,0.45397363956587344,0.3459205946643068,0.2166369879267782,0.41056620481964956,0.6257443242044888,0.3379246150158849,0.46407527835205936,0.46327857121358335,0.5231396586962537,0.6316821892816042,0.7096664703979331,0.666076270881732,0.37206432275250295,0.5690627980114746,0.7483923774396977
2023-03-03 13:00:00,0.5079776156511745,0.6835776072197642,0.38706426673909183,0.5540258999828914,0.5472805863961888,0.48244283359320117,0.45820022947626654,0.4584496987456643,0.39151144679649286,0.458289863658823,0.43987960923880787,0.6988741559716782,0.38677365734466607,0.4592760495398486,0.36824708127010763,0.3157206487985249,0.44272018649707506,0.6134473529036749,0.33031401730246646,0.46091932071173397,0.46093181019037444,0.597622785248633,0.666424674822972,0.7176532928284947,0.7700062891597029,0.422225188517303,0.6004337340344136,0.7669563122590386
2023-03-03 14:00:00,0.4871486093683431,0.578374840797883,0.40735695273767036,0.5509849576460062,0.6494545047062358,0.5867693936517926,0.4629313581014072,0.44669926943707544,0.3926063385114728,0.39382623788068416,0.4215469833948576,0.717219797573104,0.3980666733516639,0.4670265946597208,0.3540692829261735,0.3780705744891038,0.44350795050737973,0.5359779431403275,0.33309761932912635,0.44665544080729824,0.4672497897246821,0.5466199665630673,0.7476956670046961,0.6882753504931874,0.8074954767247614,0.44775287029930894,0.6288589567998057,0.7230978403959863
2023-03-03 15:00:00,0.4560852123852718,0.5280792464205546,0.34503594627002016,0.4960864497768824,0.6615005605972721,0.5509724202503915,0.3469995451155683,0.3421367429331441,0.37416215390954993,0.332550203420003,0.3483699922806405,0.613197319439857,0.3600950118410541,0.3405251719212965,0.362440825787192,0.40312766762762225,0.3189351992765949,0.4682913024645661,0.27942485041746107,0.3598993963136836,0.3404456413933039,0.4755737181505209,0.6929720383760298,0.6035168988630807,0.6778662819652982,0.43987408893507884,0.5817279390599573,0.6478575232373535
2023-03-03 16:00:00,0.3564444059696367,0.4205429150172684,0.27451787003828776,0.37489636580973223,0.6047049907494992,0.48145100669440194,0.23195114025729335,0.23790428462844085,0.31699249289255027,0.2737643414508545,0.2689748831324029,0.4834634135572643,0.2965641213853342,0.23195153320183298,0.33959234570256036,0.3561492859630289,0.30161789260820354,0.3447339522896298,0.2762510582236729,0.1985063240878616,0.2344313270641969,0.370966019886435,0.6135349271253548,0.600040414039294,0.6634037517265668,0.38785976640132214,0.5842439799357797,0.6010660550256117
2023-03-03 17:00:00,0.27311181761628883,0.3078677262027513,0.22746876328948393,0.22643993141447438,0.5687614993556234,0.36937115724198194,0.1918476992285739,0.22035836580114534,0.27730087398462455,0.22285601622381146,0.23088816716250388,0.3296459756493328,0.27678290171487757,0.22836286512983747,0.27736799180451777,0.398021229610458,0.21089532238720662,0.2557862455768176,0.2755768578327101,0.2056520958449587,0.23103863905136135,0.285769215203548,0.4277745801387757,0.554043479305955,0.5461591007386908,0.29492770910097243,0.5058887752337308,0.5399862493587917
2023-03-03 18:00:00,0.13007281839766086,0.21438378569553856,0.12689921306252092,0.16049223648821953,0.4902455723898441,0.2458266683991589,0.10946348270318244,0.09708911660743534,0.13131069981047314,0.08784664317362577,0.10790699159128052,0.2137224228941039,0.13370206657737294,0.08230810515974846,0.20352989618587405,0.26235002531252716,0.1047359200876301,0.09443662383071712,0.1976791381684291,0.05973011295171923,0.07843451381986787,0.13764046127666055,0.25368595762755164,0.4475903849910786,0.344423562546865,0.20875497321835015,0.3609321806485545,0.4525548580033571
2023-03-03 19:00:00,0.049186848754621926,0.12732594214700466,0.02081627220238385,0.09741840145270451,0.3362393743546219,0.10134584256358894,0.0344278477158336,0.029551234625709157,0.05648458184155577,0.013552209488982121,0.026433094489415224,0.11954156390311788,0.043217185465900594,0.02831430929151818,0.1723589483540364,0.1290610266033727,0.05587396045086348,0.05462197244671735,0.1271353764526627,0.013862205520820247,0.026887294295537354,0.06586301300047442,0.0,0.2850548951738119,0.0,0.12023985380820783,0.10524965996945156,0.30062750308353337
2023-03-03 20:00:00,0.0,0.0,0.0,0.0,0.046294460643398566,0.0,0.0,0.0,0.0,0.0,0.0,0.0,0.0,0.0,0.0,0.0,0.0,0.0,0.0,0.0,0.0,0.0,0.0,0.0,0.0,0.0,0.0,0.0
2023-03-03 21:00:00,0.0,0.0,0.0,0.0,0.0,0.0,0.0,0.0,0.0,0.0,0.0,0.0,0.0,0.0,0.0,0.0,0.0,0.0,0.0,0.0,0.0,0.0,0.0,0.0,0.0,0.0,0.0,0.0
2023-03-03 22:00:00,0.0,0.0,0.0,0.0,0.0,0.0,0.0,0.0,0.0,0.0,0.0,0.0,0.0,0.0,0.0,0.0,0.0,0.0,0.0,0.0,0.0,0.0,0.0,0.0,0.0,0.0,0.0,0.0
2023-03-03 23:00:00,0.0,0.0,0.0,0.0,0.0,0.0,0.0,0.0,0.0,0.0,0.0,0.0,0.0,0.0,0.0,0.0,0.0,0.0,0.0,0.0,0.0,0.0,0.0,0.0,0.0,0.0,0.0,0.0
2023-03-04 00:00:00,0.0,0.0,0.0,0.0,0.0,0.0,0.0,0.0,0.0,0.0,0.0,0.0,0.0,0.0,0.0,0.0,0.0,0.0,0.0,0.0,0.0,0.0,0.0,0.0,0.0,0.0,0.0,0.0
2023-03-04 01:00:00,0.0,0.0,0.0,0.0,0.0,0.0,0.0,0.0,0.0,0.0,0.0,0.0,0.0,0.0,0.0,0.0,0.0,0.0,0.0,0.0,0.0,0.0,0.0,0.0,0.0,0.0,0.0,0.0
2023-03-04 02:00:00,0.0,0.0,0.0,0.0,0.0,0.0,0.0,0.0,0.0,0.0,0.0,0.0,0.0,0.0,0.0,0.0,0.0,0.0,0.0,0.0,0.0,0.0,0.0,0.0,0.0,0.0,0.0,0.0
2023-03-04 03:00:00,0.0,0.0,0.0,0.0,0.0,0.0,0.0,0.0,0.0,0.0,0.0,0.0,0.0,0.0,0.0,0.0,0.0,0.0,0.0,0.0,0.0,0.0,0.0,0.0,0.0,0.0,0.0,0.0
2023-03-04 04:00:00,0.0,0.0,0.0,0.0,0.0,0.0,0.0,0.0,0.0,0.0,0.0,0.0,0.0,0.0,0.0,0.0,0.0,0.0,0.0,0.0,0.0,0.0,0.0,0.0,0.0,0.0,0.0,0.0
2023-03-04 05:00:00,0.0,0.0,0.0,0.0,0.0,0.0,0.0,0.0,0.0,0.0,0.0,0.0,0.0,0.0,0.0,0.0,0.0,0.0,0.0,0.0,0.0,0.0,0.0,0.0,0.0,0.0,0.0,0.0
2023-03-04 06:00:00,0.0,0.0,0.0,0.0,0.0,0.0,0.0,0.0,0.0,0.0,0.0,0.0,0.0,0.0,0.0,0.0,0.0,0.0,0.0,0.0,0.0,0.0,0.0,0.0,0.0,0.0,0.0,0.0
2023-03-04 07:00:00,0.0,0.0,0.0,0.0,0.0,0.0,0.0,0.0,0.0,0.0,0.0,0.0,0.0,0.0,0.0,0.0,0.0,0.0,0.0,0.0,0.0,0.0,0.0,0.0,0.0,0.0,0.0,0.0
2023-03-04 08:00:00,0.0,0.0,0.0,0.0,0.0,0.0,0.0,0.0,0.0,0.0,0.0,0.0,0.0,0.0,0.0,0.0,0.0,0.0,0.0,0.0,0.0,0.0,0.13558553380442886,0.0,0.0,0.0,0.0,0.0
2023-03-04 09:00:00,0.09008272055477302,0.07947826716526664,0.0671426991184045,0.0926767923408554,0.030377106945439585,0.017853767661556226,0.015645951675275282,0.028728757959661805,0.07883539297419812,0.07400931881692015,0.045509980316424524,0.05306547379557636,0.058464261541732704,0.010385502476592125,0.05298933515029575,0.07222123965045085,0.0,0.027876001671515188,0.0,0.06148797766239277,0.011619608847568156,0.05479384355815839,0.43794026340671127,0.1253670918399171,0.47210153494477597,0.02330955432826319,0.37032563997695817,0.11180080368342982
2023-03-04 10:00:00,0.21190588869199783,0.25909671948867885,0.10237868096446419,0.2616208406310779,0.34904797044634056,0.13955064822363705,0.018588553564397686,0.019358075527401465,0.231831421854689,0.021452838683622813,0.019429061952974412,0.2108075614070603,0.20991944176405405,0.020761084029237868,0.16203100284361935,0.2174604596389184,0.13686304547836267,0.12647718853758103,0.07671111828811701,0.061773848108409,0.021654957980457756,0.1000776914333087,0.550172173026363,0.3145440700638925,0.6551609856455843,0.14415546403458027,0.5764151376419238,0.2918366806317705
2023-03-04 11:00:00,0.31695171641288383,0.4013287488422696,0.10637657803372574,0.36922368541211753,0.5540134357153099,0.2736558268140607,0.03815318390272132,0.03821070625551041,0.31775217362908253,0.05187752569286724,0.0567435200380948,0.37932798588266203,0.2840731059208676,0.03360028584202375,0.2992684791666276,0.3017125061664937,0.3328282408869065,0.30601404054862663,0.1972542467813917,0.03814690499290284,0.03348397043790146,0.2169023213751313,0.6171000946674934,0.4855623218405072,0.8036457569361662,0.2526050827438123,0.7125298071899658,0.43972962500234725
2023-03-04 12:00:00,0.5929770310467234,0.6401439170840795,0.2115677470659055,0.18432395762447726,0.6959627291230872,0.3788334264110344,0.09800857948434222,0.06327002389777216,0.7116058300274513,0.075162770088725,0.0747046573579612,0.4239554738343133,0.7946710255502184,0.06372939560128946,0.5945710227577549,0.7395306816810753,0.49509191260251567,0.4615347327576808,0.38615511691094223,0.08019062630917946,0.06626760253864297,0.380008135175983,0.5860453986943787,0.45674586425688685,0.716828415219101,0.49028851539498447,0.696539847250622,0.43187831756342554
2023-03-04 13:00:00,0.5689501137557756,0.6812857347962242,0.16678117414398086,0.22690173141106973,0.7694891682152187,0.4753757897368834,0.08176266750300648,0.07577562924588234,0.7609832234174408,0.12666148762976498,0.09366087825823999,0.41490305070639855,0.8442575167726973,0.06896022054796308,0.7468119554434354,0.8509505714803157,0.6033548940586317,0.4337009072931084,0.5503459051780049,0.11882555834591339,0.07132331413375378,0.39405207721033403,0.5696527883424889,0.5399209433992675,0.6955512433060642,0.5464958947671442,0.7661828243921823,0.5061981952160588
2023-03-04 14:00:00,0.5388299132856288,0.6732006014574944,0.13298613496399764,0.18768651461132427,0.8239354599396072,0.5415382071661397,0.110520434147745,0.08200355341941475,0.7894881232217041,0.11743818702054783,0.10822579365424995,0.34678678133274066,0.8717656597663513,0.06353947899625514,0.7984517936454234,0.8806892833566791,0.6634143206443893,0.4115924711495038,0.6090051161990947,0.08040399792402986,0.06274134283124004,0.3542863576550001,0.5582298053514269,0.48311109472587194,0.7012816527812485,0.5838643410961418,0.7854093591510448,0.4420427978012639
2023-03-04 15:00:00,0.41317387361086083,0.5969914527222415,0.1637702296396397,0.17411420208458517,0.8224076685842028,0.5688972899761824,0.10400253287989779,0.07057005500661341,0.7481066262623217,0.07834588362296076,0.09258344103158678,0.2711791741394047,0.825572163771548,0.05776096219743797,0.7952708252619209,0.8655286122432735,0.6762725071749116,0.2581233758195887,0.6269632972065342,0.054429025403603705,0.05908229503612586,0.23906976252755374,0.5223105547426082,0.43220169533045955,0.6408246911699687,0.6262756002181746,0.7736148810990903,0.3596275372776651
2023-03-04 16:00:00,0.3459694271787169,0.4527641209816027,0.11851016928537003,0.12248579301787893,0.8137492717949983,0.5520174141772787,0.10658016461565543,0.06124870106932461,0.6905821848127849,0.049114720369264925,0.0629366532176136,0.19469238697782687,0.7483340071589716,0.0709211444978387,0.7464079074201498,0.829771418935229,0.6871458368189324,0.2634332514047589,0.6751769655843134,0.04010149111624335,0.07250146496593513,0.20377068427211353,0.38130548674984277,0.33412512683211487,0.4881755450789724,0.6170458030196505,0.6808995664404154,0.248725773461917
2023-03-04 17:00:00,0.2244330479536732,0.33752899930985764,0.13787127091233722,0.07205846972052156,0.7780069070547592,0.509957187672323,0.13663768056589848,0.07076503979712788,0.5856243850101095,0.04170534477166961,0.06071596613919795,0.12753387462691732,0.6063866242069772,0.08896406584328889,0.6838429705873359,0.7510348850237574,0.6464742474695077,0.15433020553942556,0.6505627173606482,0.03282352978331325,0.09321046162266564,0.12889431289559639,0.3428271784511782,0.21809313364816488,0.36768449810193055,0.5895529365676089,0.5975772559008679,0.1609336792347853
2023-03-04 18:00:00,0.09929798661073178,0.1960211837133675,0.14258122202068918,0.04076672495464868,0.7015256249610765,0.42386097337983614,0.15295652707059035,0.08188566788868056,0.39090986150218543,0.04640878408827262,0.0803672689904048,0.06450788246078276,0.3875735173376822,0.0814107308140636,0.5684238801099222,0.6161277822806467,0.5449990413781467,0.05340506813380913,0.5660507407668401,0.014347572596442353,0.08360455708063569,0.059612190169529324,0.24580293269191428,0.0953068691445702,0.15969324495105175,0.5435745318644446,0.43981334381317405,0.08564352603391444
2023-03-04 19:00:00,0.0152241594866033,0.1312088910663165,0.11276725564568996,0.0034398894948462527,0.5268237682457765,0.2900102243474725,0.08929298542504756,0.04649494343057684,0.2356290730363125,0.02898911650707803,0.04952501089833536,0.0074542544541438965,0.23187548448910908,0.042742904555356086,0.45520768176145154,0.40776214178183323,0.36193223065214064,0.006531942383128959,0.3881792102449751,0.001545007041584087,0.04599255373694313,0.009079116594543113,0.0,0.015558892005198733,0.0,0.3795751701512672,0.17712534153467074,0.008847770039288367
2023-03-04 20:00:00,0.0,0.0,0.0,0.0,0.11441727577849962,0.0,0.0,0.0,0.0,0.0,0.0,0.0,0.0,0.0,0.0,0.0,0.0,0.0,0.0,0.0,0.0,0.0,0.0,0.0,0.0,0.0,0.0,0.0
2023-03-04 21:00:00,0.0,0.0,0.0,0.0,0.0,0.0,0.0,0.0,0.0,0.0,0.0,0.0,0.0,0.0,0.0,0.0,0.0,0.0,0.0,0.0,0.0,0.0,0.0,0.0,0.0,0.0,0.0,0.0
2023-03-04 22:00:00,0.0,0.0,0.0,0.0,0.0,0.0,0.0,0.0,0.0,0.0,0.0,0.0,0.0,0.0,0.0,0.0,0.0,0.0,0.0,0.0,0.0,0.0,0.0,0.0,0.0,0.0,0.0,0.0
2023-03-04 23:00:00,0.0,0.0,0.0,0.0,0.0,0.0,0.0,0.0,0.0,0.0,0.0,0.0,0.0,0.0,0.0,0.0,0.0,0.0,0.0,0.0,0.0,0.0,0.0,0.0,0.0,0.0,0.0,0.0
2023-03-05 00:00:00,0.0,0.0,0.0,0.0,0.0,0.0,0.0,0.0,0.0,0.0,0.0,0.0,0.0,0.0,0.0,0.0,0.0,0.0,0.0,0.0,0.0,0.0,0.0,0.0,0.0,0.0,0.0,0.0
2023-03-05 01:00:00,0.0,0.0,0.0,0.0,0.0,0.0,0.0,0.0,0.0,0.0,0.0,0.0,0.0,0.0,0.0,0.0,0.0,0.0,0.0,0.0,0.0,0.0,0.0,0.0,0.0,0.0,0.0,0.0
2023-03-05 02:00:00,0.0,0.0,0.0,0.0,0.0,0.0,0.0,0.0,0.0,0.0,0.0,0.0,0.0,0.0,0.0,0.0,0.0,0.0,0.0,0.0,0.0,0.0,0.0,0.0,0.0,0.0,0.0,0.0
2023-03-05 03:00:00,0.0,0.0,0.0,0.0,0.0,0.0,0.0,0.0,0.0,0.0,0.0,0.0,0.0,0.0,0.0,0.0,0.0,0.0,0.0,0.0,0.0,0.0,0.0,0.0,0.0,0.0,0.0,0.0
2023-03-05 04:00:00,0.0,0.0,0.0,0.0,0.0,0.0,0.0,0.0,0.0,0.0,0.0,0.0,0.0,0.0,0.0,0.0,0.0,0.0,0.0,0.0,0.0,0.0,0.0,0.0,0.0,0.0,0.0,0.0
2023-03-05 05:00:00,0.0,0.0,0.0,0.0,0.0,0.0,0.0,0.0,0.0,0.0,0.0,0.0,0.0,0.0,0.0,0.0,0.0,0.0,0.0,0.0,0.0,0.0,0.0,0.0,0.0,0.0,0.0,0.0
2023-03-05 06:00:00,0.0,0.0,0.0,0.0,0.0,0.0,0.0,0.0,0.0,0.0,0.0,0.0,0.0,0.0,0.0,0.0,0.0,0.0,0.0,0.0,0.0,0.0,0.0,0.0,0.0,0.0,0.0,0.0
2023-03-05 07:00:00,0.0,0.0,0.0,0.0,0.0,0.0,0.0,0.0,0.0,0.0,0.0,0.0,0.0,0.0,0.0,0.0,0.0,0.0,0.0,0.0,0.0,0.0,0.0,0.0,0.0,0.0,0.0,0.0
2023-03-05 08:00:00,0.0,0.0,0.0,0.0,0.0,0.0,0.0,0.0,0.0,0.0,0.0,0.0,0.0,0.0,0.0,0.0,0.0,0.0,0.0,0.0,0.0,0.0,0.026555093818107285,0.0,0.0,0.0,0.0,0.0
2023-03-05 09:00:00,0.1283904656250001,0.08694139257415878,0.19692337236628013,0.1306392766698284,0.0760901778413372,0.06944736157216998,0.14518354955648805,0.20045262807564132,0.04251798024966974,0.2531216516692406,0.183150962742052,0.2050945341651178,0.05723284178939699,0.23041024207109226,0.05892741514270446,0.03983427233608883,0.052222657323534205,0.21656837198985748,0.06430658372215223,0.2859557339253279,0.24286332727132132,0.2381868139301587,0.20232874785682445,0.2095372338180771,0.3678418162999101,0.1788905548640766,0.36192662852559043,0.1645548048437119
2023-03-05 10:00:00,0.26710529388729276,0.1797574006438915,0.39028224026824543,0.2335621261800008,0.5419059386409696,0.5273842920864859,0.3163436000044223,0.3494329377327819,0.16045694502138427,0.4131562596792534,0.3212866834072558,0.3379916384474276,0.17864946422102715,0.39961939286449283,0.19606500257318413,0.13461706345295404,0.5473061575501752,0.40366954327624377,0.5478513890476343,0.46215882959266913,0.41725709103188474,0.41622780126899395,0.3898855242544325,0.33873093143494115,0.5850333657765658,0.5314280076067489,0.5857446758644375,0.30774342422605316
2023-03-05 11:00:00,0.3526262008172151,0.3423975911066627,0.5041928292275485,0.31071195437370497,0.7732941982396596,0.7009656560908498,0.5108376756538302,0.5327127056863,0.3002155496065261,0.5248094197238972,0.48998956125292886,0.38937931788157026,0.34243068913005553,0.5403059840916863,0.2981114309492111,0.2597031216342369,0.6983474983960456,0.42626894906379403,0.6954693807152635,0.5719269740686083,0.5456199592894545,0.4647204097170845,0.53297641069418,0.5435485102186789,0.7707247495757863,0.7004950265834344,0.7637494031341633,0.5218808482307368
2023-03-05 12:00:00,0.33066863738933355,0.5117343363207983,0.5095891950961728,0.29821645951655995,0.88118926102866,0.8103148499585303,0.6138288894059912,0.609156908085161,0.42999455996617647,0.46122924739683785,0.535491873161706,0.26614164918173955,0.4236477338822364,0.6235261292839618,0.4906035462037784,0.33090839330366917,0.7927614417574127,0.2416871953269315,0.7878523092633998,0.5274038685777235,0.6216196974527841,0.33119452326081056,0.4802469888021424,0.578554474666696,0.7275353226168838,0.8194400374114484,0.8525354570621914,0.5343877597994743
2023-03-05 13:00:00,0.4067074742914033,0.5733663788840975,0.5921868800145556,0.37963411844103184,0.9508498560300775,0.8522143210295392,0.6036158421499803,0.6253648303138917,0.43151650408944897,0.5709220742612796,0.6013376039636508,0.3132896112633144,0.47221499818674156,0.6383259354486214,0.49172274993884874,0.33803733343643383,0.8353757158426938,0.30444232679791516,0.8280932397806113,0.5811750952121684,0.6390781831117504,0.42825098263093603,0.5330117220447853,0.577759148053657,0.7586158676968453,0.8628932619735309,0.8706036982083265,0.54804271563921
2023-03-05 14:00:00,0.4450815529606517,0.5941861370203233,0.6446935540492404,0.414087381129589,0.9722935091054093,0.8611560580348145,0.5642224809463484,0.5862328232354906,0.528667783069742,0.6105362392412889,0.587560617878676,0.342827064697472,0.550085425213448,0.5833337931700434,0.5545959416263219,0.409691275367084,0.8510889135186194,0.3408364946307178,0.8446096737954509,0.5852858898387407,0.5895152698487991,0.4761538492797792,0.512887025188773,0.6160190061017576,0.7418840318655445,0.8943685692035851,0.8699013859540237,0.5221991367144754
2023-03-05 15:00:00,0.4490176874952474,0.5790286828989321,0.6014939324873914,0.542317923574354,0.9798517035324582,0.8784271988661816,0.6118004499218267,0.5951347639426126,0.5519992256919762,0.6459268291167346,0.6174954975959238,0.4601294386868369,0.610658926013056,0.5440835867150319,0.5733606720946425,0.43954691052407063,0.8384396047317857,0.44087547547751355,0.8417010940565295,0.672738696440117,0.542752990450903,0.5285622327330598,0.4589763326962081,0.5642397620429584,0.6705728307595089,0.8962757840364554,0.8795375309373064,0.466258748333034
2023-03-05 16:00:00,0.4435163150957151,0.5072343811973831,0.5170156981224507,0.5353276732712355,0.9523044723895199,0.8554570569104791,0.44748898796951037,0.401421952479555,0.5183146903422146,0.5789249918672257,0.5084127767022677,0.45584509751703073,0.5807511642198838,0.3221053094620069,0.5629091946115287,0.4254213189718699,0.8316920242113773,0.49385875985403244,0.8246156866095822,0.5510367559046045,0.32582956799624385,0.5251011360804287,0.39252065081410964,0.48768521710651885,0.5738322436440397,0.8784347775882798,0.8629226588433071,0.37603321359690806
2023-03-05 17:00:00,0.34683785213058765,0.42387722379454945,0.4142102598027562,0.5593252280025302,0.9012128777591666,0.802935077154627,0.3004734891338831,0.2338090947268162,0.4447816667100098,0.40212266916227213,0.3486497876890461,0.41816891038856663,0.5135276610159175,0.1756126250534429,0.43660280390128153,0.4061957175564449,0.7877657581270975,0.4929948079430642,0.7806668667967728,0.37360241384172194,0.1795191737084435,0.4116614179425344,0.27351175318795684,0.405456174165172,0.4282956509744917,0.8092511068222723,0.7698978209003362,0.3087036802453227
2023-03-05 18:00:00,0.26392829237372545,0.3142723272400123,0.23466856985347084,0.41727203421235876,0.798119572936504,0.692827203278099,0.16014950103472944,0.10639565249237494,0.3489593081364422,0.18089631635504297,0.16417202878939535,0.3570522206808111,0.42673432868249567,0.08503170397503548,0.3866628022767574,0.33643749617006663,0.7002873322956648,0.4128453589566618,0.6945048033294272,0.1491760611645309,0.08696724487061243,0.29847257718390696,0.11423216100269593,0.30007952335428145,0.2488453145404513,0.7066233633117763,0.5833178504618118,0.2089173080935754
2023-03-05 19:00:00,0.10983572548276073,0.1379589100850635,0.10570690027581908,0.20699485698974182,0.604821243391445,0.5008187097832383,0.03600039350483016,0.014633714815862729,0.1991281216164689,0.03921906680890197,0.041643151378470564,0.16468399073492618,0.24939149059694524,0.006286427290777104,0.22359534974033757,0.19532174210416692,0.5125060403604371,0.18645281596965305,0.5244996474701836,0.012433596830077605,0.00563583300136604,0.110968221578145,0.0,0.11312938215679934,0.002359798977073936,0.5219531840673552,0.2801501172832993,0.08602786653727093
2023-03-05 20:00:00,0.0,0.0,0.0,0.0,0.1495957265775364,0.0,0.0,0.0,0.0,0.0,0.0,0.0,0.0,0.0,0.0,0.0,0.0,0.0,0.0,0.0,0.0,0.0,0.0,0.0,0.0,0.0,0.0,0.0
2023-03-05 21:00:00,0.0,0.0,0.0,0.0,0.0,0.0,0.0,0.0,0.0,0.0,0.0,0.0,0.0,0.0,0.0,0.0,0.0,0.0,0.0,0.0,0.0,0.0,0.0,0.0,0.0,0.0,0.0,0.0
2023-03-05 22:00:00,0.0,0.0,0.0,0.0,0.0,0.0,0.0,0.0,0.0,0.0,0.0,0.0,0.0,0.0,0.0,0.0,0.0,0.0,0.0,0.0,0.0,0.0,0.0,0.0,0.0,0.0,0.0,0.0
2023-03-05 23:00:00,0.0,0.0,0.0,0.0,0.0,0.0,0.0,0.0,0.0,0.0,0.0,0.0,0.0,0.0,0.0,0.0,0.0,0.0,0.0,0.0,0.0,0.0,0.0,0.0,0.0,0.0,0.0,0.0
2023-03-06 00:00:00,0.0,0.0,0.0,0.0,0.0,0.0,0.0,0.0,0.0,0.0,0.0,0.0,0.0,0.0,0.0,0.0,0.0,0.0,0.0,0.0,0.0,0.0,0.0,0.0,0.0,0.0,0.0,0.0
2023-03-06 01:00:00,0.0,0.0,0.0,0.0,0.0,0.0,0.0,0.0,0.0,0.0,0.0,0.0,0.0,0.0,0.0,0.0,0.0,0.0,0.0,0.0,0.0,0.0,0.0,0.0,0.0,0.0,0.0,0.0
2023-03-06 02:00:00,0.0,0.0,0.0,0.0,0.0,0.0,0.0,0.0,0.0,0.0,0.0,0.0,0.0,0.0,0.0,0.0,0.0,0.0,0.0,0.0,0.0,0.0,0.0,0.0,0.0,0.0,0.0,0.0
2023-03-06 03:00:00,0.0,0.0,0.0,0.0,0.0,0.0,0.0,0.0,0.0,0.0,0.0,0.0,0.0,0.0,0.0,0.0,0.0,0.0,0.0,0.0,0.0,0.0,0.0,0.0,0.0,0.0,0.0,0.0
2023-03-06 04:00:00,0.0,0.0,0.0,0.0,0.0,0.0,0.0,0.0,0.0,0.0,0.0,0.0,0.0,0.0,0.0,0.0,0.0,0.0,0.0,0.0,0.0,0.0,0.0,0.0,0.0,0.0,0.0,0.0
2023-03-06 05:00:00,0.0,0.0,0.0,0.0,0.0,0.0,0.0,0.0,0.0,0.0,0.0,0.0,0.0,0.0,0.0,0.0,0.0,0.0,0.0,0.0,0.0,0.0,0.0,0.0,0.0,0.0,0.0,0.0
2023-03-06 06:00:00,0.0,0.0,0.0,0.0,0.0,0.0,0.0,0.0,0.0,0.0,0.0,0.0,0.0,0.0,0.0,0.0,0.0,0.0,0.0,0.0,0.0,0.0,0.0,0.0,0.0,0.0,0.0,0.0
2023-03-06 07:00:00,0.0,0.0,0.0,0.0,0.0,0.0,0.0,0.0,0.0,0.0,0.0,0.0,0.0,0.0,0.0,0.0,0.0,0.0,0.0,0.0,0.0,0.0,0.0,0.0,0.0,0.0,0.0,0.0
2023-03-06 08:00:00,0.0,0.0,0.0,0.0,0.0,0.0,0.0,0.0,0.0,0.0,0.0,0.0,0.0,0.0,0.0,0.0,0.0,0.0,0.0,0.0,0.0,0.0,0.34056715347712013,0.0,0.0,0.0,0.0,0.0
2023-03-06 09:00:00,0.1736044064092441,0.2377464600874714,0.21579445190048033,0.06160864728775409,0.15923645229457342,0.16304815853822668,0.13552842031242787,0.1375031747502419,0.34347031779064685,0.09008028683239774,0.09849582239585497,0.062342280044152654,0.38220889138905867,0.17346528291945157,0.3534373732782908,0.38440549711171146,0.08615432438768703,0.057032570938755876,0.17709137648559253,0.1395189264038542,0.18393373759403522,0.0545598241701147,0.567837628935103,0.2655823375568764,0.5841249124160726,0.2746929357359097,0.4125642938673633,0.21627415886789964
2023-03-06 10:00:00,0.30586221387162915,0.3448019358110139,0.23338383415379121,0.1315381924632825,0.5796839825449319,0.6155896248450837,0.19490592953647137,0.2585605492100514,0.5444500575319784,0.16924663601282966,0.16788310290215405,0.16185789379491025,0.6066525563094834,0.34376366776634737,0.5511519593467162,0.5774720100922869,0.5623104717322509,0.19411117359466581,0.5557863778380571,0.3167482350973503,0.3583263281404117,0.15793961500382578,0.7705065703239853,0.3190660380386701,0.8195631013664072,0.6178950762516716,0.4638880471249824,0.2788420460673594
2023-03-06 11:00:00,0.4279267771182938,0.46782362395769966,0.36754273792735587,0.31438123258092854,0.7869719979255266,0.7899059493906515,0.29027511267640443,0.32446931866937645,0.6738064550449522,0.18074544142945825,0.21695220392722436,0.3803138323633173,0.725441341393629,0.4270015202264959,0.6944912451108142,0.7275723715220375,0.7191077938805625,0.28620185853986235,0.7195398351262519,0.4040142753367618,0.4401259667732958,0.28303788371076255,0.8580721866865305,0.39666321706893365,0.8792374259422264,0.7857917884284773,0.618211849208966,0.3696047977657257
2023-03-06 12:00:00,0.550520508490936,0.6151248228558932,0.2207209601434367,0.635901525016774,0.8963020187405039,0.8665757598513025,0.3410816394872343,0.4415863710097607,0.764058935461976,0.39395826223117814,0.33371688294763824,0.589222454934842,0.8062327398732768,0.5345909375281601,0.8443259746030459,0.8034803110240017,0.7990500456611467,0.4241919262392353,0.712834918581654,0.6553892439142754,0.5514290372164862,0.4570691346938527,0.7303060471114593,0.5697205031613588,0.9029877730712808,0.8689578278216147,0.7715364126995977,0.4846125031506307
2023-03-06 13:00:00,0.6351192004719582,0.6683278688183801,0.37564936959848927,0.5577953871498779,0.9534249373862073,0.9061712751867864,0.5010728663858585,0.5760446088658256,0.801505393864299,0.5034492956738198,0.48096230673599555,0.6719763659880708,0.8375320591920333,0.6425311567682818,0.8682188432601224,0.8343167099881541,0.8164243247304499,0.5905395333436824,0.7314199762579205,0.6585005634024119,0.6553653501126693,0.6285163785631834,0.7337947313200669,0.49043807142883505,0.8662133840145536,0.9201830084991693,0.803017132334467,0.42195715638319753
2023-03-06 14:00:00,0.6834603862517471,0.7292288171058637,0.4442345089161388,0.6045664748989963,0.9690455945028292,0.905498286809915,0.4592493371741742,0.5158963350504643,0.7921426607020814,0.49191143733040116,0.452322136351849,0.8008572893957611,0.8094766187218001,0.5891456384666058,0.8510135076349262,0.835849178631653,0.8160916332167709,0.7179892005791683,0.7561531019227117,0.655917253417927,0.606304685346768,0.7093939920732985,0.7609583379531526,0.5071772271300079,0.9215114451592199,0.933083413973267,0.7741857380775787,0.468433435625125
2023-03-06 15:00:00,0.6478998080363795,0.7360165528437551,0.39645448910033676,0.5285356355016398,0.9614724470910511,0.9021516626741164,0.47285266851586627,0.5657615638812247,0.7340582864590248,0.5243224816081207,0.49327260358145697,0.7249793962583362,0.7310790002004384,0.6041591357507712,0.8304303367378981,0.8007775969783072,0.7929133299421087,0.7227017003748205,0.695811310498194,0.6493680463404397,0.6123548312412446,0.7101510268850366,0.6739754140017358,0.48933709999577796,0.845896624569606,0.914746166081887,0.6961569609516458,0.4651121314314053
2023-03-06 16:00:00,0.6421114698854897,0.750243604009139,0.48900578696702496,0.5820194115863528,0.9320577058164677,0.9100354669023442,0.4882124560993162,0.5563321067882158,0.713015859500455,0.558401490831046,0.5450395784346497,0.670649670921156,0.7238475876901868,0.5703164612353243,0.8536842881640565,0.8094253606033236,0.7454916602505857,0.7035512097348446,0.6658327113648915,0.6036210185177976,0.5755650462707909,0.7196844191828569,0.5831055697723501,0.4125418421623273,0.7486791232092248,0.8936216742435812,0.5854271472772786,0.37120991030168377
2023-03-06 17:00:00,0.5422175254565104,0.7102739022543315,0.27015714244055616,0.508002458506268,0.8673958067065894,0.8532156129323283,0.28561232887746973,0.3984185255362585,0.5316523255470745,0.38690096449505185,0.36107320562369705,0.5659121666963982,0.5119480290583114,0.4477820283736533,0.8180977250727766,0.6540367818862995,0.6861758875341397,0.6288272390358888,0.623147276820969,0.45029266647871674,0.4541904176164997,0.6057550765055413,0.49515515493839324,0.33226512463534585,0.5699263835584577,0.8107408064548187,0.43861756609250574,0.3036682285506053
2023-03-06 18:00:00,0.4043104767271708,0.5698558087256983,0.15613764141573702,0.3935447493998479,0.7480746927039045,0.7551285197467824,0.16872433017007823,0.23966043952208912,0.3261734152844871,0.25488831081278357,0.22808530736648155,0.5321290540926574,0.275652123381371,0.263416450764484,0.7234481215135383,0.5016294321304003,0.5996875392519769,0.5488833955284087,0.5589810139459683,0.3500821271768294,0.2673949517548913,0.49836469832527047,0.2335936725107194,0.1751906314754771,0.37539227465306585,0.7033960611314163,0.24522672948099528,0.1749796517211153
2023-03-06 19:00:00,0.2728060919991778,0.3883781895376761,0.04018206179152592,0.2625976082863927,0.5133877149502614,0.5698739707926157,0.06277064549941526,0.0917264592788939,0.16972990617628422,0.09427151228783393,0.08631251839377516,0.3629123521110639,0.10911514153299975,0.10217209928696956,0.5092952021898837,0.3360279169480566,0.4374827199811784,0.36286775284670697,0.42157852894566816,0.12818106047263006,0.10286383020651935,0.31198903942713413,0.0,0.13854917806194586,0.06763546236891574,0.5117106589897793,0.1206105861861919,0.147275844346765
2023-03-06 20:00:00,0.0,0.0,0.0,0.0,0.09794412647109817,0.0,0.0,0.0,0.0,0.0,0.0,0.0,0.0,0.0,0.0,0.0,0.0,0.0,0.0,0.0,0.0,0.0,0.0,0.0,0.0,0.0,0.0,0.0
2023-03-06 21:00:00,0.0,0.0,0.0,0.0,0.0,0.0,0.0,0.0,0.0,0.0,0.0,0.0,0.0,0.0,0.0,0.0,0.0,0.0,0.0,0.0,0.0,0.0,0.0,0.0,0.0,0.0,0.0,0.0
2023-03-06 22:00:00,0.0,0.0,0.0,0.0,0.0,0.0,0.0,0.0,0.0,0.0,0.0,0.0,0.0,0.0,0.0,0.0,0.0,0.0,0.0,0.0,0.0,0.0,0.0,0.0,0.0,0.0,0.0,0.0
2023-03-06 23:00:00,0.0,0.0,0.0,0.0,0.0,0.0,0.0,0.0,0.0,0.0,0.0,0.0,0.0,0.0,0.0,0.0,0.0,0.0,0.0,0.0,0.0,0.0,0.0,0.0,0.0,0.0,0.0,0.0
2023-03-07 00:00:00,0.0,0.0,0.0,0.0,0.0,0.0,0.0,0.0,0.0,0.0,0.0,0.0,0.0,0.0,0.0,0.0,0.0,0.0,0.0,0.0,0.0,0.0,0.0,0.0,0.0,0.0,0.0,0.0
2023-03-07 01:00:00,0.0,0.0,0.0,0.0,0.0,0.0,0.0,0.0,0.0,0.0,0.0,0.0,0.0,0.0,0.0,0.0,0.0,0.0,0.0,0.0,0.0,0.0,0.0,0.0,0.0,0.0,0.0,0.0
2023-03-07 02:00:00,0.0,0.0,0.0,0.0,0.0,0.0,0.0,0.0,0.0,0.0,0.0,0.0,0.0,0.0,0.0,0.0,0.0,0.0,0.0,0.0,0.0,0.0,0.0,0.0,0.0,0.0,0.0,0.0
2023-03-07 03:00:00,0.0,0.0,0.0,0.0,0.0,0.0,0.0,0.0,0.0,0.0,0.0,0.0,0.0,0.0,0.0,0.0,0.0,0.0,0.0,0.0,0.0,0.0,0.0,0.0,0.0,0.0,0.0,0.0
2023-03-07 04:00:00,0.0,0.0,0.0,0.0,0.0,0.0,0.0,0.0,0.0,0.0,0.0,0.0,0.0,0.0,0.0,0.0,0.0,0.0,0.0,0.0,0.0,0.0,0.0,0.0,0.0,0.0,0.0,0.0
2023-03-07 05:00:00,0.0,0.0,0.0,0.0,0.0,0.0,0.0,0.0,0.0,0.0,0.0,0.0,0.0,0.0,0.0,0.0,0.0,0.0,0.0,0.0,0.0,0.0,0.0,0.0,0.0,0.0,0.0,0.0
2023-03-07 06:00:00,0.0,0.0,0.0,0.0,0.0,0.0,0.0,0.0,0.0,0.0,0.0,0.0,0.0,0.0,0.0,0.0,0.0,0.0,0.0,0.0,0.0,0.0,0.0,0.0,0.0,0.0,0.0,0.0
2023-03-07 07:00:00,0.0,0.0,0.0,0.0,0.0,0.0,0.0,0.0,0.0,0.0,0.0,0.0,0.0,0.0,0.0,0.0,0.0,0.0,0.0,0.0,0.0,0.0,0.0,0.0,0.0,0.0,0.0,0.0
2023-03-07 08:00:00,0.0,0.0,0.0,0.0,0.0,0.0,0.0,0.0,0.0,0.0,0.0,0.0,0.0,0.0,0.0,0.0,0.0,0.0,0.0,0.0,0.0,0.0,0.4811674171468704,0.0,0.11112070172826871,0.0,0.0,0.0
2023-03-07 09:00:00,0.2695250622183317,0.2309790907973803,0.21572704896375797,0.10919132356716367,0.16589648889675376,0.15987264034300197,0.14153850131530676,0.07267302476759774,0.14036446685815543,0.12329275899905409,0.13773406670334418,0.33243992072825485,0.1445488058681606,0.040602197793032965,0.2541163295274901,0.07598078279085796,0.17616484909124705,0.3695458062909982,0.1808171306511713,0.041004408043070095,0.041468828705427174,0.3378599130206769,0.6298994580110708,0.2593919870623097,0.6091505794536599,0.33385924487291735,0.4816112083448722,0.23015366265561124
2023-03-07 10:00:00,0.4760387446162545,0.3997247148062481,0.3802575396980258,0.1959244621156799,0.4381358803150005,0.37585926125102176,0.2270983869560607,0.21293324047251735,0.2753383265354965,0.22759330444726877,0.2567427009485791,0.4725163277125851,0.333729831198887,0.21316816756876922,0.29064855976142145,0.15020154112792236,0.3125215233202611,0.5442162508123382,0.29344353158321257,0.18080812071237362,0.2187526944220297,0.46368191487199056,0.7790585013521966,0.43469006281786826,0.7348365724768243,0.5219807809053314,0.6784947317415749,0.4020493999972159
2023-03-07 11:00:00,0.6062865088975837,0.5624903203968603,0.4911130112464677,0.3262022894353883,0.6231832575968571,0.5095341544354096,0.30993827636809607,0.30667431295280245,0.42899462788192366,0.2716555991137926,0.30812344104953643,0.5705135066295358,0.49696083528315865,0.340063003865707,0.31549383980236945,0.2296148998685301,0.43099229216835666,0.637696430681681,0.3974638414940414,0.2928316907140528,0.3499043733130901,0.5510861395588427,0.9153499032326128,0.5243471463065276,0.8826652028124713,0.6553298021376152,0.7851340201440875,0.5125423190379192
2023-03-07 12:00:00,0.6882882783462454,0.7198612953810803,0.5936631764466047,0.38315191017516576,0.7457879491052136,0.6436183346908362,0.3747559775755938,0.32073293578165973,0.5206885589051486,0.47426514426067523,0.43637852973838853,0.6862490370399728,0.6032550398197153,0.26096768919697805,0.36523749060383326,0.5103787621649053,0.3741927118022737,0.724610578676343,0.40194245646751875,0.27717512407116235,0.2680659639880347,0.7025741851960317,0.8514597461421405,0.6464921175638013,0.8833078915778029,0.6666597580550762,0.8037493493597317,0.6195711855164406
2023-03-07 13:00:00,0.6971321568726798,0.7434938975228779,0.47697425152350703,0.30725744803394117,0.805333383149531,0.6406931313963037,0.39025930285160376,0.38802430208997146,0.5444236146681779,0.5469736452618936,0.4738837157110418,0.640209399604381,0.6077365074147335,0.31444030683480645,0.37312292294108995,0.441380541631633,0.44024949565902893,0.7114741872507516,0.4426222062114058,0.38566303819436754,0.3194832887030527,0.7505262109545883,0.8073563920248618,0.6759716567478848,0.8871556079296284,0.6901558804566232,0.7969573181798804,0.6530350568695532
2023-03-07 14:00:00,0.7321673239583875,0.79573123489441,0.6029577273917073,0.3368250973423577,0.8339807802131489,0.6216825769862236,0.43261553472528,0.40133349148269915,0.6320800164249075,0.5751226826726143,0.48990288068786103,0.630358858154016,0.6952983775542044,0.34356575722904026,0.3246432225946808,0.4956912407337088,0.4244461097554184,0.7353171315258633,0.4344476022522055,0.45388325064034674,0.35447471635681754,0.769879454554452,0.8016570422768794,0.6239599431021334,0.8821814784217099,0.6392641999303568,0.7703240892640495,0.6316428037358037
2023-03-07 15:00:00,0.657036187543887,0.7450568110279971,0.555045949926857,0.36918747920615436,0.8158598236357694,0.6164187189206008,0.42795277239376067,0.41136264627985414,0.565400090505582,0.5139019559315313,0.47351035098978966,0.5896129603162371,0.6106689522490862,0.36963351287744284,0.3219186472382119,0.4343661515007616,0.43528072048086686,0.7108117748218032,0.39833185725970743,0.4481918992321306,0.37724807886758893,0.6822364792023022,0.718813920648901,0.5701523307214844,0.8405099214014318,0.5359748559138083,0.6705640815660566,0.514222996890007
2023-03-07 16:00:00,0.6052311550509779,0.7037269950822764,0.5002692700129909,0.3178299057570414,0.780696867670574,0.5467893000422991,0.3575499409304399,0.3239412421117022,0.47491812734932476,0.39512239630868634,0.3785091358324741,0.5208589714905574,0.5336393916235679,0.2863390626522895,0.2582044394279427,0.31681352971928833,0.3727044109358677,0.5822638712864513,0.2971395961603718,0.3280668558943978,0.2919382571822122,0.5740371281643869,0.6375662377435981,0.3847529266420485,0.7676069139622943,0.4276829373420391,0.5925055222440275,0.3949917473772189
2023-03-07 17:00:00,0.5559087822478189,0.6071269129945901,0.4482271968139541,0.26131095001083976,0.7178237276410049,0.49066935252959004,0.24037691401931918,0.22910741867968684,0.5396399519824225,0.3194364461043083,0.28915122169994933,0.43207365249794605,0.5779750646359963,0.20800126595706636,0.17094528266306636,0.34324948857349397,0.2672110303894846,0.5039587023999889,0.2374462022370207,0.2774126894782416,0.21519142928945784,0.4848181893208394,0.5833086398414271,0.3181112192241363,0.6779844481282636,0.3348190394855793,0.5163651790143657,0.29181698171356535
2023-03-07 18:00:00,0.4057975177310034,0.4488040531905187,0.36459235612323737,0.1912627436332099,0.5848825343578395,0.3804369747666806,0.20602098198053234,0.13365639110564878,0.42419446813388706,0.17887847610606233,0.17763032000513573,0.3055021385657918,0.48768643583866256,0.09426825572413507,0.13490157948896614,0.3606658436296176,0.22067889257578896,0.35139916051562387,0.23804389054683545,0.1506325365901574,0.09698618672567677,0.30557046242992275,0.5250304441803941,0.19099672924779915,0.5444610963490887,0.24602508062201678,0.42979799627071436,0.17524822567365142
2023-03-07 19:00:00,0.27943373605915134,0.29141047519673635,0.21206902628749894,0.11822312927401858,0.35805386972369263,0.23728381146975752,0.040469152975649625,0.02826417241088329,0.23656490311931558,0.03483530726602594,0.03265518478549484,0.18443175280438123,0.2683744090228316,0.0398060936761494,0.1466459254982754,0.21765353561019415,0.1438412622252704,0.23480945548211593,0.17391524123032484,0.05377871383385518,0.04263235948365437,0.1545852369772558,0.0,0.09302105640409754,0.16749897633416763,0.12315336607994301,0.35816107563875643,0.07796304444264597
2023-03-07 20:00:00,0.0,0.0,0.0,0.0,0.08183201967573257,0.0,0.0,0.0,0.0,0.0,0.0,0.0,0.0,0.0,0.0,0.0,0.0,0.0,0.0,0.0,0.0,0.0,0.0,0.0,0.0,0.0,0.0,0.0
2023-03-07 21:00:00,0.0,0.0,0.0,0.0,0.0,0.0,0.0,0.0,0.0,0.0,0.0,0.0,0.0,0.0,0.0,0.0,0.0,0.0,0.0,0.0,0.0,0.0,0.0,0.0,0.0,0.0,0.0,0.0
2023-03-07 22:00:00,0.0,0.0,0.0,0.0,0.0,0.0,0.0,0.0,0.0,0.0,0.0,0.0,0.0,0.0,0.0,0.0,0.0,0.0,0.0,0.0,0.0,0.0,0.0,0.0,0.0,0.0,0.0,0.0
2023-03-07 23:00:00,0.0,0.0,0.0,0.0,0.0,0.0,0.0,0.0,0.0,0.0,0.0,0.0,0.0,0.0,0.0,0.0,0.0,0.0,0.0,0.0,0.0,0.0,0.0,0.0,0.0,0.0,0.0,0.0
2023-03-08 00:00:00,0.0,0.0,0.0,0.0,0.0,0.0,0.0,0.0,0.0,0.0,0.0,0.0,0.0,0.0,0.0,0.0,0.0,0.0,0.0,0.0,0.0,0.0,0.0,0.0,0.0,0.0,0.0,0.0
2023-03-08 01:00:00,0.0,0.0,0.0,0.0,0.0,0.0,0.0,0.0,0.0,0.0,0.0,0.0,0.0,0.0,0.0,0.0,0.0,0.0,0.0,0.0,0.0,0.0,0.0,0.0,0.0,0.0,0.0,0.0
2023-03-08 02:00:00,0.0,0.0,0.0,0.0,0.0,0.0,0.0,0.0,0.0,0.0,0.0,0.0,0.0,0.0,0.0,0.0,0.0,0.0,0.0,0.0,0.0,0.0,0.0,0.0,0.0,0.0,0.0,0.0
2023-03-08 03:00:00,0.0,0.0,0.0,0.0,0.0,0.0,0.0,0.0,0.0,0.0,0.0,0.0,0.0,0.0,0.0,0.0,0.0,0.0,0.0,0.0,0.0,0.0,0.0,0.0,0.0,0.0,0.0,0.0
2023-03-08 04:00:00,0.0,0.0,0.0,0.0,0.0,0.0,0.0,0.0,0.0,0.0,0.0,0.0,0.0,0.0,0.0,0.0,0.0,0.0,0.0,0.0,0.0,0.0,0.0,0.0,0.0,0.0,0.0,0.0
2023-03-08 05:00:00,0.0,0.0,0.0,0.0,0.0,0.0,0.0,0.0,0.0,0.0,0.0,0.0,0.0,0.0,0.0,0.0,0.0,0.0,0.0,0.0,0.0,0.0,0.0,0.0,0.0,0.0,0.0,0.0
2023-03-08 06:00:00,0.0,0.0,0.0,0.0,0.0,0.0,0.0,0.0,0.0,0.0,0.0,0.0,0.0,0.0,0.0,0.0,0.0,0.0,0.0,0.0,0.0,0.0,0.0,0.0,0.0,0.0,0.0,0.0
2023-03-08 07:00:00,0.0,0.0,0.0,0.0,0.0,0.0,0.0,0.0,0.0,0.0,0.0,0.0,0.0,0.0,0.0,0.0,0.0,0.0,0.0,0.0,0.0,0.0,0.0,0.0,0.0,0.0,0.0,0.0
2023-03-08 08:00:00,0.0,0.0,0.0,0.0,0.0,0.0,0.0,0.0,0.0,0.0,0.0,0.0,0.0,0.0,0.0,0.0,0.0,0.0,0.0,0.0,0.0,0.0,0.41091265782416336,0.0,0.1837206917469138,0.0,0.0,0.0
2023-03-08 09:00:00,0.1458605293877298,0.20819001944636598,0.21729821534059576,0.4455795827129752,0.018068966018506508,0.11340065321174482,0.1742707218812456,0.19626722438957692,0.22373505873073013,0.23627452204995025,0.21623499975128158,0.2428794939361335,0.22986973163399615,0.17619088815317832,0.31731726853383124,0.22524004200672312,0.16417386017309915,0.11733679619809502,0.17370526537339617,0.29344035053335693,0.17765117077029488,0.15357292013790957,0.5876412275872669,0.3300614181592701,0.6906543891971041,0.1419970250347318,0.2925199072359921,0.35185256057393854
2023-03-08 10:00:00,0.307063877185096,0.36473778472058377,0.33387024590723446,0.6465348994157242,0.3942091777700154,0.4677477312925771,0.379207365188001,0.40014517682805156,0.3922548754565113,0.4696561236439093,0.4332796706233305,0.4511205126815666,0.4459841807645115,0.3492421352764119,0.5268740683885876,0.47701025779379963,0.3642590579393521,0.3809120680810561,0.4168321182323717,0.5475611114771048,0.349665650052816,0.37185320994369464,0.7903731037263865,0.5116104921274043,0.8171128157323057,0.37680255428049314,0.49024270548490834,0.5290752469712179
2023-03-08 11:00:00,0.46204285952814805,0.5119094717148844,0.5313533532487471,0.7472137051514508,0.6153502511078138,0.6631492486168036,0.5468312869973208,0.52257143786258,0.5615698737214995,0.6405924803158344,0.597278866408057,0.6644787182164962,0.6328254595524047,0.4138923091539564,0.6412959117580614,0.6361836748342204,0.5329331815237172,0.5078821228140692,0.5534540093749297,0.6219295678235419,0.41136004268620885,0.5293354485205135,0.8851953652756025,0.6319368465907826,0.9110443506318677,0.5793947459267054,0.6465550163098753,0.652856193231387
2023-03-08 12:00:00,0.5197379528250837,0.7169711619035933,0.4348442349865053,0.7676844134582577,0.8203484874400235,0.6969501827693803,0.6170636019667376,0.6449028763252636,0.5785530885781189,0.5797195556412162,0.582705454408524,0.8234402026417207,0.6218200666486605,0.6342107677401945,0.5583941515994807,0.5935110926917082,0.5474682752774354,0.6995027447743998,0.495120712700167,0.7443758044115256,0.6335877522356014,0.6601405600907818,0.94343483708958,0.7897026985179505,0.9598989779990069,0.6427629582667787,0.8603636962018003,0.7055122115459401
2023-03-08 13:00:00,0.6549572365629357,0.8131956608041727,0.5636360263083133,0.7765106047789032,0.9066320291773058,0.819251491560085,0.6320316132961773,0.6747246638033241,0.6365333208547505,0.640692424598531,0.6360660584780826,0.8894719105742581,0.6829909118257521,0.6711527882705585,0.6364209861464444,0.6997561204320903,0.5571858995463258,0.818451448307533,0.5348080072145361,0.7658075814016678,0.6715787042114413,0.7966688185457323,0.8795564181203515,0.8286875681391543,0.9867750890197032,0.6754688819853557,0.9229104624041625,0.7486965803476633
2023-03-08 14:00:00,0.716099144562774,0.8233052743973992,0.5903221381504387,0.7515032392086884,0.9371860537242148,0.8353131201362238,0.6012132054561795,0.6268144050577719,0.6198447689437131,0.6068896499699175,0.6074575443811208,0.8430701053328671,0.6814327177730211,0.613661991970843,0.6563223342419062,0.6928848034453552,0.5986246858205405,0.8260867083573021,0.5588656885734298,0.7100187833243925,0.613253453765064,0.7898858934338399,0.9321530769557661,0.8284818790669722,0.992547028038742,0.7365499802460944,0.9325361435185695,0.7585160018658806
2023-03-08 15:00:00,0.7014791638126072,0.7655443045072545,0.4972775243034757,0.7705948851732042,0.9368648586838338,0.8220573072437101,0.5303477790057176,0.5659987071748175,0.6127380774792052,0.5941003336001626,0.57186238432798,0.8308684495836498,0.6426577745004679,0.538822078701495,0.6793159003610983,0.7201461691161293,0.6097791170608676,0.804713082424246,0.5937582918440866,0.6065893313914459,0.5362104725924003,0.7852214433142545,0.8355331104182687,0.7934791131132496,0.9691922548489674,0.6989942993827273,0.917910411200873,0.6966975928448628
2023-03-08 16:00:00,0.6998776423573126,0.7150991695666646,0.46333087371342174,0.6589001943194086,0.9261057614180648,0.8475975728788662,0.5090606632440975,0.5677628909710847,0.6074904733341877,0.5800971440649754,0.5352903182900572,0.7712310294477592,0.6253013719803788,0.5497108114074544,0.6798190012826484,0.6922711730121021,0.6672998903754209,0.8073374120487645,0.638661211765776,0.6322202822123539,0.5486491779698969,0.7628475858782807,0.7312060645518267,0.7804343387768456,0.9169516355852835,0.7178023450337475,0.8843126852607744,0.7341001534952704
2023-03-08 17:00:00,0.5950812304133363,0.596203292769797,0.42161356016672547,0.5199351461697223,0.8724556352163535,0.8053975880918243,0.49729662863191537,0.5147182519240227,0.5991080991741279,0.4870073017319182,0.4757666119547308,0.619707864075505,0.6205581908219457,0.48697801193940893,0.618164005979841,0.6286118103173325,0.6361531792241513,0.6818567234084195,0.6343320573408214,0.5175044156172632,0.4814943980047237,0.6267212448839844,0.6034786756599188,0.6923819016386695,0.8498067630264331,0.6897086914625984,0.8048356148351783,0.6573753498363624
2023-03-08 18:00:00,0.45955802377559046,0.4596225513626133,0.37648218642177655,0.41079973665262187,0.7750967192227509,0.7136580396921943,0.4177682836687533,0.4268220343119485,0.5081681558140748,0.42716759002131394,0.3892782595235301,0.5102367509250688,0.5210369147128088,0.4206306655656227,0.5123514210425105,0.5254531263875739,0.6253902252752522,0.4688414196159077,0.6246796791238356,0.459739653532522,0.425352245677289,0.4861335534335216,0.43059743003426587,0.5439023927218334,0.6891273845633187,0.6075148663019224,0.6450470335836631,0.5109965857435443
2023-03-08 19:00:00,0.2932593287850136,0.3154039890591053,0.2034928351085349,0.23360476115707635,0.594632441998947,0.5400176538198574,0.1653990595295642,0.17356793170292392,0.323556940865068,0.21683562578914028,0.1544228755816462,0.3579839962063295,0.3294055930721359,0.1906778670243529,0.37875508951289993,0.3619716354532003,0.4720217866100373,0.3139646940751663,0.5008722799453084,0.2646993889939614,0.19798912739736402,0.33656317232370786,0.0,0.3751344712472334,0.3509606584994094,0.4505899552851028,0.4834422184608303,0.335321629546979
2023-03-08 20:00:00,0.0,0.0,0.0,0.0,0.15903405258887943,0.0,0.0,0.0,0.0,0.0,0.0,0.0,0.0,0.0,0.0,0.0,0.0,0.0,0.04095743431012814,0.0,0.0,0.0,0.0,0.0,0.0,0.0,0.0,0.0
2023-03-08 21:00:00,0.0,0.0,0.0,0.0,0.0,0.0,0.0,0.0,0.0,0.0,0.0,0.0,0.0,0.0,0.0,0.0,0.0,0.0,0.0,0.0,0.0,0.0,0.0,0.0,0.0,0.0,0.0,0.0
2023-03-08 22:00:00,0.0,0.0,0.0,0.0,0.0,0.0,0.0,0.0,0.0,0.0,0.0,0.0,0.0,0.0,0.0,0.0,0.0,0.0,0.0,0.0,0.0,0.0,0.0,0.0,0.0,0.0,0.0,0.0
2023-03-08 23:00:00,0.0,0.0,0.0,0.0,0.0,0.0,0.0,0.0,0.0,0.0,0.0,0.0,0.0,0.0,0.0,0.0,0.0,0.0,0.0,0.0,0.0,0.0,0.0,0.0,0.0,0.0,0.0,0.0
2023-03-09 00:00:00,0.0,0.0,0.0,0.0,0.0,0.0,0.0,0.0,0.0,0.0,0.0,0.0,0.0,0.0,0.0,0.0,0.0,0.0,0.0,0.0,0.0,0.0,0.0,0.0,0.0,0.0,0.0,0.0
2023-03-09 01:00:00,0.0,0.0,0.0,0.0,0.0,0.0,0.0,0.0,0.0,0.0,0.0,0.0,0.0,0.0,0.0,0.0,0.0,0.0,0.0,0.0,0.0,0.0,0.0,0.0,0.0,0.0,0.0,0.0
2023-03-09 02:00:00,0.0,0.0,0.0,0.0,0.0,0.0,0.0,0.0,0.0,0.0,0.0,0.0,0.0,0.0,0.0,0.0,0.0,0.0,0.0,0.0,0.0,0.0,0.0,0.0,0.0,0.0,0.0,0.0
2023-03-09 03:00:00,0.0,0.0,0.0,0.0,0.0,0.0,0.0,0.0,0.0,0.0,0.0,0.0,0.0,0.0,0.0,0.0,0.0,0.0,0.0,0.0,0.0,0.0,0.0,0.0,0.0,0.0,0.0,0.0
2023-03-09 04:00:00,0.0,0.0,0.0,0.0,0.0,0.0,0.0,0.0,0.0,0.0,0.0,0.0,0.0,0.0,0.0,0.0,0.0,0.0,0.0,0.0,0.0,0.0,0.0,0.0,0.0,0.0,0.0,0.0
2023-03-09 05:00:00,0.0,0.0,0.0,0.0,0.0,0.0,0.0,0.0,0.0,0.0,0.0,0.0,0.0,0.0,0.0,0.0,0.0,0.0,0.0,0.0,0.0,0.0,0.0,0.0,0.0,0.0,0.0,0.0
2023-03-09 06:00:00,0.0,0.0,0.0,0.0,0.0,0.0,0.0,0.0,0.0,0.0,0.0,0.0,0.0,0.0,0.0,0.0,0.0,0.0,0.0,0.0,0.0,0.0,0.0,0.0,0.0,0.0,0.0,0.0
2023-03-09 07:00:00,0.0,0.0,0.0,0.0,0.0,0.0,0.0,0.0,0.0,0.0,0.0,0.0,0.0,0.0,0.0,0.0,0.0,0.0,0.0,0.0,0.0,0.0,0.0,0.0,0.0,0.0,0.0,0.0
2023-03-09 08:00:00,0.0,0.0,0.0,0.0,0.0,0.0,0.0,0.0,0.0,0.0,0.0,0.0,0.0,0.0,0.0,0.0,0.0,0.0,0.0,0.0,0.0,0.0,0.2676917615092753,0.0,0.17231172276360354,0.0,0.0,0.0
2023-03-09 09:00:00,0.26762600878966275,0.4263982648081375,0.043256295737236744,0.17077578206361996,0.17902901927716686,0.30208002712371,0.006833323003048536,0.0128207746663418,0.39134288766128766,0.03180728721485434,0.02385152532415346,0.2413929043981223,0.3853866318639679,0.020741197285810378,0.4502899090150874,0.4228865647448209,0.4125159752866007,0.31890887552595387,0.314656711316972,0.04051635573433066,0.022277947921088365,0.2296411660287517,0.35565923182878484,0.39357041978173807,0.46954489185551135,0.4119149328523261,0.6101994398346681,0.37090295204016255
2023-03-09 10:00:00,0.4451373034070058,0.5463177550156005,0.09926271423047844,0.38432523426625503,0.32352743681104507,0.5222876843240266,0.0506089055688217,0.06513613296606176,0.5884450571476815,0.0864734161025586,0.07509246595885205,0.4876073392737468,0.5723450132850553,0.07806977899513191,0.6321908015074623,0.6153221227414924,0.5765785818399488,0.49842178105355134,0.5668541361506962,0.11761184840104426,0.07988580627550794,0.3825110902076756,0.5025340616712647,0.5882045408965844,0.6890578779693719,0.6072792514233893,0.7636697704492063,0.5817988395387628
2023-03-09 11:00:00,0.6250717780262474,0.7025389502443934,0.17584546307813906,0.5630470749188539,0.461443179006596,0.6909969464667491,0.08049706689776319,0.09912909990806788,0.7268013788341392,0.16424623802547925,0.1304879462625277,0.7198724958258753,0.7108331052590078,0.0933846821090679,0.7614771042557462,0.7361862470997017,0.7224354010971008,0.6732956121451021,0.7122917303384119,0.17351990868665673,0.09596181955360314,0.5625351307180452,0.5932686347225244,0.7202351554488596,0.7989405562002996,0.76001278038604,0.8886841176040764,0.7124341175439992
2023-03-09 12:00:00,0.7421742239422203,0.8101750581902286,0.33696851507711917,0.7628408363303772,0.4772026280616536,0.6650534364315954,0.31227819470020757,0.34305249797613513,0.821529088266052,0.3375549421305174,0.3401480516867387,0.8930915205770185,0.8341486898263588,0.32249597000447416,0.8595260530815167,0.8343211806017159,0.785061469770572,0.7939495153969024,0.7744900263584692,0.4713131083961135,0.31864921865537993,0.6710150465077653,0.7621303665134096,0.8032715824283131,0.9450656595001384,0.7476089621456337,0.9524962546293652,0.7601965730833768
2023-03-09 13:00:00,0.7922939285358946,0.8518623309639346,0.3842190926479191,0.7339665230484393,0.5711443751747141,0.7228225316484576,0.3630791911255107,0.4208618793401299,0.8571723865133677,0.4381020784692536,0.42857628317829155,0.8851134021610696,0.8705901690336133,0.40878992233002687,0.900997433268517,0.8649870579109821,0.8069409989625811,0.7964081434184864,0.7991452217446656,0.5330744372253451,0.40796783586006086,0.7244864043569909,0.812557973030675,0.8177676019416866,0.9588366749600422,0.787674821944927,0.9641160211434152,0.7751805865392736
2023-03-09 14:00:00,0.780780255537169,0.8473759988271663,0.38285644316749795,0.6104401516267703,0.6056026134917403,0.7284252155994112,0.4737129001147405,0.5286127868553614,0.8584250477169982,0.46287632181980143,0.5131395926401041,0.8121678419809191,0.8701894849128196,0.5045439548669824,0.9110771074095465,0.8736336560075131,0.7978173269157149,0.7965979042182657,0.7872712291001025,0.4904960552763642,0.4930838042963275,0.7169348778279057,0.8179455309127908,0.8052770172442089,0.975296644512661,0.7929113265997374,0.9591425665439317,0.7634326868058663
2023-03-09 15:00:00,0.7442746406102383,0.8390102075896315,0.41443367360423927,0.5124257093943437,0.6280069771958195,0.7132890538295401,0.5877016522951269,0.6136901704334133,0.8640504528628705,0.5140305605164188,0.6102492394840803,0.7130657973880743,0.8786513261555546,0.5396085251593873,0.9031822535934853,0.8688178068059604,0.7780405728077638,0.7125838254184548,0.7771940788420156,0.45496603313460726,0.5184568813977353,0.6891869212764673,0.7847216106844334,0.7707499833624386,0.9641681766651466,0.7736672834965972,0.9458263448882334,0.7391197593070108
2023-03-09 16:00:00,0.6906526282965905,0.8145792230038414,0.38954787927852724,0.4505059332206178,0.5653340392358002,0.7203314749509176,0.47295027960167485,0.5420622454156904,0.8347258190549302,0.5704040567744657,0.5716132293706107,0.5940922066648329,0.8500441659264562,0.4818837703176816,0.8816781116586254,0.848394753356893,0.7615826316256801,0.6545406660088448,0.7673387401549078,0.557326409784608,0.47354966356163997,0.6844550419502328,0.7310696700604467,0.6418893240464145,0.9146246590423334,0.7510407860899433,0.8965791648036319,0.6150940383867883
2023-03-09 17:00:00,0.6244808731265168,0.7190061255969117,0.33096971404320746,0.3780314954485808,0.503977617615337,0.6804430872324392,0.26062449257331266,0.3919351823247268,0.7932548194454239,0.6117422331813249,0.5053122737947038,0.4266071954047967,0.8047482878817414,0.31416232832944496,0.8315342090677154,0.8003602079444105,0.7446961698156194,0.545065864693366,0.719494371857211,0.49444927673995426,0.3161031987706513,0.6243271980230946,0.6836613565132524,0.49948628017832786,0.7942275928713396,0.6802279559090287,0.8043095620430044,0.4993309183873816
2023-03-09 18:00:00,0.557974500365848,0.600591681350496,0.24082944563427772,0.4556138113389705,0.39037333444707545,0.5621998435669568,0.19707384119029545,0.22550964872758858,0.6946582022379395,0.40655749742096814,0.31731342514440203,0.4940827445693338,0.7062827238384551,0.1654440100191225,0.7353730513109861,0.7102955354374366,0.6635877314939418,0.6255199081388579,0.6636709450320862,0.345418532482609,0.1663300786108385,0.5221197199433835,0.5462755953465854,0.34207756207045403,0.633890217649835,0.5620761666847787,0.6488801607372726,0.34425423753333034
2023-03-09 19:00:00,0.3992719928657092,0.43835939453442185,0.15753429076026682,0.32777391425676705,0.19246960272681019,0.36821015215957625,0.06865071224485571,0.09378794502666139,0.5004712218196561,0.25332380163209833,0.1806300913648522,0.4052849565824571,0.5124609793838085,0.03517705907690141,0.5439325519148359,0.5268703751918226,0.48789073267195066,0.463384832055905,0.492634730741233,0.19017377005610087,0.03807960595541293,0.3901072479730232,0.0325451213540585,0.23165279428189958,0.29727101692189034,0.3914847111251018,0.39920038092398646,0.2619902509412649
2023-03-09 20:00:00,0.0,0.0,0.0,0.0,0.022689845268777882,0.0,0.0,0.0,0.0,0.0,0.0,0.0,0.0,0.0,0.0,0.0,0.03688282181079226,0.0,0.10996866622970522,0.0,0.0,0.0,0.0,0.0,0.0,0.0,0.0,0.0
2023-03-09 21:00:00,0.0,0.0,0.0,0.0,0.0,0.0,0.0,0.0,0.0,0.0,0.0,0.0,0.0,0.0,0.0,0.0,0.0,0.0,0.0,0.0,0.0,0.0,0.0,0.0,0.0,0.0,0.0,0.0
2023-03-09 22:00:00,0.0,0.0,0.0,0.0,0.0,0.0,0.0,0.0,0.0,0.0,0.0,0.0,0.0,0.0,0.0,0.0,0.0,0.0,0.0,0.0,0.0,0.0,0.0,0.0,0.0,0.0,0.0,0.0
2023-03-09 23:00:00,0.0,0.0,0.0,0.0,0.0,0.0,0.0,0.0,0.0,0.0,0.0,0.0,0.0,0.0,0.0,0.0,0.0,0.0,0.0,0.0,0.0,0.0,0.0,0.0,0.0,0.0,0.0,0.0
2023-03-10 00:00:00,0.0,0.0,0.0,0.0,0.0,0.0,0.0,0.0,0.0,0.0,0.0,0.0,0.0,0.0,0.0,0.0,0.0,0.0,0.0,0.0,0.0,0.0,0.0,0.0,0.0,0.0,0.0,0.0
2023-03-10 01:00:00,0.0,0.0,0.0,0.0,0.0,0.0,0.0,0.0,0.0,0.0,0.0,0.0,0.0,0.0,0.0,0.0,0.0,0.0,0.0,0.0,0.0,0.0,0.0,0.0,0.0,0.0,0.0,0.0
2023-03-10 02:00:00,0.0,0.0,0.0,0.0,0.0,0.0,0.0,0.0,0.0,0.0,0.0,0.0,0.0,0.0,0.0,0.0,0.0,0.0,0.0,0.0,0.0,0.0,0.0,0.0,0.0,0.0,0.0,0.0
2023-03-10 03:00:00,0.0,0.0,0.0,0.0,0.0,0.0,0.0,0.0,0.0,0.0,0.0,0.0,0.0,0.0,0.0,0.0,0.0,0.0,0.0,0.0,0.0,0.0,0.0,0.0,0.0,0.0,0.0,0.0
2023-03-10 04:00:00,0.0,0.0,0.0,0.0,0.0,0.0,0.0,0.0,0.0,0.0,0.0,0.0,0.0,0.0,0.0,0.0,0.0,0.0,0.0,0.0,0.0,0.0,0.0,0.0,0.0,0.0,0.0,0.0
2023-03-10 05:00:00,0.0,0.0,0.0,0.0,0.0,0.0,0.0,0.0,0.0,0.0,0.0,0.0,0.0,0.0,0.0,0.0,0.0,0.0,0.0,0.0,0.0,0.0,0.0,0.0,0.0,0.0,0.0,0.0
2023-03-10 06:00:00,0.0,0.0,0.0,0.0,0.0,0.0,0.0,0.0,0.0,0.0,0.0,0.0,0.0,0.0,0.0,0.0,0.0,0.0,0.0,0.0,0.0,0.0,0.0,0.0,0.0,0.0,0.0,0.0
2023-03-10 07:00:00,0.0,0.0,0.0,0.0,0.0,0.0,0.0,0.0,0.0,0.0,0.0,0.0,0.0,0.0,0.0,0.0,0.0,0.0,0.0,0.0,0.0,0.0,0.0,0.0,0.0,0.0,0.0,0.0
2023-03-10 08:00:00,0.0,0.0,0.0,0.0,0.0,0.0,0.0,0.0,0.0,0.0,0.0,0.0,0.0,0.0,0.0,0.0,0.0,0.0,0.0,0.0,0.0,0.0,0.03926219335041818,0.0,0.04364445533801084,0.0,0.0,0.0
2023-03-10 09:00:00,0.3580337670597116,0.3604053174351664,0.028767195417636116,0.022576836711887992,0.07796162296606238,0.21508630726902286,0.010949400678576365,0.010614006063702552,0.4056717719580516,0.020118355378148663,0.02247870823941176,0.2173407180534577,0.38712611061526997,0.007332753984724722,0.4229283707251981,0.4182513779126,0.2513212332227079,0.3785133828644877,0.2573453940130118,0.009663796353600266,0.006513332554295915,0.27500369886607934,0.0933911689794827,0.1791579256932539,0.15218502160405165,0.3284086497396063,0.4267435873039521,0.1710865923960408
2023-03-10 10:00:00,0.5568178695620711,0.5092769682954756,0.15091983400823747,0.09455817217980966,0.31855389230633785,0.45798917305436676,0.050701433085881174,0.07287491365134786,0.624874187119129,0.15134192210909692,0.12919196167491212,0.34339413581713035,0.6187418521923417,0.052425928793480354,0.6058205879773424,0.633773241934447,0.4523681748447469,0.6085117446294133,0.43387777603016725,0.05337547782499075,0.05159852965122386,0.46457428182092614,0.20193800524974112,0.3448866505781245,0.34273188302969143,0.5497653421718921,0.5947946876743516,0.315965142983576
2023-03-10 11:00:00,0.6958533966349737,0.6686469506045147,0.34170365838633815,0.19403970751706537,0.5690448963670481,0.6352838775763564,0.08581564579701301,0.1499081676741891,0.7583237133489087,0.3207996999278142,0.26383087961166046,0.4772099618171909,0.7670108658643842,0.1270670952031928,0.7800974646107325,0.7737036474503654,0.5299854932017012,0.6886822609234247,0.5277337629514014,0.1058174756197027,0.13075420423400572,0.6037108553828896,0.23569887243123658,0.4584300893630423,0.46895723327882677,0.7215256790995906,0.6977743299886884,0.4279984730865332
2023-03-10 12:00:00,0.8302238791826415,0.6990776901075434,0.597506361312853,0.3326513261844044,0.6745301087187318,0.6940682869400631,0.2564249007025992,0.2808285117748053,0.8139415828716503,0.46351220934637943,0.43870119108093136,0.6527242676459932,0.8306060807169472,0.19422714082207593,0.800492030406952,0.8277612476247375,0.6131777435007664,0.8822121090197781,0.5939240195687674,0.19882292337001428,0.18898406082697564,0.780105782982946,0.3035049847334433,0.6308608032825751,0.6360272897493144,0.7222368368474332,0.8227969693923997,0.5583180943524494
2023-03-10 13:00:00,0.8186467882262871,0.7967533970833711,0.5577759160788632,0.3863474881942649,0.7428144570677424,0.7972491168285716,0.30436746313532964,0.27181903018759707,0.8671649665743526,0.33717917768845457,0.33812399366088497,0.7081910845510208,0.8825418483926226,0.21067748385104798,0.876121764989357,0.8697655845923962,0.6764622434380545,0.8740503976077644,0.647157661276249,0.26236774685940056,0.20480149412908177,0.7062427138741197,0.29883527526914316,0.6106937424275247,0.6500411138684307,0.7871569566786757,0.8282059907845444,0.5674168729305218
2023-03-10 14:00:00,0.8080498612000305,0.819649189688928,0.5165823969999518,0.32627450645425315,0.7753763603659306,0.812858414003529,0.2828706661344241,0.23542608697619669,0.8559909777064071,0.31379334347155863,0.30998724176561343,0.6820234191240981,0.8840240419282044,0.18244312406110272,0.880480945772616,0.8736213518740409,0.7130816787705896,0.8131245978099698,0.6607462248160251,0.19091077127973696,0.1756251101279173,0.6754904293661332,0.28993773416136026,0.6147591474014203,0.6401510736465789,0.8152390333220825,0.8448230809175813,0.5905611161095244
2023-03-10 15:00:00,0.7933416820776561,0.7779685834955867,0.53783338108783,0.2735919494464312,0.797905931609158,0.8059684240975323,0.28076126460705686,0.23269708900743857,0.8419582101992865,0.41506374686284037,0.3509886688657434,0.6065870798296569,0.87516237455853,0.1690749384921627,0.8576503948387436,0.8640698652963072,0.7071374131685874,0.794720556765129,0.6612018147261849,0.18717520513309643,0.1711645494997429,0.7164713311914618,0.2398019606930546,0.6163659799927914,0.5601138383492663,0.8134291529844657,0.8334450902502796,0.6030365253520514
2023-03-10 16:00:00,0.7273081023286637,0.6429281495157458,0.5527922712296167,0.3474217297496182,0.7569369128049404,0.7661851810590784,0.3429648960819493,0.3532457408692063,0.8175623450143402,0.4479246935680475,0.37660542574319844,0.5210498160846107,0.8363631986529153,0.35905172268464297,0.7860854597331953,0.8360037644575665,0.6540781033024414,0.7617017290096818,0.6100797425078338,0.4850322061977311,0.3715484446477726,0.6647945125666387,0.17445952740222567,0.5716598770674286,0.5253212614809565,0.7733134356505704,0.7900406480585379,0.5443824040772183
2023-03-10 17:00:00,0.5876443428327163,0.49143739812211046,0.559934320156116,0.34687298488593804,0.6844945882138317,0.6394354806885775,0.337928417273577,0.35575134196951136,0.7132365626554926,0.5176108588508612,0.41160805315415244,0.3418172723199587,0.7576091658975392,0.30992614215255326,0.6488731327572707,0.762399800027187,0.5487410819149384,0.5027849882263927,0.5217641170507571,0.4854460566679622,0.3206565401589178,0.49109584748185436,0.10353610984007917,0.4592885776583605,0.45785626871875673,0.6716914378133441,0.6917802139995047,0.4189423109158486
2023-03-10 18:00:00,0.5186163195432247,0.44309053019760364,0.5321674454855947,0.32651493898576506,0.575225791009851,0.4894409387735971,0.48829545245723466,0.40724182598652964,0.544650738102391,0.44101960831374265,0.43103726297948813,0.454697993028606,0.5967498477331027,0.309897128110153,0.5756998005454891,0.6073106184294775,0.3894284437737436,0.4843596267641958,0.3829794700143175,0.41311474566071743,0.3011344239970001,0.4891078279942271,0.039697416836149246,0.33516612445433824,0.3214832694262366,0.5597210963900143,0.5577180117211914,0.2827578049046201
2023-03-10 19:00:00,0.34897873644842337,0.3023729349450438,0.3726292416710329,0.18077915128007668,0.37790640574625145,0.32809992714395186,0.26132209714665916,0.19215571872853118,0.3875667219464292,0.2536934774221088,0.22913667313396172,0.2808447410638814,0.421952048685273,0.1578930082461035,0.43179267033233965,0.3959894478500969,0.26475534277523083,0.2879065835491518,0.2716085134843349,0.18707808266277473,0.1598536310658015,0.31883630995904033,0.00023056503258108736,0.1533702481018429,0.15414602727090065,0.3851012330400006,0.3182217953217472,0.1353224546356179
2023-03-10 20:00:00,0.0,0.0,0.0,0.0,0.09887021364868255,0.0,0.0,0.0,0.0,0.0,0.0,0.0,0.0,0.0,0.0,0.0,0.027894371791267452,0.0,0.04965997361315165,0.0,0.0,0.0,0.0,0.0,0.0,0.006435067158449821,0.0,0.0
2023-03-10 21:00:00,0.0,0.0,0.0,0.0,0.0,0.0,0.0,0.0,0.0,0.0,0.0,0.0,0.0,0.0,0.0,0.0,0.0,0.0,0.0,0.0,0.0,0.0,0.0,0.0,0.0,0.0,0.0,0.0
2023-03-10 22:00:00,0.0,0.0,0.0,0.0,0.0,0.0,0.0,0.0,0.0,0.0,0.0,0.0,0.0,0.0,0.0,0.0,0.0,0.0,0.0,0.0,0.0,0.0,0.0,0.0,0.0,0.0,0.0,0.0
2023-03-10 23:00:00,0.0,0.0,0.0,0.0,0.0,0.0,0.0,0.0,0.0,0.0,0.0,0.0,0.0,0.0,0.0,0.0,0.0,0.0,0.0,0.0,0.0,0.0,0.0,0.0,0.0,0.0,0.0,0.0
2023-03-11 00:00:00,0.0,0.0,0.0,0.0,0.0,0.0,0.0,0.0,0.0,0.0,0.0,0.0,0.0,0.0,0.0,0.0,0.0,0.0,0.0,0.0,0.0,0.0,0.0,0.0,0.0,0.0,0.0,0.0
2023-03-11 01:00:00,0.0,0.0,0.0,0.0,0.0,0.0,0.0,0.0,0.0,0.0,0.0,0.0,0.0,0.0,0.0,0.0,0.0,0.0,0.0,0.0,0.0,0.0,0.0,0.0,0.0,0.0,0.0,0.0
2023-03-11 02:00:00,0.0,0.0,0.0,0.0,0.0,0.0,0.0,0.0,0.0,0.0,0.0,0.0,0.0,0.0,0.0,0.0,0.0,0.0,0.0,0.0,0.0,0.0,0.0,0.0,0.0,0.0,0.0,0.0
2023-03-11 03:00:00,0.0,0.0,0.0,0.0,0.0,0.0,0.0,0.0,0.0,0.0,0.0,0.0,0.0,0.0,0.0,0.0,0.0,0.0,0.0,0.0,0.0,0.0,0.0,0.0,0.0,0.0,0.0,0.0
2023-03-11 04:00:00,0.0,0.0,0.0,0.0,0.0,0.0,0.0,0.0,0.0,0.0,0.0,0.0,0.0,0.0,0.0,0.0,0.0,0.0,0.0,0.0,0.0,0.0,0.0,0.0,0.0,0.0,0.0,0.0
2023-03-11 05:00:00,0.0,0.0,0.0,0.0,0.0,0.0,0.0,0.0,0.0,0.0,0.0,0.0,0.0,0.0,0.0,0.0,0.0,0.0,0.0,0.0,0.0,0.0,0.0,0.0,0.0,0.0,0.0,0.0
2023-03-11 06:00:00,0.0,0.0,0.0,0.0,0.0,0.0,0.0,0.0,0.0,0.0,0.0,0.0,0.0,0.0,0.0,0.0,0.0,0.0,0.0,0.0,0.0,0.0,0.0,0.0,0.0,0.0,0.0,0.0
2023-03-11 07:00:00,0.0,0.0,0.0,0.0,0.0,0.0,0.0,0.0,0.0,0.0,0.0,0.0,0.0,0.0,0.0,0.0,0.0,0.0,0.0,0.0,0.0,0.0,0.0,0.0,0.0,0.0,0.0,0.0
2023-03-11 08:00:00,0.0,0.0,0.0,0.0,0.0,0.0,0.0,0.0,0.0,0.0,0.0,0.0,0.0,0.0,0.0,0.0,0.0,0.0,0.0,0.0,0.0,0.0,0.27838376091203754,0.0,0.2033451253096027,0.0,0.018706938507743246,0.0
2023-03-11 09:00:00,0.2694426286091973,0.1898899528825716,0.22266180249290668,0.25034626918574254,0.17573759752079562,0.2764472611266809,0.24481856701532123,0.26796927905780527,0.22124700193534674,0.2952082064664844,0.26131174953996805,0.3044317521250756,0.24708189202819136,0.2863302551263453,0.2990731631778532,0.24391191579024388,0.13025780016258717,0.3348498790196192,0.09770199854664623,0.2859397015491182,0.2938860768605024,0.32084195534154164,0.4254453499433349,0.2039496437213854,0.31371965344686964,0.24702657021765131,0.19347237803502146,0.22836498660847732
2023-03-11 10:00:00,0.4336426102555599,0.3091005369188571,0.30971262821602136,0.4395572937183811,0.5603392703166176,0.46722730856698064,0.33026704826281406,0.3507073212557719,0.3938338012355463,0.4221483460453766,0.39076886424427937,0.4853471693318673,0.3935959956134461,0.34422225180584987,0.49128058769234045,0.33174203660551893,0.20134522011478087,0.5437539490536043,0.22456448871684398,0.34316679555263213,0.3452838165926381,0.4995589347047827,0.56166181236177,0.34821795278298623,0.5098080164280616,0.46745306336180104,0.38363233013757986,0.39450303977910256
2023-03-11 11:00:00,0.560793630308136,0.48596573196466,0.4579278831624048,0.6021778418412492,0.7651502008562724,0.5880698979931409,0.42115185133258604,0.4125609365282176,0.49451384044857316,0.44638003323210446,0.43931708799589075,0.6385118909217334,0.47453704892167464,0.42521301604309225,0.5622365829922638,0.3474942608543085,0.2978963628602896,0.595259306136891,0.3389207788162803,0.4075584856096616,0.42836987548987027,0.5915986118832116,0.7138235576912006,0.5191012033130966,0.6364699573420034,0.6745744845542664,0.515842621085905,0.538111545333818
2023-03-11 12:00:00,0.48212257280746257,0.5501219137286208,0.4380525450947149,0.40534098680236885,0.8841482630903355,0.6668842055443095,0.3014643069370067,0.3611397264831617,0.5590757805785289,0.26395237899395463,0.3259292914001088,0.4209256112848737,0.5252159417926674,0.42817457678219334,0.49485767897355015,0.3683184455785312,0.5188203547712902,0.3101919173276451,0.36931484092176886,0.26575037807995705,0.4350575228274859,0.37765780693176376,0.6496421509803922,0.6658892416105201,0.6867551114926647,0.6900728005254595,0.6366977494338288,0.6401299045659725
2023-03-11 13:00:00,0.584162434639104,0.6698044273974949,0.3849853489219952,0.48137861454710973,0.9472994112912088,0.7584690153093179,0.33755345030088985,0.3907015460177056,0.6210076317397896,0.35853402426774905,0.34753798073423003,0.5255765239197535,0.5922364621468985,0.4436077049439026,0.4942836165370771,0.4119894938246281,0.611246803523375,0.4685090810426753,0.40605932787924026,0.3177673324026744,0.44695596497368334,0.5214630046812533,0.7421441828697255,0.7347244279954627,0.7825137610730205,0.7186427101420819,0.7360203472689866,0.7083575958800742
2023-03-11 14:00:00,0.580718438747277,0.7052994638230506,0.48187334108822394,0.5590596305022976,0.9671948106107512,0.7640098831464327,0.388173837439675,0.47107741678385545,0.606423474446725,0.47005861947645894,0.4383944508709401,0.5632489865919127,0.5906124418738801,0.5305215420617457,0.5663853237436473,0.5466526916443657,0.6322005807675403,0.4501418163907022,0.4341579081962001,0.44056826123120874,0.5376816862030656,0.548708409492403,0.765022084078193,0.7658961886565367,0.7809643156789804,0.7147695546080182,0.7788218334968727,0.7575363445786693
2023-03-11 15:00:00,0.5471355881246696,0.6715625560450564,0.43492067591229583,0.47578059514197923,0.9539901495706326,0.7519854183683177,0.3909155672889107,0.4728303246998708,0.5397322583914845,0.41892459927526915,0.40784482105456754,0.5155399247462584,0.5013142836237364,0.548335937577184,0.5202645111386127,0.4164407232039541,0.5439361512799218,0.5374520852846841,0.32724930238673056,0.5187840141006487,0.5570991035851982,0.544411969230974,0.6898376979499561,0.6760510516105526,0.7166265201919358,0.6915556555757342,0.7524806185685664,0.7179128600865997
2023-03-11 16:00:00,0.48261318239327666,0.5685108631258508,0.36064354781390134,0.508226593478793,0.9228945911570621,0.6905735581146699,0.3527146047400132,0.41597263511959776,0.45546505656045844,0.4216311554213562,0.3842674213787163,0.48113023067986393,0.37845548084315284,0.4320782719132924,0.3936152162920602,0.30729380290536445,0.49802081376725843,0.4180146020681068,0.31198130066896207,0.4342951259738117,0.4345970546196972,0.47466245188880113,0.6223842217495812,0.6021525749447317,0.6183584251636474,0.5726825512165719,0.6865702904274754,0.6605362373964703
2023-03-11 17:00:00,0.46892647720431935,0.47608329084734935,0.34586093882898195,0.5005304284291292,0.865478515612786,0.6160272348754099,0.38035403266359574,0.41449992136720676,0.4227466845754794,0.3514477402932,0.3693859846361211,0.4926069158282048,0.33434723142713674,0.42590916167926635,0.3201435020515878,0.25848695954683726,0.3882308786216752,0.48791359460001554,0.23268602052125925,0.3854725748466919,0.4211104442275964,0.437510718668074,0.49605920223438327,0.5236928860371209,0.5243549177038667,0.5077513256334327,0.6023259023611547,0.5730122618737543
2023-03-11 18:00:00,0.3186623419738531,0.3068397773586196,0.21931308217121603,0.407028002600938,0.7744793321665789,0.49058096831602654,0.28755488642370264,0.299093857207449,0.29018414809986404,0.2812428249320247,0.2740934731341205,0.3655874601730073,0.2445402633631744,0.29289280617864466,0.19498932212359307,0.1998341822769157,0.3161065990182614,0.33961272401951526,0.24152608383719687,0.2676016353791366,0.28954085429256365,0.3120320526011338,0.3689931964650355,0.35643166810328014,0.332942364849963,0.3879572572018376,0.37011045325405006,0.4401549425941225
2023-03-11 19:00:00,0.23948571599348512,0.23013124463741882,0.16451746844030118,0.2928103616815196,0.5719761511559943,0.3140105000226329,0.10002375039720734,0.12376489569876829,0.16469052109519505,0.12823077610350558,0.10988881073557291,0.3088693361641815,0.13140754692622533,0.15648262293752793,0.11251868197503644,0.08985482763999163,0.2204036238839189,0.26292475342169724,0.12844346442298527,0.17930950121666267,0.15995837054590864,0.24862002729157204,0.11517665342461932,0.2360156545555728,0.3143726488580464,0.26363305771172657,0.21238595253302933,0.2721460431309238
2023-03-11 20:00:00,0.0,0.0,0.0,0.0,0.2884994786681817,0.041568057578182965,0.0,0.0,0.0,0.0,0.0,0.0,0.0,0.0,0.0,0.0,0.09700871253829099,0.0,0.04934798537342484,0.0,0.0,0.0,0.0,0.0,0.0,0.02237347064080589,0.0,0.0
2023-03-11 21:00:00,0.0,0.0,0.0,0.0,0.0,0.0,0.0,0.0,0.0,0.0,0.0,0.0,0.0,0.0,0.0,0.0,0.0,0.0,0.0,0.0,0.0,0.0,0.0,0.0,0.0,0.0,0.0,0.0
2023-03-11 22:00:00,0.0,0.0,0.0,0.0,0.0,0.0,0.0,0.0,0.0,0.0,0.0,0.0,0.0,0.0,0.0,0.0,0.0,0.0,0.0,0.0,0.0,0.0,0.0,0.0,0.0,0.0,0.0,0.0
2023-03-11 23:00:00,0.0,0.0,0.0,0.0,0.0,0.0,0.0,0.0,0.0,0.0,0.0,0.0,0.0,0.0,0.0,0.0,0.0,0.0,0.0,0.0,0.0,0.0,0.0,0.0,0.0,0.0,0.0,0.0
2023-03-12 00:00:00,0.0,0.0,0.0,0.0,0.0,0.0,0.0,0.0,0.0,0.0,0.0,0.0,0.0,0.0,0.0,0.0,0.0,0.0,0.0,0.0,0.0,0.0,0.0,0.0,0.0,0.0,0.0,0.0
2023-03-12 01:00:00,0.0,0.0,0.0,0.0,0.0,0.0,0.0,0.0,0.0,0.0,0.0,0.0,0.0,0.0,0.0,0.0,0.0,0.0,0.0,0.0,0.0,0.0,0.0,0.0,0.0,0.0,0.0,0.0
2023-03-12 02:00:00,0.0,0.0,0.0,0.0,0.0,0.0,0.0,0.0,0.0,0.0,0.0,0.0,0.0,0.0,0.0,0.0,0.0,0.0,0.0,0.0,0.0,0.0,0.0,0.0,0.0,0.0,0.0,0.0
2023-03-12 03:00:00,0.0,0.0,0.0,0.0,0.0,0.0,0.0,0.0,0.0,0.0,0.0,0.0,0.0,0.0,0.0,0.0,0.0,0.0,0.0,0.0,0.0,0.0,0.0,0.0,0.0,0.0,0.0,0.0
2023-03-12 04:00:00,0.0,0.0,0.0,0.0,0.0,0.0,0.0,0.0,0.0,0.0,0.0,0.0,0.0,0.0,0.0,0.0,0.0,0.0,0.0,0.0,0.0,0.0,0.0,0.0,0.0,0.0,0.0,0.0
2023-03-12 05:00:00,0.0,0.0,0.0,0.0,0.0,0.0,0.0,0.0,0.0,0.0,0.0,0.0,0.0,0.0,0.0,0.0,0.0,0.0,0.0,0.0,0.0,0.0,0.0,0.0,0.0,0.0,0.0,0.0
2023-03-12 06:00:00,0.0,0.0,0.0,0.0,0.0,0.0,0.0,0.0,0.0,0.0,0.0,0.0,0.0,0.0,0.0,0.0,0.0,0.0,0.0,0.0,0.0,0.0,0.0,0.0,0.0,0.0,0.0,0.0
2023-03-12 07:00:00,0.0,0.0,0.0,0.0,0.0,0.0,0.0,0.0,0.0,0.0,0.0,0.0,0.0,0.0,0.0,0.0,0.0,0.0,0.0,0.0,0.0,0.0,0.0,0.0,0.0,0.0,0.0,0.0
2023-03-12 08:00:00,0.0,0.0,0.0,0.0,0.0,0.0,0.0,0.0,0.0,0.0,0.0,0.0,0.0,0.0,0.0,0.0,0.0,0.0,0.0,0.0,0.0,0.0,0.5160728710553683,0.041224546183126806,0.42322398984705356,0.0,0.10882909224943056,0.020553292621308585
2023-03-12 09:00:00,0.18362556790618795,0.31731729483275073,0.3205535526430983,0.38651784256376165,0.13023916793306953,0.15369384435158323,0.3749014437958736,0.3423153357650633,0.04575003326253096,0.29368011977962083,0.31715163512700184,0.16207679608765957,0.030986039664522676,0.3207285470148804,0.024829045538626648,0.0239997617449423,0.14012588891181577,0.1979788561370486,0.07825992805127031,0.31965326723597026,0.3168502177947145,0.16227860170824318,0.7137532617880344,0.4678975038799525,0.5100846237256578,0.1141781075832663,0.4736453648386634,0.4606553334080562
2023-03-12 10:00:00,0.3187466778058235,0.500697716559549,0.42264419077951776,0.571943025558152,0.5416503623878894,0.2477520642650353,0.38322248347939075,0.39775044891316774,0.14599994566569374,0.40201793005451236,0.38649757998342554,0.31649606082467147,0.14373859451198265,0.384765022090573,0.11764527493482428,0.07305741294658571,0.26203182817683307,0.34649481134557814,0.1468270330995979,0.5068717008768552,0.38793560363035473,0.3120603141813773,0.8492413642040967,0.6416410400983346,0.6889024311226839,0.1933523947941143,0.6460013138025611,0.5926554757912844
2023-03-12 11:00:00,0.45188130753761896,0.6784387804363169,0.5331941893741713,0.6961608515736866,0.6935969803270572,0.3345516261762519,0.3879741871876621,0.42091336319218503,0.234158182533875,0.44460737544106,0.44812386367335033,0.4417549597685673,0.2021240856806641,0.39176503084309044,0.17025264793577466,0.10754983263925427,0.3533805072254993,0.4369329142557232,0.19627728007402223,0.5268362515844314,0.3939859650948536,0.42376649038538816,0.9241399365575222,0.7927850442127006,0.8642475039205308,0.2550071252270809,0.8023168059379543,0.7646241489944297
2023-03-12 12:00:00,0.43867798284122417,0.7167084302787372,0.4121047398100825,0.5150684545954533,0.8204762470348775,0.49389370460275794,0.2276051307057904,0.21511035197200215,0.33662775265074235,0.31499338194108284,0.2718556937654113,0.6119820055846016,0.352099773472543,0.16573717733185062,0.17525300486518763,0.23176300889028972,0.4402694715655381,0.4974618354381308,0.3254303025350015,0.2684874895314261,0.16698107865087947,0.4531272436689915,0.9006240155976303,0.7609368167111583,0.9225585185950043,0.40138581207617274,0.8416257818813179,0.714752145148496
2023-03-12 13:00:00,0.4397030528936515,0.7559079162753051,0.49248084111800616,0.4366257393031161,0.8631820662128293,0.5429601559797568,0.255053594169745,0.24488075155498754,0.30174927869084067,0.4021232765475089,0.3694301292949197,0.613955760671855,0.33604479895186534,0.1622242900602813,0.1911543889557937,0.23059867055739613,0.4734539413178269,0.48064373421953416,0.3855955309339115,0.22055773887195135,0.16313814978014762,0.5416719359494213,0.8807991796068786,0.7006809363987259,0.9274379927768565,0.4449280702302953,0.877875186315968,0.6612109548665597
2023-03-12 14:00:00,0.38875482517248405,0.7344488511176352,0.3269071569499407,0.3752575325885875,0.8818018806643417,0.5617308979986012,0.09356644403088549,0.12852147681927592,0.3581357281839191,0.20603838114289702,0.17714788606908435,0.5185539181963019,0.38108516904786105,0.11901027257507654,0.26441469290933833,0.23470222532597718,0.5147505787844162,0.43298617062557665,0.4527283353541974,0.15261776211549088,0.12021452874089925,0.4564251954999103,0.7998249023688978,0.5484047618987032,0.8345370797053348,0.46314070126679535,0.8254145111776113,0.4822722195181824
2023-03-12 15:00:00,0.32826847295584205,0.6884610964120864,0.32629333243800823,0.2303074364353893,0.8696693703576984,0.5857198715857697,0.08552329242743446,0.10553127717509675,0.38265396727160206,0.17272477200430292,0.1646824100880971,0.4097845377845858,0.37857535374064805,0.08071160234884521,0.3284849382933143,0.27670608756486137,0.5656723165726522,0.293307749412654,0.4206458098846865,0.08014734628504122,0.07944776471528345,0.37272921143400445,0.758572777935076,0.3918056832306447,0.690641466892853,0.4353651379966764,0.7468384351668881,0.36541127724508876
2023-03-12 16:00:00,0.24920917293028558,0.5851662989277013,0.19600128349872728,0.13335749625802737,0.8205464255546636,0.5582860426458084,0.04004551699542691,0.045374645465264846,0.29133836274733027,0.058153947725685204,0.05317077176459502,0.23928447307279413,0.29001219684253077,0.042074575183727966,0.25147339369387495,0.1997393957400942,0.5244955521839691,0.16377632758587155,0.36525140381297583,0.040420255826210755,0.04230509370026413,0.19018576476196972,0.6985441340647265,0.22848833361603565,0.5014747820615423,0.35282257091532465,0.575283694476356,0.2134794921673122
2023-03-12 17:00:00,0.21403443285855314,0.5004343780927916,0.06092735394807838,0.07872219827092163,0.7420793388252512,0.48587108016339514,0.0260600699647002,0.028863053943789855,0.3404657242279079,0.033647738179168274,0.030747764237014037,0.1968532469923279,0.3443356870048077,0.036825335933174934,0.22456826615843847,0.18956383880608682,0.42473104964242164,0.1314907928790844,0.27566683746950954,0.01982071573540672,0.03880340311163713,0.17305807538038942,0.538457556724381,0.16348207548098065,0.35310308324849093,0.31710736560390396,0.4353483859239777,0.15089505603774378
2023-03-12 18:00:00,0.11380783539371367,0.2872068833818247,0.03215810970356822,0.03503627699682627,0.6177744959959542,0.3545422751444792,0.015521246906726778,0.019280113941129308,0.17271310143571267,0.01523080014736804,0.015518985844753827,0.09082214696553317,0.17182542004378573,0.027665162040445817,0.13300606766379885,0.10801099045034082,0.3394033683122036,0.05475006701433893,0.21708920290398678,0.019088491799135913,0.029074681529813476,0.08378823131731132,0.36797907488283843,0.07604553392118088,0.15485740284208685,0.2494980085837213,0.3099854119280695,0.06374762590093924
2023-03-12 19:00:00,0.07362581527233475,0.17690707913168097,0.018979715682498878,0.0044114347759678105,0.46863011195836946,0.23354731471945606,0.001852802496784499,0.006718961639876766,0.08465852050531951,0.0018750443507423297,0.002239667757229147,0.024085645102196216,0.0941908037718921,0.01240778015478577,0.097227923194074,0.07536377836959292,0.23519069554830924,0.01833197947392712,0.11593072784513994,0.009350205624427777,0.013205688503038352,0.02783605244032176,0.04091845580871716,0.016886076105571322,0.023564420638940632,0.16355448566601796,0.17868057567060028,0.02111243783436567
2023-03-12 20:00:00,0.0,0.0,0.0,0.0,0.2758669923033986,0.033427701065287585,0.0,0.0,0.0,0.0,0.0,0.0,0.0,0.0,0.0,0.0,0.12835352672091416,0.0,0.024004328704590547,0.0,0.0,0.0,0.0,0.0,0.0,0.015749151734942828,0.0,0.0
2023-03-12 21:00:00,0.0,0.0,0.0,0.0,0.0,0.0,0.0,0.0,0.0,0.0,0.0,0.0,0.0,0.0,0.0,0.0,0.0,0.0,0.0,0.0,0.0,0.0,0.0,0.0,0.0,0.0,0.0,0.0
2023-03-12 22:00:00,0.0,0.0,0.0,0.0,0.0,0.0,0.0,0.0,0.0,0.0,0.0,0.0,0.0,0.0,0.0,0.0,0.0,0.0,0.0,0.0,0.0,0.0,0.0,0.0,0.0,0.0,0.0,0.0
2023-03-12 23:00:00,0.0,0.0,0.0,0.0,0.0,0.0,0.0,0.0,0.0,0.0,0.0,0.0,0.0,0.0,0.0,0.0,0.0,0.0,0.0,0.0,0.0,0.0,0.0,0.0,0.0,0.0,0.0,0.0
2023-03-13 00:00:00,0.0,0.0,0.0,0.0,0.0,0.0,0.0,0.0,0.0,0.0,0.0,0.0,0.0,0.0,0.0,0.0,0.0,0.0,0.0,0.0,0.0,0.0,0.0,0.0,0.0,0.0,0.0,0.0
2023-03-13 01:00:00,0.0,0.0,0.0,0.0,0.0,0.0,0.0,0.0,0.0,0.0,0.0,0.0,0.0,0.0,0.0,0.0,0.0,0.0,0.0,0.0,0.0,0.0,0.0,0.0,0.0,0.0,0.0,0.0
2023-03-13 02:00:00,0.0,0.0,0.0,0.0,0.0,0.0,0.0,0.0,0.0,0.0,0.0,0.0,0.0,0.0,0.0,0.0,0.0,0.0,0.0,0.0,0.0,0.0,0.0,0.0,0.0,0.0,0.0,0.0
2023-03-13 03:00:00,0.0,0.0,0.0,0.0,0.0,0.0,0.0,0.0,0.0,0.0,0.0,0.0,0.0,0.0,0.0,0.0,0.0,0.0,0.0,0.0,0.0,0.0,0.0,0.0,0.0,0.0,0.0,0.0
2023-03-13 04:00:00,0.0,0.0,0.0,0.0,0.0,0.0,0.0,0.0,0.0,0.0,0.0,0.0,0.0,0.0,0.0,0.0,0.0,0.0,0.0,0.0,0.0,0.0,0.0,0.0,0.0,0.0,0.0,0.0
2023-03-13 05:00:00,0.0,0.0,0.0,0.0,0.0,0.0,0.0,0.0,0.0,0.0,0.0,0.0,0.0,0.0,0.0,0.0,0.0,0.0,0.0,0.0,0.0,0.0,0.0,0.0,0.0,0.0,0.0,0.0
2023-03-13 06:00:00,0.0,0.0,0.0,0.0,0.0,0.0,0.0,0.0,0.0,0.0,0.0,0.0,0.0,0.0,0.0,0.0,0.0,0.0,0.0,0.0,0.0,0.0,0.0,0.0,0.0,0.0,0.0,0.0
2023-03-13 07:00:00,0.0,0.0,0.0,0.0,0.0,0.0,0.0,0.0,0.0,0.0,0.0,0.0,0.0,0.0,0.0,0.0,0.0,0.0,0.0,0.0,0.0,0.0,0.0,0.0,0.0,0.0,0.0,0.0
2023-03-13 08:00:00,0.0,0.0,0.0,0.0,0.0,0.0,0.0,0.0,0.0,0.0,0.0,0.0,0.0,0.0,0.0,0.0,0.0,0.0,0.0,0.0,0.0,0.0,0.11133709140999963,0.0,0.01679120495368946,0.0,0.00019655562596187015,0.0006735448379651642
2023-03-13 09:00:00,0.273311610664465,0.26056724166098433,0.3675695840820048,0.04551562660691988,0.07388576857962635,0.08831034087913975,0.2530559485977313,0.15579173802188392,0.3066063372449914,0.3326372987575543,0.27880839610317776,0.26263179315407337,0.3085645404865813,0.05619810220727581,0.1646932942359071,0.2534499417980745,0.09263151282766292,0.24704727391899664,0.09315344043852768,0.07754061313200811,0.05437456301589327,0.3263096479366203,0.24983642457435698,0.09350157562888098,0.0599344483294704,0.04432656125461847,0.11089366135223452,0.09955780510326413
2023-03-13 10:00:00,0.4521250782988061,0.48894958906672215,0.5331989333399046,0.14547925020542538,0.40579508858780305,0.20362559309743972,0.5007756904734594,0.38612584022672986,0.49930261540832654,0.5341745339473436,0.5149550766936343,0.4815681749907732,0.505398747593996,0.2402882070095177,0.36622384887945064,0.42255286630183664,0.22074839220018455,0.45266576295420213,0.15888733898957771,0.20914202286687397,0.22637194070297217,0.5327916136902017,0.3327575171117949,0.21935768935550534,0.12621776734963144,0.14386621175123965,0.23452824065726957,0.234959668855402
2023-03-13 11:00:00,0.5554584905036617,0.6127543649789041,0.6197706407760927,0.3132373025873927,0.5765323543263706,0.30502626603413296,0.6402415602086307,0.5561386210975311,0.6023783820406996,0.6357560635362461,0.6313219370018991,0.615997870732105,0.6047108779019863,0.4344919942555333,0.41373197716137194,0.3778060678611303,0.3683162707608416,0.6051313725880084,0.3118088303827163,0.48192291678380444,0.42012718045175,0.6441849775644686,0.4340628714422701,0.3445456607977203,0.2144993898177087,0.20523193612326504,0.3264204173122331,0.3892806365681654
2023-03-13 12:00:00,0.6547460191804007,0.687225263566982,0.7260658274883279,0.4350139457029597,0.709774269659967,0.3466531428281894,0.759622795916631,0.7137033677426127,0.6515503695370538,0.7321131913888521,0.7625622823562538,0.657635678824628,0.6274670047971416,0.6241597402911331,0.31378789689240394,0.35126855429004405,0.5214442833271464,0.6340091869247313,0.4277463124059968,0.6006767953989363,0.6102266894714201,0.6841589547007353,0.47597648935936515,0.4213291431417577,0.2578741949981304,0.28917426802672935,0.3987152538364538,0.4587973935285048
2023-03-13 13:00:00,0.7676448638255621,0.7536193922279516,0.6979394532048728,0.553662105689407,0.7545719087816266,0.42463042638847864,0.7368354835822147,0.6894679975845975,0.6915670949275853,0.7107802992018071,0.7378084391942112,0.7944236269909586,0.6556095399168633,0.6215031574681873,0.35412323917375155,0.3752975039188903,0.5420654438950361,0.760156070006158,0.4900615995556882,0.611393681456556,0.6103713059242928,0.7861611198780561,0.49276384534195816,0.5642391455793854,0.3133692748764389,0.3759538869599974,0.4338077777116755,0.6311591696020418
2023-03-13 14:00:00,0.729733746474676,0.7015885805589808,0.6232322432120472,0.5795327473353505,0.7882594523173061,0.4505213564442591,0.6894495720103361,0.7062305979266803,0.6712121847192559,0.6865473322657538,0.7012497378862399,0.7858621398781381,0.6440351960847511,0.6827223092206842,0.3502687945592922,0.3948555401062738,0.4990844742649719,0.7514519711236582,0.42000488863311763,0.6789556061138915,0.6770023083823554,0.7601601620238626,0.43137166704698626,0.5933880905585313,0.27265050425897763,0.3998989005703554,0.414363100451233,0.6666220788919233
2023-03-13 15:00:00,0.7001956869876931,0.6876848183911047,0.6250433714965556,0.5338067985990423,0.7572756492583873,0.41398763896299273,0.631936034715351,0.6207965494938971,0.6918221465366429,0.5733825576637502,0.6021601811750577,0.7655948702254031,0.6705806124252227,0.6285192404198877,0.3249575178786,0.4358192033512931,0.5420734934897738,0.7070884659810014,0.46023195485431356,0.6090096958802699,0.6237595759989212,0.7185929539171266,0.4086662916512767,0.567585500828129,0.2820523240747333,0.34233529689727726,0.4652609922024324,0.64684879426096
2023-03-13 16:00:00,0.6606829191777651,0.6674869560099203,0.5159638010508698,0.5297323102795065,0.7263402079467267,0.39264617350684444,0.6199407544689103,0.6334181119841881,0.6509303748926767,0.6285352459960836,0.6153522268613212,0.7623153187077693,0.6252866667108377,0.6112453814389743,0.38297341486006414,0.460757555823396,0.4623406466879669,0.6939708219651153,0.42345833167859664,0.6461026690185263,0.6053249742635353,0.7232615122762674,0.34881761468002837,0.5361550562773197,0.24905569834925478,0.3201482726702693,0.46607462875186156,0.6228252705084348
2023-03-13 17:00:00,0.5206905290539489,0.569721630185848,0.46560192782185755,0.46288988834836997,0.6344085203829437,0.2941792408467942,0.47826400387716195,0.4916728016560013,0.5333477115003179,0.4656315963889897,0.4514105980978534,0.5686141004031708,0.5217962942309421,0.49951859598331905,0.30770190978782025,0.40178903342194433,0.39043301903012667,0.408487034884149,0.407949502550016,0.4964765565279132,0.4971313744437513,0.4947124584408104,0.2711430140586096,0.4926519481580866,0.1862941241734557,0.23688315576033453,0.3727030618489608,0.580947963583005
2023-03-13 18:00:00,0.42167344058020023,0.49030938681675446,0.41219839192246055,0.33850924937744414,0.5147117017335747,0.24753640139574923,0.4174017423109699,0.48538278733687834,0.4336514612235803,0.4473157932768512,0.4425312892326697,0.4164082206714918,0.4431342100079941,0.5209197534262907,0.36165285978000217,0.4180083011501557,0.3598100206380161,0.36175426241113473,0.40023263640696566,0.430637893294336,0.5214298646327329,0.4258091511034676,0.1718465319479475,0.41685307488592943,0.13034805623655624,0.2115852885114417,0.2780386875800754,0.5011596864465022
2023-03-13 19:00:00,0.24402184112156453,0.28396264726453824,0.26361618324428837,0.2719375290505298,0.3580275509836443,0.14871141358962892,0.20308301611436352,0.26254370432417845,0.3094052792357874,0.2370147256566801,0.2287770793326202,0.2170179885017449,0.28828178548541095,0.3053398710799759,0.22561872924576185,0.26349601188110944,0.25233700690238586,0.14724534337603337,0.270698470884385,0.2563383751549243,0.3096688540775271,0.18563466578261947,0.044366409018033404,0.31220410666350545,0.07820537997440696,0.15991193055353484,0.15001544286240734,0.3889558713946899
2023-03-13 20:00:00,0.0,0.0,0.0,0.0,0.1857724923671523,0.012235101737406958,0.0,0.0,0.0,0.0,0.0,0.0,0.0,0.0,0.0,0.0,0.125642693805393,0.0,0.09618290501983374,0.0,0.0,0.0,0.0,0.0,0.0,0.00235595432734695,0.0,0.0
2023-03-13 21:00:00,0.0,0.0,0.0,0.0,0.0,0.0,0.0,0.0,0.0,0.0,0.0,0.0,0.0,0.0,0.0,0.0,0.0,0.0,0.0,0.0,0.0,0.0,0.0,0.0,0.0,0.0,0.0,0.0
2023-03-13 22:00:00,0.0,0.0,0.0,0.0,0.0,0.0,0.0,0.0,0.0,0.0,0.0,0.0,0.0,0.0,0.0,0.0,0.0,0.0,0.0,0.0,0.0,0.0,0.0,0.0,0.0,0.0,0.0,0.0
2023-03-13 23:00:00,0.0,0.0,0.0,0.0,0.0,0.0,0.0,0.0,0.0,0.0,0.0,0.0,0.0,0.0,0.0,0.0,0.0,0.0,0.0,0.0,0.0,0.0,0.0,0.0,0.0,0.0,0.0,0.0
2023-03-14 00:00:00,0.0,0.0,0.0,0.0,0.0,0.0,0.0,0.0,0.0,0.0,0.0,0.0,0.0,0.0,0.0,0.0,0.0,0.0,0.0,0.0,0.0,0.0,0.0,0.0,0.0,0.0,0.0,0.0
2023-03-14 01:00:00,0.0,0.0,0.0,0.0,0.0,0.0,0.0,0.0,0.0,0.0,0.0,0.0,0.0,0.0,0.0,0.0,0.0,0.0,0.0,0.0,0.0,0.0,0.0,0.0,0.0,0.0,0.0,0.0
2023-03-14 02:00:00,0.0,0.0,0.0,0.0,0.0,0.0,0.0,0.0,0.0,0.0,0.0,0.0,0.0,0.0,0.0,0.0,0.0,0.0,0.0,0.0,0.0,0.0,0.0,0.0,0.0,0.0,0.0,0.0
2023-03-14 03:00:00,0.0,0.0,0.0,0.0,0.0,0.0,0.0,0.0,0.0,0.0,0.0,0.0,0.0,0.0,0.0,0.0,0.0,0.0,0.0,0.0,0.0,0.0,0.0,0.0,0.0,0.0,0.0,0.0
2023-03-14 04:00:00,0.0,0.0,0.0,0.0,0.0,0.0,0.0,0.0,0.0,0.0,0.0,0.0,0.0,0.0,0.0,0.0,0.0,0.0,0.0,0.0,0.0,0.0,0.0,0.0,0.0,0.0,0.0,0.0
2023-03-14 05:00:00,0.0,0.0,0.0,0.0,0.0,0.0,0.0,0.0,0.0,0.0,0.0,0.0,0.0,0.0,0.0,0.0,0.0,0.0,0.0,0.0,0.0,0.0,0.0,0.0,0.0,0.0,0.0,0.0
2023-03-14 06:00:00,0.0,0.0,0.0,0.0,0.0,0.0,0.0,0.0,0.0,0.0,0.0,0.0,0.0,0.0,0.0,0.0,0.0,0.0,0.0,0.0,0.0,0.0,0.0,0.0,0.0,0.0,0.0,0.0
2023-03-14 07:00:00,0.0,0.0,0.0,0.0,0.0,0.0,0.0,0.0,0.0,0.0,0.0,0.0,0.0,0.0,0.0,0.0,0.0,0.0,0.0,0.0,0.0,0.0,0.0,0.0,0.0,0.0,0.0,0.0
2023-03-14 08:00:00,0.0,0.003983779501076859,0.0,0.044030866586105076,0.0,0.0,0.0,0.0,0.0,0.0,0.0,0.0,0.0,0.0,0.0,0.0,0.0,0.0,0.0,0.0,0.0,0.0,0.40517826545542074,0.20161886508471566,0.3659441436915115,0.0,0.20158405044365185,0.1621311832950289
2023-03-14 09:00:00,0.12624755859601386,0.31566282141940555,0.06089919185328955,0.2865121451522063,0.03767278346294299,0.06865322111355746,0.0673522726643744,0.08123661558070452,0.16142490752746505,0.049136014136401895,0.0560659680922935,0.23522718698627393,0.16125844524781305,0.10869361942457002,0.19571618688402,0.23111572198407918,0.0649728660333242,0.0655577458002375,0.11534051088808815,0.10589746985979527,0.11039167846751212,0.08852564351839275,0.6635200306942087,0.38004684950074946,0.6213900186431021,0.07649347666723129,0.42554901001115814,0.4684940277298543
2023-03-14 10:00:00,0.21881269990087895,0.5437392018137933,0.16549466328728682,0.4408987706535061,0.3017026385811166,0.21998843447225822,0.1844576285313819,0.20250357327514434,0.30516298756699034,0.13331734522800695,0.16062679851785674,0.2723944275565411,0.33767766150213285,0.23945013740058707,0.4479774429843514,0.405891490058393,0.20574718659291785,0.08696878876103921,0.19406690369017068,0.16993721906630913,0.24039678770475206,0.12513453326463886,0.7830893204991822,0.6187803299746992,0.7471561198543825,0.22991848752913308,0.6543044017342019,0.6465123584020269
2023-03-14 11:00:00,0.33155428007255944,0.644929508429045,0.3231262401785249,0.5483513948630191,0.4952587254716122,0.3141546467485704,0.3326887840115009,0.3371026826310606,0.4013583230259308,0.22812387218089245,0.2680248619708997,0.4983763004645203,0.4532719259803482,0.41554961385527966,0.558292629746204,0.47559361303835973,0.3359583935250926,0.18711547168495765,0.281998520040725,0.3086734952583022,0.4217311252665723,0.2731897627852348,0.8356225051702553,0.6942212216755496,0.8241133906976913,0.40744831022093203,0.7161140028479247,0.7288836822353526
2023-03-14 12:00:00,0.3728070019125854,0.7522418305724907,0.30107320743935273,0.5355157914646614,0.7249096935525172,0.4138944085294618,0.39365384914269735,0.46047022459300013,0.4083072509886607,0.24319823265004753,0.31528634751138807,0.44241601272673664,0.4488216160931162,0.5706986156966131,0.6113952374033952,0.5404975940036989,0.31171322696605347,0.197148414866112,0.22496845925894604,0.4543054954999153,0.5727591500535849,0.27770147943249546,0.7876191197224568,0.7217638032783442,0.8135816316995554,0.48444873080689,0.7288609635371748,0.7502287920674438
2023-03-14 13:00:00,0.44181242372014057,0.790369047780293,0.3509643177840972,0.5978921725913324,0.803680054045977,0.4575637865921503,0.3815296052868275,0.46436426241419876,0.3958705088512405,0.2507032749615231,0.3064569293974362,0.544297887527873,0.4233253410148578,0.6115615624628574,0.6384187940891892,0.47175574059249326,0.4112603245537719,0.24499476603011075,0.24795631332718973,0.4980915943862098,0.6216852381427044,0.3461736748277997,0.7585200831336063,0.7186282259735297,0.7234647386142907,0.5207777289788473,0.7070738702655349,0.7348442959536492
2023-03-14 14:00:00,0.4800561339527573,0.7238104320913711,0.47934947410463885,0.6654600648308414,0.7903472852910117,0.5358483386822106,0.4665705535183416,0.5720087294013335,0.4271631234496958,0.446721263404366,0.4638214123537654,0.5941450697347656,0.47382012249105737,0.6876372275265309,0.5231212694323952,0.3907015788271493,0.4189858351996083,0.2664363753295444,0.2664706680135718,0.6204940778265676,0.6983940888720883,0.4181496389285948,0.6566372241977819,0.6626486257677053,0.7089870097820964,0.545178678943633,0.6678053351566547,0.6871470294986181
2023-03-14 15:00:00,0.4201072614653912,0.6853419227669988,0.41171164935205706,0.6311170956652479,0.7724409647234436,0.46078000734106617,0.4412944193781021,0.5314517751143101,0.4067155323641051,0.39605242041193156,0.41213862222896747,0.5561133378961398,0.4089865301636684,0.6365282379700327,0.4568286197084072,0.30672041391466387,0.3691199006886997,0.3567905582557074,0.2160829569975181,0.589579375397309,0.6445194321592174,0.4113646594951401,0.6632108385456515,0.6044991222613484,0.7540341010987295,0.45921843528639816,0.6509484243766838,0.6394585125336296
2023-03-14 16:00:00,0.3642098786485767,0.617597321086932,0.38038173730333835,0.5738832664457916,0.7079662642675008,0.3786222307557657,0.39349300123152214,0.49079109802351484,0.3324816227271889,0.38155054380021397,0.40150131668022304,0.4715455764412413,0.2627893113684739,0.5519024185809719,0.3853703725154111,0.20059924339727486,0.33528158262390356,0.2538707506527764,0.21082631835258414,0.5260185826736766,0.55379025607095,0.33876712459984876,0.638442795331394,0.5936971931163899,0.7075221200239624,0.38446695354607985,0.6116407825084155,0.6050083778581715
2023-03-14 17:00:00,0.31100452463873374,0.5650553656034043,0.4001805281325516,0.5729732166820941,0.6412445884378375,0.31776602316386116,0.323640665838953,0.38472334963097427,0.26688764455010655,0.4054028633138732,0.3446597132093335,0.4399695956518973,0.19370984599602017,0.45992545029698867,0.2200257249332274,0.15512490737798293,0.3492973095135245,0.2208775637860455,0.23432258833670427,0.5478196331964131,0.4773686654255479,0.35395070251274174,0.44656701568790796,0.5083106322937679,0.5536342112729287,0.2975516941943775,0.5213805122210646,0.5251517401186574
2023-03-14 18:00:00,0.20463012052869395,0.44404070272781176,0.28924246524118674,0.39565393026225343,0.4582402247345077,0.1785475291385264,0.2242956217753377,0.21651057853862785,0.1590631912155318,0.22951000920440925,0.20589051528780805,0.2672176985767456,0.08912684544629426,0.2583267399267788,0.09450559511425458,0.09242181154798518,0.30507217071523285,0.12092017840390867,0.20485016678888843,0.28709258987050745,0.2702712488346234,0.19955235485351422,0.3594167497649643,0.5075878276297358,0.4450287590246085,0.16937116668008972,0.42462770857207577,0.5431881213241938
2023-03-14 19:00:00,0.1261989231961921,0.28186342583040325,0.19750547340626506,0.2833237270187937,0.3266859545648094,0.10802112862601575,0.1810596764835982,0.15899021399126945,0.15423513801137856,0.12305175545379664,0.15664022063396305,0.11293517036619008,0.07307733169145092,0.1947070183901555,0.041265987070564406,0.06933467460430115,0.1790349227010491,0.05060682626169613,0.15959661035028067,0.13248549089079703,0.19709399931454513,0.07846959734151228,0.34991246593795505,0.3686111978510368,0.3702297148948968,0.10443197754186757,0.34453850328566465,0.4007500201640057
2023-03-14 20:00:00,0.0,0.0,0.0,0.0,0.08582780916452307,0.011162454092975383,0.0,0.0,0.0,0.0,0.0,0.0,0.0,0.0,0.0,0.0,0.09699712925286436,0.0,0.0943489460603128,0.0,0.0,0.0,0.0,0.0,0.0,0.009885289410843594,0.0,0.0
2023-03-14 21:00:00,0.0,0.0,0.0,0.0,0.0,0.0,0.0,0.0,0.0,0.0,0.0,0.0,0.0,0.0,0.0,0.0,0.0,0.0,0.0,0.0,0.0,0.0,0.0,0.0,0.0,0.0,0.0,0.0
2023-03-14 22:00:00,0.0,0.0,0.0,0.0,0.0,0.0,0.0,0.0,0.0,0.0,0.0,0.0,0.0,0.0,0.0,0.0,0.0,0.0,0.0,0.0,0.0,0.0,0.0,0.0,0.0,0.0,0.0,0.0
2023-03-14 23:00:00,0.0,0.0,0.0,0.0,0.0,0.0,0.0,0.0,0.0,0.0,0.0,0.0,0.0,0.0,0.0,0.0,0.0,0.0,0.0,0.0,0.0,0.0,0.0,0.0,0.0,0.0,0.0,0.0
2023-03-15 00:00:00,0.0,0.0,0.0,0.0,0.0,0.0,0.0,0.0,0.0,0.0,0.0,0.0,0.0,0.0,0.0,0.0,0.0,0.0,0.0,0.0,0.0,0.0,0.0,0.0,0.0,0.0,0.0,0.0
2023-03-15 01:00:00,0.0,0.0,0.0,0.0,0.0,0.0,0.0,0.0,0.0,0.0,0.0,0.0,0.0,0.0,0.0,0.0,0.0,0.0,0.0,0.0,0.0,0.0,0.0,0.0,0.0,0.0,0.0,0.0
2023-03-15 02:00:00,0.0,0.0,0.0,0.0,0.0,0.0,0.0,0.0,0.0,0.0,0.0,0.0,0.0,0.0,0.0,0.0,0.0,0.0,0.0,0.0,0.0,0.0,0.0,0.0,0.0,0.0,0.0,0.0
2023-03-15 03:00:00,0.0,0.0,0.0,0.0,0.0,0.0,0.0,0.0,0.0,0.0,0.0,0.0,0.0,0.0,0.0,0.0,0.0,0.0,0.0,0.0,0.0,0.0,0.0,0.0,0.0,0.0,0.0,0.0
2023-03-15 04:00:00,0.0,0.0,0.0,0.0,0.0,0.0,0.0,0.0,0.0,0.0,0.0,0.0,0.0,0.0,0.0,0.0,0.0,0.0,0.0,0.0,0.0,0.0,0.0,0.0,0.0,0.0,0.0,0.0
2023-03-15 05:00:00,0.0,0.0,0.0,0.0,0.0,0.0,0.0,0.0,0.0,0.0,0.0,0.0,0.0,0.0,0.0,0.0,0.0,0.0,0.0,0.0,0.0,0.0,0.0,0.0,0.0,0.0,0.0,0.0
2023-03-15 06:00:00,0.0,0.0,0.0,0.0,0.0,0.0,0.0,0.0,0.0,0.0,0.0,0.0,0.0,0.0,0.0,0.0,0.0,0.0,0.0,0.0,0.0,0.0,0.0,0.0,0.0,0.0,0.0,0.0
2023-03-15 07:00:00,0.0,0.0,0.0,0.0,0.0,0.0,0.0,0.0,0.0,0.0,0.0,0.0,0.0,0.0,0.0,0.0,0.0,0.0,0.0,0.0,0.0,0.0,0.0,0.0,0.0,0.0,0.0,0.0
2023-03-15 08:00:00,0.0,7.656250530074708e-05,0.0,0.05670061872880039,0.0,0.0,0.0,0.0,0.0,0.0,0.0,0.0,0.0,0.0,0.0,0.0,0.0,0.0,0.0,0.0,0.0,0.0,0.44830144341177486,0.04062236701536417,0.17969396199189958,0.0,0.021807043704984385,0.12309346841041546
2023-03-15 09:00:00,0.3173141487161077,0.47016678720116306,0.39831086016008,0.2652022760548517,0.04179763377711852,0.07747073806565848,0.5031094470064512,0.5260609367244692,0.22477832029965297,0.43103404119722666,0.4839735594965278,0.2622803025516184,0.23535714866263197,0.5292883479603354,0.20918230251935027,0.15151268092818243,0.139615517180079,0.27452804025691774,0.1553909597491676,0.43202641208666526,0.5254641778324312,0.28190004937266283,0.7046158863793637,0.23735812306818477,0.3251345932257093,0.149745420884445,0.15236222759137444,0.35157789719827864
2023-03-15 10:00:00,0.4566413762228535,0.6074936948977304,0.5745704420655919,0.35994745923345745,0.12656789938386093,0.23601531417103686,0.674861448335789,0.6745965469361628,0.39609676174529157,0.5989112414132984,0.6301454595495568,0.4422936208775051,0.3673969677928572,0.6593183803515016,0.34289585966503133,0.21855808849825586,0.17895147224740784,0.4903254825061103,0.1696670146083984,0.6158030019827988,0.655308293672078,0.46554144169880013,0.8006116000166107,0.3453375376515391,0.40973630545140954,0.25856323499518946,0.2630080958238185,0.4823630273253248
2023-03-15 11:00:00,0.5278839329739541,0.7011945170844179,0.6417290594395832,0.6104178885077066,0.24950294832738382,0.3252694056790875,0.7389951675229179,0.7510639936062917,0.5052295706585287,0.6857379824722513,0.7103877026500268,0.6472220856526576,0.4985705195043798,0.7411686588106106,0.332885454298865,0.3107252932602622,0.28124792412126687,0.5422866643534648,0.2344621614261718,0.6981519181338227,0.7389166829064441,0.5972241563632236,0.8435949403201457,0.5416710602289044,0.5254952616859863,0.38239545986508267,0.42899111066231227,0.6408652976700484
2023-03-15 12:00:00,0.6130024414678729,0.7877602375559163,0.7059732504239034,0.7028712206503621,0.40961567792327497,0.3547517004559257,0.709857897842003,0.7541346618675219,0.5749361026438029,0.7518925834852583,0.7597650031899605,0.6980686642111007,0.552072427893066,0.7461881231625128,0.2958664997517075,0.3213534976298381,0.3663723190958627,0.5868742292888215,0.2959015974653122,0.6993809572389413,0.7466886717112369,0.6589361889754614,0.8399440476233545,0.7419858732465815,0.647657717172126,0.46519249427228837,0.6093442153666668,0.7970379459341614
2023-03-15 13:00:00,0.6341085951687266,0.7709695386255296,0.7180294589002677,0.7011471898022762,0.4692412514738851,0.32370500776317507,0.7308079037550868,0.7708597888072362,0.5985237510296987,0.7935726513884696,0.787983303331051,0.704392841090931,0.5922875344315001,0.7329217833878635,0.3492180883686999,0.4232400809051174,0.39944900160271535,0.6119405584659329,0.32013690159287084,0.7595757814450528,0.7306098449447727,0.7120384622769521,0.7803117009467802,0.7929110646600716,0.7002025286750324,0.4724843471885098,0.7562811203262719,0.8080701037285002
2023-03-15 14:00:00,0.6716103986098984,0.7015204279145663,0.679075154554578,0.7201201455708174,0.5307198002572909,0.30836351269672874,0.6623515133198113,0.6881051167300782,0.685047001479592,0.7308067247673922,0.6899791179599098,0.6886212878505289,0.6695915299956822,0.688768852554952,0.41372897222562105,0.4696716281870576,0.35239623643871415,0.6173466255164065,0.32595110241522507,0.7320804093213884,0.6945214572817853,0.6923817285819448,0.7462428742699508,0.7969414720463991,0.6709997200750724,0.46810713275241,0.7656509243063365,0.7956368469856153
2023-03-15 15:00:00,0.6372275932837171,0.6200057836447589,0.6136242533907033,0.6820691748125812,0.5243973187732733,0.2865128555670631,0.526775420758458,0.543267669122434,0.6343755366556977,0.6531648141655495,0.543398846392398,0.655917699745401,0.6373911663333566,0.569914110947326,0.4422481281680365,0.5322794462148541,0.265267150841461,0.6165642662606013,0.30530488332713757,0.7064163018385321,0.5886290321519125,0.6634358019123314,0.7009753515139203,0.717349321944265,0.712013091142199,0.39779989366789303,0.761248263548976,0.7242304149484436
2023-03-15 16:00:00,0.6143508490993548,0.5177080224215462,0.6190717658154752,0.5980160724468682,0.5117427982402624,0.3259873006114107,0.5312917460711026,0.5064955399082112,0.6191577903483078,0.5837364683168416,0.48657649110774387,0.6494755565338112,0.5935938881035856,0.5212844249916673,0.4612590592589922,0.4778297662184025,0.23556588754213517,0.5948775088889665,0.23372262953314385,0.6683632118778932,0.5391760305256056,0.5996576112400293,0.603089096152776,0.6307831729495209,0.7247759074224395,0.36554460582901194,0.6791694443001609,0.5867018841793356
2023-03-15 17:00:00,0.5206863052570608,0.47229396606612856,0.6219006273558741,0.5009431970656067,0.45094008434930266,0.23438772227898166,0.6149403199408715,0.5898842980484366,0.5408101094334016,0.5879328222582708,0.5503583917536865,0.5429867843563736,0.5477611579357112,0.5879187275604835,0.34828766540840095,0.467230147353744,0.18595660976648026,0.500377495709763,0.1700545649980281,0.6710870473296602,0.5958543348074463,0.5329855863224845,0.5209903246410271,0.5045796188505709,0.6682878380081915,0.2798054983123161,0.6010042365973087,0.49997080023703244
2023-03-15 18:00:00,0.43344869510607864,0.41893685097428046,0.5354270229563176,0.40979567437576137,0.3371154486203381,0.12712145864448773,0.4518517222301149,0.39811516045791956,0.4091999815933205,0.47698402892724046,0.4141761082137587,0.4678338092560894,0.4141374004709846,0.3661839330894743,0.25762858095807867,0.3062671896130543,0.10950331884017615,0.43341117013416325,0.08983382633418607,0.47950346323958565,0.37554518656857766,0.46944385043084896,0.42311192587806895,0.4315524508029852,0.5827601097555206,0.18089767516270253,0.47914421529940854,0.4422585283717806
2023-03-15 19:00:00,0.35124488594681896,0.439066197620917,0.3950914992344481,0.42839038659873535,0.2550496176693421,0.06829989554253456,0.31291195550665496,0.2861548095842341,0.292291987974136,0.3620939086618477,0.29398228129673176,0.47650846418224013,0.3230045456748904,0.285297051433502,0.24505780880522868,0.23062869574091058,0.0487949854135931,0.3843759381180303,0.031791076990513895,0.43203258350328283,0.29700755493266096,0.39345772980777755,0.3807380695015472,0.41670375583677477,0.4252914320846981,0.12769257897928948,0.3504601943840187,0.41333699528231743
2023-03-15 20:00:00,0.0,0.0,0.0,0.0,0.09861284942645138,0.0020139328165495376,0.0,0.0,0.0,0.0,0.0,0.0,0.0,0.0,0.0,0.0,0.007043936007695688,0.0,0.0009124808131316584,0.0,0.0,0.0,0.0,0.0,0.0,0.0012636442928746334,0.0,0.0
2023-03-15 21:00:00,0.0,0.0,0.0,0.0,0.0,0.0,0.0,0.0,0.0,0.0,0.0,0.0,0.0,0.0,0.0,0.0,0.0,0.0,0.0,0.0,0.0,0.0,0.0,0.0,0.0,0.0,0.0,0.0
2023-03-15 22:00:00,0.0,0.0,0.0,0.0,0.0,0.0,0.0,0.0,0.0,0.0,0.0,0.0,0.0,0.0,0.0,0.0,0.0,0.0,0.0,0.0,0.0,0.0,0.0,0.0,0.0,0.0,0.0,0.0
2023-03-15 23:00:00,0.0,0.0,0.0,0.0,0.0,0.0,0.0,0.0,0.0,0.0,0.0,0.0,0.0,0.0,0.0,0.0,0.0,0.0,0.0,0.0,0.0,0.0,0.0,0.0,0.0,0.0,0.0,0.0
2023-03-16 00:00:00,0.0,0.0,0.0,0.0,0.0,0.0,0.0,0.0,0.0,0.0,0.0,0.0,0.0,0.0,0.0,0.0,0.0,0.0,0.0,0.0,0.0,0.0,0.0,0.0,0.0,0.0,0.0,0.0
2023-03-16 01:00:00,0.0,0.0,0.0,0.0,0.0,0.0,0.0,0.0,0.0,0.0,0.0,0.0,0.0,0.0,0.0,0.0,0.0,0.0,0.0,0.0,0.0,0.0,0.0,0.0,0.0,0.0,0.0,0.0
2023-03-16 02:00:00,0.0,0.0,0.0,0.0,0.0,0.0,0.0,0.0,0.0,0.0,0.0,0.0,0.0,0.0,0.0,0.0,0.0,0.0,0.0,0.0,0.0,0.0,0.0,0.0,0.0,0.0,0.0,0.0
2023-03-16 03:00:00,0.0,0.0,0.0,0.0,0.0,0.0,0.0,0.0,0.0,0.0,0.0,0.0,0.0,0.0,0.0,0.0,0.0,0.0,0.0,0.0,0.0,0.0,0.0,0.0,0.0,0.0,0.0,0.0
2023-03-16 04:00:00,0.0,0.0,0.0,0.0,0.0,0.0,0.0,0.0,0.0,0.0,0.0,0.0,0.0,0.0,0.0,0.0,0.0,0.0,0.0,0.0,0.0,0.0,0.0,0.0,0.0,0.0,0.0,0.0
2023-03-16 05:00:00,0.0,0.0,0.0,0.0,0.0,0.0,0.0,0.0,0.0,0.0,0.0,0.0,0.0,0.0,0.0,0.0,0.0,0.0,0.0,0.0,0.0,0.0,0.0,0.0,0.0,0.0,0.0,0.0
2023-03-16 06:00:00,0.0,0.0,0.0,0.0,0.0,0.0,0.0,0.0,0.0,0.0,0.0,0.0,0.0,0.0,0.0,0.0,0.0,0.0,0.0,0.0,0.0,0.0,0.0,0.0,0.0,0.0,0.0,0.0
2023-03-16 07:00:00,0.0,0.0,0.0,0.0,0.0,0.0,0.0,0.0,0.0,0.0,0.0,0.0,0.0,0.0,0.0,0.0,0.0,0.0,0.0,0.0,0.0,0.0,0.0,0.0,0.0,0.0,0.0,0.0
2023-03-16 08:00:00,0.0,0.08165744003303613,0.0,0.07948551540007455,0.0,0.0,0.0,0.0,0.0,0.0,0.0,0.0,0.0,0.0,0.0,0.0,0.0,0.0,0.0,0.0,0.0,0.0,0.5515485471297945,0.41564181647810405,0.47574303660023104,0.0,0.40836424959142614,0.42927578799653154
2023-03-16 09:00:00,0.33534964127447,0.552171244455225,0.3361479592259648,0.5205752716575079,0.10073119464478068,0.0392912557757775,0.47953784498177104,0.48200906585240744,0.24798034943518338,0.4022864257076792,0.42575257093738483,0.489852422244877,0.24661464735037533,0.49650155691514075,0.15257029473392672,0.14138305409696314,0.030734282644354346,0.3771299954625762,0.023623263148961803,0.471680718370024,0.49614830480669025,0.40510195787576325,0.7513232538759818,0.6571072320100466,0.6778174735834781,0.09283686678406106,0.6714370484716492,0.6456384575319254
2023-03-16 10:00:00,0.4820248150197995,0.7042935447212032,0.46265334135245895,0.7204817929487691,0.17533152940638427,0.1021982541802448,0.5944946518217598,0.6221198852783353,0.37394046839008044,0.5550202027486404,0.5624578655191806,0.6692071653227687,0.41972135001293887,0.6569510014903464,0.3340000444255239,0.3068132230090955,0.1191133027690875,0.5690156973701344,0.1150929161791979,0.6632652208509925,0.6599961156366932,0.5858784608369804,0.8757998935958097,0.7889865087768156,0.7797691681227004,0.19298594936299548,0.8050685010628058,0.7800685059630388
2023-03-16 11:00:00,0.641486168122211,0.7847550139699754,0.6011935112647834,0.8034550607275875,0.23688822698969153,0.19957038927151163,0.7186127269483632,0.7392626311299165,0.5247238271278578,0.683432135389344,0.7002729058451757,0.7648610773031225,0.5587166115643412,0.7516521359457223,0.5102650195300158,0.45175075744976473,0.1974421469347111,0.6955463689179239,0.16093902432567428,0.7479391970401823,0.751097419793614,0.7154991955775675,0.932726727972534,0.8459823538909985,0.929436930999534,0.33050636417604773,0.8823489085484367,0.8270987062731383
2023-03-16 12:00:00,0.6956444764517197,0.8099836594590577,0.6806972717829087,0.8320755833565934,0.2933176525465779,0.27596801079876887,0.7543001600070568,0.7683974851510337,0.5899255807312487,0.7376436488329817,0.7499819447370573,0.8002120500506449,0.6288593861201174,0.7744009869499701,0.6255862187657089,0.5363575254833082,0.2500409594457294,0.7547362327555881,0.24448305859611438,0.7646003740853722,0.7742574450343713,0.7685348956670174,0.8307921215806363,0.8691520787120658,0.9142233952549045,0.4447105762068191,0.8931580650502517,0.8469062980900914
2023-03-16 13:00:00,0.7344101986306836,0.7834145858446557,0.7192379085269618,0.8635694580845932,0.350629066815559,0.3507614020616106,0.7807340044646148,0.797387632351155,0.6542032015941694,0.7645526509843659,0.772601953232962,0.8600139560437441,0.6937323951968778,0.8077629976363799,0.7177841246404251,0.6207352705192154,0.2997720249276782,0.8022769554832533,0.300507376181482,0.8042356508397835,0.8075067146217467,0.8112696167960219,0.8962192154786581,0.8606501837579302,0.9611353795482387,0.5376065072498166,0.9039980217170696,0.8287593567618833
2023-03-16 14:00:00,0.7489991064181989,0.7641530850760467,0.7419520811231756,0.843037303384321,0.3453952459305291,0.3403319732701279,0.7870348228271485,0.7921856063348472,0.6557449526275366,0.7625493603147853,0.7758011831911376,0.8479788522307619,0.7014145312746684,0.7987002177215641,0.7274685898800537,0.6294299857509301,0.3559365669798622,0.7942235014368301,0.34489061222094236,0.791928560140943,0.7985220954466157,0.8114729496333073,0.8838364820160834,0.8597942947501618,0.939560941908416,0.5695708392871712,0.9004886735209554,0.8270817400524815
2023-03-16 15:00:00,0.749116012979846,0.7195956873784443,0.7350808824950908,0.8547953909679321,0.3365302368326624,0.3643477353307698,0.7411889331108038,0.7404995746289876,0.6472376549634021,0.7018305254674584,0.7208681085224791,0.8696719634499348,0.6905131164829592,0.7633478699481768,0.642843892586192,0.5866840686464707,0.3831338503131386,0.7800003933888725,0.3504017847410553,0.7536713326634716,0.7653181865042631,0.792407129946858,0.8645817874302816,0.8488836354761906,0.9246289736185741,0.5544616355904705,0.8982709173447583,0.8084496733377365
2023-03-16 16:00:00,0.7212509019294014,0.6297141464487009,0.7394144326809333,0.7872468109847344,0.3115857339150424,0.3120590369473781,0.7499283781883025,0.7420037047256874,0.6279844285839328,0.7046445524431658,0.731040684965694,0.8012528090702288,0.6496003548772021,0.7495229180888183,0.5725486670690012,0.5617758157969919,0.41671919337336155,0.7224249722802768,0.39084530594274747,0.679598545949235,0.7485896657050963,0.7542511715105077,0.8742544354223809,0.8126200438971367,0.9032575068726669,0.49205357587486154,0.8616447275090626,0.7821185962762726
2023-03-16 17:00:00,0.6337927070305144,0.5566101173159618,0.6545638883984313,0.7389348749709499,0.261993159747198,0.26231674590207654,0.6834437503376508,0.6711688632520604,0.5447096082400673,0.6196763646812146,0.6516661674691341,0.714807505901346,0.5141083054463917,0.6780862036525233,0.41130354908602,0.42072777827163355,0.43628786255490665,0.616682446169614,0.4162145035946655,0.6502546995414947,0.6765306131154684,0.6578838860515269,0.8104093337612199,0.7331357765721856,0.8319274605277518,0.3981335096284308,0.803563664706371,0.7100736085635736
2023-03-16 18:00:00,0.5384404553895735,0.4653763829358818,0.5747912027104112,0.5954554150364714,0.20155494833330548,0.22615678880006285,0.531304140403983,0.5207672646654816,0.46722563440501214,0.4909367892792168,0.50056703951579,0.5670330537846885,0.43644337286396323,0.540883853310742,0.28961015752056674,0.3276844724835152,0.4365974039658028,0.4737846680604925,0.4140729310159615,0.5214529466328003,0.5433264099018101,0.5227138668251857,0.6837229522681733,0.5956652293629249,0.6908843845033081,0.35359143126036846,0.6866171836826164,0.5905632702851
2023-03-16 19:00:00,0.32421101821107695,0.254444638521696,0.39183537816709424,0.36561950112540204,0.17259601367013241,0.1516382544896542,0.28430105161808883,0.2675709770760651,0.2927973546848303,0.24120728363005364,0.25017114240120036,0.3253983477901952,0.2540568772415308,0.29492086781417465,0.12063839094340838,0.17018186605274327,0.3476021784889115,0.2238344491129007,0.3727201428836215,0.29700103264689276,0.29928342776494693,0.26331732136867664,0.5295479496208003,0.33934463391557396,0.47362179042605673,0.24574461883191806,0.4665809268393161,0.3514373455736064
2023-03-16 20:00:00,0.0,0.0,0.0,0.0,0.02283256438142754,0.08697085893047644,0.0,0.0,0.023630591801619104,0.0,0.0,0.0,0.0,0.0,0.0,0.0,0.24960243967323792,0.0,0.27593036507493585,0.0,0.0,0.0,0.0,0.0,0.0,0.045331535378131414,0.0,0.0
2023-03-16 21:00:00,0.0,0.0,0.0,0.0,0.0,0.0,0.0,0.0,0.0,0.0,0.0,0.0,0.0,0.0,0.0,0.0,0.0,0.0,0.0,0.0,0.0,0.0,0.0,0.0,0.0,0.0,0.0,0.0
2023-03-16 22:00:00,0.0,0.0,0.0,0.0,0.0,0.0,0.0,0.0,0.0,0.0,0.0,0.0,0.0,0.0,0.0,0.0,0.0,0.0,0.0,0.0,0.0,0.0,0.0,0.0,0.0,0.0,0.0,0.0
2023-03-16 23:00:00,0.0,0.0,0.0,0.0,0.0,0.0,0.0,0.0,0.0,0.0,0.0,0.0,0.0,0.0,0.0,0.0,0.0,0.0,0.0,0.0,0.0,0.0,0.0,0.0,0.0,0.0,0.0,0.0
2023-03-17 00:00:00,0.0,0.0,0.0,0.0,0.0,0.0,0.0,0.0,0.0,0.0,0.0,0.0,0.0,0.0,0.0,0.0,0.0,0.0,0.0,0.0,0.0,0.0,0.0,0.0,0.0,0.0,0.0,0.0
2023-03-17 01:00:00,0.0,0.0,0.0,0.0,0.0,0.0,0.0,0.0,0.0,0.0,0.0,0.0,0.0,0.0,0.0,0.0,0.0,0.0,0.0,0.0,0.0,0.0,0.0,0.0,0.0,0.0,0.0,0.0
2023-03-17 02:00:00,0.0,0.0,0.0,0.0,0.0,0.0,0.0,0.0,0.0,0.0,0.0,0.0,0.0,0.0,0.0,0.0,0.0,0.0,0.0,0.0,0.0,0.0,0.0,0.0,0.0,0.0,0.0,0.0
2023-03-17 03:00:00,0.0,0.0,0.0,0.0,0.0,0.0,0.0,0.0,0.0,0.0,0.0,0.0,0.0,0.0,0.0,0.0,0.0,0.0,0.0,0.0,0.0,0.0,0.0,0.0,0.0,0.0,0.0,0.0
2023-03-17 04:00:00,0.0,0.0,0.0,0.0,0.0,0.0,0.0,0.0,0.0,0.0,0.0,0.0,0.0,0.0,0.0,0.0,0.0,0.0,0.0,0.0,0.0,0.0,0.0,0.0,0.0,0.0,0.0,0.0
2023-03-17 05:00:00,0.0,0.0,0.0,0.0,0.0,0.0,0.0,0.0,0.0,0.0,0.0,0.0,0.0,0.0,0.0,0.0,0.0,0.0,0.0,0.0,0.0,0.0,0.0,0.0,0.0,0.0,0.0,0.0
2023-03-17 06:00:00,0.0,0.0,0.0,0.0,0.0,0.0,0.0,0.0,0.0,0.0,0.0,0.0,0.0,0.0,0.0,0.0,0.0,0.0,0.0,0.0,0.0,0.0,0.0,0.0,0.0,0.0,0.0,0.0
2023-03-17 07:00:00,0.0,0.0,0.0,0.0,0.0,0.0,0.0,0.0,0.0,0.0,0.0,0.0,0.0,0.0,0.0,0.0,0.0,0.0,0.0,0.0,0.0,0.0,0.0,0.0,0.0,0.0,0.0,0.0
2023-03-17 08:00:00,0.0,0.0870899959578259,0.0,0.3336759935560995,0.0,0.0,0.0,0.0,0.0,0.0,0.0,0.1038082256883959,0.0,0.0,0.0,0.0,0.0,0.0,0.0,0.0,0.0,0.0,0.4535757179866076,0.44439976880515925,0.3544421481146512,0.0,0.25432202244670965,0.4237251993468975
2023-03-17 09:00:00,0.4529809828530622,0.6265464989205357,0.41768911901443184,0.6377317824438861,0.2560383107704115,0.17658852895359076,0.514296232714472,0.5137829504475667,0.36174349148378704,0.49493736746918676,0.492596935619828,0.6709164770978959,0.42926990273089966,0.5246852406694713,0.3155033518382468,0.3309299443929051,0.12171629717106554,0.5945596918754583,0.10398405523400751,0.5431894431614266,0.5263818015577403,0.590249392195564,0.7280886047425852,0.656044997295979,0.651476047812799,0.27772838440868597,0.5566564715494623,0.6523217862239451
2023-03-17 10:00:00,0.5782700807068729,0.7574730961772557,0.5995860239705675,0.7886330977583128,0.37998432999552983,0.22277731202050513,0.6704605875531376,0.6544294024105884,0.45203666521267916,0.6362848952924529,0.6384557538557989,0.8301108128929685,0.5137450184043161,0.6589794641110306,0.39191845575950635,0.38365489452029294,0.1983086715734634,0.7212635240376364,0.15225035006271948,0.6625371138039615,0.6599324035969644,0.7354750371888937,0.8664835456447705,0.8000331451777373,0.7921321556042394,0.33384450688816775,0.6917802750357164,0.7937351800756813
2023-03-17 11:00:00,0.6430741144555204,0.8162731876714457,0.682758355515245,0.8519611222005153,0.539176662677814,0.355290854602696,0.7685896250839773,0.7533565070689044,0.4733423853097508,0.7125913648872189,0.7280474525097224,0.8828713691476436,0.5026886400654667,0.7566890475043809,0.41179049711860227,0.4086134244625864,0.2609604183395058,0.7863035701212621,0.23659127882269387,0.7454761495437474,0.7559540856844693,0.7971834106080175,0.9229538445032567,0.8661120222236754,0.8807130705185763,0.4558450877380457,0.81202193943689,0.8669639589332163
2023-03-17 12:00:00,0.5242653015483161,0.7438232937488685,0.425911915822527,0.8193602521859966,0.6598580364582688,0.47589003933210067,0.5535310142356757,0.6170149984776864,0.391884811529078,0.5757939427552791,0.5662033199781736,0.787225661708334,0.4031465654751891,0.6479987448487566,0.5180896064464248,0.41985957536824825,0.2373174417316476,0.6069103371511513,0.1959153930076829,0.6483078116460042,0.6511347317648716,0.654129710181581,0.8795592553513546,0.9006046477795278,0.9126130463173632,0.5125359348015003,0.866102495775498,0.894744002096586
2023-03-17 13:00:00,0.5257711302585346,0.7465442777977516,0.44752610070796667,0.7967776347377871,0.7043876004234958,0.5973301095018083,0.5037904354255011,0.5850858876777602,0.44665514194774003,0.5527777891235982,0.5297690962033768,0.758160180719256,0.4666882467199291,0.6328985276201106,0.6136701403278679,0.4926140457818076,0.257551927233181,0.585291857972429,0.28344045951332286,0.683606367695273,0.6400424425382958,0.6189544818206412,0.8714911993780682,0.9104966574662055,0.9551202565074806,0.6546876378682432,0.9252052386795262,0.9047752825171909
2023-03-17 14:00:00,0.4863914150558287,0.700585218868297,0.42508329251841176,0.6679107095695741,0.7377427680623779,0.6020342062307418,0.4419085736295241,0.4569465701700801,0.4363224524760025,0.47168923887092196,0.46412375537476674,0.6245994588313634,0.4684997156063965,0.46208096080476363,0.5373931826811248,0.4594300789115142,0.31267269460369174,0.5189199731358093,0.3062166189352818,0.4626333080915546,0.4646074851832111,0.538991834948197,0.8865145675270615,0.894560836696156,0.9692140645819108,0.6631210474486116,0.9270619488835974,0.8902761365501173
2023-03-17 15:00:00,0.4779160261952775,0.6404357934001549,0.3631427006047614,0.5776696536847056,0.7246253318298412,0.5895857567811402,0.3942320258891165,0.41544840163136487,0.4232183461922144,0.41811748279506844,0.39721248070136495,0.5787407307612877,0.44543217191178464,0.4340973495994954,0.4774609284419045,0.4108022151979406,0.3127564085245115,0.549052754747377,0.3271189448582638,0.4756097483727827,0.43734785547829697,0.5223077456204998,0.86168837801485,0.8443158029955579,0.9537266360592777,0.6676907711265937,0.9049451192332059,0.8224786698116494
2023-03-17 16:00:00,0.4361504389755072,0.5819235808516887,0.3086067460888563,0.5101234315176941,0.6879096744425619,0.5345776760500549,0.34940860781969096,0.3578613949805458,0.3703002664427859,0.37517642863418865,0.35348266119771726,0.5826516732780054,0.38727001846852166,0.36041623448897436,0.4217474912141128,0.373873577769923,0.3698205474595241,0.5232614119635679,0.3071314008573605,0.3850636822527912,0.362263926030923,0.5164077969245374,0.8489994537473112,0.7624449784165659,0.9232889795407843,0.6007265153300904,0.8640000263068629,0.7095941666411923
2023-03-17 17:00:00,0.3010220461620529,0.5010287614391861,0.17860395968506945,0.37963817964643043,0.570515392145594,0.4276988309404839,0.21587707038097914,0.23657422103360046,0.24844488204345225,0.22388570265503288,0.21791323214593017,0.4566768959934034,0.2625850121300842,0.25277242205430506,0.2960187164980591,0.25217452228415593,0.3810947597416728,0.33929447895063825,0.3178872971684035,0.27165550550226375,0.2549121946886937,0.3568591010392623,0.7973454491918538,0.6718893806299221,0.8580420542502499,0.4898939746228652,0.8092139243589851,0.5979521652353773
2023-03-17 18:00:00,0.15172973068648682,0.3574360021229989,0.07870325582264091,0.20060982444087375,0.4498264852387953,0.353200734379025,0.09189524236181773,0.11999739470305681,0.12613929162064078,0.1016785394214287,0.09743611300870189,0.22949607449641268,0.13268181398134538,0.14151387719665934,0.17459135695422093,0.12345747604337579,0.38449126392801164,0.16218328021432843,0.30536656936332024,0.16247637817363592,0.1439768387904554,0.17075508735102565,0.6461749235409909,0.5333767814654417,0.7294086398920547,0.3981339126435591,0.6732573702750508,0.472167018953687
2023-03-17 19:00:00,0.04287284285462947,0.20104150937211185,0.032552076408034245,0.06553840575481253,0.2881636590948265,0.16514092873367817,0.028268833728099685,0.030817592095363982,0.040072141426646724,0.029055142699287904,0.029479751633857014,0.06792669743724135,0.04248485851669839,0.035154357278695605,0.05307378345974898,0.04188304204440702,0.29877982223550964,0.03995473314492271,0.24569705754133675,0.037915664200793786,0.035975840746544765,0.047212689624582034,0.5009505630283145,0.3115561408048202,0.5140034614684214,0.20626341312511412,0.46496423253709396,0.23453632975317681
2023-03-17 20:00:00,0.0,0.0,0.0,0.0,0.04946285725123197,0.10721618638255986,0.0,0.0,0.0032835701320257323,0.0,0.0,0.0,0.0,0.0,2.3418245601618512e-05,0.0,0.239707198083659,0.0,0.20698971887886988,0.0,0.0,0.0,0.0,0.0,0.0,0.08244474246909768,0.0,0.0
2023-03-17 21:00:00,0.0,0.0,0.0,0.0,0.0,0.0,0.0,0.0,0.0,0.0,0.0,0.0,0.0,0.0,0.0,0.0,0.0,0.0,0.0,0.0,0.0,0.0,0.0,0.0,0.0,0.0,0.0,0.0
2023-03-17 22:00:00,0.0,0.0,0.0,0.0,0.0,0.0,0.0,0.0,0.0,0.0,0.0,0.0,0.0,0.0,0.0,0.0,0.0,0.0,0.0,0.0,0.0,0.0,0.0,0.0,0.0,0.0,0.0,0.0
2023-03-17 23:00:00,0.0,0.0,0.0,0.0,0.0,0.0,0.0,0.0,0.0,0.0,0.0,0.0,0.0,0.0,0.0,0.0,0.0,0.0,0.0,0.0,0.0,0.0,0.0,0.0,0.0,0.0,0.0,0.0
2023-03-18 00:00:00,0.0,0.0,0.0,0.0,0.0,0.0,0.0,0.0,0.0,0.0,0.0,0.0,0.0,0.0,0.0,0.0,0.0,0.0,0.0,0.0,0.0,0.0,0.0,0.0,0.0,0.0,0.0,0.0
2023-03-18 01:00:00,0.0,0.0,0.0,0.0,0.0,0.0,0.0,0.0,0.0,0.0,0.0,0.0,0.0,0.0,0.0,0.0,0.0,0.0,0.0,0.0,0.0,0.0,0.0,0.0,0.0,0.0,0.0,0.0
2023-03-18 02:00:00,0.0,0.0,0.0,0.0,0.0,0.0,0.0,0.0,0.0,0.0,0.0,0.0,0.0,0.0,0.0,0.0,0.0,0.0,0.0,0.0,0.0,0.0,0.0,0.0,0.0,0.0,0.0,0.0
2023-03-18 03:00:00,0.0,0.0,0.0,0.0,0.0,0.0,0.0,0.0,0.0,0.0,0.0,0.0,0.0,0.0,0.0,0.0,0.0,0.0,0.0,0.0,0.0,0.0,0.0,0.0,0.0,0.0,0.0,0.0
2023-03-18 04:00:00,0.0,0.0,0.0,0.0,0.0,0.0,0.0,0.0,0.0,0.0,0.0,0.0,0.0,0.0,0.0,0.0,0.0,0.0,0.0,0.0,0.0,0.0,0.0,0.0,0.0,0.0,0.0,0.0
2023-03-18 05:00:00,0.0,0.0,0.0,0.0,0.0,0.0,0.0,0.0,0.0,0.0,0.0,0.0,0.0,0.0,0.0,0.0,0.0,0.0,0.0,0.0,0.0,0.0,0.0,0.0,0.0,0.0,0.0,0.0
2023-03-18 06:00:00,0.0,0.0,0.0,0.0,0.0,0.0,0.0,0.0,0.0,0.0,0.0,0.0,0.0,0.0,0.0,0.0,0.0,0.0,0.0,0.0,0.0,0.0,0.0,0.0,0.0,0.0,0.0,0.0
2023-03-18 07:00:00,0.0,0.0,0.0,0.0,0.0,0.0,0.0,0.0,0.0,0.0,0.0,0.0,0.0,0.0,0.0,0.0,0.0,0.0,0.0,0.0,0.0,0.0,0.0,0.0,0.0,0.0,0.0,0.0
2023-03-18 08:00:00,0.0,0.012201851309397724,0.0,0.33569511945238295,0.0,0.0,0.0,0.0,0.0,0.0,0.0,0.11640603463811246,0.0,0.0,0.0,0.0,0.0,0.0,0.0,0.0,0.0,0.0,0.3391006577605981,0.0852015623418551,0.19459283259361018,0.0,0.05431932791394893,0.062069394465223186
2023-03-18 09:00:00,0.4991949875045122,0.4957278058354069,0.5029294079133729,0.5515392529429209,0.2322749551779869,0.34587031846915617,0.49229698000955224,0.540601326016211,0.36232401043791174,0.5134237020017849,0.5230793525947297,0.6007973311299784,0.3733527524176776,0.5427579746542448,0.38199339127678006,0.27881844856936144,0.22362373203940658,0.504107379963718,0.22737692274546414,0.5361978440775396,0.542520761818468,0.5451601457061367,0.5585604823879791,0.32236679198166696,0.3496192226371959,0.42922728237688895,0.21649484691468013,0.3065532802972976
2023-03-18 10:00:00,0.6039284062987529,0.674766672248744,0.6779768455017067,0.7447627285518976,0.38639709118750737,0.44835766146036327,0.6448768344855281,0.6935377846659097,0.45184959133211783,0.6842038273029662,0.691879058979129,0.7631045916193043,0.5287476525465514,0.6904125246560082,0.5253810295500738,0.47734195258359274,0.29991060254433677,0.5688262265868308,0.2540030001884897,0.668004222033928,0.6902281024541874,0.6875281760610424,0.6710973635207804,0.5243023487772432,0.5307750526804872,0.5107769919108407,0.4483988995871834,0.5170052100877758
2023-03-18 11:00:00,0.7217424203665719,0.8010832313260728,0.7447847000032456,0.8068492844191201,0.5606951697754962,0.6080933046596848,0.7225690344010087,0.7653936795273669,0.6213269432273428,0.7580478705306385,0.7660744882734167,0.8361140047105878,0.6789253990495552,0.7632131479313708,0.6619901392765144,0.609096394608734,0.3295347867816941,0.7665751603961053,0.28985174462268276,0.7362173127542053,0.763103242710031,0.7907586631615153,0.7611114835198495,0.7213513724691574,0.738265631837043,0.6673056358175877,0.7198279858206013,0.7267334973439671
2023-03-18 12:00:00,0.7564355332612285,0.8650206285213973,0.7752142204753389,0.8728204642387244,0.6292359349898105,0.674989538956072,0.8062880484292861,0.8059942354486204,0.6450912034576917,0.8004874761039947,0.80373252969325,0.9079135913456935,0.7313799373675566,0.804042887375419,0.7476585353809009,0.6600020515857535,0.2937151073503297,0.751462340076027,0.2616756343552184,0.7979182807220625,0.8041091043714313,0.838208663945608,0.8380177883333374,0.8012619124551971,0.8695507509780285,0.7516167097827627,0.8670188149203967,0.8122551198438633
2023-03-18 13:00:00,0.8204598529818334,0.8775498347670461,0.7822121282044452,0.8844112105734532,0.713212647697267,0.6663182949563825,0.8122150661127289,0.8157156128187387,0.7025203534820339,0.8042569859996546,0.8039609694949659,0.9177170299653814,0.7752539007444694,0.8221395365560153,0.7445498483163254,0.6755978131926275,0.29032119250087884,0.834876174510829,0.25863734653848525,0.816339873608611,0.822468063503149,0.8563630816041937,0.8229090669288833,0.823043832770241,0.852118343741904,0.7692085369447517,0.8564617460882668,0.8394357298857404
2023-03-18 14:00:00,0.8310848373725467,0.8681998563555569,0.7888570720232025,0.8821377745995211,0.7471839908102091,0.6782149011353061,0.8157948432952417,0.8168380817477919,0.6862086097873465,0.8118508970737095,0.8095099835649873,0.9147126126967056,0.7788267387459884,0.8233536756396425,0.7729254651135543,0.7079193317404333,0.2735836597245523,0.870026208523165,0.21602989436958878,0.8180214145535584,0.8240463787906491,0.8824958639410755,0.773797231980462,0.8449962226603692,0.8016982549520987,0.767681282280659,0.853893104469186,0.8500728735546187
2023-03-18 15:00:00,0.8248878428703696,0.8512292729082923,0.8033237843068944,0.8175151532301896,0.747596937267472,0.5951223098721901,0.8060522745715993,0.8043593711855376,0.6507768127165503,0.8049820908796828,0.8003676418458581,0.8546582709121857,0.7516456709702711,0.8100866660155511,0.7114906220210847,0.6706564048540476,0.22289347157686712,0.8741948283456914,0.18441944322496728,0.8109041763979523,0.8110638846104934,0.8764249009838408,0.7662037831399332,0.7999819151968118,0.7141804080810035,0.6977499771646213,0.8122352943285083,0.8076548123083054
2023-03-18 16:00:00,0.7920948197380095,0.7641295180173732,0.7705186463261681,0.8106385466446063,0.712341296021746,0.5013208928627204,0.7747186845213457,0.7721052099560369,0.5661739780543715,0.7716085419095697,0.7642583982810575,0.8465407747796291,0.6476502116185655,0.7800428218938836,0.5657546931798154,0.5277216061044347,0.13634049996182807,0.8342396351307367,0.11898472280215444,0.7823745009194264,0.7815421876220676,0.8504044065550911,0.6697462377236826,0.7106285468076852,0.6216555556268419,0.6134276239295133,0.7653078214003485,0.7291464537329647
2023-03-18 17:00:00,0.7234519301454745,0.6167228354460734,0.7231408363841163,0.6942411216251343,0.6155873901160841,0.35938644516848295,0.7266750278785853,0.7228098179789125,0.4996570265637369,0.7268010242847048,0.7224513538363453,0.7346140717003762,0.5809532996631421,0.7272652920703842,0.44922328130961375,0.4573517983632782,0.07814484874256458,0.7605777764300528,0.08566740869236633,0.739908636328166,0.7291511251021857,0.7883220170458533,0.4938350322736138,0.5507773798698713,0.4834584817010732,0.47682755163329754,0.6452825615999679,0.6283192483426904
2023-03-18 18:00:00,0.5540694073458774,0.4863026040754607,0.5371154344504535,0.6909895563838258,0.48404063247232826,0.22771664614302528,0.5958405734123883,0.6299355313944778,0.39964436843446893,0.6262614681680616,0.6304168285510204,0.692630341545583,0.45088506297470654,0.6290288048036641,0.26353208985867804,0.3361329431870271,0.05806998207384818,0.5811667285561622,0.05768048806215786,0.6263018259058613,0.6289775677753231,0.6297952573167738,0.3107770948569861,0.3968791159277457,0.32369832394411135,0.3161042786019954,0.5360123196736364,0.44968823883206305
2023-03-18 19:00:00,0.26716718378777443,0.32933241151063763,0.20647591667656842,0.4957435848386217,0.32253023769764866,0.08821606971422156,0.29637889788164107,0.38197990395390286,0.2845231403694475,0.3824444695629793,0.3565991516543769,0.4100035303541564,0.3291421660035926,0.38873679411053236,0.1751824762852806,0.24504774030469906,0.016432997944748676,0.34632334642960805,0.015046426793966597,0.4575755277958669,0.3886144720929395,0.331869987992523,0.15425391601905253,0.3174451803916218,0.25531229819956686,0.1455165044550909,0.39302674367635526,0.33961799231026213
2023-03-18 20:00:00,0.002752457997870071,0.0,0.0,0.0,0.07501981951294001,0.016366743912369836,0.0,0.0,0.013350483893499542,0.0,0.0,0.0,0.011007130560775555,0.0,0.014239698704465488,0.030504436386790096,0.0005955260468758302,0.0,0.0005301467560359166,0.0,0.0,0.0,0.0,0.0,0.0,0.032279295685573375,0.0,0.0
2023-03-18 21:00:00,0.0,0.0,0.0,0.0,0.0,0.0,0.0,0.0,0.0,0.0,0.0,0.0,0.0,0.0,0.0,0.0,0.0,0.0,0.0,0.0,0.0,0.0,0.0,0.0,0.0,0.0,0.0,0.0
2023-03-18 22:00:00,0.0,0.0,0.0,0.0,0.0,0.0,0.0,0.0,0.0,0.0,0.0,0.0,0.0,0.0,0.0,0.0,0.0,0.0,0.0,0.0,0.0,0.0,0.0,0.0,0.0,0.0,0.0,0.0
2023-03-18 23:00:00,0.0,0.0,0.0,0.0,0.0,0.0,0.0,0.0,0.0,0.0,0.0,0.0,0.0,0.0,0.0,0.0,0.0,0.0,0.0,0.0,0.0,0.0,0.0,0.0,0.0,0.0,0.0,0.0
2023-03-19 00:00:00,0.0,0.0,0.0,0.0,0.0,0.0,0.0,0.0,0.0,0.0,0.0,0.0,0.0,0.0,0.0,0.0,0.0,0.0,0.0,0.0,0.0,0.0,0.0,0.0,0.0,0.0,0.0,0.0
2023-03-19 01:00:00,0.0,0.0,0.0,0.0,0.0,0.0,0.0,0.0,0.0,0.0,0.0,0.0,0.0,0.0,0.0,0.0,0.0,0.0,0.0,0.0,0.0,0.0,0.0,0.0,0.0,0.0,0.0,0.0
2023-03-19 02:00:00,0.0,0.0,0.0,0.0,0.0,0.0,0.0,0.0,0.0,0.0,0.0,0.0,0.0,0.0,0.0,0.0,0.0,0.0,0.0,0.0,0.0,0.0,0.0,0.0,0.0,0.0,0.0,0.0
2023-03-19 03:00:00,0.0,0.0,0.0,0.0,0.0,0.0,0.0,0.0,0.0,0.0,0.0,0.0,0.0,0.0,0.0,0.0,0.0,0.0,0.0,0.0,0.0,0.0,0.0,0.0,0.0,0.0,0.0,0.0
2023-03-19 04:00:00,0.0,0.0,0.0,0.0,0.0,0.0,0.0,0.0,0.0,0.0,0.0,0.0,0.0,0.0,0.0,0.0,0.0,0.0,0.0,0.0,0.0,0.0,0.0,0.0,0.0,0.0,0.0,0.0
2023-03-19 05:00:00,0.0,0.0,0.0,0.0,0.0,0.0,0.0,0.0,0.0,0.0,0.0,0.0,0.0,0.0,0.0,0.0,0.0,0.0,0.0,0.0,0.0,0.0,0.0,0.0,0.0,0.0,0.0,0.0
2023-03-19 06:00:00,0.0,0.0,0.0,0.0,0.0,0.0,0.0,0.0,0.0,0.0,0.0,0.0,0.0,0.0,0.0,0.0,0.0,0.0,0.0,0.0,0.0,0.0,0.0,0.0,0.0,0.0,0.0,0.0
2023-03-19 07:00:00,0.0,0.0,0.0,0.0,0.0,0.0,0.0,0.0,0.0,0.0,0.0,0.0,0.0,0.0,0.0,0.0,0.0,0.0,0.0,0.0,0.0,0.0,0.0,0.0,0.0,0.0,0.0,0.0
2023-03-19 08:00:00,0.0,0.12107989670532761,0.0,0.06538350053358945,0.0,0.0,0.0,0.0,0.0,0.0,0.0,0.04916529832776073,0.0,0.001193761878181608,0.0,0.0,0.0,0.0,0.0,0.0023869008876533293,0.0013429821129543088,0.0,0.5603487193551772,0.30559459802562455,0.5290037417306259,0.0,0.42592917840951633,0.2547282731793391
2023-03-19 09:00:00,0.09581116194560091,0.3566055718067234,0.05028516797987029,0.1561466700208717,0.09822797920961975,0.02138939713178018,0.06303687007104992,0.07367500433284391,0.03482944707244089,0.07462766150402372,0.06897159001503232,0.1791806841265532,0.036307607752851946,0.07835330087522957,0.08056094643227796,0.030116468005407723,0.005303781776125184,0.10808057555406188,0.0031940101746243585,0.11309444583918687,0.078826256910525,0.12545033257444707,0.7651153509601899,0.5185636880435605,0.7530534692612977,0.04127415130272109,0.6671557606982826,0.46624400442400477
2023-03-19 10:00:00,0.20607434311360934,0.5264593211092851,0.15111124082941144,0.3570771998597857,0.20899095370399004,0.08223511447087531,0.19041938033944214,0.18589586703851782,0.11488432583240382,0.187214706800234,0.18512588557536747,0.3597254386401244,0.1126825900155922,0.17340268134740325,0.16370970997231135,0.07627224763738283,0.025634741092435572,0.23219319092354404,0.020702391870764145,0.20199308894178608,0.171380251947805,0.25839524446223594,0.8663607231590595,0.6871973371646,0.8619921802391761,0.1263523689208256,0.8000519719159266,0.6537548401743095
2023-03-19 11:00:00,0.2984460564799205,0.6515001713592626,0.27936804721733555,0.5198374412221124,0.345448998489034,0.17120224549497323,0.2809385157062572,0.27476759654483973,0.20204823564267183,0.27714087272086657,0.2827489659770862,0.5200866948496649,0.2285842300076455,0.2690223275944146,0.21668614982811177,0.18373263161224612,0.05640045664003269,0.3158555455235665,0.04542123348315003,0.2866097953536033,0.26972237766131113,0.36235504123177725,0.9145315004040375,0.795535134537408,0.9243666036909016,0.2432954295444361,0.8750892240548704,0.7719554803658957
2023-03-19 12:00:00,0.33089814823155417,0.6992309297713328,0.19887848065799515,0.42252993100382147,0.4637698534307266,0.20914567235652795,0.2486122938960642,0.2743310333607247,0.28626331563517193,0.27071192777289566,0.2599143011976614,0.48186617284711514,0.3170538751015089,0.2775600761903029,0.27578215444803056,0.2994563231527675,0.091448124493845,0.39363702370508724,0.07403698725261589,0.30720936924604175,0.27822212730277357,0.3910595936544365,0.9016885149748771,0.8234328762750915,0.944881408130469,0.25696565509650604,0.9051961823828774,0.8135177910872119
2023-03-19 13:00:00,0.41154290553063444,0.7148735809000002,0.2722810003472941,0.4940123236678256,0.5730429867945293,0.28739175643139087,0.26329099375538495,0.2959885315348306,0.3239156877045942,0.31865134196821293,0.297243366105742,0.5863124315083079,0.36458523667807335,0.2890398417696755,0.3397490561343973,0.336218713463457,0.12434259830143674,0.4822154756035364,0.11856285754499955,0.35945790741838224,0.2900093021493519,0.48950228388900535,0.8599532786152836,0.818719114131504,0.9441392267627582,0.32776638485874576,0.9151362914131383,0.7973251435271591
2023-03-19 14:00:00,0.40284018070479616,0.6483018124725278,0.26750540981732535,0.4743442891261541,0.5999200741386909,0.27297288848624457,0.29018070204350066,0.313707442345464,0.3096433651810349,0.33500056667910394,0.32759603091531453,0.5715304063130413,0.3514463654643538,0.2899619716626025,0.3001848551753939,0.3215512587439739,0.13113470921255277,0.48165528771044186,0.13709596897420925,0.28954136722543294,0.28744458641041437,0.48798581500535754,0.7677140263858608,0.7992317506061895,0.9398225339024698,0.29466369366428635,0.909018154546863,0.7568405074213108
2023-03-19 15:00:00,0.39458824144214766,0.6127549207886716,0.30767047718421836,0.4030388915605129,0.5972087128367836,0.2986339839569998,0.2864393202118019,0.28408712893559046,0.2812416042202597,0.3317691814523102,0.3117799861476833,0.5303129821681108,0.3289545368337623,0.2572235836247163,0.33108642973895774,0.3306812790749158,0.14302591909377574,0.46035947179372977,0.15743365419375308,0.3087580998612946,0.25650862411734227,0.4740094702554853,0.6971347951839766,0.7737088540790751,0.9282419564679896,0.3231694155660747,0.893664640081846,0.738346435227017
2023-03-19 16:00:00,0.3549158337257222,0.5747409457389034,0.24934795619817468,0.32698824451374087,0.5612638385834736,0.26794121137330545,0.20817089194151617,0.20153818492282682,0.22167368665026532,0.23635031209669025,0.22266591496263954,0.46886570087860185,0.2583039733935319,0.20507231039945814,0.2764404784539638,0.2428577251408217,0.131748752424489,0.38571291465496765,0.14834751711798497,0.2374869669951127,0.20897259318290623,0.41119810674385043,0.7013463358769798,0.7349585363695171,0.885483683776583,0.2937398412075992,0.8651422132688421,0.7102951175069336
2023-03-19 17:00:00,0.24078863359807906,0.469008474943122,0.17362122377509825,0.26209781076056893,0.4745078568692527,0.22060662298965394,0.17310983039843342,0.16055317828766527,0.16298603064090925,0.1884681457856881,0.1837025328217674,0.358197147353633,0.18836973069512294,0.1377727892465053,0.22471519438992577,0.15706112609922718,0.1083295539726557,0.27752915217189095,0.1176875884602219,0.1637181606951019,0.13742501526430956,0.293248399988525,0.6175304476809109,0.6500539731904166,0.7688361452014714,0.2519496618182528,0.7819158048670956,0.6093759516864766
2023-03-19 18:00:00,0.118741836783236,0.34281882543601666,0.08902144812776958,0.13348817735867635,0.3695910645097876,0.1315958592142666,0.07786299856476216,0.06878236190376011,0.08510343703350867,0.07731761008063384,0.08075231429175375,0.19556082108472034,0.0987272708104382,0.057445492010968144,0.12212788147449609,0.08241895915300283,0.06565227381314445,0.12942939274193987,0.0839286363240461,0.06255010810223142,0.05693852211088217,0.14290892499133523,0.5855554141371592,0.5564058001109364,0.6768169415115644,0.16250766953136775,0.687304440801011,0.5417122704603934
2023-03-19 19:00:00,0.036841880632557764,0.21395844724430935,0.019407955420463748,0.03707139543709605,0.2615502930240999,0.06216390376787071,0.03348701512302835,0.03484909259591224,0.03304382609700909,0.04620260161317167,0.04025264027324194,0.05630725796505904,0.03587281723555307,0.023281487118919184,0.06521164413145782,0.02970691641510647,0.027060992043976943,0.046201686272828946,0.033635027679782596,0.029556372979815226,0.022274333750943433,0.04747436242726443,0.3926570452269548,0.36487891177674414,0.42875523175550917,0.10092983832799737,0.4940272162043202,0.35755374019000796
2023-03-19 20:00:00,0.0,0.0,0.0,0.0,0.08878153234283878,0.007467284161874052,0.0,0.0,0.0,0.0,0.0,0.0,0.0,0.0,0.0008839666239502093,2.2084991688158608e-05,0.002453671685123581,0.0,0.001800077412288426,0.0,0.0,0.0,0.0,0.0,0.0,0.014082227714188716,0.0,0.0
2023-03-19 21:00:00,0.0,0.0,0.0,0.0,0.0,0.0,0.0,0.0,0.0,0.0,0.0,0.0,0.0,0.0,0.0,0.0,0.0,0.0,0.0,0.0,0.0,0.0,0.0,0.0,0.0,0.0,0.0,0.0
2023-03-19 22:00:00,0.0,0.0,0.0,0.0,0.0,0.0,0.0,0.0,0.0,0.0,0.0,0.0,0.0,0.0,0.0,0.0,0.0,0.0,0.0,0.0,0.0,0.0,0.0,0.0,0.0,0.0,0.0,0.0
2023-03-19 23:00:00,0.0,0.0,0.0,0.0,0.0,0.0,0.0,0.0,0.0,0.0,0.0,0.0,0.0,0.0,0.0,0.0,0.0,0.0,0.0,0.0,0.0,0.0,0.0,0.0,0.0,0.0,0.0,0.0
2023-03-20 00:00:00,0.0,0.0,0.0,0.0,0.0,0.0,0.0,0.0,0.0,0.0,0.0,0.0,0.0,0.0,0.0,0.0,0.0,0.0,0.0,0.0,0.0,0.0,0.0,0.0,0.0,0.0,0.0,0.0
2023-03-20 01:00:00,0.0,0.0,0.0,0.0,0.0,0.0,0.0,0.0,0.0,0.0,0.0,0.0,0.0,0.0,0.0,0.0,0.0,0.0,0.0,0.0,0.0,0.0,0.0,0.0,0.0,0.0,0.0,0.0
2023-03-20 02:00:00,0.0,0.0,0.0,0.0,0.0,0.0,0.0,0.0,0.0,0.0,0.0,0.0,0.0,0.0,0.0,0.0,0.0,0.0,0.0,0.0,0.0,0.0,0.0,0.0,0.0,0.0,0.0,0.0
2023-03-20 03:00:00,0.0,0.0,0.0,0.0,0.0,0.0,0.0,0.0,0.0,0.0,0.0,0.0,0.0,0.0,0.0,0.0,0.0,0.0,0.0,0.0,0.0,0.0,0.0,0.0,0.0,0.0,0.0,0.0
2023-03-20 04:00:00,0.0,0.0,0.0,0.0,0.0,0.0,0.0,0.0,0.0,0.0,0.0,0.0,0.0,0.0,0.0,0.0,0.0,0.0,0.0,0.0,0.0,0.0,0.0,0.0,0.0,0.0,0.0,0.0
2023-03-20 05:00:00,0.0,0.0,0.0,0.0,0.0,0.0,0.0,0.0,0.0,0.0,0.0,0.0,0.0,0.0,0.0,0.0,0.0,0.0,0.0,0.0,0.0,0.0,0.0,0.0,0.0,0.0,0.0,0.0
2023-03-20 06:00:00,0.0,0.0,0.0,0.0,0.0,0.0,0.0,0.0,0.0,0.0,0.0,0.0,0.0,0.0,0.0,0.0,0.0,0.0,0.0,0.0,0.0,0.0,0.0,0.0,0.0,0.0,0.0,0.0
2023-03-20 07:00:00,0.0,0.0,0.0,0.0,0.0,0.0,0.0,0.0,0.0,0.0,0.0,0.0,0.0,0.0,0.0,0.0,0.0,0.0,0.0,0.0,0.0,0.0,0.0,0.0,0.0,0.0,0.0,0.0
2023-03-20 08:00:00,0.00669378335954936,0.17787800880433077,0.0,0.017127016165629443,0.0,0.0,0.0003130314300548711,0.0025303260344685073,0.0,0.0004695471450823066,0.0005216039890587745,0.03256879987323657,0.0,0.004426200256081771,0.0,0.0,0.0,0.0,0.0,0.006117217491150657,0.004669258611680651,0.01084110328916932,0.323569561392387,0.26876826754607847,0.5253318622653029,0.0,0.5060056392988295,0.1830774670186602
2023-03-20 09:00:00,0.09170375290505244,0.3428326710681478,0.010457667419635514,0.06042936271160993,0.23513662983976136,0.07010774319398427,0.011749429703705747,0.013231867962060745,0.03751818219723538,0.017244584251180535,0.01403658317090811,0.1669278998670327,0.046073607737209275,0.01178159267551044,0.06979259046527833,0.04294615186157097,0.06716001174000326,0.11636328000786052,0.10532677666615255,0.011791788426018553,0.011768069479972996,0.1340774227667101,0.501684447867921,0.474319887793872,0.7479228765023809,0.09023867144288984,0.7215200875400074,0.37914898829908983
2023-03-20 10:00:00,0.17340742884134594,0.5017836491424505,0.06329901096204835,0.1370661613512483,0.4305194035754575,0.2160096124937076,0.046647145632720675,0.050307067860497524,0.11313593601682734,0.06609647738815264,0.05657233980313366,0.28442841186521056,0.14203206397559975,0.04473272477061677,0.20905576096984105,0.14772633050916698,0.17699157776541757,0.18635367235837905,0.19699392879936609,0.041421353145987126,0.04504491451335224,0.21046928135684295,0.6582597977574054,0.582979552498711,0.8765848804804144,0.2517453917784846,0.8470437644645097,0.46920848329431697
2023-03-20 11:00:00,0.2531314422084825,0.6201449909539761,0.09595384086081495,0.22580428185210594,0.543711912426483,0.3362595705812258,0.0564922740045631,0.05632216882645875,0.19284100485603087,0.07072782675450126,0.05979199076321684,0.3890890113961269,0.23067911428838994,0.05509610558592558,0.3245064367556492,0.23849167385536385,0.25961205769854717,0.23344918460432282,0.269229472461947,0.05326996394586829,0.05618532826756421,0.2752237690939753,0.7462394836407484,0.6767518403669225,0.921541337202234,0.376251933213205,0.9013467561659881,0.5838981981712202
2023-03-20 12:00:00,0.23971098588871514,0.6527672722716532,0.14284808327387966,0.25933458091934614,0.6470377321811435,0.4138884470379518,0.19293167853233376,0.20232812939546782,0.23087969833229724,0.13148048015784827,0.1681352901130354,0.3416635745764355,0.28819541526540116,0.2046846705175183,0.41759984430589714,0.30810248189954037,0.30705959833937274,0.22044354571085464,0.3022755128681494,0.11649851088425613,0.19986983755515644,0.24805809312997826,0.7966070301749394,0.6928151683176849,0.9435708662035378,0.46070100190696894,0.9267885363819512,0.5990308558353028
2023-03-20 13:00:00,0.2909755669406645,0.6641177179811343,0.18670421125658068,0.2580197697826306,0.6765076756868238,0.4082842236682591,0.16835638836576247,0.16351776311918872,0.29335127628339347,0.10731223430335705,0.12160447087992848,0.3982808371448004,0.349995408934592,0.20533450238448825,0.4792360746198027,0.4056177707688402,0.3074346446504574,0.3000846329521779,0.325201144303057,0.12778658149577435,0.2071326950815435,0.30157348806835854,0.8012528785655241,0.6999765102137716,0.9571346436215452,0.4931814960954617,0.9333950499950978,0.6353255553940392
2023-03-20 14:00:00,0.2967699287790656,0.6911899545497856,0.28668791458904885,0.2672584331239364,0.7043573503592895,0.45606234751434127,0.3490275990592313,0.260934820754268,0.3319931621170379,0.1660363944060212,0.2270737636788303,0.4018829454918713,0.41504771681741964,0.2648019716704787,0.47870743621691875,0.4583171395360625,0.3101584097368121,0.30831392923881146,0.32660359255080684,0.16294078115861066,0.26056085807871443,0.32395989967130917,0.7824471692001643,0.7178008559581049,0.9583249747854179,0.5204417969225401,0.9306603259037207,0.6552778676143197
2023-03-20 15:00:00,0.2822380295508398,0.6759052960330143,0.30572665957452355,0.25840303046893964,0.7013083573495389,0.44312028352622956,0.32883805777459674,0.23413217765015135,0.3288057350303744,0.188564923754458,0.22099010167568145,0.361304600167054,0.3955673851073628,0.25507236473037503,0.4383039306897734,0.42969616483800377,0.27621440726823293,0.30660642416944883,0.2747941910535941,0.20126862672932933,0.25881326457204007,0.3305960839302709,0.7328249011841749,0.7178381898894621,0.9484762849396879,0.518547907498796,0.9154593725782196,0.666698839521319
2023-03-20 16:00:00,0.2381339060534029,0.6183729608626947,0.36846937583450995,0.24037318634730617,0.6956400661950819,0.3907999828437052,0.4291032113385141,0.39128497121880884,0.24266098753350018,0.2990764956952255,0.3685552552069953,0.29586559118655253,0.2702836293160459,0.3770746373399243,0.35150007679007206,0.3317309423084638,0.26174344304865976,0.22933553507848023,0.2578968188402259,0.29690692491570286,0.36966260357790875,0.3039510022166901,0.7195715326064756,0.6677124474959838,0.9194381123511243,0.4572171292627595,0.8878686551624545,0.6311927928770914
2023-03-20 17:00:00,0.21572170925177514,0.5078656516180321,0.2964298679038997,0.20428536618804294,0.6288986575539405,0.33678800223468086,0.26732691704097905,0.32071500114389595,0.2091338546776483,0.236984566557058,0.25275908210148884,0.2374000895287954,0.1978792645252574,0.366262117706728,0.23546925331711363,0.21943370632009335,0.198720596715134,0.20977759196159906,0.19699685434208075,0.3393229074612699,0.3703626589821097,0.23860638267693446,0.7613546501324627,0.5945563881379431,0.8571033331642233,0.4037225361331882,0.8346534658308031,0.5091424528637791
2023-03-20 18:00:00,0.18669430749332144,0.4164234908037573,0.20158288658787052,0.11836079021997784,0.5596670418214006,0.21822099537818762,0.24539475322439344,0.3101923397395739,0.11511772168859312,0.2439543160326773,0.24852159913812852,0.1663133981783126,0.10442599040180976,0.3322943910603673,0.13359915783277365,0.12103497592725762,0.13298592489215735,0.13496398871294973,0.13602390338451337,0.3230123114557434,0.3344216952066145,0.20080184266526277,0.6435786951562136,0.528741585666379,0.735706035918389,0.2869174934288998,0.7313533194366392,0.46475543737098046
2023-03-20 19:00:00,0.08989174239062128,0.32391263927744146,0.08040003654077924,0.04448343584193261,0.4451111803653028,0.13016666913466596,0.10824527250630149,0.10920924869720343,0.07165410442562198,0.08172826820725296,0.08560075796743787,0.09603897038453611,0.06959531154548448,0.11639418657505012,0.05050730664360166,0.07004374929297266,0.0777553364030034,0.07211377248652298,0.08492595739280907,0.09492704169940334,0.11625804265452688,0.09356581581078048,0.4332968905342332,0.37215160646932266,0.5250672628699783,0.16101432027364687,0.5387027558511618,0.3332677966218417
2023-03-20 20:00:00,0.007840156580264773,0.0,0.0,0.0,0.2430031204977857,0.049462599982623666,0.0,0.0,0.012862252393375104,0.0,0.0,0.0,0.006956966798580697,0.0,0.004060488089994664,0.006687500443082578,0.01997373324163747,0.0,0.017671190761945132,0.0,0.0,0.0,0.0,0.0,0.0,0.0647790493616546,0.0,0.0
2023-03-20 21:00:00,0.0,0.0,0.0,0.0,0.0,0.0,0.0,0.0,0.0,0.0,0.0,0.0,0.0,0.0,0.0,0.0,0.0,0.0,0.0,0.0,0.0,0.0,0.0,0.0,0.0,0.0,0.0,0.0
2023-03-20 22:00:00,0.0,0.0,0.0,0.0,0.0,0.0,0.0,0.0,0.0,0.0,0.0,0.0,0.0,0.0,0.0,0.0,0.0,0.0,0.0,0.0,0.0,0.0,0.0,0.0,0.0,0.0,0.0,0.0
2023-03-20 23:00:00,0.0,0.0,0.0,0.0,0.0,0.0,0.0,0.0,0.0,0.0,0.0,0.0,0.0,0.0,0.0,0.0,0.0,0.0,0.0,0.0,0.0,0.0,0.0,0.0,0.0,0.0,0.0,0.0
2023-03-21 00:00:00,0.0,0.0,0.0,0.0,0.0,0.0,0.0,0.0,0.0,0.0,0.0,0.0,0.0,0.0,0.0,0.0,0.0,0.0,0.0,0.0,0.0,0.0,0.0,0.0,0.0,0.0,0.0,0.0
2023-03-21 01:00:00,0.0,0.0,0.0,0.0,0.0,0.0,0.0,0.0,0.0,0.0,0.0,0.0,0.0,0.0,0.0,0.0,0.0,0.0,0.0,0.0,0.0,0.0,0.0,0.0,0.0,0.0,0.0,0.0
2023-03-21 02:00:00,0.0,0.0,0.0,0.0,0.0,0.0,0.0,0.0,0.0,0.0,0.0,0.0,0.0,0.0,0.0,0.0,0.0,0.0,0.0,0.0,0.0,0.0,0.0,0.0,0.0,0.0,0.0,0.0
2023-03-21 03:00:00,0.0,0.0,0.0,0.0,0.0,0.0,0.0,0.0,0.0,0.0,0.0,0.0,0.0,0.0,0.0,0.0,0.0,0.0,0.0,0.0,0.0,0.0,0.0,0.0,0.0,0.0,0.0,0.0
2023-03-21 04:00:00,0.0,0.0,0.0,0.0,0.0,0.0,0.0,0.0,0.0,0.0,0.0,0.0,0.0,0.0,0.0,0.0,0.0,0.0,0.0,0.0,0.0,0.0,0.0,0.0,0.0,0.0,0.0,0.0
2023-03-21 05:00:00,0.0,0.0,0.0,0.0,0.0,0.0,0.0,0.0,0.0,0.0,0.0,0.0,0.0,0.0,0.0,0.0,0.0,0.0,0.0,0.0,0.0,0.0,0.0,0.0,0.0,0.0,0.0,0.0
2023-03-21 06:00:00,0.0,0.0,0.0,0.0,0.0,0.0,0.0,0.0,0.0,0.0,0.0,0.0,0.0,0.0,0.0,0.0,0.0,0.0,0.0,0.0,0.0,0.0,0.0,0.0,0.0,0.0,0.0,0.0
2023-03-21 07:00:00,0.0,0.0,0.0,0.0,0.0,0.0,0.0,0.0,0.0,0.0,0.0,0.0,0.0,0.0,0.0,0.0,0.0,0.0,0.0,0.0,0.0,0.0,0.0,0.0,0.0,0.0,0.0,0.0
2023-03-21 08:00:00,0.040071494567245236,0.3492048007349941,0.00660922399572138,0.2579393196481114,0.0,0.0,0.05608500314889573,0.029370777766784387,0.0,0.061063097095390935,0.030544510776472543,0.3154507408763524,0.0,0.025672106564118176,0.0,0.0,0.0,0.09971746292167998,0.0,0.06006982436724069,0.027847964854777602,0.13335984216924243,0.5959975095157968,0.5023573917858917,0.572106813550537,0.0,0.5372357523511639,0.48768032032095043
2023-03-21 09:00:00,0.3313273235454684,0.6100256073106062,0.17593538295196026,0.41836329780055476,0.3103790036740066,0.13382960750126788,0.1051794328475793,0.10802522213718935,0.26461806040748864,0.2152577100428708,0.14067011582373545,0.49585592770812165,0.2469541418016121,0.09147230388460481,0.354178837625739,0.21555468960696145,0.11501262323558872,0.40687380389581085,0.18982199313353695,0.19326359005388288,0.09584851447435137,0.33845952577638316,0.7977300278832998,0.7107265595779229,0.8008539631059249,0.19424480221893978,0.7354842861246479,0.6935933361787545
2023-03-21 10:00:00,0.4975016086309541,0.7521595303300175,0.3573188865889244,0.5690162334027516,0.4422393615527375,0.2234671009987406,0.2569907762958581,0.2335539716587622,0.4368489894130517,0.3763676698738656,0.2935742378836929,0.619775091572196,0.4149127628236475,0.18164374920820936,0.4973696737255133,0.3603313250065465,0.194431047485716,0.514389424496019,0.27782673934623753,0.2760178431974899,0.18485261375436685,0.46462000715009494,0.8865573920019904,0.8199517232879887,0.8932020477795846,0.38553132259191314,0.8480965398294457,0.8066099382298906
2023-03-21 11:00:00,0.6310572033142543,0.8410229085946042,0.5035906546341338,0.7068475812791837,0.5786701862303765,0.3132388611198101,0.2972723698428146,0.24868569208042343,0.5429447135594586,0.4391293626363181,0.3492482582773876,0.7827372257194749,0.5760975075272444,0.23770315393364408,0.6537425289185628,0.6008194052656609,0.2746778595298983,0.6736943208805157,0.37560603725396574,0.32242277899223704,0.25153354752306195,0.6494188930049697,0.9320375628798659,0.8760073457969738,0.943186590810618,0.5045715070302064,0.9033538852528795,0.8653243957073384
2023-03-21 12:00:00,0.6927729287633626,0.8862468942442461,0.5249329596541583,0.785805339114829,0.6516102157682004,0.3596968892188548,0.3471256289114346,0.36809955848200565,0.6957450607555637,0.4539257255315253,0.36133680212403974,0.849967734937064,0.679779598898304,0.42717315281328616,0.640576510131701,0.6029247958676935,0.306861903199815,0.7016193527557649,0.3635093771639159,0.5379532586873541,0.4452295491733661,0.7144622708780463,0.8877011144171378,0.8993342180323176,0.9623772559090642,0.543282908290843,0.9266890923701956,0.8917130806432986
2023-03-21 13:00:00,0.685937920402097,0.8838190443266578,0.5832946790839972,0.7945209157704298,0.712780331539385,0.44188365381130945,0.4666609021972256,0.490597288025506,0.7144954355620166,0.5296848801271894,0.45830900940920277,0.854747124371689,0.6802371255932095,0.5201571131876485,0.6479113762701678,0.6011641227204846,0.3445800068118029,0.6358146777554055,0.42515506850571383,0.5897667666946088,0.5288214506735854,0.724119986217277,0.8777122594411422,0.9073315372092844,0.9667898045325871,0.5754913483366045,0.9321504932825821,0.9005894657317643
2023-03-21 14:00:00,0.6752548431804588,0.8342489927129544,0.5997340021946491,0.82435210641035,0.6956190389844881,0.449678019707335,0.602856585153484,0.6349661897877662,0.6698238167089231,0.6658027564382933,0.624173633128112,0.8543875014631577,0.655283133988001,0.6003648757298665,0.6120102643481216,0.6127537955049961,0.39303026491863163,0.5833285161704405,0.45404905959969016,0.6478936646542929,0.5963516025425367,0.746064799314046,0.8805319402011255,0.9082467850004103,0.965504600309064,0.5017174765835741,0.9291805528548666,0.9003273878116589
2023-03-21 15:00:00,0.6606521775657691,0.7914806849545198,0.6475895762449725,0.8231937526550436,0.6962730941858858,0.4423822706439783,0.5712347359035315,0.5917751519193799,0.6360021977763735,0.6666067358951286,0.5997107111503657,0.8498478482203262,0.6448061056873553,0.601661259950895,0.5047696837338455,0.6009136001788206,0.41050260805901023,0.5539100948017855,0.4566756637558601,0.6258247668879587,0.6084349030244195,0.7486161123605656,0.8521541059657674,0.8965668743904543,0.9526036478377455,0.455194322505064,0.9142804080750405,0.8877527042602724
2023-03-21 16:00:00,0.6360457309534195,0.7280816342243093,0.648324361663759,0.8101311161975534,0.6077906448315789,0.38909206129584945,0.5726205704871924,0.6240300150862448,0.5804219794428193,0.6708116394469065,0.600751404685999,0.831088026470965,0.5871527714323731,0.656807033192742,0.4115352225219107,0.5210149000355211,0.4139947413729395,0.5655447101623957,0.4484538522007805,0.7148972170626238,0.6676352258089214,0.7393318344396683,0.8391459668980963,0.8661239025869204,0.9216012434895049,0.4137774117405463,0.8866984522980583,0.8602460856362638
2023-03-21 17:00:00,0.6034837584402691,0.7233476390074476,0.5451101748560078,0.77807743887751,0.5336557786172671,0.3977175259192035,0.4808677245235979,0.5894024550336502,0.5468448345153291,0.6256052034910637,0.551838195522633,0.8402855753937677,0.5832072855128563,0.6554155841155456,0.43275946931055465,0.5369225777466132,0.4369419035599411,0.5641398849915606,0.4599998852555329,0.709636336095608,0.6663199286553193,0.7339340085155843,0.8275449206316364,0.8179020123419685,0.8624333902960951,0.42079342620817506,0.8302454920336702,0.8116492148432108
2023-03-21 18:00:00,0.6250040385497206,0.67922465222703,0.5427252384765316,0.7001121891270152,0.451013666482971,0.4076579804262277,0.5081846276406815,0.5801960604619083,0.5357383089181862,0.5949539598349294,0.5563323432020821,0.7591217127397389,0.5700618917230552,0.6232283323251233,0.49581160208252395,0.4947964189964538,0.4243379603031169,0.6922753685769941,0.43401678651814396,0.6409586122841437,0.6260646672529457,0.7125427389545466,0.7175689607244937,0.7212735446896855,0.7482353180194793,0.37036043510853905,0.7318350296882912,0.7166463371025317
2023-03-21 19:00:00,0.4902007357230391,0.5478546366830458,0.4099312318989068,0.5322732983120125,0.32178110777620916,0.3137495250305229,0.42061157545155464,0.45112457904110803,0.4309677009217504,0.45212062210024245,0.4376385696359255,0.5855963987382249,0.44631881117134975,0.4747903091386017,0.46218703508496956,0.43264263283456894,0.34959699026954516,0.5436530197619723,0.3875797650042043,0.4733763338921592,0.4755020238676897,0.5492103120220428,0.5112286840563445,0.5391767620517898,0.5398448290609673,0.3203004286579743,0.5434307512653123,0.535495104221923
2023-03-21 20:00:00,0.1131397598062743,0.0,0.0,0.0,0.1616229497857186,0.21383080047930178,0.0,0.0,0.16652274553850568,0.0,0.0,0.0,0.1374152257582824,0.0,0.2884967958240531,0.27954741314519643,0.26385655790679224,0.0,0.2740556240253321,0.0,0.0,0.0,0.0,0.0,0.0,0.214612024439377,0.0,0.0
2023-03-21 21:00:00,0.0,0.0,0.0,0.0,0.0,0.0,0.0,0.0,0.0,0.0,0.0,0.0,0.0,0.0,0.0,0.0,0.0,0.0,0.0,0.0,0.0,0.0,0.0,0.0,0.0,0.0,0.0,0.0
2023-03-21 22:00:00,0.0,0.0,0.0,0.0,0.0,0.0,0.0,0.0,0.0,0.0,0.0,0.0,0.0,0.0,0.0,0.0,0.0,0.0,0.0,0.0,0.0,0.0,0.0,0.0,0.0,0.0,0.0,0.0
2023-03-21 23:00:00,0.0,0.0,0.0,0.0,0.0,0.0,0.0,0.0,0.0,0.0,0.0,0.0,0.0,0.0,0.0,0.0,0.0,0.0,0.0,0.0,0.0,0.0,0.0,0.0,0.0,0.0,0.0,0.0
2023-03-22 00:00:00,0.0,0.0,0.0,0.0,0.0,0.0,0.0,0.0,0.0,0.0,0.0,0.0,0.0,0.0,0.0,0.0,0.0,0.0,0.0,0.0,0.0,0.0,0.0,0.0,0.0,0.0,0.0,0.0
2023-03-22 01:00:00,0.0,0.0,0.0,0.0,0.0,0.0,0.0,0.0,0.0,0.0,0.0,0.0,0.0,0.0,0.0,0.0,0.0,0.0,0.0,0.0,0.0,0.0,0.0,0.0,0.0,0.0,0.0,0.0
2023-03-22 02:00:00,0.0,0.0,0.0,0.0,0.0,0.0,0.0,0.0,0.0,0.0,0.0,0.0,0.0,0.0,0.0,0.0,0.0,0.0,0.0,0.0,0.0,0.0,0.0,0.0,0.0,0.0,0.0,0.0
2023-03-22 03:00:00,0.0,0.0,0.0,0.0,0.0,0.0,0.0,0.0,0.0,0.0,0.0,0.0,0.0,0.0,0.0,0.0,0.0,0.0,0.0,0.0,0.0,0.0,0.0,0.0,0.0,0.0,0.0,0.0
2023-03-22 04:00:00,0.0,0.0,0.0,0.0,0.0,0.0,0.0,0.0,0.0,0.0,0.0,0.0,0.0,0.0,0.0,0.0,0.0,0.0,0.0,0.0,0.0,0.0,0.0,0.0,0.0,0.0,0.0,0.0
2023-03-22 05:00:00,0.0,0.0,0.0,0.0,0.0,0.0,0.0,0.0,0.0,0.0,0.0,0.0,0.0,0.0,0.0,0.0,0.0,0.0,0.0,0.0,0.0,0.0,0.0,0.0,0.0,0.0,0.0,0.0
2023-03-22 06:00:00,0.0,0.0,0.0,0.0,0.0,0.0,0.0,0.0,0.0,0.0,0.0,0.0,0.0,0.0,0.0,0.0,0.0,0.0,0.0,0.0,0.0,0.0,0.0,0.0,0.0,0.0,0.0,0.0
2023-03-22 07:00:00,0.0,0.0,0.0,0.0,0.0,0.0,0.0,0.0,0.0,0.0,0.0,0.0,0.0,0.0,0.0,0.0,0.0,0.0,0.0,0.0,0.0,0.0,0.0,0.0,0.0,0.0,0.0,0.0
2023-03-22 08:00:00,0.3288901894987453,0.40200907986482426,0.2313079523591536,0.46388290166214863,0.003640946710936492,0.0,0.47784804542481724,0.4050394651604495,0.0,0.4602807521549467,0.4705307335880987,0.5168451896593619,0.0,0.3443608208224935,0.0,0.0,0.0,0.5112853625795841,0.0,0.34628043631589595,0.33805601430967214,0.5149788531812027,0.6216378380555939,0.5147930123982639,0.5921452452768693,0.0,0.5099569678755714,0.5048996601730541
2023-03-22 09:00:00,0.4905479384394525,0.5927786065389661,0.5416884196244597,0.6432587104648856,0.24739999208527896,0.1819959407149723,0.5741750172571374,0.5258682884397815,0.36809973593870293,0.5612986367135728,0.5638054494789557,0.6968532385451086,0.34871068804257754,0.479549514792636,0.3267632024599016,0.31292269483709656,0.16096828542156372,0.5860302363428701,0.22428877302766057,0.4880644928572885,0.47384729002770226,0.6332907414688861,0.8125978724489881,0.7244341441263878,0.8072286003984419,0.1801242586046497,0.7193254916318663,0.7128851863151028
2023-03-22 10:00:00,0.6287544755338466,0.7336407731197195,0.6915247833517215,0.7892839323547989,0.355076325749306,0.3018963804789441,0.7086666050266034,0.6911545256098499,0.49445026106182305,0.701890456139389,0.7027452971164179,0.8356063717789871,0.4727058809271136,0.6728931115746859,0.3788237525028166,0.406855356689966,0.2500947742158526,0.6976813557656505,0.2949202021603484,0.6762281032983481,0.6705309360460333,0.7701057089018946,0.8980527406270309,0.8326538705363163,0.9000661319675886,0.2931173745528938,0.833710236073065,0.8246510486178721
2023-03-22 11:00:00,0.7591246064947349,0.8416500720719501,0.7674543267269845,0.8537657442238232,0.45436027692402625,0.4826422669893707,0.774821003801622,0.7589971533555002,0.5796055937443331,0.7679506265853729,0.7687828195395268,0.8990071036593245,0.5535102448341709,0.743694011792249,0.5203776541428937,0.4900721374111788,0.37926296215290284,0.7733481122346745,0.44317482690592963,0.7543306676659681,0.7414309730953823,0.8385642006641199,0.9382687243016617,0.8842526886043741,0.9130925377922344,0.48374840763091104,0.8804794770883339,0.8773858147706908
2023-03-22 12:00:00,0.8056576215324638,0.8757435105379792,0.8020694693399681,0.8852263910150783,0.5137367286133782,0.6130185786824696,0.7750605835620922,0.7994898460806682,0.6145861953794508,0.8098726548322381,0.8117740620041638,0.9288236157244528,0.5981620413511374,0.7838296619547989,0.7024252948466325,0.6128324338733383,0.5709147974324774,0.8720422290276003,0.56956456486431,0.8034805616626512,0.7819270687620099,0.8834608878435734,0.9510665540864246,0.9066610726232656,0.9585851681922882,0.6815139376913434,0.9064813788929225,0.8978505944278272
2023-03-22 13:00:00,0.8219751667997729,0.8980201545082711,0.8082515359773814,0.893361638286359,0.5487515561646855,0.6615685694480269,0.7935247134774684,0.8100531598772572,0.6906539985354773,0.8251862786863464,0.8257119580894605,0.9426209345779069,0.6868251638648876,0.7905669822322794,0.7337089539607324,0.6522286153679215,0.6251749021758982,0.8923296187311544,0.6042469450433849,0.8059957613939361,0.7884219891807331,0.9022648473098878,0.9518906834736999,0.9132906058591537,0.9629612781183018,0.6806282857771048,0.9081696408203018,0.9046568597392779
2023-03-22 14:00:00,0.8142974574475211,0.8961502040892556,0.7900898623535564,0.8954308273753125,0.5420607134030971,0.6491052374424195,0.730659656311102,0.7555590692950088,0.7531134447945821,0.8025677492617749,0.7709253546644739,0.9424824706082225,0.7232418699225349,0.7610520900909247,0.6512414019522452,0.6565907624036097,0.6583829556479944,0.8937523072107837,0.591062255039004,0.8064983425190068,0.7670183000851233,0.9003585763864003,0.9473389557596849,0.9099691484247782,0.962260369637661,0.7230580283399121,0.9043280195921903,0.9011299411493778
2023-03-22 15:00:00,0.8285079216624615,0.8777423018965143,0.7847182393658743,0.8445330283825634,0.5044109939817515,0.6691737041234592,0.7349462745597223,0.7466385236492928,0.7274675937718273,0.7795098664508222,0.7510789805447411,0.8823269275553483,0.6781610463119431,0.7501305469930225,0.6223564981721048,0.5524902858537075,0.6138179365956143,0.8792711236433872,0.56450396533383,0.801130533195314,0.7550746902681347,0.8773121181954063,0.9315247270262853,0.890357964604348,0.949923896866162,0.6909360952233027,0.8771003661575195,0.8852952767429195
2023-03-22 16:00:00,0.7969355908517606,0.8135218946836208,0.7446726797236745,0.7887526971334825,0.46466473836254374,0.6305272780420234,0.6716264946755094,0.6961415062938795,0.681379179652435,0.7342195688917583,0.7087322781963651,0.7899297787015549,0.6353691879294645,0.6954597334553507,0.5049429970940333,0.49679884100000915,0.5595281313083433,0.8355621863204434,0.5317187542025088,0.7543812453932224,0.7001878697216872,0.8327330379682669,0.9011406977310561,0.8606079857964897,0.9193744617756109,0.6587660052093314,0.8225077420229819,0.8507270687936488
2023-03-22 17:00:00,0.7290076687408511,0.7358954399883558,0.7045357477753666,0.7570483249961092,0.3605472747377097,0.5860069581160998,0.6699917824903197,0.668445115998351,0.6024352875111529,0.6866429713455724,0.6718745334665572,0.7450137933597942,0.5687557938317301,0.6700731877345636,0.40597805783571855,0.5003145564523401,0.40988323468057536,0.7844860974114822,0.4609206672292905,0.7328841111863768,0.6732245740508478,0.768882423982466,0.8417462468215258,0.8101998264295397,0.8579175999942663,0.5800708553475395,0.7728505363332259,0.7971594167910373
2023-03-22 18:00:00,0.6543885510314364,0.6632646531976387,0.6143728072688269,0.6993479915924268,0.2643211215435125,0.4638888998055849,0.518643372560384,0.5107574280887864,0.5464360348251811,0.5641891256223484,0.53230494975515,0.6927596435335711,0.5178198925060836,0.5217717437160602,0.5505470963189103,0.5481052735158732,0.33552553075932945,0.649006017307352,0.40997138108833153,0.608117374985712,0.5302584044304431,0.6597337360297627,0.7215610159094408,0.7165944672693227,0.7472346920286381,0.4908281850565318,0.6619877307612594,0.7084374666787833
2023-03-22 19:00:00,0.4968955477453226,0.5396798954452532,0.47428833124199193,0.5186353339512582,0.22887469386780607,0.3691050008297635,0.4015668785342985,0.3880650099476282,0.3973195482974189,0.3888332296285669,0.4027391206579568,0.5408963397545742,0.3786506787272571,0.3855584833466541,0.4326058414725869,0.3475811534636791,0.18636061546043947,0.5160240189821272,0.25813513598659094,0.43712851820009374,0.3865888715524504,0.49620037610532597,0.5164745757973092,0.532311620292522,0.5389731772613329,0.44845776498184414,0.507725783149973,0.5318479172522529
2023-03-22 20:00:00,0.10638931724265215,0.027105555851202848,0.04577519400875038,0.0,0.11566271465901061,0.1780569798416661,0.0,0.0,0.18027504500747976,0.0,0.0,0.0,0.14885588230611546,0.0,0.18584930335869018,0.2246852668953205,0.11776676713706787,0.0,0.16843919421140507,0.0,0.0,0.0,0.0,0.0,0.0,0.2748837741926708,0.0,0.0
2023-03-22 21:00:00,0.0,0.0,0.0,0.0,0.0,0.0,0.0,0.0,0.0,0.0,0.0,0.0,0.0,0.0,0.0,0.0,0.0,0.0,0.0,0.0,0.0,0.0,0.0,0.0,0.0,0.0,0.0,0.0
2023-03-22 22:00:00,0.0,0.0,0.0,0.0,0.0,0.0,0.0,0.0,0.0,0.0,0.0,0.0,0.0,0.0,0.0,0.0,0.0,0.0,0.0,0.0,0.0,0.0,0.0,0.0,0.0,0.0,0.0,0.0
2023-03-22 23:00:00,0.0,0.0,0.0,0.0,0.0,0.0,0.0,0.0,0.0,0.0,0.0,0.0,0.0,0.0,0.0,0.0,0.0,0.0,0.0,0.0,0.0,0.0,0.0,0.0,0.0,0.0,0.0,0.0
2023-03-23 00:00:00,0.0,0.0,0.0,0.0,0.0,0.0,0.0,0.0,0.0,0.0,0.0,0.0,0.0,0.0,0.0,0.0,0.0,0.0,0.0,0.0,0.0,0.0,0.0,0.0,0.0,0.0,0.0,0.0
2023-03-23 01:00:00,0.0,0.0,0.0,0.0,0.0,0.0,0.0,0.0,0.0,0.0,0.0,0.0,0.0,0.0,0.0,0.0,0.0,0.0,0.0,0.0,0.0,0.0,0.0,0.0,0.0,0.0,0.0,0.0
2023-03-23 02:00:00,0.0,0.0,0.0,0.0,0.0,0.0,0.0,0.0,0.0,0.0,0.0,0.0,0.0,0.0,0.0,0.0,0.0,0.0,0.0,0.0,0.0,0.0,0.0,0.0,0.0,0.0,0.0,0.0
2023-03-23 03:00:00,0.0,0.0,0.0,0.0,0.0,0.0,0.0,0.0,0.0,0.0,0.0,0.0,0.0,0.0,0.0,0.0,0.0,0.0,0.0,0.0,0.0,0.0,0.0,0.0,0.0,0.0,0.0,0.0
2023-03-23 04:00:00,0.0,0.0,0.0,0.0,0.0,0.0,0.0,0.0,0.0,0.0,0.0,0.0,0.0,0.0,0.0,0.0,0.0,0.0,0.0,0.0,0.0,0.0,0.0,0.0,0.0,0.0,0.0,0.0
2023-03-23 05:00:00,0.0,0.0,0.0,0.0,0.0,0.0,0.0,0.0,0.0,0.0,0.0,0.0,0.0,0.0,0.0,0.0,0.0,0.0,0.0,0.0,0.0,0.0,0.0,0.0,0.0,0.0,0.0,0.0
2023-03-23 06:00:00,0.0,0.0,0.0,0.0,0.0,0.0,0.0,0.0,0.0,0.0,0.0,0.0,0.0,0.0,0.0,0.0,0.0,0.0,0.0,0.0,0.0,0.0,0.0,0.0,0.0,0.0,0.0,0.0
2023-03-23 07:00:00,0.0,0.0,0.0,0.0,0.0,0.0,0.0,0.0,0.0,0.0,0.0,0.0,0.0,0.0,0.0,0.0,0.0,0.0,0.0,0.0,0.0,0.0,0.0,0.0,0.0,0.0,0.0,0.0
2023-03-23 08:00:00,0.14894763808859784,0.31564274565589884,0.02218254980381275,0.08980451064140858,0.012344702171597444,0.0,0.062204859647170874,0.10674356447399565,0.03001446620021804,0.10137656220222935,0.08646529313137921,0.2531052964773811,0.013002018114248573,0.11753033764539143,0.0,0.0,0.0,0.1612854143258197,0.0,0.10272396270487046,0.1186915314621594,0.21445752053651182,0.6052684163771533,0.40455646599852096,0.5723541500868288,0.0,0.4834384240759687,0.37417529872640215
2023-03-23 09:00:00,0.2547299723643005,0.557963272486297,0.06974160240780533,0.19869801380041505,0.2625478545310047,0.0946684280912537,0.10080320944932597,0.17536307591076614,0.1263328209803122,0.14364413026458855,0.11431982032803817,0.3975998265714644,0.12082081006625313,0.22817032266437806,0.1355329204731015,0.07722045729963097,0.03591755727867824,0.29438244636458677,0.03856497866545183,0.22545577102699646,0.23649709742919547,0.3233107068342416,0.7961354977928732,0.5847981944367366,0.7831335515869111,0.20496037684906548,0.6825642858390341,0.5437149980184888
2023-03-23 10:00:00,0.32710699071135735,0.7075034284765512,0.151301347357926,0.2959581191922851,0.3809943578501796,0.1428563738098676,0.17424867818194548,0.18357719297123035,0.1966530820000641,0.21335288166328908,0.18313237143885963,0.4765072904522597,0.2062111102345781,0.1768678168422665,0.20871684486556688,0.1483499122013364,0.11780391620160971,0.35403163040863816,0.10668882059065847,0.1816376346825378,0.1796204384944708,0.3721527737289749,0.8795647963867791,0.7046331897710142,0.8754832852149058,0.28698553262997417,0.7869225675992955,0.6786433455502614
2023-03-23 11:00:00,0.37802691634194086,0.7607871142925414,0.1250527162840515,0.49911772012726,0.46837341694761325,0.21797251773183096,0.11764251542171857,0.15089324615714628,0.24804999267671093,0.2124990070615813,0.14741435490648047,0.5840165902826233,0.2641988616087961,0.1656148638829279,0.24905553154000565,0.15562869082950892,0.18043400433339493,0.45463231109997654,0.16176391940456056,0.2505048668368501,0.172400577934301,0.4315593588917303,0.9188698639326859,0.7884841097858614,0.9222455913276817,0.35343319162065295,0.8549835888406021,0.7457894644301641
2023-03-23 12:00:00,0.4504450209234635,0.7921917579082584,0.15299115064731214,0.45022716381412314,0.5481019096783796,0.2537889788234044,0.14186294401414512,0.18008945903550533,0.38483375564652955,0.21134523851835102,0.1758791491520499,0.6299819622788494,0.4254124211689558,0.20419922941420843,0.31009456916114947,0.28582534547655547,0.25104499515112133,0.5709860466089242,0.2344953256991757,0.1694109428766819,0.20868176446295097,0.49729365490162625,0.9162631478120192,0.7598906412925798,0.9103990620990584,0.371761113699717,0.8442682178066435,0.7601020111923872
2023-03-23 13:00:00,0.4918879204053538,0.7664545283588601,0.20129244267349355,0.5184108518520659,0.6168399362711131,0.3529790842153138,0.11617248979498647,0.20244627373094426,0.35909555667305104,0.26828555009220517,0.21798824817631623,0.6270578685420443,0.4070233628806963,0.2449855332913232,0.49868821147445874,0.33748419967091214,0.276252087652143,0.6037348420974555,0.25807492695146544,0.21059579054534303,0.25506702286733823,0.5523363972828084,0.8557275323129379,0.6784782920615295,0.8564968397185894,0.4617927293721293,0.7595440511107693,0.6976733152580151
2023-03-23 14:00:00,0.4677904204324598,0.7096506227334793,0.19399947546882396,0.5227114793945621,0.6383067202038708,0.3445138389727515,0.15921616636493757,0.25335001452716605,0.3990092849685511,0.2576436491217195,0.2157033235764516,0.6079783698763764,0.4574843796174712,0.30411108912859863,0.4490453713975035,0.35506914590206823,0.29374720670876464,0.5528092418912912,0.2922315868324808,0.2928040162787969,0.31190368585643347,0.5208081717487071,0.8037270941139527,0.6407193157429223,0.7589893124874055,0.4389846252904167,0.6552873194887544,0.6778437079465848
2023-03-23 15:00:00,0.3262189020100506,0.6383277602397646,0.15582743187903147,0.42964204542885215,0.5899549489261532,0.3251493227911163,0.11843523276534039,0.23773732306080872,0.2925351889258072,0.2629990288967153,0.18064105208667935,0.4794495997074562,0.34820291725171215,0.3055236655276026,0.3828829239316272,0.2825720703299021,0.2622861401422138,0.31425118395989454,0.2820884959627077,0.3236848439507057,0.32181765662524486,0.412307097766949,0.7525543139094392,0.6504721274014326,0.6961820982048296,0.4145721761380556,0.6504362498265132,0.6841885978753632
2023-03-23 16:00:00,0.26489418421381605,0.5771547257803301,0.1136607823746878,0.3822077455704101,0.5093052286362334,0.2933089791211609,0.1279995728820396,0.14271955254654498,0.23386767135845374,0.06456129725107992,0.06426140448927184,0.37777831805773443,0.2623554972349212,0.240569590003146,0.297435252383413,0.22076513585458402,0.2730645809944473,0.27247000500148333,0.27187534660794077,0.21535649212065144,0.25186228340326877,0.2737444408030964,0.7072506643134174,0.5865521573035853,0.6606537316166239,0.34202870462117163,0.5902425372565666,0.6198271328109437
2023-03-23 17:00:00,0.2477685364900078,0.5067697018695629,0.11940337980843974,0.2729851422116227,0.36152716685585096,0.2753338493290023,0.17876334669283458,0.1342843909412581,0.23160202054362697,0.11525543126489912,0.1341362599800182,0.28926873024306077,0.2571453898171268,0.13029289248716702,0.2539657050287267,0.17412253152285423,0.22625902199254533,0.27976679082832306,0.18498794105011118,0.06402668099204857,0.129153098294767,0.2707644007332893,0.5986048885943861,0.5079202736881062,0.5854861328808136,0.28913070230904436,0.4969758849093737,0.5179518125171944
2023-03-23 18:00:00,0.15742432360555556,0.34182799341933673,0.06269257359865034,0.1313599681029508,0.3263399004468213,0.15984988142158957,0.07808066562264875,0.07100977117496601,0.11448548439459476,0.06334155597046577,0.06642530641192795,0.19295010121529618,0.12743122062936205,0.08382345736950032,0.11953416628044639,0.061706039409634025,0.14059819576477062,0.14136044122969227,0.11618921697558779,0.023909061706817017,0.08593153419173785,0.17386304104409497,0.45224368469205073,0.3547381393313372,0.5445498882311295,0.1896202463485857,0.5223385703238744,0.402854306704204
2023-03-23 19:00:00,0.12518183582594697,0.25951418979312213,0.021936822640243013,0.07250751844437947,0.22330281327328513,0.07287387728236917,0.03480566122613096,0.03271591187078147,0.04222944089163502,0.014960752379160776,0.0278589127877987,0.19349182932228112,0.03729443365166399,0.03464029754028979,0.04910225152612554,0.01788096285406094,0.07601404500144178,0.13493176560908773,0.04340358666744338,0.005119249306271299,0.0335244733810985,0.1773693563824945,0.341865624439706,0.21725065458891743,0.3593430598739167,0.14084926184091134,0.3820695333659892,0.25976010994089965
2023-03-23 20:00:00,0.008131095780563877,0.0035837546209631058,0.018267145752248828,0.0,0.1343157874357251,0.041190822743535395,0.0,0.0,0.002454073035510744,0.0,0.0,0.0,0.004435972668579218,0.0,0.00754537565982968,0.0021649092723189187,0.01401301811509879,0.0,0.0057172721331464425,0.0,0.0,0.0,0.0,0.0,0.0,0.09634523170287036,0.0,0.0
2023-03-23 21:00:00,0.0,0.0,0.0,0.0,0.0,0.0,0.0,0.0,0.0,0.0,0.0,0.0,0.0,0.0,0.0,0.0,0.0,0.0,0.0,0.0,0.0,0.0,0.0,0.0,0.0,0.0,0.0,0.0
2023-03-23 22:00:00,0.0,0.0,0.0,0.0,0.0,0.0,0.0,0.0,0.0,0.0,0.0,0.0,0.0,0.0,0.0,0.0,0.0,0.0,0.0,0.0,0.0,0.0,0.0,0.0,0.0,0.0,0.0,0.0
2023-03-23 23:00:00,0.0,0.0,0.0,0.0,0.0,0.0,0.0,0.0,0.0,0.0,0.0,0.0,0.0,0.0,0.0,0.0,0.0,0.0,0.0,0.0,0.0,0.0,0.0,0.0,0.0,0.0,0.0,0.0
2023-03-24 00:00:00,0.0,0.0,0.0,0.0,0.0,0.0,0.0,0.0,0.0,0.0,0.0,0.0,0.0,0.0,0.0,0.0,0.0,0.0,0.0,0.0,0.0,0.0,0.0,0.0,0.0,0.0,0.0,0.0
2023-03-24 01:00:00,0.0,0.0,0.0,0.0,0.0,0.0,0.0,0.0,0.0,0.0,0.0,0.0,0.0,0.0,0.0,0.0,0.0,0.0,0.0,0.0,0.0,0.0,0.0,0.0,0.0,0.0,0.0,0.0
2023-03-24 02:00:00,0.0,0.0,0.0,0.0,0.0,0.0,0.0,0.0,0.0,0.0,0.0,0.0,0.0,0.0,0.0,0.0,0.0,0.0,0.0,0.0,0.0,0.0,0.0,0.0,0.0,0.0,0.0,0.0
2023-03-24 03:00:00,0.0,0.0,0.0,0.0,0.0,0.0,0.0,0.0,0.0,0.0,0.0,0.0,0.0,0.0,0.0,0.0,0.0,0.0,0.0,0.0,0.0,0.0,0.0,0.0,0.0,0.0,0.0,0.0
2023-03-24 04:00:00,0.0,0.0,0.0,0.0,0.0,0.0,0.0,0.0,0.0,0.0,0.0,0.0,0.0,0.0,0.0,0.0,0.0,0.0,0.0,0.0,0.0,0.0,0.0,0.0,0.0,0.0,0.0,0.0
2023-03-24 05:00:00,0.0,0.0,0.0,0.0,0.0,0.0,0.0,0.0,0.0,0.0,0.0,0.0,0.0,0.0,0.0,0.0,0.0,0.0,0.0,0.0,0.0,0.0,0.0,0.0,0.0,0.0,0.0,0.0
2023-03-24 06:00:00,0.0,0.0,0.0,0.0,0.0,0.0,0.0,0.0,0.0,0.0,0.0,0.0,0.0,0.0,0.0,0.0,0.0,0.0,0.0,0.0,0.0,0.0,0.0,0.0,0.0,0.0,0.0,0.0
2023-03-24 07:00:00,0.0,0.0,0.0,0.0,0.0,0.0,0.0,0.0,0.0,0.0,0.0,0.0,0.0,0.0,0.0,0.0,0.0,0.0,0.0,0.0,0.0,0.0,0.0,0.0,0.0,0.0,0.0,0.0
2023-03-24 08:00:00,0.06320452195380169,0.12563777173830276,0.03720591088241765,0.12318125176981641,0.025721046664839677,0.0,0.06904470706057579,0.03830870097603142,0.0004241880736289223,0.062213032322344,0.04031828866037358,0.15842863617481895,0.0005750752065457605,0.03388304760978104,0.00013075876261089983,0.0002241339702387127,0.0,0.1582422904679634,0.0,0.10141321742252529,0.035200430756834315,0.13992812361950688,0.166445021818002,0.18506058201960893,0.1293296887707852,0.0,0.11759611539676257,0.19732626500266492
2023-03-24 09:00:00,0.11450166712987726,0.29429880421017557,0.05666219834434221,0.24260278227441046,0.25766899638783697,0.0923509061268106,0.08380951502660217,0.07004044772817311,0.05494602311521131,0.08481669623997695,0.05967790193285663,0.279129772308048,0.03558355826085265,0.08429205812095124,0.03663620122752927,0.034704401672794837,0.27990306358212125,0.1431194948056221,0.2713081224449578,0.11888025038664968,0.08810320711265109,0.18159373947853588,0.1916874745354289,0.3505018847135752,0.16996200047006618,0.09639402322022253,0.23555786130162262,0.3291236561160275
2023-03-24 10:00:00,0.24101828743132075,0.4240189820003409,0.16385823584116388,0.36084647858012164,0.40848257599304094,0.23745997782379683,0.13990973616708732,0.16907072261368924,0.16961017566971234,0.18204416046854408,0.1298299900910656,0.44705034050171893,0.10964263152627912,0.21137885209664187,0.04724931800798861,0.10081702395838484,0.44063729518053346,0.196743055451479,0.4233746328232198,0.2294813607463803,0.2211026370352368,0.3001252254418405,0.37974477379165417,0.4716017284841627,0.2976483452945376,0.18353467768970935,0.4320050896049548,0.4473430400688114
2023-03-24 11:00:00,0.38234485164926724,0.48300194118902173,0.3350117483045514,0.4860028236538549,0.554705638361382,0.5000261794757026,0.27326630845039207,0.26550032947069396,0.26929911633606946,0.2390431480418577,0.2114466718458401,0.58879564223195,0.2126483225791832,0.3263630597671505,0.12325154245459811,0.22952074670005868,0.5483568210728447,0.41494360899668464,0.5298750593621461,0.3094692044976769,0.3383106936679088,0.435625934917659,0.4279825143401017,0.5373138284298588,0.44896113119847897,0.35133782792907936,0.543312054145684,0.4897809086182724
2023-03-24 12:00:00,0.4419121900918017,0.5431798888478786,0.393164403549971,0.5335173206691989,0.6813465892813996,0.48848082255245856,0.41582400506609946,0.3832974974232188,0.3888295893477517,0.3159198971009002,0.32149235213286265,0.5514057884231996,0.3179476585896948,0.40025409204381646,0.24184117378166523,0.30321973260179086,0.5169844921985899,0.40014077415342625,0.4545311651170302,0.3353273521177722,0.40225955013788484,0.4395898301165255,0.6016391152561508,0.6117239779641107,0.7534264935624555,0.38768649246674997,0.671311564831967,0.5023679675580163
2023-03-24 13:00:00,0.5241438511978729,0.541164460132326,0.46859941310786557,0.47929188868418304,0.7079577939960361,0.563995800081509,0.4105935714063995,0.36311408497400666,0.5019845758794634,0.37908956175654646,0.34005025006176,0.559271251974371,0.45285495167238254,0.3517888523566721,0.33434206648604375,0.4132582227696464,0.5535367156393944,0.5256734688309469,0.5465086642352405,0.32203117715300805,0.35569428585343493,0.5246410388100767,0.5924043275328694,0.6152643347230783,0.6731460434450355,0.48630929516830596,0.6828223392251738,0.5521970111885892
2023-03-24 14:00:00,0.5047866415076748,0.5176418944440062,0.47260731535356243,0.502985673327391,0.7256971763510811,0.5664836561956558,0.39192931286360005,0.30376510309460786,0.45758542811347663,0.3337168709012732,0.3128574990845447,0.5807142096773579,0.39763100295953463,0.26023723071378463,0.3331276656310096,0.3745478104232968,0.5622193442553967,0.5082897514436127,0.4987227714675942,0.2631591833501188,0.2611644472183893,0.4777299011004454,0.5970930957986421,0.6325050339455169,0.7219009705390586,0.4765282598710354,0.7154988738034915,0.5485815266055365
2023-03-24 15:00:00,0.5441519086091954,0.48582771071648323,0.5396851940258359,0.4898330961781422,0.7311669515073671,0.611543659734423,0.4244282934906533,0.33395383397491935,0.5077945011264727,0.36492922627288404,0.3468053587339311,0.6084854460632452,0.47975586996550146,0.2857435667431726,0.3280833787786395,0.4424720127339535,0.5784454153589094,0.5903250251857416,0.5620722836760176,0.329989632958487,0.2887403583143029,0.5225024176619161,0.47111941034743043,0.5472778843713706,0.5729109858736816,0.5082222770482157,0.6136751326570552,0.5049893253124305
2023-03-24 16:00:00,0.47876448721367576,0.46651803730461255,0.49912283208235997,0.4874456104412804,0.6995471254683655,0.603541287714527,0.42307946863206114,0.31050458400328246,0.45273734059812637,0.34396022362048395,0.33022650597837305,0.5371709641663885,0.42530119765261776,0.2718767395430732,0.28645942762807985,0.34151776992110394,0.5487220100244826,0.511887293651085,0.5783484759751911,0.2764461871758914,0.27522916422400906,0.44632882116205247,0.3922709960874139,0.5550528018035931,0.49272021515157144,0.4808898268664444,0.5496855178763305,0.5364592560492452
2023-03-24 17:00:00,0.39983846528661504,0.37157018474171716,0.448483332260708,0.4047392637435354,0.6549019686458841,0.6001478161732351,0.336721139333662,0.22494632892807753,0.4100374230086345,0.2833565573247871,0.26775984083215176,0.4340450400052018,0.35558894131974456,0.16699474778015425,0.19413510904635273,0.28006102358786833,0.5978143900394212,0.43156450099366794,0.5599579015182057,0.20289241371502303,0.16565146434233075,0.3547802374669822,0.2903729196285192,0.4415083664714747,0.4447442816819707,0.41916372917728967,0.4410940509585388,0.47210944732988935
2023-03-24 18:00:00,0.3076277147503872,0.2800662119035457,0.3881169239742315,0.29120851736613723,0.5975053406122388,0.5430550730616703,0.3260972139631333,0.1966686320238614,0.29312081054848044,0.31066324255550043,0.26976387301582183,0.2921721144687718,0.2211866611712021,0.09410883130369524,0.11201230755052423,0.17019327590017677,0.484848487076841,0.3166998214941941,0.4268234472742983,0.11971419248607854,0.0901192040188854,0.30217606942007746,0.19187804908951742,0.30268984367821544,0.2657955743205166,0.3962096310801328,0.2637306373186581,0.3641070893636414
2023-03-24 19:00:00,0.21318712435149795,0.15163278732712332,0.25709918130401205,0.203340653836928,0.5051688830533564,0.4674884188061016,0.21073223190404555,0.12703184910556695,0.21139321778376124,0.1974671185258236,0.16579000154651702,0.15350010431767214,0.1436945771687937,0.07232525618307267,0.06647992110983339,0.11537042222466273,0.4657757912364695,0.15465072148508063,0.4532386704406656,0.09145263565031056,0.07102123509039737,0.14107074413771584,0.0914961254201872,0.23745188514408888,0.18350873146311858,0.3492363878897756,0.17981697698450186,0.26501480566162416
2023-03-24 20:00:00,0.07580530034890445,0.0032572665260823517,0.11811090814262615,0.0,0.345376385245146,0.2930855346615293,0.0,0.0,0.09012594639795635,0.0,0.0,0.0,0.025891904697677676,0.0,0.013342086121859447,0.0197523049255584,0.30160947082202416,0.0,0.3081308797898714,0.0,0.0,0.0,0.0,0.0,0.0,0.22063148970409951,0.0,0.0
2023-03-24 21:00:00,0.0,0.0,0.0,0.0,0.0,0.0,0.0,0.0,0.0,0.0,0.0,0.0,0.0,0.0,0.0,0.0,0.0,0.0,0.0,0.0,0.0,0.0,0.0,0.0,0.0,0.0,0.0,0.0
2023-03-24 22:00:00,0.0,0.0,0.0,0.0,0.0,0.0,0.0,0.0,0.0,0.0,0.0,0.0,0.0,0.0,0.0,0.0,0.0,0.0,0.0,0.0,0.0,0.0,0.0,0.0,0.0,0.0,0.0,0.0
2023-03-24 23:00:00,0.0,0.0,0.0,0.0,0.0,0.0,0.0,0.0,0.0,0.0,0.0,0.0,0.0,0.0,0.0,0.0,0.0,0.0,0.0,0.0,0.0,0.0,0.0,0.0,0.0,0.0,0.0,0.0
2023-03-25 00:00:00,0.0,0.0,0.0,0.0,0.0,0.0,0.0,0.0,0.0,0.0,0.0,0.0,0.0,0.0,0.0,0.0,0.0,0.0,0.0,0.0,0.0,0.0,0.0,0.0,0.0,0.0,0.0,0.0
2023-03-25 01:00:00,0.0,0.0,0.0,0.0,0.0,0.0,0.0,0.0,0.0,0.0,0.0,0.0,0.0,0.0,0.0,0.0,0.0,0.0,0.0,0.0,0.0,0.0,0.0,0.0,0.0,0.0,0.0,0.0
2023-03-25 02:00:00,0.0,0.0,0.0,0.0,0.0,0.0,0.0,0.0,0.0,0.0,0.0,0.0,0.0,0.0,0.0,0.0,0.0,0.0,0.0,0.0,0.0,0.0,0.0,0.0,0.0,0.0,0.0,0.0
2023-03-25 03:00:00,0.0,0.0,0.0,0.0,0.0,0.0,0.0,0.0,0.0,0.0,0.0,0.0,0.0,0.0,0.0,0.0,0.0,0.0,0.0,0.0,0.0,0.0,0.0,0.0,0.0,0.0,0.0,0.0
2023-03-25 04:00:00,0.0,0.0,0.0,0.0,0.0,0.0,0.0,0.0,0.0,0.0,0.0,0.0,0.0,0.0,0.0,0.0,0.0,0.0,0.0,0.0,0.0,0.0,0.0,0.0,0.0,0.0,0.0,0.0
2023-03-25 05:00:00,0.0,0.0,0.0,0.0,0.0,0.0,0.0,0.0,0.0,0.0,0.0,0.0,0.0,0.0,0.0,0.0,0.0,0.0,0.0,0.0,0.0,0.0,0.0,0.0,0.0,0.0,0.0,0.0
2023-03-25 06:00:00,0.0,0.0,0.0,0.0,0.0,0.0,0.0,0.0,0.0,0.0,0.0,0.0,0.0,0.0,0.0,0.0,0.0,0.0,0.0,0.0,0.0,0.0,0.0,0.0,0.0,0.0,0.0,0.0
2023-03-25 07:00:00,0.0,0.0,0.0,0.0,0.0,0.0,0.0,0.0,0.0,0.0,0.0,0.0,0.0,0.0,0.0,0.0,0.0,0.0,0.0,0.0,0.0,0.0,0.0,0.0,0.0,0.0,0.0,0.0
2023-03-25 08:00:00,0.04844528826117331,0.06749446931508157,0.08381900578057976,0.10791148077769962,0.055895239866662595,0.0,0.04946990955205064,0.07165122542229012,0.027308912766206617,0.11150000045252384,0.07177490428891087,0.12467141745479397,0.0358962274993563,0.07321138187328007,0.012266069640371838,0.012129568590435024,0.0,0.08274415136860368,0.0,0.13788151970152557,0.07633015264357197,0.10520066329572796,0.2695217779744932,0.16197252630210687,0.15875166240302213,0.0,0.18559451242684738,0.22778962953242898
2023-03-25 09:00:00,0.2647553550896339,0.1672554161628618,0.13089633296231667,0.2633861362222078,0.2831430880366723,0.20373627365752614,0.13986842174697406,0.18161366063190906,0.264364672059666,0.22478801300787965,0.15787628421735894,0.38303574073904884,0.2443743897318313,0.20912891225690805,0.12779503227197042,0.24104698617777157,0.2558667696411331,0.30918939391271144,0.2791132188416596,0.3123073108911068,0.21691201639858432,0.33017122899982426,0.44980717739474924,0.31186856418150893,0.2677474207614826,0.27263838954811437,0.33678908476170416,0.37862751341302014
2023-03-25 10:00:00,0.4047302177403015,0.26640050254237824,0.2910667933993032,0.46478088969392856,0.37731206791462324,0.3221612549712797,0.2250301069251324,0.27227656324908617,0.353636706552468,0.3418260383447678,0.27717871882153927,0.5940273562099736,0.3795741954870925,0.28102719266845316,0.25026123281850515,0.40028907110422246,0.396170383642765,0.40877836784390215,0.4206441713022427,0.29656382884734944,0.28466436246198196,0.4987485914347182,0.5767134746083251,0.542143531599312,0.4376381814042562,0.39737726769435283,0.42656175404736585,0.5528715287671454
2023-03-25 11:00:00,0.5545107171918178,0.3496267755960853,0.3850974549949295,0.5561694938499476,0.5242280133312207,0.4855562924659688,0.3599992831605751,0.4431114717705142,0.48099422515992557,0.5479141046371742,0.47483018267534693,0.6278540173768271,0.5034690299704051,0.4251044169030013,0.37817975638533224,0.4624580256514452,0.5939041792544573,0.4968080159202099,0.53034216072822,0.4412011963878378,0.4291872654368717,0.6538209087358805,0.5538332240238102,0.5422448881710067,0.4600106717152903,0.5102766341110988,0.5090369371580479,0.5945906338836372
2023-03-25 12:00:00,0.5380522221462971,0.37441480347821826,0.6533378532235716,0.4834047795166682,0.5758150620460643,0.6470179770980115,0.5856239350538818,0.5962928724080334,0.49714855093333415,0.6757538043946837,0.6303849100863272,0.5579311336984701,0.4762198574574038,0.5552576790335481,0.3663502540933691,0.39604264339874884,0.6812003899263103,0.48282929653250406,0.625681429088459,0.5049279653608143,0.556698619568047,0.6061389161121412,0.5870961663127464,0.5387307852683582,0.5646282719721052,0.6762671651617451,0.6289153182545613,0.5413794026964674
2023-03-25 13:00:00,0.5893996542583425,0.4445404908701252,0.6071053554991148,0.5994791485120433,0.5801243079861249,0.6125611371367673,0.5558963224198541,0.5594769061644147,0.5509551000443813,0.584372520600373,0.5250261198838121,0.6159824018127706,0.5473061163903857,0.5956987834362241,0.37083348149596246,0.4410505357609389,0.6842184087504137,0.6452703314646469,0.6609598623180601,0.6260057498083055,0.61285280369554,0.6338359080261259,0.6133053234747269,0.550562066477844,0.6081135714571364,0.7257695975136274,0.6601453854794993,0.5306625921133814
2023-03-25 14:00:00,0.6340249786579302,0.5136450159168077,0.5957402369581317,0.6568755543363323,0.590263820667526,0.6341234548954267,0.6196296224439356,0.6379749643028338,0.6370052353378118,0.6722070254354,0.6319336592890099,0.675336647493668,0.615072401229554,0.6489700183768714,0.4278741728060765,0.5211853958496903,0.7327157954681351,0.6540227424523227,0.7274729961179434,0.6299017431701395,0.6587016611734523,0.6810902242395,0.6795895515914332,0.5899782872227651,0.5750377894509081,0.730628328132555,0.7176254923187113,0.5717400602468693
2023-03-25 15:00:00,0.6177773418473377,0.5135781788820063,0.48477929581436885,0.5765930547417869,0.5389330691692483,0.6313164696404234,0.5033032159422222,0.5710595315706427,0.6050264025943788,0.6129888073537921,0.5443901003500462,0.568681217232438,0.5550058733538057,0.6116135231275863,0.4692118875974736,0.46908668562664263,0.6923036664264323,0.6959956775251247,0.6622159152593773,0.618411536364079,0.6261574399033522,0.6520005773708334,0.6286614602932566,0.6288579381238372,0.6623677045558293,0.7215909917804246,0.7124495522404488,0.5914040033191733
2023-03-25 16:00:00,0.6198846415281687,0.5460201713368407,0.4588706055389948,0.5855425778176767,0.505080253284342,0.5323080336260306,0.5065576781225581,0.5885485411597317,0.5745841102880811,0.5995741458071357,0.5469496698371028,0.6039243472633027,0.5510906112250554,0.6184939315640403,0.3989297197840146,0.4833711338787289,0.659939731314001,0.6526018643616281,0.6101961190578462,0.6394004575451877,0.6276671466479097,0.6310075123588099,0.568058789006219,0.6042765386519263,0.6349631868120728,0.6506332807900194,0.6816284343953587,0.5670885647407645
2023-03-25 17:00:00,0.6035221568808906,0.5169589206492425,0.41236721200180404,0.5313101014962425,0.4669607744097212,0.47466349934327834,0.3506042642154181,0.4251030448404048,0.5405538438635074,0.41641287912734715,0.348591462674771,0.5310186520214321,0.45279877038263344,0.5228235494416453,0.37278956060708107,0.35906553973848365,0.5900728272309003,0.57557411449009,0.5740239989691416,0.5831772471886645,0.5409342259665081,0.5346299155906503,0.5543983752594244,0.5456557349756875,0.5973375496079628,0.601904209025902,0.6012210736769585,0.49953706132731635
2023-03-25 18:00:00,0.5029590362094133,0.4224945728282183,0.4414716726953519,0.38063576441646324,0.37048709208440805,0.40670855915313614,0.2878293624290364,0.4078260155137841,0.32202626047839983,0.5605156662128971,0.44048321759739495,0.37417038878813014,0.2729495408896175,0.4399515762981594,0.2849492354809368,0.2948958768034176,0.5602961169503458,0.46092347722566757,0.5531412881301193,0.5533706927143417,0.4584315558427492,0.5433997614306776,0.45737713840036376,0.42311122011667446,0.49734313143920833,0.5102256885557056,0.4113391681843287,0.3973776658326855
2023-03-25 19:00:00,0.4107621236372019,0.29293993203525936,0.4143960297777557,0.32891777862763366,0.3315275520814263,0.3388712635247494,0.2655493097291968,0.374951455064646,0.27875580179279735,0.45708659841853416,0.3918814845275901,0.3281229409577009,0.23096441333796988,0.3928747773360801,0.24810247449008102,0.27570888971502094,0.48488192052753515,0.37832886252709447,0.4356895683812502,0.44811226489675615,0.3983801981803322,0.4067198500385574,0.33105584230263835,0.3249905486376706,0.3307253747720572,0.4417017822102088,0.27661451859877473,0.2992701396906607
2023-03-25 20:00:00,0.13363106671612163,0.03313269806134234,0.21689381725479773,0.0,0.21415941319682383,0.20034544720256925,0.0,0.0,0.27516330188142024,0.0,0.0,0.0,0.29103237021498524,0.0,0.2557544587214552,0.2702284848711875,0.28740835935225173,0.0,0.24331078285503682,0.0,0.0,0.0,0.0,0.0,0.0,0.31651215978773933,0.0,0.0
2023-03-25 21:00:00,0.0,0.0,0.0,0.0,0.0,0.0,0.0,0.0,0.0,0.0,0.0,0.0,0.0,0.0,0.0,0.0,0.0,0.0,0.0,0.0,0.0,0.0,0.0,0.0,0.0,0.0,0.0,0.0
2023-03-25 22:00:00,0.0,0.0,0.0,0.0,0.0,0.0,0.0,0.0,0.0,0.0,0.0,0.0,0.0,0.0,0.0,0.0,0.0,0.0,0.0,0.0,0.0,0.0,0.0,0.0,0.0,0.0,0.0,0.0
2023-03-25 23:00:00,0.0,0.0,0.0,0.0,0.0,0.0,0.0,0.0,0.0,0.0,0.0,0.0,0.0,0.0,0.0,0.0,0.0,0.0,0.0,0.0,0.0,0.0,0.0,0.0,0.0,0.0,0.0,0.0
2023-03-26 00:00:00,0.0,0.0,0.0,0.0,0.0,0.0,0.0,0.0,0.0,0.0,0.0,0.0,0.0,0.0,0.0,0.0,0.0,0.0,0.0,0.0,0.0,0.0,0.0,0.0,0.0,0.0,0.0,0.0
2023-03-26 01:00:00,0.0,0.0,0.0,0.0,0.0,0.0,0.0,0.0,0.0,0.0,0.0,0.0,0.0,0.0,0.0,0.0,0.0,0.0,0.0,0.0,0.0,0.0,0.0,0.0,0.0,0.0,0.0,0.0
2023-03-26 02:00:00,0.0,0.0,0.0,0.0,0.0,0.0,0.0,0.0,0.0,0.0,0.0,0.0,0.0,0.0,0.0,0.0,0.0,0.0,0.0,0.0,0.0,0.0,0.0,0.0,0.0,0.0,0.0,0.0
2023-03-26 03:00:00,0.0,0.0,0.0,0.0,0.0,0.0,0.0,0.0,0.0,0.0,0.0,0.0,0.0,0.0,0.0,0.0,0.0,0.0,0.0,0.0,0.0,0.0,0.0,0.0,0.0,0.0,0.0,0.0
2023-03-26 04:00:00,0.0,0.0,0.0,0.0,0.0,0.0,0.0,0.0,0.0,0.0,0.0,0.0,0.0,0.0,0.0,0.0,0.0,0.0,0.0,0.0,0.0,0.0,0.0,0.0,0.0,0.0,0.0,0.0
2023-03-26 05:00:00,0.0,0.0,0.0,0.0,0.0,0.0,0.0,0.0,0.0,0.0,0.0,0.0,0.0,0.0,0.0,0.0,0.0,0.0,0.0,0.0,0.0,0.0,0.0,0.0,0.0,0.0,0.0,0.0
2023-03-26 06:00:00,0.0,0.0,0.0,0.0,0.0,0.0,0.0,0.0,0.0,0.0,0.0,0.0,0.0,0.0,0.0,0.0,0.0,0.0,0.0,0.0,0.0,0.0,0.0,0.0,0.0,0.0,0.0,0.0
2023-03-26 07:00:00,0.0,0.0,0.0,0.0,0.0,0.0,0.0,0.0,0.0,0.0,0.0,0.0,0.0,0.0,0.0,0.0,0.0,0.0,0.0,0.0,0.0,0.0,0.0,0.0,0.0,0.0,0.0,0.0
2023-03-26 08:00:00,0.19595018884987087,0.33580582767242373,0.23449783305862504,0.21674988449567634,0.05705666446839264,0.0046799194699688705,0.2184382075886897,0.24697079377416783,0.08936401088818338,0.260623259148985,0.23671099920843194,0.2643236064395307,0.10604211488628013,0.2687758326106672,0.08504518623444077,0.026555159221355245,0.0,0.179930784054779,0.0,0.2737125928531188,0.27341658910799754,0.2468677274970399,0.538530197270131,0.39788183783793274,0.4609123634425062,0.019672324205670656,0.3931956732311508,0.42599881862675726
2023-03-26 09:00:00,0.2597418695740761,0.46934894867132826,0.4071513938752092,0.2982401618184692,0.4840508475317624,0.4005745992953904,0.47065126924608824,0.46022070746602556,0.15790718372317195,0.4645284120370825,0.4638001523958716,0.3224970181766907,0.1847338938968451,0.4052750666962394,0.2625438106464198,0.18798990018777964,0.17603091011269925,0.15739215777502955,0.15520222571332204,0.41606068205148516,0.3995415600265169,0.2956807931949814,0.7672677792500081,0.5859922636363469,0.7078146042859504,0.3982283281857612,0.5626717382346166,0.6079967078705691
2023-03-26 10:00:00,0.4232326085082108,0.6182491990502322,0.5560316542602433,0.5050436666016428,0.6982866766983925,0.5839425315551332,0.5587489380652836,0.5404249081421181,0.35897726059511303,0.6096144014831281,0.5959153350552725,0.4996162547364656,0.4233988791115606,0.476044218107931,0.5340759215303494,0.40701479528887224,0.34794950780257955,0.40154547474453534,0.3738073679557505,0.48536544532771003,0.4728176427529168,0.48593032100710737,0.8055324442994,0.7583499590145741,0.843101284989896,0.6108031677931851,0.7213856808576914,0.7658601107082402
2023-03-26 11:00:00,0.5802713730203763,0.712779053760153,0.7034267756065513,0.6690047435616567,0.8127650334123291,0.715744737648651,0.6574280261931768,0.6100193851097965,0.42844824065615417,0.6220898480964732,0.6508498446413736,0.6649249826855624,0.4971321134802282,0.5663879064575553,0.5771680768155905,0.4626830421285055,0.43926214612255876,0.46875016644971695,0.47195314366684604,0.5624562964983554,0.5627747692955903,0.5768134607548292,0.8230124977580167,0.8435510801969884,0.8941191520260133,0.741232004245137,0.7705875074356312,0.838296354200599
2023-03-26 12:00:00,0.6259839862746529,0.6520672427142731,0.7056670801886512,0.6368464021297018,0.8793032126880306,0.769375790951085,0.6431301820891808,0.6385778001496095,0.48845627660148005,0.6720513850205183,0.6734141365263173,0.6535444264332102,0.5636911496924799,0.6377259259136882,0.5859042387298639,0.5270596754272253,0.4785040132210771,0.5346248195146448,0.5770975327433497,0.6082658024145907,0.6447889252691874,0.6568563712015534,0.7682187314443386,0.740702474316207,0.8372257428523504,0.7504838900035774,0.7000350962226939,0.7558983416190194
2023-03-26 13:00:00,0.6714279892896055,0.700798673358543,0.722458002035276,0.6623526681101619,0.9071201993358452,0.7838792485731187,0.7476808967950089,0.7381447738061241,0.585302073700356,0.718874526895029,0.7449428086078681,0.7430510754312943,0.6522850005486153,0.7085362192214603,0.5273373432301521,0.6118043585212808,0.49658683165035944,0.639531190841819,0.5431035059686955,0.6286030077768268,0.7054850609289515,0.7375519053646391,0.7108467946764071,0.7515958238709236,0.8379684789159136,0.748314204191608,0.75546910010419,0.759023619069405
2023-03-26 14:00:00,0.6964085726355482,0.7008873306929846,0.6704481648838813,0.5407587640247395,0.8999100149759541,0.7633648233188707,0.6349455238992726,0.6301806154089166,0.5460217119225472,0.6840161091433499,0.6723989433864663,0.713321384487543,0.5937857821701202,0.6075243309783066,0.5140236654142714,0.5295084987456451,0.4462275094849301,0.695401340083298,0.5076391016679169,0.5037199983904214,0.6111818881470794,0.7649887787607116,0.7715179825345255,0.7319602265525758,0.8257611579984002,0.7064654375145469,0.7244608761070838,0.7348694639838943
2023-03-26 15:00:00,0.6700546437284541,0.6561403895768373,0.6643785166520606,0.601141756771137,0.8646771623221469,0.6906895351596977,0.5428393576165619,0.6171244512072837,0.5421324531308488,0.7048522021103723,0.6388205227251165,0.7113492050296981,0.6245184208520931,0.6286557079938383,0.46075428430512977,0.5339743589031357,0.493183641616705,0.7485852929331566,0.5569108360458287,0.6177724491851507,0.6408134645161775,0.7507979051759422,0.7160550666200782,0.7750113957881704,0.7734765706968963,0.6316126458142065,0.7067583890823214,0.796083112435923
2023-03-26 16:00:00,0.6430627431144209,0.6228666098081471,0.6749134933268053,0.5627331155183577,0.7989994836543841,0.6607582355108177,0.6577253554292747,0.675635423123878,0.5535428020243259,0.7140299489742384,0.6915917512397587,0.6721421349313075,0.6112063108169828,0.6364246914346898,0.5237515344243661,0.5565129478349744,0.4908349172115009,0.7024780572633352,0.5905934621450919,0.6586928795203191,0.6365563322839115,0.7081628021577903,0.6620028043150686,0.7293276909159343,0.6987450725175808,0.5702756002832443,0.6288126923283668,0.7400637785188913
2023-03-26 17:00:00,0.609928611590329,0.6045079602695138,0.6219668969782997,0.5340486501872355,0.7641950663815601,0.6683824784746419,0.6126301741641059,0.64475156224898,0.5241578769823724,0.6745129154329071,0.6523831729669001,0.644667911623023,0.5969298627510794,0.6315765615269844,0.5216961329262425,0.4945296340519901,0.5453876551971344,0.6937060391515487,0.6030994323676327,0.6349523313733718,0.6349953388640673,0.7016267940405755,0.6343389219312544,0.633169668738896,0.6100348990141158,0.5521151914199102,0.5329222818145208,0.682305571646782
2023-03-26 18:00:00,0.48434797028709503,0.4540198724518338,0.5359583637134765,0.4740141540119287,0.6942609434396237,0.6182159429514271,0.5198814044502563,0.5847325183511219,0.4283942005984288,0.6257723850891458,0.597206084411726,0.5157153802764963,0.5131766580726873,0.5617467091567652,0.46059462710383414,0.44849973909694424,0.5400736695770995,0.5634200304412782,0.539651749638567,0.5848763472211832,0.5635078384685622,0.5949754245450242,0.461174652182026,0.507576894132425,0.5156574743019681,0.5395779421224673,0.4049252095402025,0.5712156198247785
2023-03-26 19:00:00,0.41407346110684606,0.35217383654783946,0.3940441299593128,0.4319253278679167,0.6145187804177705,0.5493151341573824,0.3015404818377168,0.3473241069321313,0.27905632423052523,0.4414413258756426,0.3689550332113628,0.4745673478710818,0.36379143308418516,0.34008350325671,0.33925310872125614,0.30257989379114775,0.46833834713540257,0.5469730475415803,0.4687754135896787,0.4952558142436012,0.3489769895042569,0.5444337355074449,0.33517289538863715,0.3533677876350792,0.34401241585887693,0.5276960835086106,0.3065269303491517,0.3805544831392736
2023-03-26 20:00:00,0.15906876374259477,0.08204028335785422,0.21474074430107154,0.0,0.48615162605606016,0.39915450937528446,0.0,0.0,0.19703672093257932,0.0,0.0,0.0,0.2261637742074816,0.0,0.24179920874278651,0.15489266349651126,0.3422763499404914,0.13069301107424416,0.37518769658623513,0.0,0.0,0.0,0.0,0.0,0.0,0.39557670876888523,0.0,0.0
2023-03-26 21:00:00,0.0,0.0,0.0,0.0,0.004996958176372774,0.0,0.0,0.0,0.0,0.0,0.0,0.0,0.0,0.0,0.0,0.0,0.0,0.0,0.0,0.0,0.0,0.0,0.0,0.0,0.0,0.0,0.0,0.0
2023-03-26 22:00:00,0.0,0.0,0.0,0.0,0.0,0.0,0.0,0.0,0.0,0.0,0.0,0.0,0.0,0.0,0.0,0.0,0.0,0.0,0.0,0.0,0.0,0.0,0.0,0.0,0.0,0.0,0.0,0.0
2023-03-26 23:00:00,0.0,0.0,0.0,0.0,0.0,0.0,0.0,0.0,0.0,0.0,0.0,0.0,0.0,0.0,0.0,0.0,0.0,0.0,0.0,0.0,0.0,0.0,0.0,0.0,0.0,0.0,0.0,0.0
2023-03-27 00:00:00,0.0,0.0,0.0,0.0,0.0,0.0,0.0,0.0,0.0,0.0,0.0,0.0,0.0,0.0,0.0,0.0,0.0,0.0,0.0,0.0,0.0,0.0,0.0,0.0,0.0,0.0,0.0,0.0
2023-03-27 01:00:00,0.0,0.0,0.0,0.0,0.0,0.0,0.0,0.0,0.0,0.0,0.0,0.0,0.0,0.0,0.0,0.0,0.0,0.0,0.0,0.0,0.0,0.0,0.0,0.0,0.0,0.0,0.0,0.0
2023-03-27 02:00:00,0.0,0.0,0.0,0.0,0.0,0.0,0.0,0.0,0.0,0.0,0.0,0.0,0.0,0.0,0.0,0.0,0.0,0.0,0.0,0.0,0.0,0.0,0.0,0.0,0.0,0.0,0.0,0.0
2023-03-27 03:00:00,0.0,0.0,0.0,0.0,0.0,0.0,0.0,0.0,0.0,0.0,0.0,0.0,0.0,0.0,0.0,0.0,0.0,0.0,0.0,0.0,0.0,0.0,0.0,0.0,0.0,0.0,0.0,0.0
2023-03-27 04:00:00,0.0,0.0,0.0,0.0,0.0,0.0,0.0,0.0,0.0,0.0,0.0,0.0,0.0,0.0,0.0,0.0,0.0,0.0,0.0,0.0,0.0,0.0,0.0,0.0,0.0,0.0,0.0,0.0
2023-03-27 05:00:00,0.0,0.0,0.0,0.0,0.0,0.0,0.0,0.0,0.0,0.0,0.0,0.0,0.0,0.0,0.0,0.0,0.0,0.0,0.0,0.0,0.0,0.0,0.0,0.0,0.0,0.0,0.0,0.0
2023-03-27 06:00:00,0.0,0.0,0.0,0.0,0.0,0.0,0.0,0.0,0.0,0.0,0.0,0.0,0.0,0.0,0.0,0.0,0.0,0.0,0.0,0.0,0.0,0.0,0.0,0.0,0.0,0.0,0.0,0.0
2023-03-27 07:00:00,0.0,0.0,0.0,0.0,0.0,0.0,0.0,0.0,0.0,0.0,0.0,0.0,0.0,0.0,0.0,0.0,0.0,0.0,0.0,0.0,0.0,0.0,0.0,0.0,0.0,0.0,0.0,0.0
2023-03-27 08:00:00,0.2847732438187057,0.21651439977449505,0.2633075956172436,0.4775606648380389,0.11815458521274849,0.016351121308111675,0.25795525061405794,0.26875310589827855,0.2442363897390822,0.2980419221166302,0.26487616100408345,0.48317655283081984,0.35369835186200843,0.27353102079456754,0.282560885604865,0.2636623022398842,0.0,0.40718867393782715,0.0,0.37249399115558157,0.2776110235878965,0.40368753334921453,0.2370683836491876,0.47899711335746076,0.33394428514786695,0.06925692652542079,0.40235306492811423,0.4680437213984217
2023-03-27 09:00:00,0.4128331063130826,0.3301106734656626,0.41751633917108033,0.6737491194690451,0.5695514611079467,0.5591525954422365,0.3380150035776232,0.34953286170076375,0.49582523249210675,0.4329594162036505,0.33964583723598185,0.6067041673111049,0.5304499829321244,0.3784523977048401,0.4703260811189382,0.551182296362496,0.5052008422385054,0.4835115445979576,0.500587297827804,0.5337791803157095,0.3969930578593733,0.49628447041448237,0.397103664535726,0.6619657062180374,0.5300651083613315,0.5198854982559512,0.634650918296523,0.6717816771306314
2023-03-27 10:00:00,0.6064357260454014,0.4642709251196852,0.5900372574590196,0.8102691855172192,0.7645023384193831,0.7396755631121289,0.5595409399855438,0.506026669613214,0.6601160998645991,0.5759529684167375,0.5186669279856447,0.7822519221455668,0.699832401167653,0.498427704794318,0.6341814181831376,0.7180568204766068,0.6787361205246306,0.6841469199177309,0.6728819962884023,0.604135874825866,0.5091634111228117,0.6710058754568053,0.48711850888111957,0.7761557147110062,0.6828526455076972,0.6723519712765307,0.7411577663441078,0.760744326468885
2023-03-27 11:00:00,0.7871319433275159,0.6582069130446921,0.7021584176176302,0.8691789875018199,0.8524533892953154,0.835522206092079,0.5265107645420708,0.544051897724608,0.7949875264336368,0.6855003693214189,0.5809880157012364,0.8683010679665445,0.8115103004483393,0.5772095810673608,0.72440326924826,0.788551645270664,0.765989604232515,0.837969788107863,0.7587599777325529,0.7101590903005668,0.6001736629271174,0.8166591131255712,0.5452613306427609,0.8296694021679828,0.7636974592448754,0.809907955538185,0.8316926900764643,0.7943212449048631
2023-03-27 12:00:00,0.8302759472613095,0.7193188207600221,0.7602865989939954,0.8542593996417771,0.8993703000530372,0.8811126208727285,0.739960946133792,0.7624198365577016,0.8301364328315913,0.7769309675098114,0.7566484996223375,0.8650799989710728,0.8427302183449527,0.782287631934264,0.7782321761922788,0.8241055087935939,0.8100458586810054,0.8867713650491386,0.8020640891680134,0.8093755100712102,0.788176971683338,0.8697049666374609,0.5810751058969403,0.7496507949735416,0.8319181761411415,0.8675928067576306,0.8374215104078913,0.7228589926321664
2023-03-27 13:00:00,0.8475573579301215,0.7149719133995841,0.8148508181449465,0.8605927491461517,0.9170322330783336,0.8997275974274405,0.8046629953579917,0.8117091123597224,0.8399390589973641,0.810350124399734,0.8034810139654693,0.8995103103811115,0.8522625401711498,0.8181215065225811,0.8016492519352499,0.8395990580378393,0.833984899250809,0.8777143106268998,0.8248803474922398,0.8271587268099676,0.8213871998403153,0.8832342575997312,0.6177582359616546,0.7531001117302671,0.8117438022441624,0.8817976859245265,0.8314917069630058,0.7386768011427294
2023-03-27 14:00:00,0.8523670956114566,0.7258736294904238,0.8352980216582254,0.793544697196199,0.9120423521969643,0.9060556238125638,0.8264858181900956,0.8314972815311918,0.8172303562457376,0.8299744993251861,0.8327208200902902,0.8511981651301728,0.8054732305928425,0.8275803852372778,0.8148486436171767,0.8103826995498825,0.8432920216714332,0.8797178526218988,0.8339506976732487,0.8196817230785705,0.8284850656636883,0.8849324917613345,0.58616176942723,0.7447773199509642,0.7996186894330698,0.8847066235635211,0.8351405650967083,0.746131010162482
2023-03-27 15:00:00,0.7973075090180741,0.6775641959914633,0.8120261299321854,0.776945644400844,0.8938043986469997,0.9023217881209571,0.8302851748691428,0.8461842492050851,0.8013195679188311,0.843403645286798,0.8524943506037826,0.8044680776353172,0.7965319518933907,0.8304292368299495,0.8074686212424748,0.7844322119082521,0.8400390341650789,0.8033482221003352,0.8302629825684817,0.8328667898686973,0.8286781660111315,0.8259109556466745,0.574699176757196,0.7030914888304753,0.729676855753285,0.8891970786985591,0.8369920551171254,0.7062886847100281
2023-03-27 16:00:00,0.7440618753797542,0.6542847988818427,0.7786862321540476,0.7733726101976454,0.8390042548296693,0.8893532466244819,0.7914474553461761,0.8245428176683901,0.7769733932159658,0.8176228278401054,0.8225702755913155,0.7817029123971279,0.7757823986724431,0.820598603349317,0.8006904559890732,0.7701778927783556,0.8248929082475284,0.7814238720029979,0.8152419958936474,0.8200391260234305,0.8192688468500584,0.7907462619739313,0.5728365105728694,0.6613977696608367,0.6654357258906081,0.8886137509225477,0.8192738796436653,0.6564011524923259
2023-03-27 17:00:00,0.7176433644923698,0.6886705976209683,0.7483273802536635,0.7198310897138064,0.7758850514605111,0.8543550689622071,0.7726819567158559,0.7900625132957225,0.7568434776906102,0.7857923686132745,0.7950310322445314,0.7236680633126014,0.7626920274521718,0.7728169262606595,0.7961502288413863,0.7617652604703802,0.7936733304313843,0.7637077205124863,0.7848261024423577,0.7730654691188699,0.7710253749283029,0.7767261556102826,0.46824412907713225,0.5972886366608225,0.6424600721017522,0.8544216504232428,0.7808763701532365,0.6033073383875669
2023-03-27 18:00:00,0.6750514095895385,0.6133090575376192,0.7130187901092668,0.6714853646617591,0.6810729748614078,0.7888447976235873,0.6945784706822676,0.7094178603685548,0.718460826955991,0.7139959884470009,0.7234841559576998,0.7039563589134469,0.7237679620504929,0.689186930520538,0.7411892921166153,0.7087909054361757,0.7365197426880398,0.7271745082006341,0.7283049365000803,0.6963293840800979,0.6874056147158053,0.7375704786267375,0.3614158040659573,0.5220364392932133,0.5393774918723184,0.7846653681848474,0.6832780258003113,0.5263032154907692
2023-03-27 19:00:00,0.5437880838063162,0.509706303181011,0.5793626191732149,0.4766526939499469,0.5785161379943351,0.6690400938516142,0.5206200539046535,0.531724132279808,0.6070633821695018,0.5587777193169735,0.5626070941828126,0.49364653308175543,0.610181540111132,0.4921094851267827,0.6268647153632179,0.6057751593587842,0.6279325082176466,0.5284698755453213,0.6222971431491645,0.5169361439560094,0.4882916760569303,0.5275623760970636,0.25476851976385584,0.4067715508163838,0.48355340131675995,0.6618177760126364,0.5648563491971424,0.40577245740173923
2023-03-27 20:00:00,0.3669377413744909,0.15311362196665693,0.47951998639587834,0.0,0.4016499406033181,0.4563684204826242,0.21653130025165776,0.09619141837327205,0.43091462970229905,0.2665557833583828,0.27199517338317036,0.0,0.4329075030946138,0.0,0.43192867683428726,0.4129124071180697,0.4312083912428135,0.31858869589682887,0.4292077222839379,0.0,0.0,0.17355972623996174,0.0,0.0,0.0,0.4540300839017235,0.010095518721681237,0.0
2023-03-27 21:00:00,0.0,0.0,0.0,0.0,0.007564370067437306,0.0,0.0,0.0,0.0,0.0,0.0,0.0,0.0,0.0,0.0,0.0,0.0,0.0,0.0,0.0,0.0,0.0,0.0,0.0,0.0,0.0,0.0,0.0
2023-03-27 22:00:00,0.0,0.0,0.0,0.0,0.0,0.0,0.0,0.0,0.0,0.0,0.0,0.0,0.0,0.0,0.0,0.0,0.0,0.0,0.0,0.0,0.0,0.0,0.0,0.0,0.0,0.0,0.0,0.0
2023-03-27 23:00:00,0.0,0.0,0.0,0.0,0.0,0.0,0.0,0.0,0.0,0.0,0.0,0.0,0.0,0.0,0.0,0.0,0.0,0.0,0.0,0.0,0.0,0.0,0.0,0.0,0.0,0.0,0.0,0.0
2023-03-28 00:00:00,0.0,0.0,0.0,0.0,0.0,0.0,0.0,0.0,0.0,0.0,0.0,0.0,0.0,0.0,0.0,0.0,0.0,0.0,0.0,0.0,0.0,0.0,0.0,0.0,0.0,0.0,0.0,0.0
2023-03-28 01:00:00,0.0,0.0,0.0,0.0,0.0,0.0,0.0,0.0,0.0,0.0,0.0,0.0,0.0,0.0,0.0,0.0,0.0,0.0,0.0,0.0,0.0,0.0,0.0,0.0,0.0,0.0,0.0,0.0
2023-03-28 02:00:00,0.0,0.0,0.0,0.0,0.0,0.0,0.0,0.0,0.0,0.0,0.0,0.0,0.0,0.0,0.0,0.0,0.0,0.0,0.0,0.0,0.0,0.0,0.0,0.0,0.0,0.0,0.0,0.0
2023-03-28 03:00:00,0.0,0.0,0.0,0.0,0.0,0.0,0.0,0.0,0.0,0.0,0.0,0.0,0.0,0.0,0.0,0.0,0.0,0.0,0.0,0.0,0.0,0.0,0.0,0.0,0.0,0.0,0.0,0.0
2023-03-28 04:00:00,0.0,0.0,0.0,0.0,0.0,0.0,0.0,0.0,0.0,0.0,0.0,0.0,0.0,0.0,0.0,0.0,0.0,0.0,0.0,0.0,0.0,0.0,0.0,0.0,0.0,0.0,0.0,0.0
2023-03-28 05:00:00,0.0,0.0,0.0,0.0,0.0,0.0,0.0,0.0,0.0,0.0,0.0,0.0,0.0,0.0,0.0,0.0,0.0,0.0,0.0,0.0,0.0,0.0,0.0,0.0,0.0,0.0,0.0,0.0
2023-03-28 06:00:00,0.0,0.0,0.0,0.0,0.0,0.0,0.0,0.0,0.0,0.0,0.0,0.0,0.0,0.0,0.0,0.0,0.0,0.0,0.0,0.0,0.0,0.0,0.0,0.0,0.0,0.0,0.0,0.0
2023-03-28 07:00:00,0.0,0.0,0.0,0.0,0.0,0.0,0.0,0.0,0.0,0.0,0.0,0.0,0.0,0.0,0.0,0.0,0.0,0.0,0.0,0.0,0.0,0.0,0.0,0.0,0.0,0.0,0.0,0.0
2023-03-28 08:00:00,0.46451827739210827,0.5118645912307016,0.28816895046050933,0.4268534618621551,0.15732014364059965,0.05818151599743869,0.2565282957311153,0.277189907041543,0.41145505538100796,0.3628620515226353,0.3142904422250291,0.4900317724106054,0.4839742276279145,0.26209830262113337,0.4992430424555126,0.4534074603471293,0.0,0.45201954930206284,0.0,0.33717973174767857,0.2652346903016837,0.44221913100893157,0.5277516686125853,0.5336745506957749,0.6160395839120227,0.22269057923877508,0.5658326051715306,0.519236072709724
2023-03-28 09:00:00,0.6597819044159243,0.7305883429314179,0.4755579561368671,0.6686338042855968,0.34991684685604413,0.5705005844210254,0.5203853166302012,0.5466008343397383,0.628806389887606,0.5714408103744559,0.5458011107284979,0.7272271008386798,0.6479098104569139,0.565449808739136,0.6333507731327825,0.6215486862438692,0.5149255213453027,0.6739449119332472,0.508840908024131,0.5818212191360934,0.5694170672563306,0.6687112366870006,0.6998348077796109,0.7376170021190636,0.8074489650492556,0.5999700724160884,0.7711207405893034,0.7185588529312344
2023-03-28 10:00:00,0.7996986785180688,0.8529831682237523,0.670432582368091,0.8061466639945079,0.5072185089887323,0.744801634108447,0.711868856957712,0.7215328969218504,0.7713825756416267,0.7180129676922076,0.7233981147156219,0.8637291384672567,0.7892616442771297,0.7237189876891549,0.7771255383989817,0.7649241942247887,0.6814386489373664,0.808620177210296,0.6740693370578775,0.7187082550063835,0.724594282059086,0.8074363188447627,0.820686514269146,0.8465325371065067,0.9066913001120448,0.764149453221966,0.87765838847402,0.8280511102305499
2023-03-28 11:00:00,0.8684517798048965,0.9093499808130863,0.7742773571661751,0.8654669363969923,0.5707215505628986,0.8309992085387823,0.789635003955015,0.7844071414574172,0.8405975556840131,0.7824759238541126,0.7864772838209375,0.9294726857080698,0.8567219394083794,0.7860191883533848,0.8452881310819275,0.8330472526508423,0.7676772633455857,0.8769079323712924,0.7576660952091482,0.7800178226367436,0.7863996744946898,0.8797721904848826,0.8279596829940482,0.8859448384873803,0.9562029525302213,0.8438807224500151,0.9252581595452757,0.8746154487146337
2023-03-28 12:00:00,0.8959692758535663,0.9342343696800134,0.8171567723643309,0.8827758684227388,0.6862799899185252,0.8317137075966053,0.8106744468773801,0.8146008179357273,0.8718765520732377,0.8213291229119959,0.8233142771759228,0.9572058569830608,0.8870022197846451,0.8036084653283382,0.8737097887189614,0.8643326224918801,0.8077811526875114,0.9022353279555891,0.7952276678535877,0.815089270173085,0.8026711352335214,0.9093857604218568,0.8037778569267119,0.8870905169939577,0.9715677623946707,0.8618621066902102,0.9456495567537394,0.8702006715674709
2023-03-28 13:00:00,0.9078841010586659,0.9400864119050959,0.8320967999463991,0.8832550489382522,0.7057843717205531,0.8369020953817644,0.8316325442965202,0.8295244380381231,0.8880934825416145,0.8372833125267476,0.838402861036954,0.961335625701637,0.9017738134362849,0.8170608283365497,0.888907799273779,0.879386731628957,0.8299412880204283,0.9126691405344509,0.820895339722041,0.8303099093014884,0.8160339459248426,0.9200785901893336,0.8252460864400952,0.8779292051545589,0.9765594361541002,0.8593201377234626,0.9490639047142443,0.8369953073778262
2023-03-28 14:00:00,0.9091683379964944,0.9374648407376193,0.8362533696914219,0.8648680428156452,0.7058792237554817,0.8282036793927803,0.8256469478061458,0.8271816126111965,0.8914791332354065,0.8414231988882891,0.8422065065546174,0.9478361338352633,0.9036639822676088,0.8037205011953897,0.8913612757362362,0.8815337524554394,0.8386950709214878,0.913769153581555,0.8282553615334252,0.8323929603052805,0.8013685253879756,0.9206628533953946,0.8369713773440219,0.8485053515787775,0.9727452476259639,0.8509251595450199,0.9450826336511902,0.7867376490261748
2023-03-28 15:00:00,0.9004565729789062,0.9242517265775891,0.8267449621407071,0.8419522371322367,0.7236250199936008,0.826037730431785,0.7969825924903374,0.8053145998066239,0.8845893641821536,0.831170214401201,0.829988796845532,0.9309784070452964,0.8957867800092472,0.7677640195742561,0.8827655969761113,0.8734370233727986,0.8342957758003103,0.9055783048566584,0.8277685956491602,0.8208840068793444,0.7640270610525963,0.9101427654398937,0.7811983210382131,0.820320362537164,0.9625439795431995,0.8344169607458232,0.9293925901794691,0.7481837979847987
2023-03-28 16:00:00,0.8828170982515999,0.9020658839526644,0.8113895927909627,0.8017736760573334,0.7065015865708536,0.8058704559430409,0.7532335400481064,0.7727294332628851,0.867354874539328,0.8130351011116763,0.8167983140925061,0.9134674027525388,0.8782479065774135,0.7078441347555569,0.8639186962757083,0.8546987002639199,0.8179501693809926,0.8857096045442633,0.8122297036640649,0.773437725605331,0.7005512818308959,0.8920286143348077,0.7714213956439023,0.7768066315013602,0.9276161909871191,0.8095871932567613,0.9012548784797451,0.6922064255258696
2023-03-28 17:00:00,0.847437202093235,0.8613581568643267,0.7755151542984957,0.722012079185994,0.6449775614646929,0.7610021517658725,0.7154489283040532,0.7479813392890132,0.8324806967723015,0.7739683763499888,0.7784309710189402,0.8670948567193659,0.8435404081342887,0.6953341707365142,0.8282474639719901,0.8193138196409289,0.7857024627638718,0.8482493682155253,0.7802187009755919,0.7561570245198193,0.6888288481178757,0.8555692445517896,0.7504728410590699,0.7215434628982929,0.882465640928606,0.7517975857148584,0.8482054782654873,0.6757451634510492
2023-03-28 18:00:00,0.7744320869805008,0.784917815011701,0.6991736873803018,0.6688594912433217,0.5272410473253338,0.6962341985860764,0.5884394008637261,0.573305734586386,0.7680106119758401,0.6832546720099936,0.6658735192676297,0.8004069716881818,0.7766242870726707,0.46778237560153435,0.7630500853273207,0.7544618854939108,0.7260058952184635,0.7714883285683092,0.7214807610375307,0.5821974816554916,0.4583993261602107,0.7736355446178251,0.7248524936378087,0.6497946728794032,0.7770778081780135,0.6539375817350161,0.7534738212215937,0.6227562398160097
2023-03-28 19:00:00,0.6287201234754831,0.6297898184645223,0.5707796139612888,0.5682616890331701,0.41080488028147116,0.5723974743114636,0.471676838809938,0.47012762753600373,0.6368471470572438,0.5544200914847817,0.5528363159335218,0.6449923460825198,0.6433297437771582,0.3605316961894849,0.6361054267160132,0.6295202157751281,0.6191234612255615,0.6166782971763137,0.6187497876583203,0.47034576670927153,0.3479660247371942,0.6181616931148627,0.5092750405470555,0.5439188994121019,0.5699788583825547,0.5207559322609676,0.5552603765235237,0.5125563689490013
2023-03-28 20:00:00,0.4339665746065869,0.23873912272063635,0.4301507228373689,0.0,0.254620745809846,0.35014415020649137,0.2530529958501461,0.16407584481798565,0.4513124170895336,0.23518420082899924,0.361016555283847,0.048763938459494,0.45252630982803205,0.0,0.43671446928329294,0.43655385393051593,0.4150751679227098,0.5349920428190508,0.418227530110228,0.0,0.0,0.3646997617955042,0.0,0.0,0.0,0.32884152496776525,0.017588031669346617,0.0
2023-03-28 21:00:00,0.0,0.0,0.0,0.0,0.061786620749726844,0.0,0.0,0.0,0.0,0.0,0.0,0.0,0.0,0.0,0.0,0.0,0.0,0.0,0.0,0.0,0.0,0.0,0.0,0.0,0.0,0.0,0.0,0.0
2023-03-28 22:00:00,0.0,0.0,0.0,0.0,0.0,0.0,0.0,0.0,0.0,0.0,0.0,0.0,0.0,0.0,0.0,0.0,0.0,0.0,0.0,0.0,0.0,0.0,0.0,0.0,0.0,0.0,0.0,0.0
2023-03-28 23:00:00,0.0,0.0,0.0,0.0,0.0,0.0,0.0,0.0,0.0,0.0,0.0,0.0,0.0,0.0,0.0,0.0,0.0,0.0,0.0,0.0,0.0,0.0,0.0,0.0,0.0,0.0,0.0,0.0
2023-03-29 00:00:00,0.0,0.0,0.0,0.0,0.0,0.0,0.0,0.0,0.0,0.0,0.0,0.0,0.0,0.0,0.0,0.0,0.0,0.0,0.0,0.0,0.0,0.0,0.0,0.0,0.0,0.0,0.0,0.0
2023-03-29 01:00:00,0.0,0.0,0.0,0.0,0.0,0.0,0.0,0.0,0.0,0.0,0.0,0.0,0.0,0.0,0.0,0.0,0.0,0.0,0.0,0.0,0.0,0.0,0.0,0.0,0.0,0.0,0.0,0.0
2023-03-29 02:00:00,0.0,0.0,0.0,0.0,0.0,0.0,0.0,0.0,0.0,0.0,0.0,0.0,0.0,0.0,0.0,0.0,0.0,0.0,0.0,0.0,0.0,0.0,0.0,0.0,0.0,0.0,0.0,0.0
2023-03-29 03:00:00,0.0,0.0,0.0,0.0,0.0,0.0,0.0,0.0,0.0,0.0,0.0,0.0,0.0,0.0,0.0,0.0,0.0,0.0,0.0,0.0,0.0,0.0,0.0,0.0,0.0,0.0,0.0,0.0
2023-03-29 04:00:00,0.0,0.0,0.0,0.0,0.0,0.0,0.0,0.0,0.0,0.0,0.0,0.0,0.0,0.0,0.0,0.0,0.0,0.0,0.0,0.0,0.0,0.0,0.0,0.0,0.0,0.0,0.0,0.0
2023-03-29 05:00:00,0.0,0.0,0.0,0.0,0.0,0.0,0.0,0.0,0.0,0.0,0.0,0.0,0.0,0.0,0.0,0.0,0.0,0.0,0.0,0.0,0.0,0.0,0.0,0.0,0.0,0.0,0.0,0.0
2023-03-29 06:00:00,0.0,0.0,0.0,0.0,0.0,0.0,0.0,0.0,0.0,0.0,0.0,0.0,0.0,0.0,0.0,0.0,0.0,0.0,0.0,0.0,0.0,0.0,0.0,0.0,0.0,0.0,0.0,0.0
2023-03-29 07:00:00,0.0,0.0,0.0,0.0,0.0,0.0,0.0,0.0,0.0,0.0,0.0,0.0,0.0,0.0,0.0,0.0,0.0,0.0,0.0,0.0,0.0,0.0,0.0,0.0,0.0,0.0,0.0,0.0
2023-03-29 08:00:00,0.33264925795303635,0.16781908263146703,0.4106053550357634,0.5052716659193875,0.14764187082681976,0.11092618373586906,0.41957231749571783,0.41768674349549517,0.22288926930085853,0.42101963276915355,0.4230631959734255,0.47587687501309694,0.2015467699348508,0.4123381037755541,0.32833308184918686,0.3270126202825887,0.018747114840271917,0.40308052548688417,0.01769832553482065,0.4279606119510282,0.41103040680955916,0.4037228314085269,0.6178969119735188,0.4930937647995609,0.5960360543553471,0.21607681179590632,0.20514639026649437,0.4941531361542481
2023-03-29 09:00:00,0.4517113718121184,0.30268681548452625,0.5990775900950028,0.7192272000852696,0.5429549618912134,0.5487134936321284,0.6206790351643793,0.6191146052220621,0.4268569228180492,0.6230852389311995,0.6226517642470559,0.6201162905567167,0.4087248387462302,0.6085784480628358,0.49226058212507723,0.5104121721500648,0.4224501325162597,0.48566030419112,0.30594635857064156,0.6323952544939503,0.6069732489529632,0.5222663516787125,0.7928434640657688,0.6711866060952992,0.7667567210913842,0.5150517409841024,0.37746643231402033,0.6844926920277911
2023-03-29 10:00:00,0.603533085136152,0.477421536606482,0.6968308325128993,0.8234793778607802,0.7385052593709962,0.7234304034182933,0.7348207791120362,0.7350341690384528,0.6197940891792002,0.738471252819448,0.7353176556461103,0.7599072198645502,0.6374104678563641,0.72878082153567,0.6033339599012552,0.6818443246702702,0.5725089145275561,0.6178090887560451,0.4261860240979706,0.7393378228782186,0.7284668387832737,0.683865578162918,0.8945520003081203,0.7590240181007856,0.8685425927627097,0.719940050716852,0.5040122789025188,0.7738596226032338
2023-03-29 11:00:00,0.6769133002174512,0.5585360094011149,0.7257213054009619,0.8650777071219622,0.8445006167897122,0.813037495212703,0.7846568276959215,0.783316799282709,0.7270359776367602,0.76890720021176,0.7652038756733692,0.7743822599444137,0.7644251672419969,0.7787691191012008,0.7396642968784177,0.7527182847317886,0.6003384331865648,0.6547749473212116,0.49269310190187665,0.7981452119081405,0.7780271747482256,0.7079544312844771,0.9309342494299641,0.7652399525068558,0.8934976184106076,0.827840185387311,0.5711486465726561,0.7820626611860843
2023-03-29 12:00:00,0.6782916319591316,0.6256312182307479,0.6806822592460018,0.8363765603820528,0.8937528789206438,0.8610140955754598,0.8008145492007591,0.7932670031855279,0.7736044386456057,0.7132429071061566,0.7376406019610753,0.7383789598246986,0.8304761150881653,0.8138751107033916,0.8175151424792074,0.8132181923909004,0.7035006825594443,0.5771314731931668,0.5687339682027279,0.8054228504173534,0.8142248595393358,0.6506873018895536,0.9107123927586799,0.6986900367126188,0.7588115840002471,0.8719327495425371,0.5401271925550928,0.7283336033969317
2023-03-29 13:00:00,0.7452553434640858,0.6878211869728821,0.6969777317696573,0.8312242592861395,0.9061476355874788,0.8849321979919813,0.7812840830461653,0.7867346398241731,0.8246222524118851,0.7040807367909703,0.7287919301312259,0.7574943686211953,0.8678699154001139,0.8207931234740773,0.8608362217181077,0.839018930330042,0.7604227006663937,0.6259357040938994,0.643262048554423,0.8133738836997902,0.8220360481712199,0.6810188216030061,0.9229228983520955,0.7148277210950235,0.7956170167373692,0.8912669845410789,0.5856763822433236,0.720094033715581
2023-03-29 14:00:00,0.7916234984150087,0.7520935503140513,0.7068783172253901,0.8497242032456852,0.9103615256938318,0.8955308122106378,0.7252917767294781,0.7524264285214839,0.8430973030932405,0.692401304511358,0.6992476297180198,0.7738909147276893,0.8777604297131255,0.8029603942887795,0.8739965535345042,0.8591102901246421,0.7914110492492877,0.6989969312627458,0.7190382197321327,0.7943578048768843,0.8073605304496335,0.7091306016884188,0.9206542940412353,0.7131119793229784,0.8006977309153167,0.8986494663662558,0.5609423670131571,0.6933261472509431
2023-03-29 15:00:00,0.8004357111997858,0.7563013424538167,0.6916308588622511,0.8032875361042311,0.890441905927745,0.8891991620653343,0.6535844250906495,0.6807720266213652,0.8275210149511302,0.6122407544325248,0.6235311774541924,0.7453453957381442,0.8716936338817916,0.7500945859697796,0.8672486558361505,0.85118463374118,0.7902429155047608,0.7253967530739498,0.7065633012384877,0.7129871884629104,0.757224170784338,0.696367993081162,0.8951401869996201,0.672087754834656,0.7580542644380457,0.8928970471250001,0.5266464209253169,0.6538885025307408
2023-03-29 16:00:00,0.8087913004350782,0.7383200757452226,0.6952408019427196,0.7143636431559408,0.8669744975805876,0.8750631061294232,0.5874413204497736,0.633251242531569,0.8115097685738873,0.6313801195435136,0.6259049314178224,0.6919511109314076,0.8590516188103468,0.685159022210306,0.8489409095030195,0.8326810839883956,0.7789591280931674,0.7675821104038837,0.7183739725720197,0.6468735172220629,0.6925247757043657,0.7224232754024027,0.8483610152010709,0.6080690379540853,0.6484145028041515,0.8779440164881882,0.45306931240364723,0.613262040123569
2023-03-29 17:00:00,0.7799589177833771,0.6970273170824878,0.6659799397605636,0.6364405572677723,0.8011818924508416,0.8360035031238832,0.5234112686915185,0.5575386689508868,0.7542603154420416,0.5807969515695232,0.570995156951129,0.6661904623162074,0.8162767240040392,0.5923562523954072,0.8124576488857645,0.7962263696386717,0.7052680035581715,0.757024817335457,0.6550049778323391,0.560225603281821,0.5972700194049894,0.7072823028497552,0.7635329435718394,0.48989078686219584,0.5220279766565761,0.8427286175071084,0.38760907529510863,0.49054441248395014
2023-03-29 18:00:00,0.7256671999082227,0.6309191117911833,0.6409252460773441,0.46666699886281005,0.711808063618137,0.7734668325652223,0.43355969995920907,0.4459038891567871,0.7025430971654791,0.5339357312704892,0.5114576089643743,0.5774035072572196,0.752382911449823,0.4387462104211137,0.7438722140064664,0.7297349920571914,0.640118934653386,0.711783183228214,0.6179478060695838,0.4115718603185895,0.44370455518262014,0.6687313922256446,0.6252217739936178,0.31865994150034405,0.36282674306526197,0.7780870131258801,0.29906179868450955,0.3277283320849331
2023-03-29 19:00:00,0.6056985729767389,0.5058189621305277,0.5391072938060357,0.2122605114470333,0.5898926518864565,0.6662288181713372,0.33180331618073583,0.3190670745117369,0.5481644584069164,0.45499364591640223,0.42392607032642876,0.41983808460830563,0.6155651659390475,0.25431834147945653,0.6176774269353933,0.6018720588421571,0.6000362581091491,0.5967719274013967,0.549415998178642,0.2213175272726381,0.2537343723600076,0.5651034574411552,0.3314305988841021,0.12448033535047794,0.18874474444915884,0.6568967091155758,0.19124858352666657,0.13796841549052824
2023-03-29 20:00:00,0.4625750486528353,0.3102914219873034,0.4098042431570733,0.0,0.4049475753159618,0.456151787233129,0.2989659698253637,0.17866057129347387,0.3721463336597758,0.42376533339617617,0.37674925628409195,0.21191523937306414,0.41442943462153026,0.03643093085785313,0.419496737906949,0.40469976029630655,0.40155807751209843,0.49048737764510525,0.36282619749379974,0.0,0.016544889363552553,0.5068646363755145,0.0,0.0,0.0,0.44382236935961983,0.03740731175206523,0.0
2023-03-29 21:00:00,0.0,0.0,0.0,0.0,0.0667679007121655,0.0,0.0,0.0,0.0,0.0,0.0,0.0,0.0,0.0,0.0,0.0,0.0,0.0,0.0,0.0,0.0,0.0,0.0,0.0,0.0,0.0,0.0,0.0
2023-03-29 22:00:00,0.0,0.0,0.0,0.0,0.0,0.0,0.0,0.0,0.0,0.0,0.0,0.0,0.0,0.0,0.0,0.0,0.0,0.0,0.0,0.0,0.0,0.0,0.0,0.0,0.0,0.0,0.0,0.0
2023-03-29 23:00:00,0.0,0.0,0.0,0.0,0.0,0.0,0.0,0.0,0.0,0.0,0.0,0.0,0.0,0.0,0.0,0.0,0.0,0.0,0.0,0.0,0.0,0.0,0.0,0.0,0.0,0.0,0.0,0.0
2023-03-30 00:00:00,0.0,0.0,0.0,0.0,0.0,0.0,0.0,0.0,0.0,0.0,0.0,0.0,0.0,0.0,0.0,0.0,0.0,0.0,0.0,0.0,0.0,0.0,0.0,0.0,0.0,0.0,0.0,0.0
2023-03-30 01:00:00,0.0,0.0,0.0,0.0,0.0,0.0,0.0,0.0,0.0,0.0,0.0,0.0,0.0,0.0,0.0,0.0,0.0,0.0,0.0,0.0,0.0,0.0,0.0,0.0,0.0,0.0,0.0,0.0
2023-03-30 02:00:00,0.0,0.0,0.0,0.0,0.0,0.0,0.0,0.0,0.0,0.0,0.0,0.0,0.0,0.0,0.0,0.0,0.0,0.0,0.0,0.0,0.0,0.0,0.0,0.0,0.0,0.0,0.0,0.0
2023-03-30 03:00:00,0.0,0.0,0.0,0.0,0.0,0.0,0.0,0.0,0.0,0.0,0.0,0.0,0.0,0.0,0.0,0.0,0.0,0.0,0.0,0.0,0.0,0.0,0.0,0.0,0.0,0.0,0.0,0.0
2023-03-30 04:00:00,0.0,0.0,0.0,0.0,0.0,0.0,0.0,0.0,0.0,0.0,0.0,0.0,0.0,0.0,0.0,0.0,0.0,0.0,0.0,0.0,0.0,0.0,0.0,0.0,0.0,0.0,0.0,0.0
2023-03-30 05:00:00,0.0,0.0,0.0,0.0,0.0,0.0,0.0,0.0,0.0,0.0,0.0,0.0,0.0,0.0,0.0,0.0,0.0,0.0,0.0,0.0,0.0,0.0,0.0,0.0,0.0,0.0,0.0,0.0
2023-03-30 06:00:00,0.0,0.0,0.0,0.0,0.0,0.0,0.0,0.0,0.0,0.0,0.0,0.0,0.0,0.0,0.0,0.0,0.0,0.0,0.0,0.0,0.0,0.0,0.0,0.0,0.0,0.0,0.0,0.0
2023-03-30 07:00:00,0.0,0.0,0.0,0.0,0.0,0.0,0.0,0.0,0.0,0.0,0.0,0.0,0.0,0.0,0.0,0.0,0.0,0.0,0.0,0.0,0.0,0.0,0.007139959294355908,0.0,0.0,0.0,0.0,0.0
2023-03-30 08:00:00,0.38634854035364097,0.5051150061411817,0.21759023863113025,0.4793279558103705,0.09040722155441097,0.19021578389879315,0.2139191645641638,0.3113757683511557,0.2634719533438098,0.32407124316329394,0.2852074177158996,0.5240291371880033,0.2808347959269358,0.3325733406366426,0.3161592237568393,0.17506341706366954,0.08066084267146405,0.46364490356528965,0.03986300710001439,0.40146214030155236,0.33445157991395663,0.44501890842666175,0.31522704632871945,0.5424624471852387,0.4832114799482998,0.33037942789684205,0.4702003442497243,0.5288353374550615
2023-03-30 09:00:00,0.575638665354164,0.7217937707158073,0.2877748216371123,0.6912027287646973,0.19669631728870474,0.36427521346893554,0.2595653866923938,0.4050944016774831,0.40210139123324184,0.46156822213394766,0.37249763355538024,0.7496128231033036,0.43677030779702375,0.4546945317776422,0.436489599656543,0.27680748515062553,0.3908177875681787,0.6800584590331678,0.2532433074000767,0.5650526602451715,0.4645376384094093,0.6512090846330373,0.5247125138656058,0.7385960061923046,0.6675251008498507,0.5007405523254373,0.6958772571597158,0.7276325298888127
2023-03-30 10:00:00,0.6849421995630153,0.8318348075251456,0.3328587127416315,0.7945660270767703,0.3325622928018924,0.48797221270672264,0.3924259699423072,0.5523031266194512,0.4559978768804984,0.5886271664557354,0.5139209283188061,0.8623846223556859,0.5281884911407588,0.6051581093128588,0.4944704146816924,0.4123372375004652,0.4839476586779507,0.7943049108421217,0.3264571490755627,0.6854707535389959,0.6144263361937763,0.7697363658636855,0.6442483701321525,0.8315313636904286,0.8136254101793188,0.5865949639444719,0.8302653009590214,0.8202252652613294
2023-03-30 11:00:00,0.8096956462691347,0.8862638348960987,0.5070550866558624,0.8648407924827172,0.3959004509277644,0.5741470631249459,0.5311870627847144,0.6821357778587515,0.6226996839642139,0.7276171829715017,0.6733282524912252,0.917884859259336,0.6545528310727127,0.7139760302881565,0.5758577724959727,0.43479460350195226,0.5586980841000095,0.8658990976971587,0.36947062741084363,0.77995393273176,0.7176750900858945,0.8676781017741191,0.7245407270899056,0.8791388612103376,0.8909679378867824,0.6530918046685733,0.8827799946292265,0.8677832205857204
2023-03-30 12:00:00,0.8141418279900566,0.9092652136415627,0.5531314028511966,0.8909697142855856,0.4459206708543725,0.6152619567933149,0.6134244985042262,0.7684318324947453,0.5312493421559847,0.7879145321027302,0.7592210909000631,0.9440063652104875,0.5747643072591505,0.7901287817286651,0.6104213610107555,0.45521713031580613,0.447553715699006,0.8950374379342878,0.2771762376123371,0.8272216920009647,0.7902904886066009,0.9041784633581242,0.7784582560916596,0.8986524131515633,0.9299989290594531,0.6942169075366161,0.9065967864544774,0.8881940183582958
2023-03-30 13:00:00,0.8419089273032085,0.9176047671044616,0.5842284590319948,0.884630076543323,0.5106321257002648,0.6034377772128448,0.6703802481488722,0.805382490640718,0.6108319289345873,0.8109556361794308,0.8024258702840904,0.9525976760803572,0.6414375577794198,0.8052648491953168,0.5968642303202271,0.5041113412153405,0.36387983509502264,0.9065708417525755,0.23917605711244186,0.8506587555976457,0.7998757624021511,0.9145578874921955,0.7680833517316886,0.9057011225262296,0.9477206787619044,0.694057771822578,0.9188148139860464,0.8956166654728291
2023-03-30 14:00:00,0.8568788085929204,0.9157822803836344,0.6057708391887286,0.8317329123186997,0.5049510383752428,0.552150069267054,0.7064809718590905,0.7993888750446813,0.6610974440719382,0.8063963273036909,0.8003055147469043,0.9411490690033808,0.6673571308105564,0.8025400229144339,0.5788746274607536,0.5119207598877248,0.3587850112277575,0.9062654868262442,0.27396963144737685,0.8035474971015063,0.7990826429330413,0.9126843557232803,0.7251021226282536,0.9009661636351297,0.943280731706103,0.6613025112003661,0.9083929361484755,0.8918058446194642
2023-03-30 15:00:00,0.819082223361076,0.9064609599245902,0.5562607902657393,0.736706119207843,0.49443822032865475,0.43530129870423273,0.540557483730318,0.6588263472654025,0.6588768590126846,0.7647229222984621,0.6931968484943861,0.8596488736841764,0.6793542892939752,0.6656857295209172,0.49949805021806604,0.47707933115687384,0.21680707293516016,0.855523049200175,0.1696179512895059,0.7495145439558211,0.6704101856320847,0.883123900875339,0.6981045906774501,0.8705923698042084,0.9150762217508334,0.5716128360599305,0.8843892223363827,0.8692768146379581
2023-03-30 16:00:00,0.7474094930606678,0.8785636319883688,0.42345798397335643,0.5753561207328186,0.45130736602850974,0.324375830048437,0.5529407455638472,0.6760061883300472,0.5878697522891914,0.6921819739012816,0.6676886307394801,0.7289200835433335,0.6252682872582289,0.6657077569918701,0.49764393747410907,0.48695630528936334,0.17375795461389873,0.7691147020398231,0.14757371241228995,0.7021550898956472,0.6604985379992895,0.79577091673045,0.5461801698203156,0.8417661851349889,0.8427888289399648,0.5089397107737225,0.8551564272308039,0.8414267785772153
2023-03-30 17:00:00,0.6925504228320978,0.8285411151554916,0.46607104839411295,0.5543908671449045,0.34839196659900906,0.18415241593107076,0.5906316552352876,0.6690541871041158,0.5842879001454583,0.6691678712128415,0.6605822441405129,0.6986764189334409,0.6419715347245372,0.6164828386027427,0.3947373111332392,0.42007706088926916,0.0976472541962497,0.7148179309884323,0.10311335802004053,0.6616144164445791,0.6083995596318876,0.740959161980664,0.4061853368976806,0.7826756813251725,0.8380122624961984,0.3375561492679374,0.8042950050672228,0.7867082332452959
2023-03-30 18:00:00,0.5768686723779721,0.7429656368627501,0.33968178721397135,0.5667526201090002,0.25243072888262286,0.1217069891192591,0.43697727710982764,0.5397610801634082,0.40219711888391724,0.6031275863119144,0.5471194594572957,0.6174167785600718,0.5210607551805487,0.5238293029847492,0.2829623140128563,0.369315070268422,0.07313847751276038,0.6014419320951115,0.07685104378143329,0.674461079884352,0.525147407650324,0.6639491013621889,0.4462593746071018,0.7190433798248839,0.7284959272142886,0.18080017142056443,0.7304544096437668,0.7240886354185813
2023-03-30 19:00:00,0.4337478235540754,0.592703374532665,0.31055690590511253,0.46975392159184426,0.14704466542905942,0.06393187016012639,0.3789173478479244,0.44567475987169497,0.331159303637949,0.4831593990855525,0.4689602494891817,0.5111508177727869,0.43959482133386346,0.43259530380941713,0.22740241949919882,0.31024774109832026,0.04325606368603922,0.4825460116927174,0.05098835166918119,0.5074150551524923,0.43156826511671886,0.5184186769698061,0.4259324542756868,0.548672132891995,0.5371525257819465,0.07720159920971605,0.5728090485419793,0.5561312618038254
2023-03-30 20:00:00,0.299020657333146,0.34469104798031863,0.23851241920513594,0.0,0.05476911410315519,0.02535179845771395,0.3463405040249468,0.4126604904948876,0.18996873004796092,0.38384109249104137,0.4011255589913333,0.25101485668307444,0.2636445929746539,0.2705699476404004,0.1221561569524576,0.16039443746817278,0.004722524960906052,0.3403807437578665,0.006902311331106736,0.09939379317259571,0.24874141744395237,0.3908434335426025,0.0,0.0,0.0,0.025903417398786214,0.0653214651467222,0.0
2023-03-30 21:00:00,0.0,0.0,0.0,0.0,0.0009030538434981499,0.0,0.0,0.0,0.0,0.0,0.0,0.0,0.0,0.0,0.0,0.0,0.0,0.0,0.0,0.0,0.0,0.0,0.0,0.0,0.0,0.0,0.0,0.0
2023-03-30 22:00:00,0.0,0.0,0.0,0.0,0.0,0.0,0.0,0.0,0.0,0.0,0.0,0.0,0.0,0.0,0.0,0.0,0.0,0.0,0.0,0.0,0.0,0.0,0.0,0.0,0.0,0.0,0.0,0.0
2023-03-30 23:00:00,0.0,0.0,0.0,0.0,0.0,0.0,0.0,0.0,0.0,0.0,0.0,0.0,0.0,0.0,0.0,0.0,0.0,0.0,0.0,0.0,0.0,0.0,0.0,0.0,0.0,0.0,0.0,0.0
2023-03-31 00:00:00,0.0,0.0,0.0,0.0,0.0,0.0,0.0,0.0,0.0,0.0,0.0,0.0,0.0,0.0,0.0,0.0,0.0,0.0,0.0,0.0,0.0,0.0,0.0,0.0,0.0,0.0,0.0,0.0
2023-03-31 01:00:00,0.0,0.0,0.0,0.0,0.0,0.0,0.0,0.0,0.0,0.0,0.0,0.0,0.0,0.0,0.0,0.0,0.0,0.0,0.0,0.0,0.0,0.0,0.0,0.0,0.0,0.0,0.0,0.0
2023-03-31 02:00:00,0.0,0.0,0.0,0.0,0.0,0.0,0.0,0.0,0.0,0.0,0.0,0.0,0.0,0.0,0.0,0.0,0.0,0.0,0.0,0.0,0.0,0.0,0.0,0.0,0.0,0.0,0.0,0.0
2023-03-31 03:00:00,0.0,0.0,0.0,0.0,0.0,0.0,0.0,0.0,0.0,0.0,0.0,0.0,0.0,0.0,0.0,0.0,0.0,0.0,0.0,0.0,0.0,0.0,0.0,0.0,0.0,0.0,0.0,0.0
2023-03-31 04:00:00,0.0,0.0,0.0,0.0,0.0,0.0,0.0,0.0,0.0,0.0,0.0,0.0,0.0,0.0,0.0,0.0,0.0,0.0,0.0,0.0,0.0,0.0,0.0,0.0,0.0,0.0,0.0,0.0
2023-03-31 05:00:00,0.0,0.0,0.0,0.0,0.0,0.0,0.0,0.0,0.0,0.0,0.0,0.0,0.0,0.0,0.0,0.0,0.0,0.0,0.0,0.0,0.0,0.0,0.0,0.0,0.0,0.0,0.0,0.0
2023-03-31 06:00:00,0.0,0.0,0.0,0.0,0.0,0.0,0.0,0.0,0.0,0.0,0.0,0.0,0.0,0.0,0.0,0.0,0.0,0.0,0.0,0.0,0.0,0.0,0.0,0.0,0.0,0.0,0.0,0.0
2023-03-31 07:00:00,0.0,0.0,0.0,0.0,0.0,0.0,0.0,0.0,0.0,0.0,0.0,0.0,0.0,0.0,0.0,0.0,0.0,0.0,0.0,0.0,0.0,0.0,0.14963308486915494,0.0,0.0,0.0,0.0,0.0
2023-03-31 08:00:00,0.005204676213940939,0.07598728549202198,0.0013553911207637719,0.04362559695317891,0.003400364892134129,0.006937149315714377,0.0051607589670567625,0.0025085823639026407,0.0018178213308423464,0.0016105848647167526,0.001866261315240249,0.010894386438611672,0.0024548721245252684,0.0028823469521787417,0.0017686511331241616,0.0013133280267433644,0.00011946754752618384,0.005191410151630403,1.2361853630417137e-05,0.0025738611757029437,0.0028656018928413128,0.006574236994942368,0.625681923194759,0.3690295105808713,0.6302163829533592,0.013030966457093729,0.41017241712394964,0.33158064458314096
2023-03-31 09:00:00,0.05158153767008422,0.1531135963111001,0.01717897159309708,0.08859660743235515,0.07778679538937852,0.047253676038251306,0.02750918466373588,0.029399118335416346,0.022590388841110143,0.024974447104871546,0.025654106363504105,0.0828860120923777,0.02907811692506315,0.031192398653925004,0.024881849462612172,0.02161291379927935,0.10168791107529705,0.05915116519705848,0.09730849435810121,0.03274853114140942,0.03151167329292618,0.06941345235939696,0.771644365669287,0.5242730014863789,0.8079420790634809,0.07464949725502643,0.5894627770715675,0.46464087326026926
2023-03-31 10:00:00,0.1299451598205308,0.24238953737102625,0.03987835794291852,0.17795722225941404,0.18867902435061756,0.11591164200928694,0.05437977545342853,0.04728413893189099,0.06388931972161468,0.05000764938397404,0.048216538157617436,0.2027537728564893,0.08164403789375159,0.04823831723497109,0.06860062566470311,0.06267889756831944,0.19993866295656887,0.11720106028943483,0.17945858641361023,0.052332537288789185,0.04858713571054311,0.15037349931688107,0.865311847865931,0.5553138107916759,0.8805327244374683,0.154545338150927,0.6688802677828282,0.4769471860265945
2023-03-31 11:00:00,0.2266764774223235,0.3188525718316108,0.0643463678684379,0.28278171492846327,0.32102704815795374,0.20907067426506862,0.09438422067219265,0.10027871801233079,0.12441305447670678,0.0873864842502629,0.08900119307466704,0.3901350162179794,0.15450533084795678,0.11105814387139562,0.17336535550207344,0.1328878271245297,0.29179833154775736,0.2228752515039437,0.2535779314977926,0.11758514909786469,0.11193499020904762,0.2887723668373948,0.8479588765351006,0.5125218589337611,0.9007309193350733,0.24331443280472753,0.6747617466509762,0.43300759181349274
2023-03-31 12:00:00,0.25426756804529943,0.3584691170143857,0.0679450954342094,0.302360494994524,0.36319538133335993,0.2526488908828456,0.08831154166854971,0.11088947475013104,0.1764039947487644,0.07327043459404603,0.0806643134614841,0.44858969076438987,0.21949677555059033,0.1468408907447037,0.28617047239139726,0.19829711624505797,0.4164704634497901,0.22846744393472185,0.3138809322639087,0.12278813338875451,0.1500071414406899,0.2950397570388837,0.7634898019111894,0.38251617152808776,0.7546013442973329,0.3117014297049604,0.5005003008631284,0.3365790321809525
2023-03-31 13:00:00,0.32610461193439094,0.4280017502700872,0.09598444511541235,0.2926134121902536,0.42886796432980245,0.27111766886251437,0.12546630796044675,0.12037658487022052,0.23962084015117563,0.11062461170945082,0.1254932666363925,0.45553082257584293,0.2459574990911756,0.1246310643083187,0.2944170888115745,0.19834779280309675,0.4569691713940542,0.24653056841439355,0.3668488416467161,0.07938878419406319,0.12480572422741075,0.34170857357548706,0.7110038961800906,0.35993541156580894,0.6566794936450889,0.34775054387279214,0.49157763986904957,0.33489266109106514
2023-03-31 14:00:00,0.33204710229599865,0.38037765769759474,0.14720976849553927,0.29369181991784,0.4712601863663008,0.2620844086580408,0.147154332036088,0.1394590209486226,0.2781691083155222,0.14342371619844813,0.16391616236028758,0.43307397902321504,0.29818513848869527,0.1338348078051552,0.25496689488690716,0.21075567944140114,0.49288685348370115,0.20645365494137768,0.4096815024518725,0.08308216901062274,0.13333287131556343,0.321408431385709,0.6914845874192465,0.2983969522972622,0.6158063947709254,0.3425591788952951,0.36291236909799074,0.2770043404762925
2023-03-31 15:00:00,0.3334666940641959,0.3689868916490798,0.11889448217742865,0.24345100966868766,0.489041549124451,0.2876708481781763,0.10883459076121704,0.1180959383454342,0.28523622935808673,0.1037197802279033,0.12308283629945055,0.3874832424723826,0.2860799342104202,0.12020786073793926,0.20459181861215597,0.1964261604166407,0.48712419890539316,0.20796315021995113,0.42261765791025674,0.07582775798215366,0.11827478408189163,0.2813906663729491,0.652870776596633,0.2816993248289378,0.5470480776157207,0.34153521013235405,0.366601343814528,0.2501815624146839
2023-03-31 16:00:00,0.33543793549587086,0.31249677806607734,0.12541318092025494,0.21971905136131753,0.49939444384485576,0.298270428262069,0.051634623154519395,0.07476983667811325,0.35906388056739963,0.06564632598845697,0.06775711258527375,0.3218802441497216,0.3083250772926515,0.08729041581689104,0.16671850540318908,0.23181593337090986,0.5360017735156744,0.1714331667560176,0.45142160353192,0.06630744330119051,0.0876225906178061,0.21903973349783132,0.6074021247211742,0.24743113651198043,0.4947653069813693,0.32860752105375435,0.31666175015827236,0.21945349077796814
2023-03-31 17:00:00,0.2612046000193272,0.2792024662711475,0.1928358746952055,0.1490408766334505,0.39835168444439234,0.25461222382870297,0.04744924155737923,0.043455266522014944,0.3202041295170595,0.03820644872391281,0.04381981365414351,0.23959373992684382,0.2117779881915125,0.041466442182148365,0.09115534742319333,0.13111430508057825,0.491169744556919,0.10686136737493292,0.42964605826912067,0.03169089903010753,0.04069208571584143,0.156869868095027,0.5478914606734326,0.2116189694396824,0.35826245714900223,0.26171013867069554,0.27169616467154983,0.18583910183812485
2023-03-31 18:00:00,0.22770041029801594,0.22263632535366915,0.16952147845339197,0.08788454549374349,0.37389538976891545,0.21424451456837015,0.017131858889900545,0.015261819918290754,0.29834913336478935,0.016482507301341744,0.018272249245440023,0.15913755487652725,0.19521929775156482,0.015635686355932845,0.07559589780858442,0.155572010390002,0.44852222267390907,0.06229781701024804,0.3731580820380752,0.014094494803534663,0.015819914232236613,0.08957574960512761,0.4763961107404172,0.1276644528575188,0.23515337770918118,0.21042372228319073,0.1979663257676214,0.12634367121987036
2023-03-31 19:00:00,0.1695718576130931,0.18651127414168137,0.17312477781889837,0.04851260933980157,0.2638165051165648,0.20229878390648795,0.03428975683355639,0.005574321205473403,0.22655436491001604,0.008962570345089304,0.01044314580354705,0.08720366591218703,0.15645560260322963,0.002970409941087474,0.05484294600582938,0.15998455529978675,0.3706137820048732,0.026564240881669903,0.3213120037009468,0.0010969289572258243,0.0027600410368409374,0.03377030206319509,0.2708216735162551,0.07986409736968861,0.10241326592833185,0.15413973745363493,0.1504499851280074,0.0847904114622594
2023-03-31 20:00:00,0.11353902202092621,0.16731174116817174,0.15648250992676935,0.0,0.13510082590127293,0.1626584533103975,0.09916172445098592,0.02182962843220418,0.1482592851093629,0.01659959661051395,0.03398524826366438,0.07279521158870161,0.11555893579681742,0.0024251835392981643,0.04185460586764897,0.14176903476604577,0.251002198686386,0.00041945448188596065,0.21186754408194106,0.0,0.0016612134174298773,0.01624767829748038,0.0,0.0,0.0,0.12021834432456031,0.027224682478080315,0.012648422656277887
2023-03-31 21:00:00,0.0,0.0,0.0,0.0,0.006314731902654718,0.0,0.0,0.0,0.0,0.0,0.0,0.0,0.0,0.0,0.0,0.0,0.0,0.0,0.0,0.0,0.0,0.0,0.0,0.0,0.0,0.0,0.0,0.0
2023-03-31 22:00:00,0.0,0.0,0.0,0.0,0.0,0.0,0.0,0.0,0.0,0.0,0.0,0.0,0.0,0.0,0.0,0.0,0.0,0.0,0.0,0.0,0.0,0.0,0.0,0.0,0.0,0.0,0.0,0.0
2023-03-31 23:00:00,0.0,0.0,0.0,0.0,0.0,0.0,0.0,0.0,0.0,0.0,0.0,0.0,0.0,0.0,0.0,0.0,0.0,0.0,0.0,0.0,0.0,0.0,0.0,0.0,0.0,0.0,0.0,0.0
2023-04-01 00:00:00,0.0,0.0,0.0,0.0,0.0,0.0,0.0,0.0,0.0,0.0,0.0,0.0,0.0,0.0,0.0,0.0,0.0,0.0,0.0,0.0,0.0,0.0,0.0,0.0,0.0,0.0,0.0,0.0
2023-04-01 01:00:00,0.0,0.0,0.0,0.0,0.0,0.0,0.0,0.0,0.0,0.0,0.0,0.0,0.0,0.0,0.0,0.0,0.0,0.0,0.0,0.0,0.0,0.0,0.0,0.0,0.0,0.0,0.0,0.0
2023-04-01 02:00:00,0.0,0.0,0.0,0.0,0.0,0.0,0.0,0.0,0.0,0.0,0.0,0.0,0.0,0.0,0.0,0.0,0.0,0.0,0.0,0.0,0.0,0.0,0.0,0.0,0.0,0.0,0.0,0.0
2023-04-01 03:00:00,0.0,0.0,0.0,0.0,0.0,0.0,0.0,0.0,0.0,0.0,0.0,0.0,0.0,0.0,0.0,0.0,0.0,0.0,0.0,0.0,0.0,0.0,0.0,0.0,0.0,0.0,0.0,0.0
2023-04-01 04:00:00,0.0,0.0,0.0,0.0,0.0,0.0,0.0,0.0,0.0,0.0,0.0,0.0,0.0,0.0,0.0,0.0,0.0,0.0,0.0,0.0,0.0,0.0,0.0,0.0,0.0,0.0,0.0,0.0
2023-04-01 05:00:00,0.0,0.0,0.0,0.0,0.0,0.0,0.0,0.0,0.0,0.0,0.0,0.0,0.0,0.0,0.0,0.0,0.0,0.0,0.0,0.0,0.0,0.0,0.0,0.0,0.0,0.0,0.0,0.0
2023-04-01 06:00:00,0.0,0.0,0.0,0.0,0.0,0.0,0.0,0.0,0.0,0.0,0.0,0.0,0.0,0.0,0.0,0.0,0.0,0.0,0.0,0.0,0.0,0.0,0.0,0.0,0.0,0.0,0.0,0.0
2023-04-01 07:00:00,0.0,0.0,0.0,0.0,0.0,0.0,0.0,0.0,0.0,0.0,0.0,0.0,0.0,0.0,0.0,0.0,0.0,0.0,0.0,0.0,0.0,0.0,0.09264285850216471,0.0,0.0,0.0,0.0,0.0
2023-04-01 08:00:00,0.2610704404429225,0.35971315615877314,0.25465671011438373,0.33270658462405583,0.061750391323203174,0.14086179858007422,0.2017703787620969,0.26349418189614754,0.20864100731065094,0.26215012677594907,0.2362286319013377,0.40554295840715276,0.18902385542663802,0.2978581870008316,0.15960780092255586,0.14069720608767355,0.1402064698164681,0.26088785345064397,0.16862509126952868,0.2546966139424718,0.30464355556684997,0.34272932669652284,0.2563661895042133,0.23427683949702163,0.13745951785652644,0.16964961199666484,0.16153877936797403,0.3219048180973179
2023-04-01 09:00:00,0.36278787962909065,0.5125771289746249,0.42144119243526573,0.48451864361773783,0.20995985246624052,0.27958618549066994,0.2645659679632755,0.37308099127162525,0.3289659949709301,0.3547477369428826,0.32848443402599686,0.5056903099387285,0.27223887781517836,0.4507968358818346,0.2514915144066287,0.26153369072279087,0.40322562421584257,0.2743897528383528,0.3931448886313258,0.34180191116283704,0.4632764733009581,0.36194897631100087,0.40550462777963536,0.3430328017163437,0.32959414304372087,0.2665788802531727,0.28609072595887647,0.45451399425849237
2023-04-01 10:00:00,0.47442891503836526,0.641048216509357,0.5130880017104702,0.6047685996161131,0.3639145956597806,0.49860964637426924,0.3733902784661774,0.48482501441413084,0.5070880147163337,0.5363614929595855,0.46309981204491146,0.6312884782714937,0.48746249565668087,0.5388053449576957,0.3205059994416998,0.37001306993371097,0.5602215645814252,0.3632517160901089,0.5156162946039886,0.5032900909100237,0.5511923324366437,0.49722618386510725,0.4458958631043683,0.47459628223634465,0.5066222189844576,0.47527005716815546,0.40582219083780324,0.5631095280381343
2023-04-01 11:00:00,0.5459119752050896,0.7206177225728884,0.46062855262396873,0.5297785201617767,0.45419626465749635,0.566187104402501,0.45808170452207414,0.5800340731481514,0.49209816614853474,0.4376787056796597,0.44950003849765746,0.6910062369949218,0.46386879588240487,0.6814393944388667,0.2877428219209418,0.3511316223154178,0.500731834550333,0.5043086977694388,0.4778329510675389,0.5610269399847675,0.6854174737905111,0.5692198832751142,0.35731554868129684,0.5317380545033568,0.4944069258685454,0.47943231156354976,0.5016642106022026,0.532308833177085
2023-04-01 12:00:00,0.7552441295444057,0.7493901833401572,0.7097760184820027,0.5544774952395304,0.6362280901699502,0.6307160606125335,0.6707454160860783,0.6980464034732002,0.6660090176094168,0.6459764539864613,0.6895042289467045,0.7611325630782961,0.6378007189352929,0.722509427836085,0.49674445243790544,0.5120268778156657,0.6700422629496962,0.7287790494358344,0.6569557509179494,0.5636559935774224,0.7207276808078353,0.7670370015018424,0.45638591863960143,0.6559180666655969,0.5975952016154394,0.6324132402852585,0.5090930295970161,0.7038714590648236
2023-04-01 13:00:00,0.7560030418164893,0.7337143905922983,0.6258103497997349,0.5624982074363537,0.6810666410107216,0.6609056938293996,0.7120870710939674,0.7657415796982973,0.699480220027525,0.7274104144062639,0.73792136220555,0.7483240975232778,0.6609335641687641,0.7702628020354773,0.5347046825496805,0.5665279300721152,0.6784422620309514,0.770536629197545,0.6569136727264441,0.6691794586542301,0.7656752218646576,0.7989170733909448,0.4994935075109466,0.681534307136478,0.6603156624660346,0.619530347323471,0.576029928338997,0.7127985780173698
2023-04-01 14:00:00,0.7395127468414099,0.7161876443245295,0.616272931575619,0.5544111789639213,0.6877739535992612,0.6859739600625339,0.7079725874511825,0.7111186352289159,0.7159817029851603,0.6246958855264875,0.6458035878011728,0.7309696360769448,0.7006945794220191,0.7331881724793753,0.5710031225307104,0.6150079830999816,0.6797672019755698,0.7375623774179833,0.6258982051932791,0.6684606140020938,0.7304130660102627,0.7204503564397683,0.44003849676810375,0.7113468732880383,0.5567906416158441,0.649522544846167,0.6134842217322014,0.7493042785159088
2023-04-01 15:00:00,0.724232276036124,0.732784899746259,0.6298340796774752,0.5494586633751193,0.6827578825274506,0.7148602973255437,0.6006060875693352,0.5882973444369511,0.6707865885281526,0.6195015590086898,0.5980961177069476,0.7062865772631475,0.6578528921242738,0.5992148315486481,0.6478441526196625,0.596722602435518,0.6694586684825837,0.770165682937585,0.6327608147940746,0.5966153943919849,0.6050908007352291,0.7464909683984278,0.40143835747854767,0.6782848407551779,0.49333096632868245,0.6767652791421701,0.5940834707096493,0.688517063595738
2023-04-01 16:00:00,0.6611645108414759,0.6932566143300128,0.6387673420130477,0.5876673466807649,0.692517470167536,0.6613781664910475,0.6410916195196529,0.6330369355540031,0.6594037257218047,0.6246164866972803,0.6322771703857573,0.6932927052644948,0.6240684015962836,0.6298562442252413,0.5670061325974426,0.5723527982276571,0.6613674678423499,0.619694684803409,0.6273441686803441,0.6235440378019437,0.6290990545341176,0.6722647181907934,0.4118001099409272,0.6317446030228684,0.4704028467743825,0.6507272139748935,0.6077586400349917,0.6351075528115611
2023-04-01 17:00:00,0.6237174333601442,0.6308845238199753,0.6052504851858438,0.505282040910227,0.6276654863895256,0.6496507029225528,0.6019538905583861,0.6281308757010807,0.6123534118801446,0.6437918225651355,0.6339959028751394,0.6055378615347328,0.5896205060127905,0.6158000341846321,0.5424658920736352,0.53632462868988,0.619990245648057,0.4812042527090095,0.5502811256520349,0.5695364693615588,0.6127054133751569,0.6327711163244724,0.37201472100158667,0.5869282338279933,0.39456055894372194,0.5920778794350448,0.5639020237743757,0.5854131276489667
2023-04-01 18:00:00,0.5100929319993776,0.5332374544982438,0.5470018579610509,0.4765610672766847,0.546360428292728,0.5263410550459257,0.5078793798415606,0.5204046140118436,0.47882508086626213,0.548343768572847,0.552083064859335,0.5736525438762229,0.45590832078584603,0.509256145298468,0.42694511825490455,0.43543666038427875,0.5561715851261833,0.2914138879525644,0.5356790947133053,0.43650802056412924,0.5101839946055376,0.5510526762990803,0.21673552234023893,0.45139193257511995,0.3159532362637146,0.525488242775662,0.46996713257458755,0.43860396840250093
2023-04-01 19:00:00,0.38048458224449194,0.3034462816779131,0.39108361874032155,0.2307634212343588,0.443607122963637,0.4475340273048745,0.38585839557097423,0.4016524293790202,0.3665267785722959,0.4284466172061754,0.4283738988878307,0.3534219106907379,0.33459743667905095,0.3789008517467096,0.30898538832858324,0.2990995899319343,0.4277179153180265,0.20342247652313153,0.40464366572408694,0.3231781782504693,0.37416943093174254,0.3855492864411227,0.11542151444787552,0.2482752451053758,0.16569706265523704,0.4106099449498009,0.262150933030954,0.21347019743272674
2023-04-01 20:00:00,0.202543754838247,0.20529770298538122,0.21877417486736186,0.06141001799012475,0.35122885965485334,0.3318037991586396,0.22577203879881125,0.24596728057058218,0.22527523775418506,0.28978102804694894,0.27019712032171905,0.22907580924229712,0.2143499141674623,0.2341257508753194,0.197481754179899,0.1892182759053585,0.34486669808280324,0.06090569916060864,0.320862131380984,0.21980699242777402,0.23474699554943634,0.21248141330086587,0.0,0.012878588306981546,0.0,0.3161773487750612,0.026226072664803774,0.027362000658373964
2023-04-01 21:00:00,0.0,0.0,0.0,0.0,0.12167811343930822,0.0,0.0,0.0,0.0,0.0,0.0,0.0,0.0,0.0,0.0,0.0,0.0,0.0,0.0,0.0,0.0,0.0,0.0,0.0,0.0,0.0,0.0,0.0
2023-04-01 22:00:00,0.0,0.0,0.0,0.0,0.0,0.0,0.0,0.0,0.0,0.0,0.0,0.0,0.0,0.0,0.0,0.0,0.0,0.0,0.0,0.0,0.0,0.0,0.0,0.0,0.0,0.0,0.0,0.0
2023-04-01 23:00:00,0.0,0.0,0.0,0.0,0.0,0.0,0.0,0.0,0.0,0.0,0.0,0.0,0.0,0.0,0.0,0.0,0.0,0.0,0.0,0.0,0.0,0.0,0.0,0.0,0.0,0.0,0.0,0.0
2023-04-02 00:00:00,0.0,0.0,0.0,0.0,0.0,0.0,0.0,0.0,0.0,0.0,0.0,0.0,0.0,0.0,0.0,0.0,0.0,0.0,0.0,0.0,0.0,0.0,0.0,0.0,0.0,0.0,0.0,0.0
2023-04-02 01:00:00,0.0,0.0,0.0,0.0,0.0,0.0,0.0,0.0,0.0,0.0,0.0,0.0,0.0,0.0,0.0,0.0,0.0,0.0,0.0,0.0,0.0,0.0,0.0,0.0,0.0,0.0,0.0,0.0
2023-04-02 02:00:00,0.0,0.0,0.0,0.0,0.0,0.0,0.0,0.0,0.0,0.0,0.0,0.0,0.0,0.0,0.0,0.0,0.0,0.0,0.0,0.0,0.0,0.0,0.0,0.0,0.0,0.0,0.0,0.0
2023-04-02 03:00:00,0.0,0.0,0.0,0.0,0.0,0.0,0.0,0.0,0.0,0.0,0.0,0.0,0.0,0.0,0.0,0.0,0.0,0.0,0.0,0.0,0.0,0.0,0.0,0.0,0.0,0.0,0.0,0.0
2023-04-02 04:00:00,0.0,0.0,0.0,0.0,0.0,0.0,0.0,0.0,0.0,0.0,0.0,0.0,0.0,0.0,0.0,0.0,0.0,0.0,0.0,0.0,0.0,0.0,0.0,0.0,0.0,0.0,0.0,0.0
2023-04-02 05:00:00,0.0,0.0,0.0,0.0,0.0,0.0,0.0,0.0,0.0,0.0,0.0,0.0,0.0,0.0,0.0,0.0,0.0,0.0,0.0,0.0,0.0,0.0,0.0,0.0,0.0,0.0,0.0,0.0
2023-04-02 06:00:00,0.0,0.0,0.0,0.0,0.0,0.0,0.0,0.0,0.0,0.0,0.0,0.0,0.0,0.0,0.0,0.0,0.0,0.0,0.0,0.0,0.0,0.0,0.0,0.0,0.0,0.0,0.0,0.0
2023-04-02 07:00:00,0.0,0.0,0.0,0.0,0.0,0.0,0.0,0.0,0.0,0.0,0.0,0.0,0.0,0.0,0.0,0.0,0.0,0.0,0.0,0.0,0.0,0.0,0.02125451574870431,0.0,0.0,0.0,0.0,0.0
2023-04-02 08:00:00,0.2230624539414487,0.33597617189027634,0.18717131018494837,0.1562007372276533,0.09644841536567655,0.1539651112916794,0.10472274854302153,0.05805586753780464,0.2658900333629733,0.08642124778709344,0.07795540783462448,0.26471394700411915,0.26822941367997233,0.06868441281779478,0.2363516685513997,0.23186466177870108,0.2974344702985653,0.2197135576749494,0.2311201391997046,0.03380807441413775,0.07180942338653583,0.21527090847589628,0.12391683841895207,0.38308638578002474,0.2295409347408727,0.1929612063138714,0.45914124520180555,0.30730072650317347
2023-04-02 09:00:00,0.4338240989491548,0.4948837054828656,0.3288369767171282,0.2597010491082135,0.3361094819669289,0.2537681811787559,0.25547184906147913,0.18458784177355458,0.44119375919015286,0.15479775247831756,0.19081877183696846,0.44025547507269713,0.4511856786280005,0.17846139409237663,0.34822084049296104,0.40296544861298045,0.470393978477852,0.43851235099960323,0.4561375686973318,0.10330788081217722,0.17337475860196142,0.4057932142375769,0.24674735004459514,0.5747823090437948,0.33876762701093227,0.2821902032791414,0.603722420017092,0.5268102978236131
2023-04-02 10:00:00,0.5952801158934274,0.6260670024071044,0.4630490450371974,0.4717263267856655,0.5055430727729074,0.39283054440590703,0.4376141661652453,0.353898591889301,0.5835386243592549,0.25520311729296313,0.35844288505125166,0.5950154357257793,0.6048886387365172,0.33549394298355545,0.47769183572734764,0.5511562367062668,0.5828701395933141,0.6082560418150088,0.5879712535571717,0.18407685939952145,0.32405889920530334,0.5143009881148567,0.39698375737702324,0.672164042632122,0.51578182032465,0.44559372751147774,0.7238945614411973,0.6191984048462482
2023-04-02 11:00:00,0.6380807314758536,0.6766361028931065,0.49786884788874314,0.48564377766575234,0.6076363851869192,0.5782362814703931,0.407667949969186,0.3274315652251529,0.6479572915381709,0.26678718084518005,0.32265180820429135,0.5521183812204769,0.6649137110185183,0.32682520311067315,0.6437154537714624,0.6763587639970586,0.6827003189705882,0.574309266217878,0.6920358812025785,0.25324646442367077,0.3229571299206172,0.4959619141265858,0.45658693519223476,0.6916733302908454,0.5525409140984167,0.6692281426357864,0.7315091455067294,0.6725145323646026
2023-04-02 12:00:00,0.6586542870395988,0.6599125594347219,0.5885975916694964,0.6448456703953293,0.6269130672211912,0.70831270444425,0.5766447771573393,0.5012272710630387,0.7001911166956872,0.39935608193505123,0.48215575909645614,0.6594405418217106,0.710094796545322,0.4783110836753333,0.6615724654231163,0.6787921469819457,0.6483651355791553,0.5558174827764303,0.6410459322105678,0.43771380527821213,0.46797319888214833,0.5018519107366797,0.6955834885397764,0.6838056532438347,0.7619095762692929,0.762401801265143,0.7956897375733581,0.6645975375926781
2023-04-02 13:00:00,0.6757515079876849,0.6830664469727658,0.6090927330331908,0.6244204613045513,0.6305098555367964,0.7853065882920157,0.6010064354482615,0.5257659520198226,0.6972095615675004,0.4957128566985758,0.5456182050329313,0.6456509923606126,0.7299455964558531,0.49340962281101686,0.7037418451982163,0.754906016335284,0.7462601447098317,0.5214046805423586,0.7562950705989148,0.39921892651510654,0.48690341146417593,0.5508585895100269,0.6207770723024821,0.6663903166936076,0.7490631170135763,0.7734355378393006,0.7886264435150786,0.6659729099787739
2023-04-02 14:00:00,0.6584345724036116,0.7028181450555462,0.5511335563381272,0.6238403813754451,0.6262235699954398,0.7945863307108757,0.5616488680484095,0.5450157244111309,0.7599142715180968,0.4994437388513992,0.5081157974196964,0.6465444395397497,0.7673180468768445,0.5474606316341597,0.6800604468082385,0.7595799565776872,0.7179796370351693,0.5560960161012085,0.7021113232680886,0.6065340765714239,0.5458051927216416,0.5451033605134619,0.5349533846298582,0.6229344879517787,0.7190014226311887,0.768788223476043,0.7561660853377492,0.6532296084558642
2023-04-02 15:00:00,0.6191409120043486,0.6722878785461949,0.5969409057443734,0.6300693839431631,0.6517859155933374,0.8282722460666109,0.5598578436463799,0.47776080594234854,0.7271855150765486,0.5432690577422866,0.5246418339528439,0.6165421306938614,0.7119768658279635,0.4042250403416396,0.7362305631951768,0.7473692923805391,0.775679473853513,0.4943461796887505,0.7766610950741135,0.4734636416629932,0.4010879878230312,0.5488371011816825,0.5120371167798239,0.577228424800755,0.6298275942155639,0.8238038514335211,0.7058418592724905,0.6129617346017523
2023-04-02 16:00:00,0.5763579507542159,0.6360510370984116,0.5446009149332789,0.5840116073147108,0.586181771559144,0.7920856112808276,0.5076758610575441,0.47847325542250924,0.6794873421397897,0.47702303762648945,0.46314149126792414,0.5195612269387204,0.6457754760222411,0.4883384654676206,0.7093805562548663,0.6832162780919053,0.7746581723821384,0.48664661773178225,0.7715324120370899,0.5528489654791231,0.4949547127145676,0.5011973492428342,0.4589903169271297,0.5331514169129956,0.5757432893113337,0.7905984246958585,0.6533575639105963,0.5539955849741202
2023-04-02 17:00:00,0.5220881283074918,0.5272335347489614,0.4839975205718241,0.39234363619507917,0.5356736321155453,0.7274890721642819,0.43422449719556017,0.48359000889551557,0.6567312064467355,0.48782208175816194,0.46388193982308634,0.42648431810677284,0.6303044381964448,0.5062515640684855,0.6596163995491994,0.6394541425924776,0.7149001508600952,0.45903081080108515,0.7153044670036337,0.5512626413695356,0.5115436365023756,0.46360789406439246,0.29229289969198985,0.36161800487240875,0.41059043576398824,0.7490821808085789,0.5148322366937879,0.40687556295405597
2023-04-02 18:00:00,0.451519624833595,0.4282193767431933,0.37324172255444255,0.28103380337659467,0.49085578923068235,0.6389803152285728,0.29723717758025064,0.33940561276566655,0.5376517390291483,0.39554883224876447,0.3510608679697341,0.34791928552312346,0.49979096832504577,0.35407415410622173,0.6218258584006828,0.5605563038627837,0.6772482028008967,0.3893837530376212,0.6703971086995842,0.39171552315763203,0.36117124266979767,0.4085725214722857,0.1959948661681757,0.2663548459424809,0.32428445500758424,0.7114587764963242,0.4359588831729658,0.3117830981199214
2023-04-02 19:00:00,0.33892498978108476,0.24906233156642765,0.29439129881622994,0.14937564801229872,0.42688005057914324,0.5054916200551584,0.20242729855634747,0.2252678532710203,0.3985008415866574,0.264771977509366,0.2276796376295101,0.2106276630250375,0.37756031368475357,0.2498075965164892,0.4062636892313603,0.4047564979655429,0.5990967021671673,0.3123719099647303,0.6037839738623001,0.2662991158937964,0.2575358333677795,0.29820850443465835,0.09619408483901251,0.1239954152516166,0.1492746844849928,0.5757076652829406,0.2594270082353142,0.15035863309251715
2023-04-02 20:00:00,0.21338277269428688,0.11285202784157683,0.17428286893701436,0.10585845188450298,0.2944338445854848,0.35387639119078157,0.09446800439684679,0.11877452852010591,0.27532625235259256,0.17393566924678838,0.11345897097416643,0.16456877620973026,0.2780117751242744,0.1536219322349539,0.3037475275285104,0.2966803161665876,0.4340330383600051,0.17812421591835859,0.4438337437230447,0.2033167978764857,0.1639917426498235,0.2023511837713198,0.0,0.012014957387690452,0.0,0.4082213197540167,0.0716540004761768,0.00681977688240715
2023-04-02 21:00:00,0.0,0.0,0.0,0.0,0.0668894730529412,0.0,0.0,0.0,0.0,0.0,0.0,0.0,0.0,0.0,0.0,0.0,0.0,0.0,0.0,0.0,0.0,0.0,0.0,0.0,0.0,0.0,0.0,0.0
2023-04-02 22:00:00,0.0,0.0,0.0,0.0,0.0,0.0,0.0,0.0,0.0,0.0,0.0,0.0,0.0,0.0,0.0,0.0,0.0,0.0,0.0,0.0,0.0,0.0,0.0,0.0,0.0,0.0,0.0,0.0
2023-04-02 23:00:00,0.0,0.0,0.0,0.0,0.0,0.0,0.0,0.0,0.0,0.0,0.0,0.0,0.0,0.0,0.0,0.0,0.0,0.0,0.0,0.0,0.0,0.0,0.0,0.0,0.0,0.0,0.0,0.0
2023-04-03 00:00:00,0.0,0.0,0.0,0.0,0.0,0.0,0.0,0.0,0.0,0.0,0.0,0.0,0.0,0.0,0.0,0.0,0.0,0.0,0.0,0.0,0.0,0.0,0.0,0.0,0.0,0.0,0.0,0.0
2023-04-03 01:00:00,0.0,0.0,0.0,0.0,0.0,0.0,0.0,0.0,0.0,0.0,0.0,0.0,0.0,0.0,0.0,0.0,0.0,0.0,0.0,0.0,0.0,0.0,0.0,0.0,0.0,0.0,0.0,0.0
2023-04-03 02:00:00,0.0,0.0,0.0,0.0,0.0,0.0,0.0,0.0,0.0,0.0,0.0,0.0,0.0,0.0,0.0,0.0,0.0,0.0,0.0,0.0,0.0,0.0,0.0,0.0,0.0,0.0,0.0,0.0
2023-04-03 03:00:00,0.0,0.0,0.0,0.0,0.0,0.0,0.0,0.0,0.0,0.0,0.0,0.0,0.0,0.0,0.0,0.0,0.0,0.0,0.0,0.0,0.0,0.0,0.0,0.0,0.0,0.0,0.0,0.0
2023-04-03 04:00:00,0.0,0.0,0.0,0.0,0.0,0.0,0.0,0.0,0.0,0.0,0.0,0.0,0.0,0.0,0.0,0.0,0.0,0.0,0.0,0.0,0.0,0.0,0.0,0.0,0.0,0.0,0.0,0.0
2023-04-03 05:00:00,0.0,0.0,0.0,0.0,0.0,0.0,0.0,0.0,0.0,0.0,0.0,0.0,0.0,0.0,0.0,0.0,0.0,0.0,0.0,0.0,0.0,0.0,0.0,0.0,0.0,0.0,0.0,0.0
2023-04-03 06:00:00,0.0,0.0,0.0,0.0,0.0,0.0,0.0,0.0,0.0,0.0,0.0,0.0,0.0,0.0,0.0,0.0,0.0,0.0,0.0,0.0,0.0,0.0,0.0,0.0,0.0,0.0,0.0,0.0
2023-04-03 07:00:00,0.0,0.0,0.0,0.0,0.0,0.0,0.0,0.0,0.0,0.0,0.0,0.0,0.0,0.0,0.0,0.0,0.0,0.0,0.0,0.0,0.0,0.0,0.1467637447762274,0.0,0.04095643776598306,0.0,0.0,0.0
2023-04-03 08:00:00,0.38620887624284317,0.456363624313436,0.39301143397507876,0.33809660676442543,0.06615220271821437,0.2178631087167056,0.44144154181743067,0.40671611911465616,0.347440087308795,0.37071230709920866,0.3862406457786205,0.5147236157528748,0.37650938950856333,0.3797745390037143,0.4278897204329323,0.39041815430161086,0.16208655789546542,0.4466248643368183,0.14816752406686637,0.34779383622144405,0.37378344871397495,0.4422841977880507,0.21971065658604863,0.28997004204862176,0.20776235429816953,0.2565250669493605,0.47701500956417164,0.3784980184861312
2023-04-03 09:00:00,0.5631922936895715,0.6774840602216845,0.6026603269842505,0.5067839431732342,0.3912291449799542,0.36512548031776226,0.6543932502645659,0.6075915703811978,0.48920439226868107,0.5898321929261023,0.6090113021233399,0.6669891191648045,0.5436589235313761,0.5646062066107633,0.6371085082292468,0.569995026640177,0.307115450752949,0.6023318199898572,0.2986417113542252,0.505991338558635,0.5575847297557488,0.6035485254616101,0.40607360294295164,0.5221917754148625,0.38338042169875525,0.3891157801610357,0.6906161515085948,0.595546436575821
2023-04-03 10:00:00,0.7091169309574487,0.8158033045746054,0.7134239954841226,0.6329596122883591,0.566613501855049,0.4684323744116059,0.7431092184655931,0.688953813741309,0.5957802796109015,0.6501162932127151,0.694106528123697,0.8190766295175631,0.6467034310533433,0.6570303859474583,0.7325115201010026,0.6636684940376009,0.42629372274782934,0.7793483486139748,0.4576580553991554,0.5071684016396026,0.6491899166781354,0.7581052490643384,0.5112409728871267,0.7151445850419264,0.5236936274896448,0.4734829333412888,0.8150269892650109,0.7401184506371868
2023-04-03 11:00:00,0.8283110863373192,0.8855288947209222,0.7989486201735729,0.7384601110979172,0.6944857378065714,0.5777090025664753,0.8050801733927141,0.7482136021078686,0.7032259275311185,0.7770180897843694,0.7991039655750376,0.8886884471924547,0.7469397764138792,0.6880433524531044,0.737479377504204,0.6643093668038824,0.4803146648176841,0.851737782686835,0.5039005964089813,0.6038915531067126,0.6793185374459892,0.8709944834415383,0.5325942714352699,0.7718751777021501,0.5551954946211054,0.5569506895482412,0.8496242896407045,0.7966756559363822
2023-04-03 12:00:00,0.8418284348348578,0.8602853678201273,0.8492469198956097,0.7315282850560213,0.7527712142897947,0.6003595052768941,0.8327733224269637,0.7936516253286331,0.7648042350631882,0.8260319807759,0.8302351660015659,0.888943690481541,0.8072699805092083,0.7421172425378949,0.7226361327412375,0.724405352714724,0.4854712267227622,0.8333159379508756,0.5459812162889199,0.7110619583380717,0.7364673464595202,0.8973724080479547,0.5615472761125272,0.7676992191533571,0.6086293192506931,0.6184857243231826,0.8542641117656178,0.7940226501347978
2023-04-03 13:00:00,0.8409399568411488,0.8487615202317178,0.8410673080171623,0.79647749898942,0.7925803612146665,0.6767194898595822,0.7875127854482615,0.7577839718034958,0.7747575259826058,0.8125894176033814,0.7981721097381322,0.8721483727852564,0.8166231556572743,0.7232245711429867,0.7615154965970397,0.7312310040981345,0.5537886362445835,0.7857160146400407,0.5774461707939935,0.7456109354976694,0.7218599254264171,0.8541533689548378,0.6203763775668093,0.7280701836989182,0.5953779077226611,0.6795495400279862,0.8300202453263762,0.7511621753194061
2023-04-03 14:00:00,0.8532906710218555,0.8329491051888784,0.8271478799303504,0.763491034782724,0.810267496570982,0.7325009367005118,0.8404519308006696,0.8355970386522779,0.7554269306461238,0.8260496061034523,0.8336991296740697,0.8980466454964617,0.7746192325332176,0.8266948073107712,0.7093012034462611,0.7147892342220524,0.6639678072220424,0.8870429842215254,0.6366331908314099,0.8049539844338867,0.8256994808744442,0.9039061365311977,0.5829626273375607,0.7046836489159158,0.5690690730203567,0.6780886386986795,0.7129142884182916,0.7485611730424774
2023-04-03 15:00:00,0.8202772743294707,0.7644780844502154,0.7670511408918951,0.7663882901471228,0.8019149066193896,0.7441478210228364,0.7055808432427155,0.7244704341864079,0.6960720727359996,0.7631998609996808,0.7223286011165524,0.8921462974934153,0.7141134487131096,0.7475567155770231,0.6158753983608526,0.6356559902799538,0.6919196468034908,0.8388902659441876,0.6906614045666006,0.7735164590361098,0.7568918263332046,0.8634191023000458,0.5052885610484621,0.6922410874569608,0.5415838188531791,0.6975559069347512,0.7089331333016892,0.7049468156852601
2023-04-03 16:00:00,0.7729131932695602,0.7472582244723356,0.6764853009070858,0.681932377601523,0.8087132303727601,0.7645196211039721,0.4842784273243244,0.5343397900888442,0.6168607886749901,0.6451103070314643,0.5249063513456971,0.8350602108329214,0.5960513791429177,0.607678620699123,0.5837518799199672,0.6141061682589891,0.6833646643359623,0.7877995214640716,0.6594133612405604,0.6962947637011344,0.6364641608187269,0.8014083623725421,0.49899292084249963,0.5918096763683014,0.46711006286425066,0.6902454964981547,0.6424620355887763,0.6396029540797064
2023-04-03 17:00:00,0.7018171314115154,0.6444139248450458,0.638161067059356,0.613633891425849,0.7696838620638589,0.7429139191322429,0.5814964935257909,0.6179783929632793,0.6095651188244099,0.651919295458207,0.5872643486042202,0.7036043186237146,0.5781581997097721,0.6535753495570781,0.5168298838121673,0.5382682270875951,0.6572263520762363,0.6466998218403958,0.6454778162971105,0.7384046549951573,0.6672208004870696,0.717728585239101,0.3415720817155665,0.5472636349090744,0.36761437941066666,0.696432133107789,0.6064938222114633,0.5609938029377455
2023-04-03 18:00:00,0.6112071557315664,0.484528627707319,0.5636714436886011,0.361908416978967,0.694258958844195,0.679187404836323,0.39206521964845353,0.40525119818221594,0.5467690423736942,0.5618316080495177,0.46301336589219,0.5337442049607067,0.5524806881944555,0.39919929282536765,0.5000991575086677,0.5102244355436466,0.6243371838104725,0.6069686388847998,0.6103619936262121,0.48507552868466136,0.4162557661385537,0.6483131748407591,0.20739928819305434,0.3688412647840523,0.23237628450093278,0.6117827876596487,0.43739752871226,0.39746652195098764
2023-04-03 19:00:00,0.4948781916962468,0.2787753709903984,0.4158701658410091,0.3065553226948423,0.5371427140011107,0.6252670177816313,0.3409874723707656,0.3560256753805578,0.46542833384047727,0.42518846949630906,0.37338686842339114,0.41475952496644397,0.45569393246124096,0.3632171608982962,0.42211624077533394,0.4089772009426095,0.5323620966432501,0.46750980019680743,0.5216701027045179,0.4281572977521825,0.37461260877543706,0.4948552279752518,0.11370398634702909,0.19639873012058184,0.13057415480181908,0.5157446184705915,0.29986244256446526,0.18804053345081087
2023-04-03 20:00:00,0.3341990399178101,0.18285170934439324,0.26190780368463795,0.1681811171496642,0.36395615587385977,0.44911300623696476,0.2058352090311987,0.17995342726451383,0.3048093009310545,0.22515738888509587,0.2019588443078753,0.29842195665128746,0.2860202785660934,0.1680105903349478,0.24630075323697231,0.2745378302441744,0.36993754620787117,0.31648307234214784,0.373028993988781,0.20592263278255457,0.17251884113664934,0.31144841009731045,0.0,0.0642235937684821,0.0,0.35620144339953635,0.08177741936489,0.03333170953492537
2023-04-03 21:00:00,0.0,0.0,0.0,0.0,0.04304222800755821,0.0,0.0,0.0,0.0,0.0,0.0,0.0,0.0,0.0,0.0,0.0,0.0,0.0,0.0,0.0,0.0,0.0,0.0,0.0,0.0,0.0,0.0,0.0
2023-04-03 22:00:00,0.0,0.0,0.0,0.0,0.0,0.0,0.0,0.0,0.0,0.0,0.0,0.0,0.0,0.0,0.0,0.0,0.0,0.0,0.0,0.0,0.0,0.0,0.0,0.0,0.0,0.0,0.0,0.0
2023-04-03 23:00:00,0.0,0.0,0.0,0.0,0.0,0.0,0.0,0.0,0.0,0.0,0.0,0.0,0.0,0.0,0.0,0.0,0.0,0.0,0.0,0.0,0.0,0.0,0.0,0.0,0.0,0.0,0.0,0.0
2023-04-04 00:00:00,0.0,0.0,0.0,0.0,0.0,0.0,0.0,0.0,0.0,0.0,0.0,0.0,0.0,0.0,0.0,0.0,0.0,0.0,0.0,0.0,0.0,0.0,0.0,0.0,0.0,0.0,0.0,0.0
2023-04-04 01:00:00,0.0,0.0,0.0,0.0,0.0,0.0,0.0,0.0,0.0,0.0,0.0,0.0,0.0,0.0,0.0,0.0,0.0,0.0,0.0,0.0,0.0,0.0,0.0,0.0,0.0,0.0,0.0,0.0
2023-04-04 02:00:00,0.0,0.0,0.0,0.0,0.0,0.0,0.0,0.0,0.0,0.0,0.0,0.0,0.0,0.0,0.0,0.0,0.0,0.0,0.0,0.0,0.0,0.0,0.0,0.0,0.0,0.0,0.0,0.0
2023-04-04 03:00:00,0.0,0.0,0.0,0.0,0.0,0.0,0.0,0.0,0.0,0.0,0.0,0.0,0.0,0.0,0.0,0.0,0.0,0.0,0.0,0.0,0.0,0.0,0.0,0.0,0.0,0.0,0.0,0.0
2023-04-04 04:00:00,0.0,0.0,0.0,0.0,0.0,0.0,0.0,0.0,0.0,0.0,0.0,0.0,0.0,0.0,0.0,0.0,0.0,0.0,0.0,0.0,0.0,0.0,0.0,0.0,0.0,0.0,0.0,0.0
2023-04-04 05:00:00,0.0,0.0,0.0,0.0,0.0,0.0,0.0,0.0,0.0,0.0,0.0,0.0,0.0,0.0,0.0,0.0,0.0,0.0,0.0,0.0,0.0,0.0,0.0,0.0,0.0,0.0,0.0,0.0
2023-04-04 06:00:00,0.0,0.0,0.0,0.0,0.0,0.0,0.0,0.0,0.0,0.0,0.0,0.0,0.0,0.0,0.0,0.0,0.0,0.0,0.0,0.0,0.0,0.0,0.0,0.0,0.0,0.0,0.0,0.0
2023-04-04 07:00:00,0.0,0.0,0.0,0.0,0.0,0.0,0.0,0.0,0.0,0.0,0.0,0.0,0.0,0.0,0.0,0.0,0.0,0.0,0.0,0.0,0.0,0.0,0.07370638392059656,0.0,0.1264643668710185,0.0,0.0,0.0
2023-04-04 08:00:00,0.4496128635599065,0.5359577595333556,0.40147470206227054,0.3306906542503727,0.18362980400065726,0.15037063410514193,0.33976280779574686,0.26479374530839367,0.3547575961076254,0.3303872291995436,0.33196365460396776,0.4924776698695495,0.39994907949850966,0.2022015783788118,0.4129940609563486,0.4379214654476746,0.05312576672391701,0.5050432611951431,0.12111372750506956,0.19026772277040122,0.19680307645524853,0.46852180682542793,0.16310206460361829,0.5408091251362993,0.4515009760827787,0.27905655841006927,0.5270929797076458,0.5378292644714998
2023-04-04 09:00:00,0.6375800113510537,0.7356777386850434,0.5611791470952827,0.5552970022726093,0.28906765947671254,0.2576854947639545,0.505300854547304,0.41614745872075637,0.5272711495975994,0.46093293268641244,0.4646421205401919,0.7144674799288031,0.5996794801722518,0.3696176051800621,0.5734697237643374,0.6477935334705063,0.11337775278902991,0.7131716601348203,0.20463914342664707,0.36008963886002454,0.36673984654055974,0.6538979200309604,0.3940044555667261,0.7317790125551622,0.6428997017159704,0.38073429359664235,0.7155124304805699,0.7228664098400304
2023-04-04 10:00:00,0.7779318163816625,0.8489034154298563,0.6983817555572439,0.70429720693148,0.39140028055232134,0.370977800111019,0.5791445936671594,0.5103793192398034,0.656718882195598,0.5827252715601143,0.5769153100017529,0.8412871768586699,0.7324081120711932,0.4645449667867065,0.6922118727960386,0.7560851752706007,0.19384336311384728,0.8236581170618499,0.29333602646218326,0.47364687806596795,0.46454187188053353,0.7773059312867113,0.5748293532993359,0.8133888908636739,0.7883961266617199,0.5364282733569955,0.8289443495570306,0.8020881949671627
2023-04-04 11:00:00,0.8504887560300187,0.8909388998605152,0.7646789788211793,0.6650702394409749,0.47383402035070654,0.48705896554920747,0.6208515368669797,0.5708850069629529,0.7484535386294693,0.6513428024959855,0.6461518489428014,0.8632776812054713,0.8296469418075051,0.5364768042278832,0.794622545366804,0.8136327192164673,0.3135373901363527,0.8805372238832136,0.38313971809240915,0.4430339829419928,0.53776838278796,0.8478340868033555,0.6908690973286314,0.84611212859071,0.8680646931208067,0.6208641615821352,0.8564350663466931,0.8404798010597876
2023-04-04 12:00:00,0.8107060877189936,0.8824184108014604,0.7654982542507356,0.7731853628566014,0.5751364754288603,0.47069783405721594,0.7187962896363347,0.7083212381005768,0.6587279335419038,0.76423530934061,0.7488718875245853,0.9096744211271907,0.6750872655496023,0.6752458036805554,0.622496957704298,0.5847088891887766,0.25000775152763977,0.9098850698384974,0.24674612976132299,0.6661226542047142,0.6745092339262517,0.8968821155129584,0.7651181918998349,0.8192729608664843,0.8630391372464176,0.5523132406670243,0.8154779723946446,0.8327359659827879
2023-04-04 13:00:00,0.8362506816112221,0.8552509754318839,0.7593239410521252,0.8065667505970757,0.607300095620103,0.542633198450275,0.7450053928237925,0.7356351614431511,0.7411394882748118,0.7635131391407658,0.7588770962422293,0.9053442891460767,0.7371211023340288,0.7135886002429889,0.6416519777033991,0.6439858397722414,0.259301886126694,0.8675305470092787,0.2736850938138632,0.6454964845711224,0.7122673306084295,0.8865375344736424,0.7286971467715976,0.8252125397833847,0.8321951491473178,0.5881485029377284,0.7600352735825143,0.8310371610958356
2023-04-04 14:00:00,0.8776639412607887,0.8325714875681359,0.7630260950439047,0.8277595918788083,0.6219838225220937,0.5442223147973002,0.7328949661137082,0.7617378125439767,0.8171666960515293,0.8010591452327342,0.7745735615223488,0.8770778557198435,0.8268903527785154,0.7653089079969788,0.6813910700819342,0.7235024365687946,0.2655528903079826,0.8829007248003174,0.2678671587089248,0.753390692992747,0.7681711117057556,0.900698147316263,0.7481406993632195,0.838489996024135,0.8537412561479378,0.5882979508473196,0.7518796972494828,0.8288288248088379
2023-04-04 15:00:00,0.8748075402687265,0.7904631914051136,0.7299406098706621,0.7411339808849288,0.6064692090359676,0.5009602527708387,0.6322737756608205,0.6926306191547411,0.8063764034516998,0.7660327640773282,0.7096585866488287,0.7499193422396245,0.8253924092337785,0.7251966531222719,0.6439702853252531,0.728742260854362,0.24019765274108656,0.8634116754524545,0.25690225619176965,0.7066374609511854,0.7346108021420706,0.8690602114366487,0.6403012853142394,0.7836185327454037,0.7981578130097332,0.5407610802137248,0.7740704463392081,0.7552647677514619
2023-04-04 16:00:00,0.8407763273084493,0.7177115210667211,0.7407395617701411,0.7189407933020493,0.5488957300706527,0.4502872181272064,0.5826140385419964,0.5899086124383545,0.786345367617767,0.6825061088310508,0.6147051731158815,0.8292988323489807,0.8049474789890052,0.6251385332642357,0.6065395221423069,0.7048735730274719,0.19432299505376188,0.7981247584068024,0.18592791691291496,0.6904867131039865,0.6440038528507464,0.8269241290508779,0.6016985538565673,0.6896703820265943,0.7587191538700356,0.46881341943583454,0.7432162631677489,0.6923078548490494
2023-04-04 17:00:00,0.7815421633962263,0.648438713258981,0.6253617397376532,0.6875547448065439,0.46849269129244553,0.31669934796461113,0.4984546633727897,0.53294183952503,0.699612423590007,0.5906139676525112,0.5262740105150837,0.7638406592854708,0.7509851846148168,0.5865347129413171,0.5438809374125175,0.6290599277002633,0.10908157198186616,0.7545247008731847,0.10879064970251527,0.6641882609761636,0.6054309595781605,0.7487399293066308,0.4683567520448367,0.6296009951021162,0.6565541436741844,0.36740096938867906,0.6377617702509275,0.5861524633270433
2023-04-04 18:00:00,0.6852229936469935,0.582065496389511,0.5906695803430793,0.6278061986183862,0.31263312106964364,0.21188840639269516,0.45846186278740353,0.46860415815411116,0.5823648890878969,0.5555674715404796,0.46371023924375654,0.736826500299198,0.664130472315784,0.5185069576539304,0.4375716944110482,0.5135292495493294,0.061917873321316964,0.7414260895825425,0.05928762375364831,0.5619027337083742,0.5386984156896754,0.7295732665920288,0.309739581444666,0.5881044490348947,0.5113584675097912,0.22304510587066442,0.5805643432087167,0.554385834026302
2023-04-04 19:00:00,0.5572027536925276,0.4559457643653128,0.4926370539295437,0.5300341210753491,0.16679000477511516,0.09546571993556544,0.37222037476539027,0.40771298246702853,0.41450545765854957,0.5130482629330679,0.4343057448658501,0.6268914156368008,0.4860168236667822,0.44506591414776353,0.217189990997569,0.3319247015341884,0.027649404412420107,0.6087989094127527,0.030511812205856047,0.5017589127222697,0.46322360263032447,0.6285582029851949,0.13917921752324358,0.427651973113993,0.25890232065512503,0.09473335598673839,0.4882914040617814,0.3882773197298216
2023-04-04 20:00:00,0.3482072444630815,0.34192144029352994,0.3022263677322454,0.37011918196931065,0.050662634697641734,0.02326484637015658,0.31469831413010446,0.34219355642350074,0.19630393477887512,0.3648564345247927,0.34665065065905004,0.4780855626653571,0.21675532187175567,0.3507167831090055,0.04277975092494894,0.0938554062105959,0.004356445422715071,0.4347435899959929,0.01166933621681609,0.3621387284025375,0.35479350279761834,0.43767225797880016,0.0,0.12980830822756445,0.0,0.01965323756620808,0.17896532309537466,0.14701413070271224
2023-04-04 21:00:00,0.0,0.0,0.0,0.0,0.0050718288756614015,0.0,0.0,0.0,0.0,0.0,0.0,0.0,0.0,0.0,0.0,0.0,0.0,0.0,0.0,0.0,0.0,0.0,0.0,0.0,0.0,0.0,0.0,0.0
2023-04-04 22:00:00,0.0,0.0,0.0,0.0,0.0,0.0,0.0,0.0,0.0,0.0,0.0,0.0,0.0,0.0,0.0,0.0,0.0,0.0,0.0,0.0,0.0,0.0,0.0,0.0,0.0,0.0,0.0,0.0
2023-04-04 23:00:00,0.0,0.0,0.0,0.0,0.0,0.0,0.0,0.0,0.0,0.0,0.0,0.0,0.0,0.0,0.0,0.0,0.0,0.0,0.0,0.0,0.0,0.0,0.0,0.0,0.0,0.0,0.0,0.0
2023-04-05 00:00:00,0.0,0.0,0.0,0.0,0.0,0.0,0.0,0.0,0.0,0.0,0.0,0.0,0.0,0.0,0.0,0.0,0.0,0.0,0.0,0.0,0.0,0.0,0.0,0.0,0.0,0.0,0.0,0.0
2023-04-05 01:00:00,0.0,0.0,0.0,0.0,0.0,0.0,0.0,0.0,0.0,0.0,0.0,0.0,0.0,0.0,0.0,0.0,0.0,0.0,0.0,0.0,0.0,0.0,0.0,0.0,0.0,0.0,0.0,0.0
2023-04-05 02:00:00,0.0,0.0,0.0,0.0,0.0,0.0,0.0,0.0,0.0,0.0,0.0,0.0,0.0,0.0,0.0,0.0,0.0,0.0,0.0,0.0,0.0,0.0,0.0,0.0,0.0,0.0,0.0,0.0
2023-04-05 03:00:00,0.0,0.0,0.0,0.0,0.0,0.0,0.0,0.0,0.0,0.0,0.0,0.0,0.0,0.0,0.0,0.0,0.0,0.0,0.0,0.0,0.0,0.0,0.0,0.0,0.0,0.0,0.0,0.0
2023-04-05 04:00:00,0.0,0.0,0.0,0.0,0.0,0.0,0.0,0.0,0.0,0.0,0.0,0.0,0.0,0.0,0.0,0.0,0.0,0.0,0.0,0.0,0.0,0.0,0.0,0.0,0.0,0.0,0.0,0.0
2023-04-05 05:00:00,0.0,0.0,0.0,0.0,0.0,0.0,0.0,0.0,0.0,0.0,0.0,0.0,0.0,0.0,0.0,0.0,0.0,0.0,0.0,0.0,0.0,0.0,0.0,0.0,0.0,0.0,0.0,0.0
2023-04-05 06:00:00,0.0,0.0,0.0,0.0,0.0,0.0,0.0,0.0,0.0,0.0,0.0,0.0,0.0,0.0,0.0,0.0,0.0,0.0,0.0,0.0,0.0,0.0,0.0,0.0,0.0,0.0,0.0,0.0
2023-04-05 07:00:00,0.0,0.0,0.0,0.0,0.0,0.0,0.0,0.0,0.0,0.0,0.0,0.0,0.0,0.0,0.0,0.0,0.0,0.0,0.0,0.0,0.0,0.0,0.5053246090193213,0.0,0.30364435766328257,0.0,0.0,0.0
2023-04-05 08:00:00,0.2349247619700709,0.24401594290106624,0.08900054552645228,0.18827485070508912,0.053982493815629744,0.025214850092449358,0.15699439781372626,0.25654188194071237,0.08568849790226354,0.20549059109100531,0.2023006339959899,0.3522285840991186,0.08416832182480923,0.31726563270500013,0.046365693244949165,0.055335242166625616,0.02972997172995697,0.35270058774591456,0.0409284945888241,0.2917067258498431,0.32371135363563347,0.36043724232000707,0.6953742350384589,0.3820330569596216,0.5994845541513156,0.03438949856876809,0.27550516617938253,0.4116549078701081
2023-04-05 09:00:00,0.39165502391039564,0.419032331462433,0.17030090801655925,0.4093862824693154,0.16727811423317515,0.05272037079197408,0.355193247870979,0.4750245533231534,0.21048052697047412,0.4487539430940802,0.43285231712474825,0.5935619954158355,0.2397697716442969,0.49548597645984166,0.11728165680449454,0.17178347618272735,0.014610718161741454,0.5469260480605646,0.013515610827639364,0.5014313364775974,0.495670121957001,0.5770240726778041,0.8465982736350744,0.5883856804692292,0.7754066426340122,0.09047002497478344,0.5026262499018168,0.6128209087082622
2023-04-05 10:00:00,0.432763603787761,0.5295397342859683,0.17941862631863195,0.6199902540993041,0.2764601189162855,0.10207635709706048,0.28092469344048304,0.39119184091287473,0.27328977964202206,0.3613802794577571,0.3356857084475248,0.7038566200320309,0.3467840799407434,0.451402102571467,0.13992373846263476,0.2599303636349215,0.03927147189917533,0.5319920477237546,0.038138670522107246,0.5403777650617669,0.4587171765711961,0.5492235642128028,0.9064409555178927,0.7331310102758538,0.8164753665658875,0.1507089058711926,0.6283585059463062,0.7341210228588707
2023-04-05 11:00:00,0.491087636844796,0.6621060179932226,0.2246845671264325,0.7876732841411507,0.3770251436098348,0.15256257500032155,0.4217944426071801,0.4990198250229598,0.35927176099378305,0.42880640465525227,0.43548529704350425,0.8063534262873172,0.4338946717563653,0.5379048323714062,0.2305364253986101,0.3473555026617298,0.05707320129074203,0.6445883597789185,0.05345370863648503,0.5507187080205938,0.5386579544040913,0.624919205230651,0.8753010130881577,0.8385153784809919,0.8644579220456403,0.21748034966809449,0.7624598707909537,0.8290388260711234
2023-04-05 12:00:00,0.38369131527289296,0.7314955629018074,0.18356278495140418,0.6336106964815714,0.4393250022755489,0.2022206716139821,0.37041999131378717,0.4194723055747381,0.26834991303388805,0.2909451045773482,0.3321550629234548,0.6913472961795495,0.3154762113430559,0.4695662233334514,0.3069288325942109,0.25024094372735284,0.06813190027423116,0.4230333665818722,0.06242686766788824,0.3712841458952037,0.4684595787827094,0.483009556603665,0.73378177837056,0.8302308415174519,0.7260236266843152,0.266733567370438,0.7537106884763983,0.8414867223873671
2023-04-05 13:00:00,0.4586167842274326,0.7379905623806943,0.1797252077305106,0.6244011690899218,0.45999881736778553,0.24010465320189878,0.2799525395790587,0.36983038207450974,0.30840624009095235,0.360154564227527,0.3252821950297909,0.7351632852650246,0.36052525361459137,0.4203868829613423,0.31953826569784266,0.26027561015927947,0.09179325612451114,0.5639659824304285,0.08404160449441737,0.4119187436749727,0.4280490091069883,0.6106313523356883,0.7317661907754808,0.8147831792543724,0.687847311213731,0.2839686875096517,0.7339421878659956,0.8290986517676128
2023-04-05 14:00:00,0.4642020070773589,0.7193001850040728,0.17615079768402023,0.6465981165587302,0.464429901757783,0.2357608505416143,0.2787005162674564,0.3966854148156425,0.3050879028998086,0.3794462579271915,0.34017655066849645,0.7430479747874201,0.34467305529557546,0.4545110633525841,0.317797718972615,0.2548826190467417,0.10176310272451981,0.5524104516054477,0.08881913790472679,0.4568550824618661,0.4626122428188994,0.6181713547229716,0.6769200447122522,0.8067514646627133,0.6989431152238909,0.3098470418775281,0.691526164882523,0.8129031365005412
2023-04-05 15:00:00,0.41510969478810217,0.7212737999814448,0.14325794296469652,0.6454080934079818,0.4527698839646081,0.1696369850175097,0.18774899635589384,0.29170988296585776,0.2503258579619027,0.25861323472752284,0.2263041607774781,0.7344461566332166,0.3071011187647517,0.3815606240551346,0.2467480009411361,0.23711390995305837,0.07645450517152667,0.43691426751249934,0.07324381150967586,0.3706424202582337,0.39452826254128587,0.5418808281769093,0.6843366372624872,0.7893266057046864,0.6453924469830953,0.2232303507481865,0.7018676234449717,0.8205743593445286
2023-04-05 16:00:00,0.3883881830332873,0.7076183754262552,0.10746060412087582,0.6523402769834554,0.37433858036343515,0.16021882965071882,0.1614621997908509,0.23089467057778026,0.23167342108443373,0.2091320192417852,0.19348057596890852,0.7284018302861551,0.2827620291419144,0.2819552050073262,0.21991832682880239,0.2146271561027819,0.0739703946478764,0.4314184279613449,0.06210049520130354,0.2687147950433647,0.28939529373492556,0.5021771082381007,0.6175307250827847,0.7482803760867345,0.553412192866418,0.20334245105783985,0.606820935418817,0.7877128443521321
2023-04-05 17:00:00,0.30390308990775694,0.6685748776780595,0.06026033912415491,0.5060493218403889,0.28545319496815996,0.12460267477138767,0.0981710874633825,0.13926592952799574,0.1700619534407303,0.11980367056594542,0.10859359489316826,0.5837643727997476,0.20607956281053186,0.170387037767988,0.18512973109269815,0.15812213606750739,0.050653434379180295,0.2988603844568323,0.042495744000984007,0.17993875195171133,0.17470701776156308,0.3846805501877027,0.5314688060720614,0.6485085521453896,0.4208601329488662,0.15794706597075253,0.4689123106215415,0.7165602699277591
2023-04-05 18:00:00,0.175155299211385,0.554427605593757,0.03735903550535559,0.41794232215772115,0.1972281980697618,0.08560182671218439,0.0491699575125259,0.07195433421939358,0.08756778150152,0.06286353938146343,0.05684335885088075,0.42161482991914717,0.10470831529527728,0.08970610897335483,0.11145870746915205,0.08668312163567526,0.03199420192352032,0.16410529799186072,0.02502456616495331,0.09839836747673537,0.09249781315375319,0.23167902790521644,0.3877027224547794,0.5766700818249003,0.285860669033952,0.0990635598595637,0.43408354702890956,0.6458484454507207
2023-04-05 19:00:00,0.07191664035481705,0.39223278005705164,0.008840278983493785,0.2888307500122922,0.10874467443965528,0.04535897882263389,0.011778461953769116,0.018223800528427644,0.030836736239334823,0.014617542765105341,0.014278921529963495,0.23932647770644938,0.03673585389285098,0.02602061253419967,0.03835534410564917,0.02798923842652507,0.012534507785125333,0.05734523232223084,0.008702178430689737,0.02313217631141683,0.02691773350147039,0.09703678216879476,0.20611778160310995,0.4764200303472109,0.18891506463603272,0.050270442183259226,0.33009955919522455,0.5218079007928675
2023-04-05 20:00:00,0.006183543467047537,0.20183041867568735,5.359688235302836e-05,0.050658055909939576,0.03414349734155051,0.011264116477521069,0.0,0.0,0.002239241196174811,0.0,0.0,0.039975426680140265,0.003509819576094329,0.003143020582399459,0.0030483136156029635,0.00243780912478092,0.0014116322576168746,0.002700799608784339,0.0006920707225963827,0.003593100814482831,0.003535898155199391,0.006674498046988679,0.0,0.1615149577740325,0.0,0.010944054986433683,0.17478949549086847,0.23538723397282188
2023-04-05 21:00:00,0.0,0.0,0.0,0.0,0.002984787376327233,0.0,0.0,0.0,0.0,0.0,0.0,0.0,0.0,0.0,0.0,0.0,0.0,0.0,0.0,0.0,0.0,0.0,0.0,0.0,0.0,0.0,0.0,0.0
2023-04-05 22:00:00,0.0,0.0,0.0,0.0,0.0,0.0,0.0,0.0,0.0,0.0,0.0,0.0,0.0,0.0,0.0,0.0,0.0,0.0,0.0,0.0,0.0,0.0,0.0,0.0,0.0,0.0,0.0,0.0
2023-04-05 23:00:00,0.0,0.0,0.0,0.0,0.0,0.0,0.0,0.0,0.0,0.0,0.0,0.0,0.0,0.0,0.0,0.0,0.0,0.0,0.0,0.0,0.0,0.0,0.0,0.0,0.0,0.0,0.0,0.0
2023-04-06 00:00:00,0.0,0.0,0.0,0.0,0.0,0.0,0.0,0.0,0.0,0.0,0.0,0.0,0.0,0.0,0.0,0.0,0.0,0.0,0.0,0.0,0.0,0.0,0.0,0.0,0.0,0.0,0.0,0.0
2023-04-06 01:00:00,0.0,0.0,0.0,0.0,0.0,0.0,0.0,0.0,0.0,0.0,0.0,0.0,0.0,0.0,0.0,0.0,0.0,0.0,0.0,0.0,0.0,0.0,0.0,0.0,0.0,0.0,0.0,0.0
2023-04-06 02:00:00,0.0,0.0,0.0,0.0,0.0,0.0,0.0,0.0,0.0,0.0,0.0,0.0,0.0,0.0,0.0,0.0,0.0,0.0,0.0,0.0,0.0,0.0,0.0,0.0,0.0,0.0,0.0,0.0
2023-04-06 03:00:00,0.0,0.0,0.0,0.0,0.0,0.0,0.0,0.0,0.0,0.0,0.0,0.0,0.0,0.0,0.0,0.0,0.0,0.0,0.0,0.0,0.0,0.0,0.0,0.0,0.0,0.0,0.0,0.0
2023-04-06 04:00:00,0.0,0.0,0.0,0.0,0.0,0.0,0.0,0.0,0.0,0.0,0.0,0.0,0.0,0.0,0.0,0.0,0.0,0.0,0.0,0.0,0.0,0.0,0.0,0.0,0.0,0.0,0.0,0.0
2023-04-06 05:00:00,0.0,0.0,0.0,0.0,0.0,0.0,0.0,0.0,0.0,0.0,0.0,0.0,0.0,0.0,0.0,0.0,0.0,0.0,0.0,0.0,0.0,0.0,0.0,0.0,0.0,0.0,0.0,0.0
2023-04-06 06:00:00,0.0,0.0,0.0,0.0,0.0,0.0,0.0,0.0,0.0,0.0,0.0,0.0,0.0,0.0,0.0,0.0,0.0,0.0,0.0,0.0,0.0,0.0,0.0,0.0,0.0,0.0,0.0,0.0
2023-04-06 07:00:00,0.0,0.0,0.0,0.0,0.0,0.0,0.0,0.0,0.0,0.0,0.0,0.0,0.0,0.0,0.0,0.0,0.0,0.0,0.0,0.0,0.0,0.0,0.4586557067840341,0.0,0.3597803148916878,0.0,0.06835040186230265,0.0
2023-04-06 08:00:00,0.022843098850687832,0.15416634746918492,0.0,0.02776496936828906,0.057528597978213074,0.0029698834027374207,4.123860972444007e-05,0.0008188122967953529,0.009357316386690228,0.00010481708541281077,4.346460948867403e-05,0.026875299075249968,0.012472654207940066,0.0019676059939335356,0.006502479940870569,0.004956991918105763,0.00046841244974296105,0.017585150878644696,3.4847237019181334e-05,0.00099441511786268,0.002129507529348795,0.02406593611728774,0.662650050926816,0.2687872928933329,0.5658088622504773,0.005655194663910431,0.38136720145226827,0.20689661844896934
2023-04-06 09:00:00,0.08718628201331971,0.25198912943587687,0.004630676994371044,0.09648291615815024,0.12613177962018116,0.03281465719991693,0.005221136112842076,0.009772494279446247,0.04553790851537809,0.01053148849067109,0.007917282088170847,0.10948538492151759,0.05277051777188888,0.012843997014664163,0.05924981524273934,0.03626938813162984,0.007923978920923402,0.068227742233208,0.0046038587532228215,0.0112714810612537,0.013532321563405768,0.09287945798334114,0.808270371924157,0.3648816158948907,0.7166779391898402,0.04786309506576931,0.5507695247844473,0.3101779336195778
2023-04-06 10:00:00,0.12742589515167962,0.3684662667330116,0.014456500444357916,0.13911339700653602,0.2109815428895381,0.07955873224877508,0.013118519703030114,0.022119661690924736,0.07834480098046612,0.021192454383576226,0.017598962879349915,0.16753350785330165,0.08992696578312169,0.029630219636764057,0.08638084345672473,0.06445920846251241,0.022355371866578495,0.10345091894103309,0.01770813237753748,0.025139802031979096,0.031092446250785388,0.1289760750490688,0.8722000572292965,0.44787415175634976,0.7941389211665661,0.10462809685199596,0.6707997147048106,0.4078848228361492
2023-04-06 11:00:00,0.15552082676950418,0.45341541978636546,0.029770061868236497,0.21471070059476735,0.28875236281478195,0.12932815664428873,0.024583074631157515,0.03347578140341635,0.10752139216609498,0.03431619827739288,0.02972155302621191,0.2665304006406972,0.12458960718169547,0.04246051976887295,0.1383926477808172,0.1109017551753489,0.05495821153279694,0.12410150778173434,0.045228876601220644,0.04070760690186155,0.0445187527128879,0.16735166144413668,0.9093851124382004,0.49907399554684934,0.8338963280424946,0.14948516814692925,0.7292264825062459,0.4643849055255567
2023-04-06 12:00:00,0.21918941402108913,0.5108786841400171,0.042582264226400324,0.27640992356918137,0.35607570967286234,0.1761771228423717,0.040647078214852264,0.05333543109040351,0.1753028317640041,0.056737468185765375,0.04746206743196705,0.3736969567670991,0.19647049285069718,0.0657243926110539,0.22045875885210814,0.16751055098779527,0.08439877598767925,0.18076194328321668,0.08369549630598855,0.05975403225341899,0.06878400590689558,0.24862842803012597,0.8601610176246066,0.5543019339529586,0.8675523521871135,0.2127465313957045,0.7213775607523961,0.5241183024809597
2023-04-06 13:00:00,0.21751522559647243,0.5389131377155872,0.04686296204266833,0.2585785437531748,0.36755384360225646,0.21308745339575055,0.05161082309272267,0.0859008243422996,0.20041705756803227,0.07635337660752112,0.0648908156480064,0.3754430658832827,0.23400107491812489,0.11302212437869194,0.23632731293033896,0.20962418945361383,0.13277684348785543,0.20837668038457635,0.10985340271684745,0.10242154523076377,0.11756134201944916,0.26159048564186627,0.8799755165445887,0.5681724761701277,0.8859199261891867,0.2425503721684061,0.7467691222171216,0.5365047903358993
2023-04-06 14:00:00,0.2193429520095342,0.5375284046638393,0.038529521686322794,0.2330097882109234,0.37984736742975533,0.2025765987975124,0.042259370763606356,0.06325894657862881,0.17726446305984894,0.05574286319284484,0.04675832986587568,0.3488305052135485,0.21210390435374346,0.08586915095925612,0.21500209440506718,0.1920603314658726,0.1517475694296884,0.20001151261555675,0.12652649415903613,0.07164471844605136,0.08950767645145999,0.25194183316306,0.8550595170568571,0.5636156104682097,0.8868350854354279,0.2403902691583798,0.7618869446498567,0.5365561019023848
2023-04-06 15:00:00,0.1735718303762736,0.48497863228796156,0.026200922516465344,0.21492872070348257,0.3662461260291425,0.19308954602276843,0.032193399999918916,0.04827522571088152,0.1340214953750313,0.039622140070472475,0.03412039429480443,0.2824793279442118,0.1635966227722623,0.07064782754152105,0.20456108400615006,0.1637673978849282,0.1334525702720729,0.14894217007727006,0.11125280732828081,0.05024391441055323,0.07425583524362132,0.20184669171617078,0.851601952342655,0.5632793691387876,0.8683718339276335,0.23044202338750078,0.7530628596929605,0.5272556789158427
2023-04-06 16:00:00,0.15947885367750575,0.4459379018562511,0.02464014118257619,0.1986560422046061,0.342878764493009,0.15274064642992252,0.025684364343876775,0.03354538277208715,0.1041806279893763,0.026731875889781945,0.025251430635926365,0.2918322144785442,0.12449556862138637,0.0461911799934985,0.15736489912934423,0.10784639642145098,0.10611450123301376,0.11607823538344764,0.09300221860997526,0.03183895419931679,0.04809807815629552,0.17744713728700523,0.7988810692797369,0.521713515137528,0.8021855129944253,0.18872874834456418,0.703437536643184,0.43670879033375337
2023-04-06 17:00:00,0.1088815693739286,0.37053401288575755,0.020151840036338846,0.08683446972958045,0.29040044668327775,0.11782374149768017,0.018243096990464138,0.021031068672924966,0.07304836553706022,0.01790835991715535,0.017554859259836436,0.15394279653485746,0.08620132170447646,0.027084838256891106,0.10776972060455238,0.07586146478435422,0.09269080546140121,0.07412146400939516,0.09124961133721435,0.018330282694731005,0.028107625236366764,0.10955002690817327,0.6782872016346077,0.39610438631225153,0.6823006855828777,0.14215568253563066,0.6395665771360121,0.31585115579012873
2023-04-06 18:00:00,0.05702229939176985,0.2910508762035391,0.007259044456035388,0.04236215732479736,0.19383021839102746,0.07772701395026058,0.009134660756671279,0.012547901889526985,0.03983914777769584,0.010267478376210466,0.010385653464738595,0.08495669354542068,0.051140157562641064,0.015303367124417858,0.05852661498129526,0.04359792297626576,0.08511068689416704,0.036577888232452165,0.07011782830425384,0.008455037768334499,0.015894399467859904,0.05510846301158176,0.6388466619396024,0.2754629593510169,0.6049034609858795,0.09521264927011273,0.560528658277689,0.22437066192660945
2023-04-06 19:00:00,0.02368199820047947,0.17625925900844513,0.0012556282717351276,0.015514336909878364,0.11802170698615158,0.03443495601044903,0.0012889465702812318,0.0018228666259090121,0.013412637515029892,0.0015051907991458229,0.0015820978477240704,0.0374285755711898,0.017546457972226117,0.0025759557791718932,0.022754597981641117,0.016093666497925298,0.08685804051154675,0.01128047538335517,0.0492314582039443,0.0009061557798490602,0.002778723221799919,0.020353350675876635,0.46712392270159653,0.17676034948449737,0.46741276331199033,0.04501300619244422,0.39107215371077764,0.11887177866138454
2023-04-06 20:00:00,0.006177619818637812,0.07307179307031882,0.0,0.0006649479116062333,0.06298137003829479,0.010449229348973207,0.0,0.0,0.0067928715642087455,0.0,0.0,0.010349633153598985,0.00984755810971083,0.0,0.00795763016199993,0.004801658369025493,0.04947610387967578,0.0005092106447653918,0.04399851919363553,0.0,0.0,0.0025614259854239018,0.0,0.08207094830888109,0.0,0.014619876015239603,0.16056690946305174,0.03902042969635387
2023-04-06 21:00:00,0.0,0.0,0.0,0.0,0.0034205240485338717,0.0,0.0,0.0,0.0,0.0,0.0,0.0,0.0,0.0,0.0,0.0,0.0,0.0,0.0,0.0,0.0,0.0,0.0,0.0,0.0,0.0,0.0,0.0
2023-04-06 22:00:00,0.0,0.0,0.0,0.0,0.0,0.0,0.0,0.0,0.0,0.0,0.0,0.0,0.0,0.0,0.0,0.0,0.0,0.0,0.0,0.0,0.0,0.0,0.0,0.0,0.0,0.0,0.0,0.0
2023-04-06 23:00:00,0.0,0.0,0.0,0.0,0.0,0.0,0.0,0.0,0.0,0.0,0.0,0.0,0.0,0.0,0.0,0.0,0.0,0.0,0.0,0.0,0.0,0.0,0.0,0.0,0.0,0.0,0.0,0.0
2023-04-07 00:00:00,0.0,0.0,0.0,0.0,0.0,0.0,0.0,0.0,0.0,0.0,0.0,0.0,0.0,0.0,0.0,0.0,0.0,0.0,0.0,0.0,0.0,0.0,0.0,0.0,0.0,0.0,0.0,0.0
2023-04-07 01:00:00,0.0,0.0,0.0,0.0,0.0,0.0,0.0,0.0,0.0,0.0,0.0,0.0,0.0,0.0,0.0,0.0,0.0,0.0,0.0,0.0,0.0,0.0,0.0,0.0,0.0,0.0,0.0,0.0
2023-04-07 02:00:00,0.0,0.0,0.0,0.0,0.0,0.0,0.0,0.0,0.0,0.0,0.0,0.0,0.0,0.0,0.0,0.0,0.0,0.0,0.0,0.0,0.0,0.0,0.0,0.0,0.0,0.0,0.0,0.0
2023-04-07 03:00:00,0.0,0.0,0.0,0.0,0.0,0.0,0.0,0.0,0.0,0.0,0.0,0.0,0.0,0.0,0.0,0.0,0.0,0.0,0.0,0.0,0.0,0.0,0.0,0.0,0.0,0.0,0.0,0.0
2023-04-07 04:00:00,0.0,0.0,0.0,0.0,0.0,0.0,0.0,0.0,0.0,0.0,0.0,0.0,0.0,0.0,0.0,0.0,0.0,0.0,0.0,0.0,0.0,0.0,0.0,0.0,0.0,0.0,0.0,0.0
2023-04-07 05:00:00,0.0,0.0,0.0,0.0,0.0,0.0,0.0,0.0,0.0,0.0,0.0,0.0,0.0,0.0,0.0,0.0,0.0,0.0,0.0,0.0,0.0,0.0,0.0,0.0,0.0,0.0,0.0,0.0
2023-04-07 06:00:00,0.0,0.0,0.0,0.0,0.0,0.0,0.0,0.0,0.0,0.0,0.0,0.0,0.0,0.0,0.0,0.0,0.0,0.0,0.0,0.0,0.0,0.0,0.0,0.0,0.0,0.0,0.0,0.0
2023-04-07 07:00:00,0.0,0.0,0.0,0.0,0.0,0.0,0.0,0.0,0.0,0.0,0.0,0.0,0.0,0.0,0.0,0.0,0.0,0.0,0.0,0.0,0.0,0.0,0.14396684130932025,0.005094583939046301,0.02186287632516545,0.0,0.024268148249538646,0.003630191746597458
2023-04-07 08:00:00,0.21440533211927484,0.39461062898204463,0.19520999736457892,0.01980884028517392,0.034035582236604155,0.032822467873218075,0.14337105971108743,0.10246746877721562,0.2452813717943033,0.16286222607135772,0.13772296833044226,0.14817295794152902,0.24803428102220146,0.045371239588049186,0.2013933296829265,0.17452146727619772,0.11625142281509859,0.13046215236074113,0.08021043572040107,0.055730885427117426,0.043464552402439446,0.21398453798631722,0.3028815023058955,0.11384709691369506,0.11513484092215537,0.050967260747200496,0.3010296117579851,0.1287504347034559
2023-04-07 09:00:00,0.3404039418256519,0.5705986602040507,0.33260703092154326,0.10826588129490866,0.1205202918632642,0.10565276312829786,0.2888798909836485,0.31421654722670406,0.3609450041775679,0.3823533639725022,0.328599995556929,0.2853594217253963,0.3246156166493514,0.26029976310859754,0.2713930378532386,0.2307805861096316,0.26624637205691987,0.22012789179138426,0.20003708465975337,0.2527441341797432,0.26143108625992106,0.3361300159528316,0.40149212081714003,0.2232660716387675,0.20794240068943995,0.17579348100407308,0.4256438042331527,0.26488904024528526
2023-04-07 10:00:00,0.47526266797354105,0.6842852566847353,0.4981822057222814,0.24382138423343488,0.24442416132326655,0.16893563569088818,0.5781224699489432,0.5618836962790363,0.45960893142943343,0.550961678712742,0.5752937993850848,0.5072925232259198,0.4326826947037633,0.4758212301201837,0.24561997180938083,0.2482657098680784,0.372114801135023,0.3063565091920541,0.3359005307015105,0.4121215054772425,0.4624071659788576,0.4962130474866557,0.5091649250842911,0.3043371920307033,0.3163651308842298,0.20420193006209525,0.49263820003498515,0.3337574582130203
2023-04-07 11:00:00,0.5641642492254798,0.7388308445715932,0.5472826289656545,0.37230760366314775,0.3527114253614909,0.2695656024513987,0.5734663636755811,0.5828442296061699,0.5623048525998243,0.637105317841856,0.6188374044037692,0.6244310945678394,0.5273782984852514,0.5328189848661042,0.28082456006855516,0.2831263802217966,0.42842514042117336,0.4481637966378105,0.35903646895816893,0.5267849131964412,0.5282935682882912,0.6214600901671841,0.5138066422831402,0.41928216041091015,0.35938273357998324,0.31409660604509226,0.5020833759468638,0.44381240524632865
2023-04-07 12:00:00,0.5786969494447856,0.7556142415533744,0.6062823660456862,0.2700850436076621,0.5530228698332675,0.3825911275700833,0.5371455336381054,0.44922327601131934,0.631222099090855,0.513151173581931,0.5200622470178994,0.4354224851256524,0.6162980900301702,0.3739228112020406,0.40916669023902985,0.4817355223053122,0.5083304021946562,0.3295555607812066,0.5116427620781231,0.2624251749854808,0.3657421036558655,0.5273031724920441,0.5331559848451171,0.5142749487907151,0.43272813141990496,0.47298208321676355,0.6076381003475426,0.550722905834758
2023-04-07 13:00:00,0.5597167522652527,0.7551206739891622,0.603969574531871,0.28110014782983134,0.6128435532684104,0.46845800913261165,0.5061887525005492,0.4197735610647437,0.6300141088317331,0.45161266544336853,0.45781694719811694,0.3787935985054109,0.6155997553602337,0.3563808427536615,0.44917268904294233,0.48710822907391554,0.5139232507893079,0.3402676799544082,0.5262798748330976,0.294129114642514,0.3514439933269077,0.42818296731194244,0.5534481286484357,0.6005464339122925,0.4856755801957369,0.496222672403889,0.6405615076615807,0.6482036434639263
2023-04-07 14:00:00,0.5451400019684086,0.7580329424290363,0.5906831226148355,0.3780898328015701,0.6394016260498535,0.5364369426875638,0.6148292977019806,0.6053693042177243,0.5843191802367755,0.5628787551525316,0.596885902244334,0.43602340124073397,0.6130752341454889,0.5798888699014492,0.52611250709798,0.5459169390077361,0.47109935179659973,0.42381126749930575,0.512627498206869,0.5259634649953807,0.5724461417192447,0.5099523313008422,0.47587719696096653,0.5963288803845357,0.45906698457863,0.5622665796116265,0.6688480657244276,0.6456118603485405
2023-04-07 15:00:00,0.5418638938193954,0.7419603751565653,0.604675708789786,0.42773934215480247,0.646421214982454,0.5640324136396967,0.706324314613509,0.6513259262242974,0.5755071411253119,0.5660425260521262,0.6366166532381593,0.4801374676835337,0.6326544674703343,0.606125511503233,0.5069014048082886,0.5592233900999668,0.4701346673084353,0.526750957162866,0.5444162747971291,0.5311071194116259,0.5947729692681545,0.5216076336667096,0.4673815005885576,0.6064451599951524,0.46279266372025707,0.5757786069218415,0.6919512479254761,0.6428856457340043
2023-04-07 16:00:00,0.5618377867835949,0.748172638865229,0.5425592700319029,0.5026666542502216,0.6300310774942987,0.6025615602475809,0.699471396066083,0.7139524880731282,0.4933612724633189,0.6665909601095662,0.68686130935253,0.5666458989751357,0.5133768881019957,0.6950796936817023,0.4476107031456372,0.4228408321893411,0.4651457190128819,0.5631024925659812,0.5034882750900351,0.6596877643790202,0.6893699445726924,0.6265986331790782,0.35262404958568516,0.5593536641351742,0.3735815267685746,0.5975552148517037,0.6119613038804311,0.5930244887077439
2023-04-07 17:00:00,0.4543948742256446,0.666285950734371,0.3955502403018045,0.41278217481053014,0.6006790313985546,0.45053817493441756,0.5947562392002359,0.6012944914780154,0.3544211451027013,0.5739129518862018,0.5994643578574232,0.5247065563840455,0.38115941208014226,0.5569039671292266,0.29428367160673335,0.281558943640436,0.3887806960471508,0.5327934378614105,0.41504879511241694,0.5191020198708924,0.5466135355668096,0.5607418639402779,0.24912513454278443,0.48074013470880234,0.2755724778792262,0.47758693902552274,0.5793554520239149,0.5049632672178825
2023-04-07 18:00:00,0.3311499946079776,0.5286745611422713,0.17901723991054064,0.42119054432623854,0.517889073428751,0.4517362963092335,0.29661163459635914,0.39341602620383037,0.20225325421445264,0.28530004954155375,0.2915117016450048,0.5761774820863018,0.21216532399573285,0.4670495282983984,0.19623857865868183,0.18231722545621276,0.31597904058807796,0.436052366065031,0.29934749349702744,0.443106393825743,0.46952032918820896,0.4565547872819693,0.1422491556683901,0.4285130106738815,0.21177033097980874,0.47223533796750033,0.4913388506127587,0.4953640637678544
2023-04-07 19:00:00,0.12400725074956993,0.3183540538071069,0.05849448522440386,0.36806023725937254,0.4725292861245743,0.4775756868102125,0.09270249641350094,0.18844565263597488,0.10207273654408476,0.11441085402682435,0.1015351097429001,0.3484678902838282,0.11372135343130883,0.2719306626908749,0.16548249336883525,0.13353408465638833,0.23154009726105104,0.16395970035740964,0.18757310484713346,0.31586627241727383,0.2810662800697866,0.1741868156218833,0.048013957794727787,0.28838643882184534,0.14995203457120165,0.38983779553783243,0.3329720126649474,0.3752039727238494
2023-04-07 20:00:00,0.02160870053565922,0.13705841721090498,0.007983956905762262,0.2148537325819187,0.3212890506468725,0.28759228034108264,0.00813060611161257,0.024679762800694824,0.025873994262616752,0.010420508272881433,0.009534474105110718,0.11420743135117575,0.029452021865091216,0.03767599395591441,0.03198157666724724,0.023524943869731682,0.06698774174152454,0.015010375219295794,0.0363219120885337,0.0536741775311035,0.03912587591923708,0.01951404932857276,0.0,0.21555166135666834,0.0,0.21835158148342568,0.17542893481602156,0.28178900016047664
2023-04-07 21:00:00,0.0,0.0,0.0,0.0,0.08558246716036305,0.013714820831020541,0.0,0.0,0.0,0.0,0.0,0.0,0.0,0.0,0.0,0.0,0.0,0.0,0.0,0.0,0.0,0.0,0.0,0.0,0.0,0.014049843631581422,0.0,0.0
2023-04-07 22:00:00,0.0,0.0,0.0,0.0,0.0,0.0,0.0,0.0,0.0,0.0,0.0,0.0,0.0,0.0,0.0,0.0,0.0,0.0,0.0,0.0,0.0,0.0,0.0,0.0,0.0,0.0,0.0,0.0
2023-04-07 23:00:00,0.0,0.0,0.0,0.0,0.0,0.0,0.0,0.0,0.0,0.0,0.0,0.0,0.0,0.0,0.0,0.0,0.0,0.0,0.0,0.0,0.0,0.0,0.0,0.0,0.0,0.0,0.0,0.0
2023-04-08 00:00:00,0.0,0.0,0.0,0.0,0.0,0.0,0.0,0.0,0.0,0.0,0.0,0.0,0.0,0.0,0.0,0.0,0.0,0.0,0.0,0.0,0.0,0.0,0.0,0.0,0.0,0.0,0.0,0.0
2023-04-08 01:00:00,0.0,0.0,0.0,0.0,0.0,0.0,0.0,0.0,0.0,0.0,0.0,0.0,0.0,0.0,0.0,0.0,0.0,0.0,0.0,0.0,0.0,0.0,0.0,0.0,0.0,0.0,0.0,0.0
2023-04-08 02:00:00,0.0,0.0,0.0,0.0,0.0,0.0,0.0,0.0,0.0,0.0,0.0,0.0,0.0,0.0,0.0,0.0,0.0,0.0,0.0,0.0,0.0,0.0,0.0,0.0,0.0,0.0,0.0,0.0
2023-04-08 03:00:00,0.0,0.0,0.0,0.0,0.0,0.0,0.0,0.0,0.0,0.0,0.0,0.0,0.0,0.0,0.0,0.0,0.0,0.0,0.0,0.0,0.0,0.0,0.0,0.0,0.0,0.0,0.0,0.0
2023-04-08 04:00:00,0.0,0.0,0.0,0.0,0.0,0.0,0.0,0.0,0.0,0.0,0.0,0.0,0.0,0.0,0.0,0.0,0.0,0.0,0.0,0.0,0.0,0.0,0.0,0.0,0.0,0.0,0.0,0.0
2023-04-08 05:00:00,0.0,0.0,0.0,0.0,0.0,0.0,0.0,0.0,0.0,0.0,0.0,0.0,0.0,0.0,0.0,0.0,0.0,0.0,0.0,0.0,0.0,0.0,0.0,0.0,0.0,0.0,0.0,0.0
2023-04-08 06:00:00,0.0,0.0,0.0,0.0,0.0,0.0,0.0,0.0,0.0,0.0,0.0,0.0,0.0,0.0,0.0,0.0,0.0,0.0,0.0,0.0,0.0,0.0,0.0,0.0,0.0,0.0,0.0,0.0
2023-04-08 07:00:00,0.0,0.0,0.0,0.0,0.0,0.0,0.0,0.0,0.0,0.0,0.0,0.0,0.0,0.0,0.0,0.0,0.0,0.0,0.0,0.0,0.0,0.0,0.1286553685006902,0.07490580099362851,0.2204907383532357,0.0,0.176445177359645,0.056903409883973445
2023-04-08 08:00:00,0.016917594044219757,0.2428101856990005,0.00040470407372415057,0.09778245835219619,0.12193150185773659,0.04681031647230644,0.0025099294193362274,0.003907028398182654,0.002463453592364636,0.006295203751485267,0.0026503764384475125,0.06001999708211551,0.0022965864630803924,0.004520552815958134,0.03373957043619834,0.02816411022235752,0.020190902196094634,0.004612005645124558,0.003446678683912335,0.02082389913527575,0.00498580683631661,0.016501021202484804,0.25618122595629605,0.2565687059735817,0.4865319321878749,0.02820278906809459,0.5150744971207083,0.18538652003147024
2023-04-08 09:00:00,0.04834483629248329,0.3379302414760125,0.00843398792193941,0.154602521929827,0.2677453279898023,0.09342716545704594,0.010736867934359068,0.02103268495032797,0.020227685095647638,0.027160000110597694,0.01895537310445177,0.1287054450789883,0.01934427675926495,0.021559330454122488,0.044654679733647014,0.021307231199949005,0.08528990803316808,0.02577537335739463,0.010136235805211892,0.023036536668926244,0.02240161226837251,0.05443978236506439,0.4950378672271811,0.39402666420868315,0.6668558089419148,0.10978539228542553,0.65116895458826,0.3273272156849381
2023-04-08 10:00:00,0.0938975728838943,0.44669527403709824,0.028894718333806697,0.17251538407197659,0.39631083672963463,0.19857808897550763,0.02663042025170537,0.030048140743081053,0.05158240851841502,0.026653010640883573,0.025563486290733104,0.21000422986664036,0.057700922497770014,0.036127130622529646,0.07356340963631595,0.04630752099425088,0.1461512156151501,0.054229407259590405,0.03104903013246565,0.02544008853891053,0.03697240345032513,0.10254387879213428,0.653908848456393,0.43637266957193227,0.7288880417275764,0.1924693766615646,0.6695897903618677,0.4036866428142726
2023-04-08 11:00:00,0.1334240149429575,0.5158160926496118,0.06437588301062752,0.20342898626379782,0.4872783039458566,0.3021586761634577,0.041148521350543525,0.056144982601269634,0.10294863671678747,0.04141126744560182,0.042784816722715134,0.30573861975453326,0.09588328811454751,0.07720229983359621,0.0880481313803709,0.07899923106897441,0.17750960935071644,0.06011725245425769,0.0714038917730157,0.05482918896190865,0.07967810264686348,0.125498098938276,0.7288530032795398,0.44439049536255215,0.7471040459568111,0.27987360661360117,0.6872556255284163,0.40338516756043036
2023-04-08 12:00:00,0.20700999545752657,0.503284189521162,0.08850106498333224,0.2139479985522737,0.5972227098987288,0.32997188644898073,0.053738352286801315,0.09542003490695566,0.22054760745394134,0.05051875840846106,0.0568873518583896,0.30976706117368263,0.1835821856826198,0.1422311375078999,0.1409954245787485,0.15834521683951328,0.2222342176824332,0.10098720069254337,0.16341584626409977,0.10434681358491835,0.14704927767356293,0.1637126398124324,0.7386918069167336,0.3171951901160442,0.6480014106244943,0.3017980777698993,0.6202747633741666,0.3044727614457289
2023-04-08 13:00:00,0.28473018674531514,0.5515291914584485,0.14569794091636645,0.2985022009693498,0.6314780382584365,0.30767642966245884,0.06050126555716662,0.10133074110465634,0.27218307371319583,0.05019888105683107,0.05255202497701279,0.3750322824208117,0.2266933486437509,0.1565900055719459,0.1855605851270395,0.17059741895693165,0.26941592508222917,0.11452777282709986,0.16322405819452426,0.13446517290148208,0.1620795670084369,0.18993570894491052,0.6890105653845539,0.3402854802994673,0.5549274078540063,0.31157297732058475,0.552043064185899,0.3283727762265657
2023-04-08 14:00:00,0.3122457373981611,0.5581765919243563,0.2526666469414,0.2654067823588242,0.6498896320644967,0.3477223868442361,0.08376076286988542,0.08147115239167174,0.2986764418845527,0.07034937437045927,0.07586180321756363,0.32612918190810525,0.2809369704281648,0.10138241285439127,0.23041201647056517,0.2612402411465588,0.3089020053227853,0.09834930992269604,0.15795132534840725,0.07199358187771067,0.10460659219068663,0.1780046846194914,0.7058806929659308,0.3806515127750922,0.5456099462772264,0.3275494005945817,0.5175181952934804,0.3618659782713891
2023-04-08 15:00:00,0.34234804636472327,0.5830910672798605,0.3066633099196257,0.29124292951530695,0.6289744457491734,0.3482914941465494,0.12129855167179003,0.1206466660193098,0.34387368248425154,0.11737438860988589,0.12968014295011757,0.3207423423203585,0.3081547368263001,0.12656260489103033,0.24673040933157633,0.262609030587544,0.33427837487529555,0.15027566854531857,0.18236076773778165,0.09968159669948126,0.12859218005822615,0.20064866652046423,0.6173994350115123,0.339267358918117,0.465579747889668,0.3527808392035941,0.44722931621100764,0.3653397821898046
2023-04-08 16:00:00,0.3201865154405803,0.5694012834051355,0.3785844928512818,0.18890878691730517,0.5815712250638945,0.32030648720532395,0.12635752450542495,0.09301416941023834,0.36298621371033857,0.12440606749935337,0.1354456744266606,0.2120996675257842,0.3502186478873656,0.09993220845643216,0.22084848268161192,0.258825678399847,0.34914660966840794,0.12322815837749336,0.2265322338053398,0.047165475709330426,0.107378896299717,0.17345895369429754,0.4686557963323922,0.30793496558258304,0.40897628581571427,0.324002198277407,0.38184783202418987,0.3548980645216302
2023-04-08 17:00:00,0.34357730017374816,0.5588983547827334,0.32795150141371043,0.18306461080313705,0.49514614355106695,0.251979711222936,0.1379463150015181,0.07955128747186445,0.33890894481148387,0.1326770951036103,0.1511762420155524,0.23153372233197447,0.2753654165385039,0.04513433023146484,0.28809217413718774,0.23778104778524675,0.2916919242085267,0.11589283498877977,0.2589399691994742,0.03025749476598137,0.04731488233846064,0.18390810388375325,0.32655248475845483,0.2966592891641823,0.3934989463212537,0.28726531259470706,0.3299528241829036,0.32083714097359783
2023-04-08 18:00:00,0.28266494005974174,0.5192090778552401,0.35232441054191344,0.10242980440141607,0.37750335220338854,0.17218889284902236,0.17247619816479154,0.07701930771799433,0.3183901569104978,0.15362983623296966,0.17547036701381447,0.14347958772601024,0.28122754310194115,0.024760709384716063,0.19801587148394134,0.20230855885429697,0.2584331670302124,0.11996935126701963,0.32173052345108694,0.014800133829597975,0.026348284323492885,0.15112819979973688,0.3542809905895942,0.2831062350433528,0.37012353624441857,0.2329125184553566,0.3217247913207063,0.30779178188695605
2023-04-08 19:00:00,0.21678419957249234,0.3900991100883519,0.2864994993402815,0.07002098628039473,0.271149942678178,0.10045861816902368,0.12183356687243942,0.06376164763387931,0.2053263858947493,0.1523937746657032,0.16579167664371725,0.07939797171774313,0.19918864586523358,0.015218415598767545,0.1719392794865377,0.1914947176329013,0.1504026017463321,0.0921087195486567,0.18856224391051957,0.009239859909491957,0.016200583601839583,0.12011960312206982,0.24496430947819964,0.21849519503718534,0.2813387339616609,0.13980938231765852,0.2696912628395883,0.23798303558007455
2023-04-08 20:00:00,0.10037830886810928,0.24132833037628584,0.16970217728827772,0.012680669688061873,0.1177316011871995,0.06906554355835481,0.07297950659939305,0.05804342321679546,0.0992771889487361,0.12716147004684494,0.13452344379780878,0.01890584734026473,0.11122423628429652,0.029831228689610998,0.08882521473646482,0.06937397473925595,0.04908028476329097,0.04913657557916596,0.06269319855051114,0.02199409992190602,0.03071562404877051,0.0825775019200125,0.0,0.12831714332474434,0.0,0.08673597433653678,0.13949298816477088,0.20615601606391165
2023-04-08 21:00:00,0.0,0.0,0.0,0.0,0.014116200071000493,1.5229791622294867e-05,0.0,0.0,0.0,0.0,0.0,0.0,0.0,0.0,0.0,0.0,0.0,0.0,0.0,0.0,0.0,0.0,0.0,0.0,0.0,2.5577973940622923e-05,0.0,0.0
2023-04-08 22:00:00,0.0,0.0,0.0,0.0,0.0,0.0,0.0,0.0,0.0,0.0,0.0,0.0,0.0,0.0,0.0,0.0,0.0,0.0,0.0,0.0,0.0,0.0,0.0,0.0,0.0,0.0,0.0,0.0
2023-04-08 23:00:00,0.0,0.0,0.0,0.0,0.0,0.0,0.0,0.0,0.0,0.0,0.0,0.0,0.0,0.0,0.0,0.0,0.0,0.0,0.0,0.0,0.0,0.0,0.0,0.0,0.0,0.0,0.0,0.0
2023-04-09 00:00:00,0.0,0.0,0.0,0.0,0.0,0.0,0.0,0.0,0.0,0.0,0.0,0.0,0.0,0.0,0.0,0.0,0.0,0.0,0.0,0.0,0.0,0.0,0.0,0.0,0.0,0.0,0.0,0.0
2023-04-09 01:00:00,0.0,0.0,0.0,0.0,0.0,0.0,0.0,0.0,0.0,0.0,0.0,0.0,0.0,0.0,0.0,0.0,0.0,0.0,0.0,0.0,0.0,0.0,0.0,0.0,0.0,0.0,0.0,0.0
2023-04-09 02:00:00,0.0,0.0,0.0,0.0,0.0,0.0,0.0,0.0,0.0,0.0,0.0,0.0,0.0,0.0,0.0,0.0,0.0,0.0,0.0,0.0,0.0,0.0,0.0,0.0,0.0,0.0,0.0,0.0
2023-04-09 03:00:00,0.0,0.0,0.0,0.0,0.0,0.0,0.0,0.0,0.0,0.0,0.0,0.0,0.0,0.0,0.0,0.0,0.0,0.0,0.0,0.0,0.0,0.0,0.0,0.0,0.0,0.0,0.0,0.0
2023-04-09 04:00:00,0.0,0.0,0.0,0.0,0.0,0.0,0.0,0.0,0.0,0.0,0.0,0.0,0.0,0.0,0.0,0.0,0.0,0.0,0.0,0.0,0.0,0.0,0.0,0.0,0.0,0.0,0.0,0.0
2023-04-09 05:00:00,0.0,0.0,0.0,0.0,0.0,0.0,0.0,0.0,0.0,0.0,0.0,0.0,0.0,0.0,0.0,0.0,0.0,0.0,0.0,0.0,0.0,0.0,0.0,0.0,0.0,0.0,0.0,0.0
2023-04-09 06:00:00,0.0,0.0,0.0,0.0,0.0,0.0,0.0,0.0,0.0,0.0,0.0,0.0,0.0,0.0,0.0,0.0,0.0,0.0,0.0,0.0,0.0,0.0,0.0,0.0,0.0,0.0,0.0,0.0
2023-04-09 07:00:00,0.0,0.0006899526773544884,0.0,0.0,0.0,0.0,0.0,0.0,0.0,0.0,0.0,0.0,0.0,0.0,0.0,0.0,0.0,0.0,0.0,0.0,0.0,0.0,0.2904668703684527,0.0030508829831982194,0.02578824414751353,0.0,0.028466322756834434,0.0006177548913076514
2023-04-09 08:00:00,0.0162948320538193,0.26380486704007133,0.003025673469489864,0.02698761477032944,0.04174860450239789,0.005627826711691764,0.004718084430812818,0.0026836161368685545,0.0029459073227044185,0.0029063861220475547,0.002470140087628049,0.04082970103603559,0.004441426719581784,0.0026098966476615078,0.0028827987098050227,0.003435053465746562,0.00040869467223271066,0.003237436598374601,2.450040928620137e-05,0.002171421447753037,0.002764537004691382,0.011809877287586314,0.2599562487590993,0.1396769433101618,0.08238674783222812,0.007628394308350152,0.20141367045736477,0.17868031538187368
2023-04-09 09:00:00,0.042044893135419946,0.32447070930682864,0.009974794986337248,0.07593663476886885,0.10005123292033156,0.03704695466431295,0.016285601496809358,0.026751412545192848,0.018200354550691005,0.018047959044897376,0.018163444453300315,0.09901240338625492,0.026735712783337487,0.03415898086849392,0.022817195768309217,0.024081723397798148,0.03435105278380314,0.032596598124276115,0.00530775786348085,0.028182296369941726,0.034891312527465065,0.052722152071006535,0.3048556572029963,0.2167507436799849,0.24739765594901336,0.035797888379759425,0.3993108964798483,0.23226220290235783
2023-04-09 10:00:00,0.07158498427578953,0.374705303114421,0.013472877128748763,0.13038777867728094,0.18896964307539574,0.07403904155270566,0.026242581786412034,0.03571163212785363,0.032280395498550496,0.05247052782262893,0.03490624480917276,0.18997021684030757,0.04115585963677905,0.033276352004428,0.03485514705303251,0.02634236468559103,0.18297321489379909,0.0530696600214396,0.029136522603948934,0.0396900093900303,0.03457206205408603,0.10783139750408421,0.5118850648884039,0.2887360665725621,0.4416940991698956,0.08033909800851481,0.48735961167824476,0.29364754336257903
2023-04-09 11:00:00,0.09147874887517064,0.3708488132483205,0.01191828050598427,0.19297972021344167,0.2597588873380229,0.1058592736898506,0.02082256045762066,0.04708906163513613,0.0459610925714542,0.03653509238351407,0.027326528585805532,0.27102166957807594,0.041270423611172544,0.0695357424870715,0.04080151430442187,0.02603101735841426,0.3474223172632065,0.08714288066014275,0.1734117870179273,0.05289042840193898,0.07293477295245779,0.13776526221267008,0.671749473772855,0.3318218045336235,0.5133517767636765,0.11132532631916725,0.476036422243384,0.38587404306327067
2023-04-09 12:00:00,0.052702167045519756,0.30835000442156846,0.015745171637727276,0.17907473384777675,0.29575286062597045,0.14034367213370902,0.017796547740031008,0.03280008815853578,0.06325799948485661,0.020460814903909774,0.018895214799835303,0.1285349706396763,0.04284550014326834,0.048631181514933536,0.04133363936268295,0.035258026512247354,0.38405749358438235,0.041694907772210556,0.37100625533185433,0.031367311492428475,0.051140801383990006,0.05662643011966003,0.7299447861792331,0.31117104798181117,0.40858800915374793,0.13803246295005117,0.33144680630436973,0.3503861545588604
2023-04-09 13:00:00,0.051514372471320444,0.27971466826191504,0.019644293652096318,0.1720427595919435,0.3292620374335458,0.22341679176401577,0.0198731932601194,0.06137761033147641,0.10721379399139139,0.022870464323865983,0.021504600090509016,0.10482184660541004,0.053056044617299146,0.10726143225000778,0.07237953496749391,0.08202834997662023,0.45960859642383195,0.039325390620133654,0.5533666062942066,0.07930195030374512,0.11317349261416972,0.05726879353019195,0.6267185150250253,0.34899552576359305,0.440886198201253,0.17854974960485376,0.39281464927411414,0.41168074738522
2023-04-09 14:00:00,0.15505160040471816,0.2834774398199391,0.03061950945952609,0.10882435086889396,0.33231583938744025,0.35168236437171824,0.04698632988780483,0.0696333957451188,0.26632417605173986,0.07004109979210152,0.055726729276338885,0.10268431546521545,0.1486280509160285,0.0793051847668402,0.12721876602142035,0.16893659123711866,0.6601447629160956,0.0600720081342169,0.6872979192094072,0.05494856299704859,0.08174715346002659,0.08351121302109148,0.5887783884691352,0.33508741959207244,0.5102277692144739,0.28995876762521794,0.36493728003263093,0.353608500690584
2023-04-09 15:00:00,0.1986282586859059,0.22939835128284322,0.07806331903964729,0.07638925103903482,0.3038106806996503,0.447704818132871,0.03857776971964214,0.07104340246208725,0.33813576821732083,0.04877860160814192,0.041944572413186526,0.10306365202410915,0.2890575695453627,0.10675422711735344,0.291667373296034,0.3908992287728457,0.6853985950135116,0.05411196353540007,0.6163555716269957,0.07010260821865874,0.11211633653550296,0.08420646845509666,0.5654631992819343,0.2588390139178826,0.5083544181752268,0.38160003590560343,0.3011099564617467,0.27457640710974135
2023-04-09 16:00:00,0.18025025305385112,0.21064316556218185,0.23349502962184282,0.045321849239481536,0.2806088397119911,0.48806274008725037,0.020478221312643798,0.04611255946803605,0.382326377486313,0.03822226069498518,0.02787647252292453,0.05600384248862789,0.33792792978052405,0.06627822342918695,0.29358391591699895,0.3111458927324548,0.5410365554226996,0.033360527817268414,0.46683838389829746,0.04733807167476338,0.06867742565276569,0.04917290291902173,0.4959109270327855,0.22032175305804588,0.4013930144436095,0.4155971476210997,0.23597677752767302,0.2629468564314236
2023-04-09 17:00:00,0.26508170757470034,0.18550037699336694,0.3764507201012608,0.02742140259151221,0.2499604373588229,0.46731811379733074,0.1421913972379934,0.09564064680965262,0.474939922893333,0.18778312375357703,0.20083832836674542,0.02825883189198949,0.4229204327885482,0.04339901832047762,0.2655170931352088,0.310137095095559,0.4311934381931565,0.13476146222526877,0.3125397774856114,0.032936220125296546,0.04542774276621106,0.12946452528223187,0.4073640600528746,0.15985956136235013,0.31652874912234397,0.3928299260001792,0.16811401682061777,0.20625502547382085
2023-04-09 18:00:00,0.3437170035433364,0.20569652804928443,0.43654450127960587,0.010861736681311197,0.20938416907238705,0.4164995407267647,0.31819311244364495,0.16635285211826836,0.4701341682610158,0.30751539494922886,0.30793615293898974,0.03192512794504048,0.4091853309160318,0.05558561372961793,0.2112391694053222,0.3081230112247055,0.3026889020420681,0.26534732723551263,0.1935381573169192,0.05875948741866925,0.04915793738259117,0.21814670771767417,0.3661718506348756,0.09862882808486945,0.2682929857277949,0.33480668474869035,0.11851876301753149,0.138045939159593
2023-04-09 19:00:00,0.3276167201637217,0.23782317722140586,0.3661395562302324,0.005730257324345403,0.20791679029128374,0.355711268607375,0.43241789694601684,0.39873905062162773,0.4221354539308058,0.42634571793820114,0.4469985072198791,0.04011944682749188,0.3609835321408983,0.2960031058624517,0.16610336644073698,0.2177484936887078,0.16680562767161133,0.2407384484083822,0.07337386672984784,0.2187267921642232,0.2767455485841107,0.25461856068503236,0.28795584723994344,0.04650333583722951,0.1378098053775481,0.28073957217665624,0.06344419520223821,0.06736995966531326
2023-04-09 20:00:00,0.2394594885651732,0.16966383539890317,0.2566565117126034,0.017428766418126598,0.1518756012111291,0.14072743025499318,0.24991755986962483,0.26663686814408977,0.29804986123824595,0.3153851926206104,0.2925637945726647,0.06944154693983899,0.2706226798048685,0.2281309355484031,0.13222694422291242,0.18106716765656675,0.12878715931298051,0.16394633471329653,0.05988808537884558,0.20803737236782302,0.22394917376855564,0.22273457839740463,0.0,0.029803276800417104,9.760213966270418e-05,0.17756877662864098,0.019947981665717728,0.034464484247027055
2023-04-09 21:00:00,0.0,0.0,0.0,0.0,0.04235364390843307,0.012384491078653694,0.0,0.0,0.0,0.0,0.0,0.0,0.0,0.0,0.0,0.0,0.0010550505864392315,0.0,0.0022107763765064096,0.0,0.0,0.0,0.0,0.0,0.0,0.005179874799256371,0.0,0.0
2023-04-09 22:00:00,0.0,0.0,0.0,0.0,0.0,0.0,0.0,0.0,0.0,0.0,0.0,0.0,0.0,0.0,0.0,0.0,0.0,0.0,0.0,0.0,0.0,0.0,0.0,0.0,0.0,0.0,0.0,0.0
2023-04-09 23:00:00,0.0,0.0,0.0,0.0,0.0,0.0,0.0,0.0,0.0,0.0,0.0,0.0,0.0,0.0,0.0,0.0,0.0,0.0,0.0,0.0,0.0,0.0,0.0,0.0,0.0,0.0,0.0,0.0
2023-04-10 00:00:00,0.0,0.0,0.0,0.0,0.0,0.0,0.0,0.0,0.0,0.0,0.0,0.0,0.0,0.0,0.0,0.0,0.0,0.0,0.0,0.0,0.0,0.0,0.0,0.0,0.0,0.0,0.0,0.0
2023-04-10 01:00:00,0.0,0.0,0.0,0.0,0.0,0.0,0.0,0.0,0.0,0.0,0.0,0.0,0.0,0.0,0.0,0.0,0.0,0.0,0.0,0.0,0.0,0.0,0.0,0.0,0.0,0.0,0.0,0.0
2023-04-10 02:00:00,0.0,0.0,0.0,0.0,0.0,0.0,0.0,0.0,0.0,0.0,0.0,0.0,0.0,0.0,0.0,0.0,0.0,0.0,0.0,0.0,0.0,0.0,0.0,0.0,0.0,0.0,0.0,0.0
2023-04-10 03:00:00,0.0,0.0,0.0,0.0,0.0,0.0,0.0,0.0,0.0,0.0,0.0,0.0,0.0,0.0,0.0,0.0,0.0,0.0,0.0,0.0,0.0,0.0,0.0,0.0,0.0,0.0,0.0,0.0
2023-04-10 04:00:00,0.0,0.0,0.0,0.0,0.0,0.0,0.0,0.0,0.0,0.0,0.0,0.0,0.0,0.0,0.0,0.0,0.0,0.0,0.0,0.0,0.0,0.0,0.0,0.0,0.0,0.0,0.0,0.0
2023-04-10 05:00:00,0.0,0.0,0.0,0.0,0.0,0.0,0.0,0.0,0.0,0.0,0.0,0.0,0.0,0.0,0.0,0.0,0.0,0.0,0.0,0.0,0.0,0.0,0.0,0.0,0.0,0.0,0.0,0.0
2023-04-10 06:00:00,0.0,0.0,0.0,0.0,0.0,0.0,0.0,0.0,0.0,0.0,0.0,0.0,0.0,0.0,0.0,0.0,0.0,0.0,0.0,0.0,0.0,0.0,0.0,0.0,0.0,0.0,0.0,0.0
2023-04-10 07:00:00,0.0,0.02918506071009125,0.0,0.0,0.0,0.0,0.0,0.0,0.0,0.0,0.0,0.0,0.0,0.0,0.0,0.0,0.0,0.0,0.0,0.0,0.0,0.0,0.09608861148526161,0.15203517504859848,0.08166138819367451,0.0,0.19493975146544415,0.09198003641778874
2023-04-10 08:00:00,0.07328965099753174,0.24293534544573303,0.021754387198093233,0.03808247794981321,0.16430057693153796,0.12947945972360947,0.01671423287613635,0.011977803830340123,0.12628640302876587,0.019321587405168275,0.016919811792851937,0.08106892189987235,0.0965283908814873,0.00642413236204547,0.1602562838767402,0.09247569760652648,0.09949408242448411,0.0718443107448249,0.13659714888521837,0.013287096675059739,0.006222730927556427,0.07054375867540534,0.1432607778535091,0.27268542278107255,0.2240287669445525,0.20285026864824776,0.4030686241495083,0.2615061304756533
2023-04-10 09:00:00,0.20166576013533755,0.3826546382759855,0.1476110273185996,0.09137082910344034,0.3734302224315249,0.23825005747334796,0.07858168665149977,0.07295352322765418,0.2703664589469185,0.1093483807132834,0.1008912279291787,0.23069255973620764,0.2447315228260626,0.04815306310312108,0.2986849157292937,0.26727902252318136,0.22198314615810838,0.1965054908768101,0.2259886055346478,0.06452572345915113,0.04602426578225276,0.21592752349593503,0.2308898623466503,0.22507467951650606,0.3918819122732225,0.3097037806887799,0.49271581512312423,0.17943257349545622
2023-04-10 10:00:00,0.4270077635406248,0.5472109119166398,0.3227832075357282,0.17768918441846052,0.6211582920443146,0.36798571434250965,0.17124000211989918,0.1460551091797563,0.3831901785094623,0.24921426144762387,0.22900170735132636,0.49223112996656454,0.37967353765233325,0.09545241198215525,0.3920277523743265,0.4157062090638234,0.3037774084470665,0.48855550116265684,0.2836970320808422,0.12014622051831529,0.09342384973061257,0.4975573949644366,0.2792717226863639,0.26699927789742994,0.3882756841749956,0.43747694262733233,0.48155050452950837,0.22628645275306924
2023-04-10 11:00:00,0.5004515352056553,0.6279086829202354,0.3957770159808047,0.28574594295164746,0.7242193717985652,0.42620981736422037,0.25788408418485387,0.23619303215314205,0.4721264303490458,0.3419841035825203,0.3186755313209585,0.6630192673797255,0.45467459378210817,0.18970272189944182,0.5137020579410916,0.5085439267285492,0.3802082411347105,0.6055560919572237,0.3382250718395197,0.24405604596015856,0.18776361441298933,0.6286874926158329,0.29444945288531177,0.346758194740328,0.3623655074398746,0.5066339132745487,0.5222765802301437,0.32616427387516234
2023-04-10 12:00:00,0.5852323761402783,0.6880676474591156,0.4182800486477898,0.295828507533328,0.780021890398595,0.5192636997045146,0.23146304760325684,0.2283636804529006,0.5370568510534593,0.31171606377025374,0.29737695162546807,0.6504361949830114,0.507687317468808,0.20216917218928598,0.5465950858457884,0.5248657602302641,0.39937044879710887,0.6800409509583046,0.291526129823751,0.23940302164870986,0.2017799629750443,0.6365618259491269,0.2568996037399211,0.4282960277132583,0.3516772973667479,0.5223104466028617,0.6605051101958057,0.3834498589667885
2023-04-10 13:00:00,0.6039223100966712,0.7043228267249421,0.4469337339868903,0.3308413755062638,0.8018076697365429,0.5658215876090605,0.2940163331120532,0.28444290414188494,0.5375351711984586,0.3925587196948373,0.37663223679904545,0.6306592707683064,0.49778770037358144,0.22827001682309545,0.5072344859342768,0.4948339814467496,0.42563575157638567,0.6184165536139711,0.2693162490104447,0.28039927130692255,0.22537410459713933,0.6435939906759658,0.2600360499536746,0.432681723735195,0.358150016250254,0.5664830626560203,0.6270373946750292,0.39613255978300344
2023-04-10 14:00:00,0.5703444566156441,0.6911011249733853,0.47239267929263584,0.3405844432047858,0.8076528920957777,0.5965110828255671,0.40301466442750994,0.37355476228027656,0.5688470326437755,0.4840082046577184,0.47112797013584196,0.6396657186322086,0.5539110282114977,0.2966331190887993,0.5663503945864342,0.580213477759099,0.4475077836033612,0.6289463310434407,0.250103161267434,0.3226301693266762,0.29106137503773016,0.6625245787079005,0.24535455990029717,0.39405801180846606,0.3204396081536102,0.6032625333164572,0.6044267104980644,0.36682783252447154
2023-04-10 15:00:00,0.544095315414125,0.635086690753193,0.3560852704864662,0.38605071698954896,0.8266973719943984,0.6638886702544349,0.27018114717318736,0.2796837230749486,0.5211292452773844,0.3450461787776295,0.3179663477384791,0.6338846702252121,0.5071238287381741,0.26562707250757756,0.5623225954422381,0.5291775907622521,0.4546017772636247,0.5834676878099478,0.25940233537801344,0.3338418031356353,0.26679647417820684,0.5714007998215677,0.20672377541327738,0.3649029650299525,0.2775638627306149,0.6181079753617327,0.5446893035406954,0.35371011124279966
2023-04-10 16:00:00,0.4774555332344089,0.47422954028961334,0.2922813382341958,0.2991428438135965,0.7682484177910184,0.6665547728468881,0.2959241828716443,0.30138674352376393,0.45819271767338693,0.34637517098176657,0.3359842634756287,0.5006929182977092,0.46090144722132037,0.2585620758819323,0.5161220968168633,0.4811980644987147,0.42079786978435507,0.519049526190103,0.26870341335185516,0.29157986703331856,0.2529387326245212,0.4949891028037438,0.13863536148810401,0.2717995304521237,0.2065529923367901,0.619246375040101,0.42195789656568267,0.27282911726704984
2023-04-10 17:00:00,0.3678505631034963,0.37617984070981453,0.22113511652587917,0.22787731620940344,0.7693831258231716,0.5728573129367552,0.21691573227544203,0.22122653818404459,0.3395545403436544,0.2409825623663937,0.23507815497037135,0.3756806561063811,0.3711172394840212,0.1937632311902812,0.3864776762701447,0.3423835191104503,0.3671103655086456,0.3380781942729864,0.31274219335340087,0.23140348467975766,0.18988616288926102,0.3369657622506361,0.11200201152452162,0.24906753813506424,0.14887944065092987,0.5244591026721358,0.3771159938851621,0.2285831173058046
2023-04-10 18:00:00,0.2363674465191652,0.24579679553063305,0.1426958503602157,0.12391011964000227,0.6811452545490569,0.42021351199442614,0.10406726852386101,0.10372296349728898,0.24250235717705462,0.1316306073452365,0.12306792688858262,0.20421739830008995,0.29065215346509365,0.09043746044430886,0.2300743928418022,0.23602786661771302,0.31550030408606394,0.1577473470963772,0.28410633701136395,0.10058127958956634,0.089812088771417,0.18646280666375778,0.08807666384885053,0.1458910257105094,0.08532629852977518,0.3763705236132728,0.3025489144314767,0.13324774116301044
2023-04-10 19:00:00,0.1147925612884104,0.12522743291302332,0.07688495090732887,0.044431955905161434,0.6511834580271213,0.2646332361280882,0.05698521005158815,0.060167866874836995,0.10494632846570708,0.07147324465191654,0.06667349472085908,0.0954884126165422,0.11715102386478778,0.046655818109345416,0.10266704630257298,0.08042040555285247,0.2553232920579868,0.08124223093154297,0.23935726671032204,0.05296499648801229,0.044835117487042164,0.09162075025486499,0.038124000955001625,0.06740375674701178,0.027654969127073537,0.26589567388318486,0.1800472649522383,0.0692733995581278
2023-04-10 20:00:00,0.05182414534024839,0.07271863921342603,0.040718158853515346,0.00818682008542495,0.5689143709492674,0.09643677198246665,0.007233823143083171,0.008369605272517178,0.0476572832835861,0.005512578998419245,0.006688018914552852,0.016813307060323864,0.04511483731762329,0.008059952318884352,0.016841965447666776,0.013673979788323914,0.15134287009212918,0.04066268331705878,0.15046308449568155,0.004827188538958449,0.007218567747347216,0.021750402180138035,0.0,0.023981578309703364,0.00025563307970670284,0.1612273063955862,0.05277989038466888,0.030700923423398512
2023-04-10 21:00:00,0.0,0.0,0.0,0.0,0.2440983528605367,0.022103245139734422,0.0,0.0,0.0,0.0,0.0,0.0,0.0,0.0,0.0,0.0,0.0059525747575934485,0.0,0.02116886996923093,0.0,0.0,0.0,0.0,0.0,0.0,0.01865289876232065,0.0,0.0
2023-04-10 22:00:00,0.0,0.0,0.0,0.0,0.0,0.0,0.0,0.0,0.0,0.0,0.0,0.0,0.0,0.0,0.0,0.0,0.0,0.0,0.0,0.0,0.0,0.0,0.0,0.0,0.0,0.0,0.0,0.0
2023-04-10 23:00:00,0.0,0.0,0.0,0.0,0.0,0.0,0.0,0.0,0.0,0.0,0.0,0.0,0.0,0.0,0.0,0.0,0.0,0.0,0.0,0.0,0.0,0.0,0.0,0.0,0.0,0.0,0.0,0.0
2023-04-11 00:00:00,0.0,0.0,0.0,0.0,0.0,0.0,0.0,0.0,0.0,0.0,0.0,0.0,0.0,0.0,0.0,0.0,0.0,0.0,0.0,0.0,0.0,0.0,0.0,0.0,0.0,0.0,0.0,0.0
2023-04-11 01:00:00,0.0,0.0,0.0,0.0,0.0,0.0,0.0,0.0,0.0,0.0,0.0,0.0,0.0,0.0,0.0,0.0,0.0,0.0,0.0,0.0,0.0,0.0,0.0,0.0,0.0,0.0,0.0,0.0
2023-04-11 02:00:00,0.0,0.0,0.0,0.0,0.0,0.0,0.0,0.0,0.0,0.0,0.0,0.0,0.0,0.0,0.0,0.0,0.0,0.0,0.0,0.0,0.0,0.0,0.0,0.0,0.0,0.0,0.0,0.0
2023-04-11 03:00:00,0.0,0.0,0.0,0.0,0.0,0.0,0.0,0.0,0.0,0.0,0.0,0.0,0.0,0.0,0.0,0.0,0.0,0.0,0.0,0.0,0.0,0.0,0.0,0.0,0.0,0.0,0.0,0.0
2023-04-11 04:00:00,0.0,0.0,0.0,0.0,0.0,0.0,0.0,0.0,0.0,0.0,0.0,0.0,0.0,0.0,0.0,0.0,0.0,0.0,0.0,0.0,0.0,0.0,0.0,0.0,0.0,0.0,0.0,0.0
2023-04-11 05:00:00,0.0,0.0,0.0,0.0,0.0,0.0,0.0,0.0,0.0,0.0,0.0,0.0,0.0,0.0,0.0,0.0,0.0,0.0,0.0,0.0,0.0,0.0,0.0,0.0,0.0,0.0,0.0,0.0
2023-04-11 06:00:00,0.0,0.0,0.0,0.0,0.0,0.0,0.0,0.0,0.0,0.0,0.0,0.0,0.0,0.0,0.0,0.0,0.0,0.0,0.0,0.0,0.0,0.0,0.0,0.0,0.0,0.0,0.0,0.0
2023-04-11 07:00:00,0.0,0.0032494938214554865,0.0,0.0,0.0,0.0,0.0,0.0,0.0,0.0,0.0,0.0,0.0,0.0,0.0,0.0,0.0,0.0,0.0,0.0,0.0,0.0,0.010389645990429285,0.06480828724374348,0.01393229213240945,0.0,0.006515289118137723,0.09755431488269475
2023-04-11 08:00:00,0.11263004280530634,0.2402081728322776,0.13890426106050435,0.07296395629350799,0.2985046230031936,0.10092286549066255,0.030363243241866813,0.025964020485812953,0.14226662688435185,0.030772598444692323,0.033429228736355114,0.06782743241302544,0.07521334549199532,0.01668211970394705,0.03237106767950367,0.0690057366008816,0.1613722934026315,0.0135964914990739,0.1488346303834958,0.007904742177240676,0.015528555178950436,0.035229145449930485,0.06677729335610512,0.15712337577154906,0.07600830854318569,0.0817059995589762,0.07786581823424531,0.15726449406871662
2023-04-11 09:00:00,0.26619041690019757,0.38061902522528746,0.38527858446379715,0.14177029974826952,0.531988704139476,0.28952245769939194,0.23948147529178176,0.14439775184990283,0.29115874994707275,0.1491785936109958,0.20478403553246174,0.15244152142897366,0.22776841294973202,0.08586241564488956,0.12337328226190164,0.2328023584734884,0.2890472219730748,0.08489075482950281,0.31232153009547603,0.031245537246660945,0.07871120926904948,0.14903285047493106,0.26488837033339535,0.2811762171606717,0.2466688031397992,0.23040779965830144,0.20540727557402502,0.3417978680400307
2023-04-11 10:00:00,0.3877354622041069,0.4441506257841266,0.5717574330483557,0.21518134870240477,0.7215762775945954,0.4428643389593286,0.4483536576476172,0.39751090096757874,0.4360852302306694,0.33901031516402386,0.4204310083956805,0.24014746783544835,0.4184644596806166,0.3978785937652327,0.23269385217036248,0.37286647022881675,0.41174834866990173,0.18342279295894284,0.4413572165153627,0.232027089267566,0.3935245196984171,0.2737522225217936,0.38651255327046846,0.36492507903764615,0.2642042611403997,0.4046143729066955,0.3381335022058701,0.40450939870083624
2023-04-11 11:00:00,0.4737555484614383,0.5089249606011025,0.6606386418748468,0.28062945231376585,0.8107467943396887,0.6053465423401684,0.6336062646175287,0.6099464569408113,0.4787302333099364,0.46104289240898316,0.5954026370416958,0.3233467897537672,0.48042975424519657,0.6301604630091497,0.3663435658985663,0.4436536347689114,0.5225143037834581,0.3489526535375113,0.5256287850238407,0.39878308276843155,0.6220295041847357,0.4123900180512468,0.4616897140505257,0.5179206584069987,0.3576473742306701,0.5580002890401115,0.4759860692959011,0.5628135612919037
2023-04-11 12:00:00,0.46871367635638717,0.550369642329041,0.6837476337912172,0.23875774357878618,0.8753639186906743,0.7217557487768499,0.7185688541041043,0.6310841530402594,0.6189137699945922,0.7198144145368254,0.7421804261353651,0.2723985574689859,0.6412355562779388,0.5046257205395405,0.4700131192914637,0.6115387598554708,0.6333664554343252,0.4197771859214566,0.6468161930507541,0.3555928961549132,0.4908019282700995,0.5024055057483392,0.4704339495505987,0.6028177974710568,0.48525569000628904,0.6727576008996515,0.47593612362764126,0.6729609109455079
2023-04-11 13:00:00,0.5396084894843471,0.624124493493114,0.6048858317403126,0.4278833046539461,0.8965866370668183,0.746090455518825,0.6372822880321111,0.6403730089089258,0.6024705091891412,0.6990731522358641,0.6850950435398141,0.4811191784923453,0.6710413603546119,0.6322358529254127,0.5557955740707212,0.6400647866793026,0.6671880851182604,0.5536330280039718,0.6750127140425619,0.5579264429459585,0.6362894764177582,0.6373670099188034,0.5295833530280591,0.6377817905313364,0.5169397899603546,0.6803865552850963,0.5585718063789438,0.6945683689001717
2023-04-11 14:00:00,0.5944673454094354,0.5991175297572255,0.5826494538860066,0.5750833237059889,0.9073663127448539,0.7570292944955346,0.7084637545294742,0.7525226978601731,0.680400469128076,0.7222543478709703,0.7318113299015795,0.5916318075241276,0.740498263919421,0.7640760460310726,0.6370469477081768,0.690518505969923,0.6853068957242857,0.6929234578388183,0.7318255761933969,0.7424712776523106,0.7635410953480665,0.6884254685264889,0.49566124851580196,0.6015334219801556,0.5530999287021854,0.7272641695970675,0.5433036387393236,0.6066119852490558
2023-04-11 15:00:00,0.6053056433565599,0.5364551723329515,0.5521636556174516,0.5920553242154795,0.8918583743776567,0.7702450252713796,0.6785448652155477,0.7214429459249122,0.6410321048405558,0.7279100356921773,0.7229978766953519,0.6250216796523519,0.7359876570194147,0.7045363880104692,0.7167881872780048,0.7438011945922932,0.7073994956757838,0.6698012721255647,0.7249645677222213,0.6424160279244702,0.698262925338767,0.7039522471439675,0.505487885817874,0.5431408759205796,0.5602608218181222,0.7224732802836198,0.5134003038121789,0.508138647712976
2023-04-11 16:00:00,0.6180471638527509,0.49465975912161875,0.5197202458844572,0.6700212483582159,0.8450012053395608,0.7401693055578779,0.5900053834890603,0.6727024640624387,0.5243865231539296,0.6357997572485751,0.6240093626274443,0.7100878877276531,0.5971479790940348,0.7047857320855067,0.7155207967440536,0.6666308158606269,0.6794717112342985,0.6563922980331991,0.6966012207940182,0.7232706908146278,0.7074342694832441,0.705938032439884,0.5739054001117934,0.4696251320218696,0.616245106382842,0.6999280973581893,0.47935426915799884,0.43209367673617993
2023-04-11 17:00:00,0.5347507799549074,0.3778546905714297,0.423704024602468,0.5657034258530573,0.8176737689018654,0.6864382013286361,0.4604161834715234,0.5169550023058863,0.470378843267205,0.504551487382517,0.4891771660967195,0.580266948974078,0.5321344244830254,0.5427852350829967,0.6180473808434132,0.6025113935179417,0.620866508332064,0.5038744371896332,0.6404565011103692,0.5921043379929127,0.5482919104060058,0.5457299446240412,0.5167214524198758,0.4634216026049711,0.5147810216776381,0.6249805034785877,0.41094962953004094,0.44081394588618744
2023-04-11 18:00:00,0.4344921018763463,0.29626615908645954,0.2847276725676745,0.47605472219166073,0.738163923387517,0.6585009675214986,0.3802898543336193,0.40499001353507325,0.38673584875940864,0.4451570246384384,0.4216625847393543,0.5339977046739883,0.4497490352919184,0.3966425676177112,0.536680313297866,0.5470847734156414,0.5967507393028807,0.3997554363745733,0.6328145065855653,0.46337562479706673,0.3985523569779255,0.4803376082174487,0.48041290141444376,0.4012153343385558,0.45345424998040273,0.5709922067796792,0.3050310308893735,0.40193365190910674
2023-04-11 19:00:00,0.37058210209008374,0.23307493616481664,0.15645826572881416,0.3470640801191254,0.622207650392314,0.574110252881732,0.21957069274129648,0.28479939087456163,0.30690484872980334,0.3063907277021778,0.2877055048546848,0.45127156233166404,0.3891097049127423,0.3082385401783496,0.4107470384979027,0.4333175114738103,0.4878947800478379,0.3674029213457632,0.5009428964027905,0.31741322980236464,0.3117326857150392,0.4317740723085452,0.3469510067605431,0.24492945594016285,0.32819673140828187,0.5572765139999591,0.1928280229091698,0.29706154157299725
2023-04-11 20:00:00,0.2180649950823515,0.12713367510284937,0.08061342130472372,0.2518257773416353,0.46805097208135793,0.4750464293849692,0.15406103395306453,0.22532859113018847,0.23831833891210263,0.1773704249800023,0.1886066111747653,0.27533831493068245,0.2775775859469376,0.2551409118829886,0.3359138104264024,0.3196405528873215,0.3913585641692004,0.22078621494652761,0.41225388026108367,0.2502792088652251,0.254871816655606,0.241347064022067,0.0,0.13776311484987558,0.014639190985481556,0.4567953242448325,0.060045232481895194,0.1896872564750601
2023-04-11 21:00:00,0.0,0.0,0.0,0.0,0.13031405806015936,0.13259202670478237,0.0,0.0,0.0,0.0,0.0,0.0,0.0,0.0,0.0,0.0,0.015107523263651364,0.0,0.08392569404557633,0.0,0.0,0.0,0.0,0.0,0.0,0.056456560395242814,0.0,0.0
2023-04-11 22:00:00,0.0,0.0,0.0,0.0,0.0,0.0,0.0,0.0,0.0,0.0,0.0,0.0,0.0,0.0,0.0,0.0,0.0,0.0,0.0,0.0,0.0,0.0,0.0,0.0,0.0,0.0,0.0,0.0
2023-04-11 23:00:00,0.0,0.0,0.0,0.0,0.0,0.0,0.0,0.0,0.0,0.0,0.0,0.0,0.0,0.0,0.0,0.0,0.0,0.0,0.0,0.0,0.0,0.0,0.0,0.0,0.0,0.0,0.0,0.0
2023-04-12 00:00:00,0.0,0.0,0.0,0.0,0.0,0.0,0.0,0.0,0.0,0.0,0.0,0.0,0.0,0.0,0.0,0.0,0.0,0.0,0.0,0.0,0.0,0.0,0.0,0.0,0.0,0.0,0.0,0.0
2023-04-12 01:00:00,0.0,0.0,0.0,0.0,0.0,0.0,0.0,0.0,0.0,0.0,0.0,0.0,0.0,0.0,0.0,0.0,0.0,0.0,0.0,0.0,0.0,0.0,0.0,0.0,0.0,0.0,0.0,0.0
2023-04-12 02:00:00,0.0,0.0,0.0,0.0,0.0,0.0,0.0,0.0,0.0,0.0,0.0,0.0,0.0,0.0,0.0,0.0,0.0,0.0,0.0,0.0,0.0,0.0,0.0,0.0,0.0,0.0,0.0,0.0
2023-04-12 03:00:00,0.0,0.0,0.0,0.0,0.0,0.0,0.0,0.0,0.0,0.0,0.0,0.0,0.0,0.0,0.0,0.0,0.0,0.0,0.0,0.0,0.0,0.0,0.0,0.0,0.0,0.0,0.0,0.0
2023-04-12 04:00:00,0.0,0.0,0.0,0.0,0.0,0.0,0.0,0.0,0.0,0.0,0.0,0.0,0.0,0.0,0.0,0.0,0.0,0.0,0.0,0.0,0.0,0.0,0.0,0.0,0.0,0.0,0.0,0.0
2023-04-12 05:00:00,0.0,0.0,0.0,0.0,0.0,0.0,0.0,0.0,0.0,0.0,0.0,0.0,0.0,0.0,0.0,0.0,0.0,0.0,0.0,0.0,0.0,0.0,0.0,0.0,0.0,0.0,0.0,0.0
2023-04-12 06:00:00,0.0,0.0,0.0,0.0,0.0,0.0,0.0,0.0,0.0,0.0,0.0,0.0,0.0,0.0,0.0,0.0,0.0,0.0,0.0,0.0,0.0,0.0,0.0,0.0,0.0,0.0,0.0,0.0
2023-04-12 07:00:00,0.0,0.019856870813994777,0.0,0.042341686321037325,0.0,0.0,0.0,0.0,0.0,0.0,0.0,0.0,0.0,0.0,0.0,0.0,0.0,0.0,0.0,0.0,0.0,0.0,0.23306890274585285,0.07555261329281822,0.15022586716489,0.0,0.09545627308740871,0.11209526059693273
2023-04-12 08:00:00,0.4961417905350912,0.388201620061999,0.36971390077462435,0.4103436005882303,0.19728495310493246,0.153592968232944,0.17744381357990094,0.18990074480342903,0.47792950868246953,0.3993094517178905,0.31055083141827755,0.4283449696512362,0.5010149324592217,0.10868069659853272,0.4736568997758743,0.48105753447524424,0.25526901213705067,0.5466322809727947,0.22186413271615102,0.21427464634416657,0.10969286675441986,0.5239248975281533,0.37945367450225037,0.2584692297553713,0.26077897449688875,0.21753111660017665,0.2242349147104171,0.23512795928042254
2023-04-12 09:00:00,0.6387900197870908,0.5317462773223356,0.597486774222692,0.6036049159377804,0.31115387859221977,0.28786088562683354,0.42577264958234623,0.3843837515786441,0.6341743071797561,0.5937724819709308,0.5090411495182754,0.5991177364076744,0.6361241174999882,0.3164235309895787,0.5639932219990246,0.6200515724769439,0.42828037278455716,0.6957190649266264,0.3593750967837917,0.40160679197485794,0.32048953712296663,0.6802654873978402,0.5490886566957468,0.37769135774490875,0.47066363689349705,0.31455390824203483,0.41253101653756297,0.3596292008591467
2023-04-12 10:00:00,0.7682525939745306,0.6853825985254839,0.7332981785807431,0.741622343031861,0.41813182978242697,0.4443880783632129,0.6800789335029224,0.6734533214176897,0.743918675206195,0.7246827307743213,0.6927815337877337,0.7615365230407227,0.7430724971636118,0.6715926260515945,0.7951019783718619,0.74313065317632,0.5117889519923714,0.8190005598431297,0.48189881288091696,0.7281092111646791,0.6761597032770383,0.7997777218891121,0.6187536426695084,0.4964382736458564,0.6357246089546543,0.5104421179102013,0.6232069185692287,0.4395560586030235
2023-04-12 11:00:00,0.8634267456324303,0.7595320280234801,0.8144153178498401,0.7708969906939503,0.5099553122335553,0.621760805810348,0.8169263442541276,0.8149990347914557,0.8051572600980362,0.8169476547488106,0.8210171844497943,0.8464090026407933,0.8262258891204222,0.8084506835248565,0.8312085140680662,0.8028506674716308,0.46614400633557873,0.8930297508827686,0.4363828394602961,0.816942304293497,0.8075920499520866,0.8918401658663458,0.5952085876093298,0.5580084370754484,0.6765262071440495,0.624679080043145,0.6500968130480085,0.5366251044982747
2023-04-12 12:00:00,0.8804238517698746,0.8261716554851857,0.8450057040134953,0.8670334832463644,0.5852717587237319,0.5559571067751189,0.8385230156438888,0.839540255851117,0.8514523498124391,0.8398832981094669,0.839052789227249,0.9310246749979209,0.870146437573082,0.8367735672422734,0.7342041577998997,0.7849635456434388,0.3352557582314679,0.8352364059940887,0.3137624509441032,0.8364950230897094,0.8371161727392337,0.9050479138351596,0.6248903631806106,0.7260241681239609,0.7890725237878491,0.6145826914380722,0.8055759728059717,0.6497595270674112
2023-04-12 13:00:00,0.8853991618761763,0.7915683514294567,0.857009894697197,0.7740166522463418,0.55720255497867,0.5562102440678856,0.8458859090306339,0.8474821184989242,0.8521468368054544,0.851165309951333,0.846251109125191,0.8693770901079358,0.8859810294817375,0.8433771426907882,0.7665841173292701,0.8174342944309918,0.3854088784973033,0.8355506884307382,0.3468515119465467,0.8551891657042203,0.8440454436639989,0.904835052214024,0.6654488717968633,0.7352827625058447,0.7706920177421922,0.6038222150489909,0.8173684719362282,0.6807147870723997
2023-04-12 14:00:00,0.8979502178647684,0.8369429301381452,0.8462849567382843,0.8496437184900291,0.5819618197486801,0.5260889607094528,0.8169319118090285,0.8183326667419345,0.8404211447790992,0.8322749977947784,0.8176546930152748,0.8918785013827237,0.8880469260997691,0.8233660564160579,0.7418832567664267,0.7966852321141934,0.3949827524722994,0.8819634334525374,0.3259214754672215,0.8414033141437137,0.8267217950394337,0.9068616437093389,0.6234976592789654,0.7660005936441278,0.8074284478484621,0.58411566253174,0.792636644889788,0.7303534222578517
2023-04-12 15:00:00,0.8862393828345239,0.8612521628363242,0.8318197441020059,0.7911288305326841,0.5472581128551235,0.48043038430081586,0.7748944480322928,0.7834490845118905,0.7888535686555954,0.8124236644106497,0.794426314057548,0.888029730061704,0.8501892753677549,0.792852353281619,0.7059897600817172,0.7511266205887818,0.36392397698247053,0.9134926396245336,0.2961297271353911,0.7979789529276229,0.7971482006770398,0.9136850614517796,0.6014727487853314,0.7600928764516827,0.7320105103462722,0.5301147022141041,0.7445039207385185,0.7789756015590473
2023-04-12 16:00:00,0.8373115602159545,0.818306597333522,0.7970893361768591,0.7165703410640248,0.481593674896404,0.40367478117117733,0.695688106222004,0.7060101276250593,0.7588815803956693,0.7793002026655873,0.7298312778548226,0.8207407342435656,0.7975118230849084,0.7274681809030805,0.6505024782004037,0.6842522509789308,0.2607066329951911,0.8557080407690885,0.244363971344879,0.7540372902677204,0.7388854584636837,0.8734140538713159,0.5822810281159283,0.7375190474465295,0.671794295571038,0.42960560349964677,0.7072596261218946,0.7695727236227956
2023-04-12 17:00:00,0.7873197948647201,0.7422209307975924,0.7490320304462763,0.6544956257012411,0.3840828239167355,0.2968845245537404,0.6698079411107759,0.6788652597624812,0.6962802716810504,0.7331365861619235,0.6930367291647301,0.7782248926323643,0.7086111391420404,0.7028409322120382,0.5055481680769095,0.5656108761695603,0.15089387485269892,0.8271878086033168,0.1520833434610818,0.7182194358711941,0.7129170081031633,0.8398684667371068,0.3852321189367283,0.6563740403170317,0.5251713828657992,0.31634884262743274,0.6370859639930754,0.6871983291855862
2023-04-12 18:00:00,0.698898111723899,0.6564930641113391,0.6373015077954275,0.5313688785668199,0.28116819630757856,0.21334101695869095,0.6328171310374541,0.6440048474917167,0.48734288244208446,0.701945674176464,0.6659463542271093,0.709108623092139,0.5239814651425113,0.6538777093507107,0.347633685823015,0.42488571432740824,0.10644791072730106,0.7737210044714886,0.09353734161061066,0.6750662243315579,0.6623290663120343,0.7913260665272439,0.2995283659680422,0.517335436282952,0.4267029649201744,0.23527611752326333,0.4415754263223824,0.5851160664048002
2023-04-12 19:00:00,0.5436649942889662,0.4793546950073264,0.4847145670053588,0.5739725913978665,0.17659477691433245,0.11365888200748732,0.5823729721919344,0.5983559905102881,0.2978625623456512,0.5858162335142243,0.5794792144654951,0.6493859048044214,0.3239151745767367,0.6093685501490018,0.23172805872752367,0.24654669917395378,0.04544565654810278,0.6290365661932756,0.04136868437716144,0.6057330463377637,0.6091508008235815,0.6569728816335249,0.15957306284557365,0.3879022863251145,0.23059610449514303,0.13162500685377537,0.3015457871090453,0.4567010508951782
2023-04-12 20:00:00,0.2327578716251486,0.22446979043961277,0.2448504066374729,0.4214584839676853,0.08680528808104457,0.04027441552941987,0.2597179945035583,0.3366200429793336,0.11043314771354977,0.2759473167116945,0.2653998189321359,0.4373585204160604,0.12745318719804027,0.3859939767429291,0.0782185863994957,0.0750817881682756,0.014036202155317442,0.2927537822838087,0.013774406735261898,0.3837479908377595,0.3878181928192683,0.3418465084455431,0.0,0.22716774186251623,0.04841889421486753,0.03601275079590345,0.21640044227506175,0.28356996039902604
2023-04-12 21:00:00,0.0,0.0,0.0,0.0,0.008749259732349617,0.0010343060183684132,0.0,0.0,0.0,0.0,0.0,0.0,0.0,0.0,0.0,0.0,0.0,0.0,0.0,0.0,0.0,0.0,0.0,0.0,0.0,0.0004965556010318331,0.0,0.0
2023-04-12 22:00:00,0.0,0.0,0.0,0.0,0.0,0.0,0.0,0.0,0.0,0.0,0.0,0.0,0.0,0.0,0.0,0.0,0.0,0.0,0.0,0.0,0.0,0.0,0.0,0.0,0.0,0.0,0.0,0.0
2023-04-12 23:00:00,0.0,0.0,0.0,0.0,0.0,0.0,0.0,0.0,0.0,0.0,0.0,0.0,0.0,0.0,0.0,0.0,0.0,0.0,0.0,0.0,0.0,0.0,0.0,0.0,0.0,0.0,0.0,0.0
2023-04-13 00:00:00,0.0,0.0,0.0,0.0,0.0,0.0,0.0,0.0,0.0,0.0,0.0,0.0,0.0,0.0,0.0,0.0,0.0,0.0,0.0,0.0,0.0,0.0,0.0,0.0,0.0,0.0,0.0,0.0
2023-04-13 01:00:00,0.0,0.0,0.0,0.0,0.0,0.0,0.0,0.0,0.0,0.0,0.0,0.0,0.0,0.0,0.0,0.0,0.0,0.0,0.0,0.0,0.0,0.0,0.0,0.0,0.0,0.0,0.0,0.0
2023-04-13 02:00:00,0.0,0.0,0.0,0.0,0.0,0.0,0.0,0.0,0.0,0.0,0.0,0.0,0.0,0.0,0.0,0.0,0.0,0.0,0.0,0.0,0.0,0.0,0.0,0.0,0.0,0.0,0.0,0.0
2023-04-13 03:00:00,0.0,0.0,0.0,0.0,0.0,0.0,0.0,0.0,0.0,0.0,0.0,0.0,0.0,0.0,0.0,0.0,0.0,0.0,0.0,0.0,0.0,0.0,0.0,0.0,0.0,0.0,0.0,0.0
2023-04-13 04:00:00,0.0,0.0,0.0,0.0,0.0,0.0,0.0,0.0,0.0,0.0,0.0,0.0,0.0,0.0,0.0,0.0,0.0,0.0,0.0,0.0,0.0,0.0,0.0,0.0,0.0,0.0,0.0,0.0
2023-04-13 05:00:00,0.0,0.0,0.0,0.0,0.0,0.0,0.0,0.0,0.0,0.0,0.0,0.0,0.0,0.0,0.0,0.0,0.0,0.0,0.0,0.0,0.0,0.0,0.0,0.0,0.0,0.0,0.0,0.0
2023-04-13 06:00:00,0.0,0.0,0.0,0.0,0.0,0.0,0.0,0.0,0.0,0.0,0.0,0.0,0.0,0.0,0.0,0.0,0.0,0.0,0.0,0.0,0.0,0.0,0.0,0.0,0.0,0.0,0.0,0.0
2023-04-13 07:00:00,0.0,0.044178195980443424,0.0,0.006479755599285819,0.003447672343220921,0.0,0.0,0.0,0.0,0.0,0.0,0.0,0.0,0.0,0.0,0.0,0.0,0.0,0.0,0.0,0.0,0.0,0.4997626294472755,0.2505803085041128,0.4197749371843827,0.0,0.3482683719954235,0.18945093031532295
2023-04-13 08:00:00,0.07408115596497883,0.14843250085692583,0.06566315012591305,0.0767571901377832,0.06343039786307877,0.024543846133266874,0.06829303910842528,0.09921321377476398,0.08072457859799767,0.11551619900234825,0.09462020997308357,0.07121974461935657,0.0927605460586028,0.10403779947366984,0.03580229016675786,0.057642828884443296,0.11998706913903126,0.09585025345777072,0.122045432744848,0.11805222441571847,0.10636112364704801,0.10033103422096235,0.676733977207551,0.37484312937059744,0.5877434572020124,0.034140448285996765,0.5031236230953153,0.3220856001458846
2023-04-13 09:00:00,0.150008415787883,0.3287359109992572,0.17278896084687467,0.22709253673530547,0.20649336775073845,0.09356483675244892,0.20786672063702738,0.20961824375189078,0.17734554697137705,0.1905658844616512,0.2150705904929346,0.17840081845699154,0.22601050548531632,0.21976302386859364,0.13983396432664805,0.1563385987247979,0.2425106876503732,0.1644392139571653,0.2183449313780543,0.15914225878261695,0.21860958941492253,0.17284446367421227,0.8365380493674738,0.5463334239725678,0.7077395822001088,0.13881817354459203,0.6315582739351576,0.4969575694524326
2023-04-13 10:00:00,0.26417867286479435,0.5026883539918946,0.28863954498042577,0.37383278839099765,0.35224134353206177,0.1587740542591325,0.3705847214165557,0.3917575068519213,0.2813449030754157,0.3439835394401251,0.38907006614340495,0.2992279731168108,0.3297269043711325,0.40368579729913134,0.2723749500032756,0.2579299745141184,0.29610246373772947,0.297131802040062,0.2529299109111823,0.31950538952175067,0.400783249437187,0.28869806662223096,0.8773615737143284,0.6782010611316743,0.8663619032050428,0.25029142415652667,0.7367925449951039,0.6317735200053345
2023-04-13 11:00:00,0.34883399833529616,0.5367284962886625,0.29846194892348055,0.46613527876423166,0.4688303759397357,0.23568833421864896,0.397468349295987,0.4605907066473706,0.36398268239566217,0.3791976822378882,0.4092214293460651,0.3958727522737583,0.4043441137277048,0.5185728340672334,0.34671327467038154,0.4349288630114021,0.42531924000226085,0.3890828168759642,0.35126936097162365,0.4478612853848161,0.5203916963425553,0.38122748416221325,0.8643788613280866,0.6974275624849027,0.8894766917883807,0.31937724077866875,0.7398031509969916,0.6558111228658643
2023-04-13 12:00:00,0.4978595444709657,0.5595076426999224,0.3963352130220978,0.5354703581582985,0.5692826743900431,0.330679044099794,0.5819655202114479,0.6749369880617744,0.38588761391623144,0.6166719233406569,0.6318076100216042,0.6095428632530298,0.4397628959732429,0.6963317399006866,0.3226380852911792,0.3715085248520399,0.50338464069204,0.675977393711098,0.4169139849430977,0.6081636518998728,0.6943124772811569,0.6586284777975032,0.856885617580236,0.6443724662174702,0.8338542681245141,0.34743621709069744,0.6740058373123395,0.623054433152525
2023-04-13 13:00:00,0.5414593548480606,0.5883626209641498,0.5360885265572781,0.580089586379204,0.5931501143634543,0.39893445237025055,0.5715446581946015,0.6162164720376421,0.4463775184501754,0.5936232885813728,0.6051684784464313,0.6265148482857654,0.48059315908676864,0.6339907750250062,0.4587354325327227,0.4543991485295025,0.5847427375286997,0.6757176804526462,0.4958454796921039,0.5962870176155111,0.6352089543950759,0.6533243828113072,0.8503563406186458,0.6449155183401512,0.8671706839839852,0.44278382364707863,0.7048951353316227,0.6424364228711449
2023-04-13 14:00:00,0.5880597094613704,0.6721625311484671,0.5951155494929609,0.6651951705873113,0.6264545418617983,0.4796543269095859,0.5741379177053693,0.6138425319655586,0.5429221690284404,0.6231010463478321,0.5885361809090873,0.6946103599567769,0.6154468366625285,0.6428595691985773,0.5671364004397523,0.5800508549685285,0.5874627583582572,0.7430364040443544,0.4994353202859985,0.6473281167987823,0.6511621687509037,0.7003587103605121,0.8324038748182089,0.6635539056198881,0.878090946743956,0.5871046610157011,0.733711524704637,0.6414407143692429
2023-04-13 15:00:00,0.5870760038462918,0.6581218345255716,0.6287530141385168,0.5846009828265604,0.593711629051668,0.5745044400601421,0.6155777276162071,0.5902989277913041,0.5880540280086602,0.5951808983202698,0.5698001037259054,0.6573930842784317,0.6420827427185107,0.5774997025119608,0.6416354770797038,0.6502108972673204,0.5982146538940679,0.7309168694385085,0.519010935492502,0.6464834694446258,0.5807184963829524,0.6678826813934986,0.7640217850743002,0.6202684431752415,0.8287629194626813,0.6180838824563846,0.693156255237522,0.6556974290079353
2023-04-13 16:00:00,0.6224413790024605,0.6161926983500872,0.5814500640778617,0.5398123620626877,0.5704988193942832,0.5072891206726291,0.6224706857722161,0.6286299295423751,0.6322282852712585,0.6596757044436693,0.6348981895119378,0.6485227846245807,0.7185659684983118,0.6157078911806716,0.5559436483966019,0.6615036871319641,0.580934619336793,0.74550868803022,0.5238237309059187,0.6723245918710339,0.6194475103543009,0.7267188132719505,0.6366064647906665,0.5574552997198019,0.7131434227609357,0.600672148373477,0.6280875777692017,0.595414275669554
2023-04-13 17:00:00,0.5835837612957462,0.5773667587092229,0.5512168851783739,0.510248098521751,0.5320842219594962,0.4952885128351358,0.5364006676289855,0.5423617380401827,0.5714086556178897,0.6420277916183069,0.5888686820778906,0.5932844031480892,0.6303586834312016,0.526949828656099,0.5486898429542831,0.6181990098154603,0.6032241852319835,0.6264982270107903,0.5776314533748814,0.6222641221980887,0.5355377190203939,0.6619024155261678,0.5317225546021247,0.47328751655747414,0.583555901452629,0.5780369077912629,0.5000385692345033,0.5436519954837784
2023-04-13 18:00:00,0.4981835104243547,0.48761996141426744,0.462863131916911,0.4415196716116949,0.4899891964870078,0.5034920435488628,0.6263592153609064,0.580850798148151,0.48484980291381913,0.6162731269692461,0.6036469698946219,0.5219173601739409,0.5524596196243039,0.514515775180248,0.4386483880905625,0.4398924814980787,0.562445870382087,0.5827974237583237,0.49425345921260133,0.5592643809792605,0.5101868869004086,0.6004112280246009,0.47963018754835124,0.42827410973949886,0.5136618863542057,0.5184157669560793,0.4370227251436677,0.45425556061292355
2023-04-13 19:00:00,0.43805236496327205,0.4112161493576232,0.39639507459496587,0.42861812974582225,0.4104167048736031,0.4682951666698725,0.5169639106654864,0.4620968844891591,0.453655666197216,0.523588318920683,0.5126588036206011,0.5071379352069825,0.4926851181695505,0.3901098804017073,0.42758108746094936,0.3974890615574798,0.5225373110476178,0.5110593345875672,0.4513765162067644,0.41581665026407894,0.38440903969317464,0.5462550876247831,0.20874056094408874,0.2737134673224267,0.2814018076843008,0.441343792854626,0.2918333363884255,0.2728453331445469
2023-04-13 20:00:00,0.34640655687221533,0.2945926905648951,0.26081186653320504,0.2900029359856708,0.29839877730101544,0.3912352466401894,0.3027731496759943,0.299017589611133,0.373043403305991,0.3448933560537407,0.31914544132221084,0.39699100843635987,0.37918615613769296,0.2771171270436444,0.35383158770837425,0.3071162029860209,0.4144166583859036,0.3993845090745793,0.3397571656136137,0.3054851833583762,0.27827591423237485,0.4182278162431324,0.0,0.16456802917419716,0.07754224941872606,0.3879703575567646,0.18277500053205506,0.1777450866592514
2023-04-13 21:00:00,0.0,0.0,0.0,0.0,0.04794437445107449,0.09556489521291323,0.0,0.0,0.0,0.0,0.0,0.0,0.0,0.0,0.0,0.0,0.05255327680819501,0.0,0.07585228807632931,0.0,0.0,0.0,0.0,0.0,0.0,0.05543954268040277,0.0,0.0
2023-04-13 22:00:00,0.0,0.0,0.0,0.0,0.0,0.0,0.0,0.0,0.0,0.0,0.0,0.0,0.0,0.0,0.0,0.0,0.0,0.0,0.0,0.0,0.0,0.0,0.0,0.0,0.0,0.0,0.0,0.0
2023-04-13 23:00:00,0.0,0.0,0.0,0.0,0.0,0.0,0.0,0.0,0.0,0.0,0.0,0.0,0.0,0.0,0.0,0.0,0.0,0.0,0.0,0.0,0.0,0.0,0.0,0.0,0.0,0.0,0.0,0.0
2023-04-14 00:00:00,0.0,0.0,0.0,0.0,0.0,0.0,0.0,0.0,0.0,0.0,0.0,0.0,0.0,0.0,0.0,0.0,0.0,0.0,0.0,0.0,0.0,0.0,0.0,0.0,0.0,0.0,0.0,0.0
2023-04-14 01:00:00,0.0,0.0,0.0,0.0,0.0,0.0,0.0,0.0,0.0,0.0,0.0,0.0,0.0,0.0,0.0,0.0,0.0,0.0,0.0,0.0,0.0,0.0,0.0,0.0,0.0,0.0,0.0,0.0
2023-04-14 02:00:00,0.0,0.0,0.0,0.0,0.0,0.0,0.0,0.0,0.0,0.0,0.0,0.0,0.0,0.0,0.0,0.0,0.0,0.0,0.0,0.0,0.0,0.0,0.0,0.0,0.0,0.0,0.0,0.0
2023-04-14 03:00:00,0.0,0.0,0.0,0.0,0.0,0.0,0.0,0.0,0.0,0.0,0.0,0.0,0.0,0.0,0.0,0.0,0.0,0.0,0.0,0.0,0.0,0.0,0.0,0.0,0.0,0.0,0.0,0.0
2023-04-14 04:00:00,0.0,0.0,0.0,0.0,0.0,0.0,0.0,0.0,0.0,0.0,0.0,0.0,0.0,0.0,0.0,0.0,0.0,0.0,0.0,0.0,0.0,0.0,0.0,0.0,0.0,0.0,0.0,0.0
2023-04-14 05:00:00,0.0,0.0,0.0,0.0,0.0,0.0,0.0,0.0,0.0,0.0,0.0,0.0,0.0,0.0,0.0,0.0,0.0,0.0,0.0,0.0,0.0,0.0,0.0,0.0,0.0,0.0,0.0,0.0
2023-04-14 06:00:00,0.0,0.0,0.0,0.0,0.0,0.0,0.0,0.0,0.0,0.0,0.0,0.0,0.0,0.0,0.0,0.0,0.0,0.0,0.0,0.0,0.0,0.0,0.0,0.0,0.0,0.0,0.0,0.0
2023-04-14 07:00:00,0.0,0.16495597113430652,0.0,0.23485599692734674,0.028186220788117087,0.0,0.0,0.0,0.0,0.0,0.0,0.043552490647844395,0.0,0.0,0.0,0.0,0.0,0.0,0.0,0.0,0.0,0.0,0.47949042597209734,0.44093467633230404,0.460090713439534,0.0,0.43655180697137963,0.45227668650302105
2023-04-14 08:00:00,0.3671677405301654,0.5553466437880872,0.32813367626679807,0.525257668415827,0.2271707040936704,0.07009316971010536,0.42014523924617686,0.36439719209259275,0.17281637349584433,0.3840887289150974,0.36549615458147156,0.5485675710607915,0.19059315645349892,0.3179171738864843,0.104162941817384,0.12180644801481948,0.012194012483633812,0.4849287336065973,0.021711051987059537,0.3982913569923791,0.31449700822949767,0.49647868323788763,0.6433233446630178,0.6121165459634746,0.6710903364275755,0.0791783345600437,0.6258113825816828,0.6152149539600433
2023-04-14 09:00:00,0.5367961222007848,0.70949128050597,0.4794841309194769,0.6929385831391871,0.3279844781872086,0.13368998597221127,0.535069639852354,0.47624932256461094,0.277368029121919,0.5658609764881429,0.5145441740225394,0.7343669208899022,0.30745859573994455,0.42836738872510527,0.19746985978908166,0.1972751367168225,0.07550744114692351,0.6910797577531476,0.058431928819544655,0.5591963829171436,0.43083920209396837,0.6990101596687662,0.7525244251599922,0.7687938589218273,0.8190740657163595,0.17013867980609368,0.7822161229089245,0.761876876415602
2023-04-14 10:00:00,0.6582980575920759,0.7939038786005148,0.5809927839612361,0.8020259171614083,0.48675776019624395,0.2740909637786234,0.6026636746384115,0.5397729982276125,0.39959057839829254,0.6707223152900205,0.6184767627825453,0.8674368368815445,0.4550792934485404,0.4685905736364627,0.33340540489423603,0.32640793466986234,0.1274998884421419,0.7720887318767408,0.11496929157843372,0.5520394302892647,0.46686411533829797,0.8074430534532091,0.7850842656005552,0.8236348831810223,0.8422726045044637,0.2997421073075369,0.8116006241480512,0.8090553098855668
2023-04-14 11:00:00,0.6660168328164475,0.7991272873248386,0.6214241336333115,0.8186658079779033,0.5931994102595939,0.3639647461201993,0.5655425933892501,0.5552097500132965,0.4626923971008951,0.6677689451212554,0.6123898750524286,0.8496334653677267,0.5294680397551969,0.5187502186607685,0.4204371675536944,0.4207161741305,0.20996585206212218,0.6907588024474345,0.1817513637017156,0.5831447604968406,0.5217568384001369,0.7746539732684758,0.8076959291937122,0.8392939634368214,0.8805839018311764,0.35402964697154,0.8324030997662694,0.8199831901600737
2023-04-14 12:00:00,0.6858028805683232,0.7438573995874493,0.5265171113051001,0.671151813343841,0.6643215385738699,0.4902898419446278,0.48713901169022766,0.5297686683368598,0.5307276595871263,0.5496953541244844,0.4833304394408042,0.8215292846497928,0.5467230763699528,0.5802816756482154,0.43869497245808164,0.432348762542682,0.2769141766328842,0.7165198517800677,0.28612943702444293,0.6638912482794683,0.5933189388082449,0.7525956645393713,0.8164484066543697,0.6918150609456726,0.8720597087275466,0.4419681702879031,0.7372077899121712,0.7335504880274227
2023-04-14 13:00:00,0.6569678746713653,0.6980931358835324,0.5534244495000226,0.6207562110381253,0.6558711427940283,0.4977024806067745,0.5474091247599061,0.5934944120818381,0.5200724360729555,0.5865064414908185,0.5561297479344142,0.724680982688085,0.5707925528945079,0.6402620505589902,0.45940448843520415,0.527970861401475,0.2598773554697393,0.6212350035635782,0.2866104278454279,0.6412946490430256,0.6507674423030514,0.7166034916306852,0.8119197442898081,0.6674198138180617,0.8562705212628701,0.4370082748844829,0.7532554452653206,0.6929315273536102
2023-04-14 14:00:00,0.6252208011897614,0.6724501361831977,0.5311382075863368,0.6315713074918471,0.6542241045703807,0.5267591834576248,0.5854227084775431,0.6514870068479236,0.4761569832364739,0.6297157448628998,0.5797779490502625,0.7227639780057286,0.5406077539083566,0.7005438390115041,0.4929832606194988,0.5395526594301965,0.2355528645127245,0.6263701404074667,0.27336596983089984,0.7508474179792721,0.711127640754945,0.7136146415549858,0.7646724114752868,0.6685571842666536,0.8143491298089557,0.48448443368021593,0.7250155822569735,0.6815504493525091
2023-04-14 15:00:00,0.5722899697213721,0.6237675945674982,0.5329224614787589,0.5403018319546135,0.6559881097303785,0.4759122034704772,0.5300954297718478,0.6029328305415481,0.38761234063685185,0.6099331667284924,0.5487223538937602,0.62690562931836,0.4402962380568709,0.6407930860324336,0.467578305981811,0.4355604583897006,0.21818299732476948,0.6115634232339416,0.22026077543923656,0.6804016705940563,0.6517020802116649,0.6870806670639952,0.7040331402867116,0.5985504966974207,0.8041239605724414,0.4463831721362594,0.6937757580928994,0.5985182334290365
2023-04-14 16:00:00,0.5660988809999152,0.6054941295005528,0.4975054249560119,0.5312956505619532,0.6066018354296687,0.43029437212925276,0.4913909356248137,0.5755906975158943,0.32933193451073167,0.6388731722915405,0.541141135582157,0.6273771555620555,0.3706372776182067,0.6144001869415375,0.4580882895379426,0.31400813003472844,0.1814692487434689,0.689161464971218,0.1767732025114459,0.7452453037122506,0.628837470388389,0.7153663095047186,0.6786566837530275,0.5671600339460872,0.7963362670954347,0.43318098936475846,0.6613019723528613,0.5419069139977948
2023-04-14 17:00:00,0.41668272428963676,0.5073297849922997,0.3921666492270567,0.5664874405788164,0.5138029994733261,0.32845196497674956,0.38620298241957024,0.4656235615042248,0.2482608551307376,0.5388669419918757,0.4080385326161333,0.5679694410382885,0.28921272027374073,0.5252894812996955,0.3039920259802556,0.2264269001049297,0.09887811844039442,0.5780142168030049,0.08154787755300963,0.7223671924868968,0.5478597047851087,0.5846841854470229,0.583660833696096,0.48387112076964733,0.7095333810106085,0.29826546218799804,0.5037583870857142,0.4524022024042573
2023-04-14 18:00:00,0.2994611710598995,0.43946418988969727,0.27030670363450343,0.5304867748064482,0.47008030032602854,0.24065522056428879,0.35914428525951764,0.3974774683399342,0.1627042742678891,0.3381675428020327,0.3068659404652621,0.46434083195824793,0.17207449218206097,0.4725788410976747,0.16822977499212768,0.12752183059417832,0.08023645358126288,0.34036934558348003,0.05677552521890278,0.5365635034749984,0.48482115673563153,0.3747708111030008,0.48807194507659035,0.45283050613846965,0.6236861744734749,0.2098473257444319,0.43030359878449914,0.4477681783620226
2023-04-14 19:00:00,0.17306668536513342,0.44143384911798,0.22667673962253104,0.5493039880442689,0.3552570303160102,0.13760380979974626,0.433776825390088,0.410577903270352,0.0830880193223769,0.3132686571587569,0.32517353346446054,0.4193134971454835,0.07454111216673173,0.44461870619018284,0.06018815810881559,0.0528631767313109,0.03984729368980112,0.2110561956865946,0.026472315598900717,0.4706561522727507,0.44740435240512083,0.2770821357667586,0.3753667330717181,0.48214946809564313,0.5253003701319087,0.11510015931978879,0.4811708790186403,0.495503373728339
2023-04-14 20:00:00,0.04048914318345263,0.2814527319330217,0.1266027209184094,0.3355830848446393,0.2145577816076832,0.045810991939644496,0.28962364305778227,0.24760142026009416,0.013323777213224496,0.13053047856620528,0.19642475380741206,0.24094946544184515,0.01597100425100203,0.2412963689309541,0.013959264196542429,0.014049399587083303,0.011957514431077662,0.03446768124103697,0.017481858932522805,0.21097570517318903,0.23424626939224857,0.07557948227657851,0.0,0.4163893065974317,0.31232526655134146,0.042795257771038826,0.42489576334369883,0.4238082199221633
2023-04-14 21:00:00,0.0,0.0,0.0,0.0,0.05759266760202858,0.0032906456472691927,0.0,0.0,0.0,0.0,0.0,0.0,0.0,0.0,0.0,0.0,0.007387557826005287,0.0,0.033483364222430555,0.0,0.0,0.0,0.0,0.0,0.0,0.004054643425220195,0.0,0.0
2023-04-14 22:00:00,0.0,0.0,0.0,0.0,0.0,0.0,0.0,0.0,0.0,0.0,0.0,0.0,0.0,0.0,0.0,0.0,0.0,0.0,0.0,0.0,0.0,0.0,0.0,0.0,0.0,0.0,0.0,0.0
2023-04-14 23:00:00,0.0,0.0,0.0,0.0,0.0,0.0,0.0,0.0,0.0,0.0,0.0,0.0,0.0,0.0,0.0,0.0,0.0,0.0,0.0,0.0,0.0,0.0,0.0,0.0,0.0,0.0,0.0,0.0
2023-04-15 00:00:00,0.0,0.0,0.0,0.0,0.0,0.0,0.0,0.0,0.0,0.0,0.0,0.0,0.0,0.0,0.0,0.0,0.0,0.0,0.0,0.0,0.0,0.0,0.0,0.0,0.0,0.0,0.0,0.0
2023-04-15 01:00:00,0.0,0.0,0.0,0.0,0.0,0.0,0.0,0.0,0.0,0.0,0.0,0.0,0.0,0.0,0.0,0.0,0.0,0.0,0.0,0.0,0.0,0.0,0.0,0.0,0.0,0.0,0.0,0.0
2023-04-15 02:00:00,0.0,0.0,0.0,0.0,0.0,0.0,0.0,0.0,0.0,0.0,0.0,0.0,0.0,0.0,0.0,0.0,0.0,0.0,0.0,0.0,0.0,0.0,0.0,0.0,0.0,0.0,0.0,0.0
2023-04-15 03:00:00,0.0,0.0,0.0,0.0,0.0,0.0,0.0,0.0,0.0,0.0,0.0,0.0,0.0,0.0,0.0,0.0,0.0,0.0,0.0,0.0,0.0,0.0,0.0,0.0,0.0,0.0,0.0,0.0
2023-04-15 04:00:00,0.0,0.0,0.0,0.0,0.0,0.0,0.0,0.0,0.0,0.0,0.0,0.0,0.0,0.0,0.0,0.0,0.0,0.0,0.0,0.0,0.0,0.0,0.0,0.0,0.0,0.0,0.0,0.0
2023-04-15 05:00:00,0.0,0.0,0.0,0.0,0.0,0.0,0.0,0.0,0.0,0.0,0.0,0.0,0.0,0.0,0.0,0.0,0.0,0.0,0.0,0.0,0.0,0.0,0.0,0.0,0.0,0.0,0.0,0.0
2023-04-15 06:00:00,0.0,0.0,0.0,0.0,0.0,0.0,0.0,0.0,0.0,0.0,0.0,0.0,0.0,0.0,0.0,0.0,0.0,0.0,0.0,0.0,0.0,0.0,0.0,0.0,0.0,0.0,0.0,0.0
2023-04-15 07:00:00,0.0,0.16032304761074853,0.0,0.1362019663060831,0.00095748692687796,0.0,0.0,0.0,0.0,0.0,0.0,0.04402638063616721,0.0,0.0,0.0,0.0,0.0,0.0,0.0,0.0,0.0,0.0,0.421798857562385,0.12939798533717284,0.37008302575773305,0.0,0.1120499504020901,0.13837972569058526
2023-04-15 08:00:00,0.06651845999016723,0.33660316984120514,0.0024802411088948456,0.21151617743366058,0.04683822226393399,0.20746711572346951,0.004072715742161541,0.005502321457090681,0.10569811512482351,0.009969975216874066,0.007889721764504122,0.16195649535213189,0.06324116535769328,0.010118806362291337,0.13221433403020857,0.12469633671331809,0.22404628736265336,0.02142341863747055,0.18756677445388736,0.012629736092522693,0.010939991097028784,0.06888750660422314,0.6639883151810221,0.1965719050066496,0.5765770399640514,0.11828382869367457,0.25045247943340043,0.1856314384149798
2023-04-15 09:00:00,0.12212669131224926,0.4088364622298864,0.013328373219126385,0.3391059851442915,0.14750604729160754,0.40385978730871935,0.02079263329915219,0.0245478442178694,0.13763538916116472,0.027730791367060102,0.02275161020109792,0.226801389269253,0.10744553214101915,0.03274447552806776,0.23868310998882764,0.17473689894991445,0.37021666166829087,0.06590967202854403,0.3206442231973443,0.050669619369092436,0.0339223954135058,0.11089029077154934,0.8090949325126191,0.3059725741836748,0.6025599818952296,0.2995009269807804,0.4615418577776602,0.2789078404238365
2023-04-15 10:00:00,0.17097503206008902,0.520999037895858,0.03942924770022962,0.32571513448996225,0.3356012670681991,0.4552473078462008,0.05265623637108166,0.054661348234222105,0.17352903149189666,0.05101033110276787,0.052639235823567075,0.26675551866184555,0.13594670844694137,0.058488919407862015,0.27389043814777947,0.1681208686945896,0.5062030327325011,0.10529978197456948,0.4381936125271409,0.04850879695166062,0.05801779525854032,0.1723167019602793,0.8676541865654754,0.456579104694478,0.6545855664835556,0.42974023983315535,0.6726402304269461,0.44287154431015247
2023-04-15 11:00:00,0.1942020053430275,0.5765723713577937,0.05587030039713392,0.3419915530545618,0.5201591910450841,0.550747649126967,0.06050731473436466,0.06612350812999306,0.2297702356966847,0.06648202358157836,0.06819729574188867,0.33686626840762823,0.18891160800676204,0.07145680308210837,0.26490090154425744,0.2614706290467329,0.5602232551608316,0.12028026607897198,0.4906369380954651,0.06921693697633965,0.07178350056447677,0.209188060257939,0.845269176320634,0.5039397892609837,0.7040754221969464,0.47543329609436197,0.6926380222187559,0.48310713734008753
2023-04-15 12:00:00,0.22271651185284055,0.5431904645356377,0.07129761334025891,0.33788644059150424,0.6655399147882082,0.6552889130668578,0.12964740406422462,0.12342308145289423,0.2807112978739184,0.09424974329058415,0.11055296459368993,0.366178389821446,0.24684563590251782,0.13821322312790119,0.2696310116600182,0.3257997977938109,0.6634190427459602,0.14672031393424947,0.556286058683012,0.09822092627922391,0.13751269712529499,0.23672021718537092,0.8383930629541586,0.4866658632337677,0.7653603531717876,0.5748265480177387,0.6848581301081309,0.5047369473855716
2023-04-15 13:00:00,0.26159736745943074,0.5507632435743987,0.07156973175091036,0.3505423193490998,0.7220511106365606,0.6435658958600824,0.12525058480447337,0.15392789264655887,0.30931880149339197,0.09148008871101754,0.10277933972655418,0.4118660150117858,0.23136966221934507,0.2065090572125813,0.2981226356666294,0.33757665638702217,0.6595909271289588,0.16973329005967144,0.5705783297721723,0.17085784494892375,0.21016484561862503,0.256203271979825,0.8557848640261628,0.4404225167556053,0.6905049173396512,0.6226308254682834,0.6687337316319909,0.4714649712897229
2023-04-15 14:00:00,0.26975649339376595,0.5224874943107419,0.07536800549576579,0.33174453064624915,0.7432981027927391,0.6704427076023866,0.13380883676195418,0.17678517798286317,0.29460463766343886,0.10786860535851221,0.12281752270903198,0.3944283216778116,0.221392469524547,0.2344658882791521,0.37269365483752614,0.3835179165166844,0.6446280041076148,0.17253000948900196,0.5988272797607072,0.20833850095952833,0.2391818345970114,0.24613645762266564,0.8660314413038396,0.37495841275146197,0.6884717630550138,0.6807106162730682,0.6319082635061258,0.4019966211665773
2023-04-15 15:00:00,0.237283313711285,0.4786142717584558,0.05397708825859203,0.2734848351041619,0.6996074218348173,0.6506894917744209,0.12562036241535685,0.15892947405934096,0.3207817797789375,0.09606479157799283,0.11279558353222185,0.3404143639618687,0.21938551405243722,0.19179303090756944,0.37522334457425155,0.2940604042189421,0.6261297760919708,0.150886245095996,0.5597566149607399,0.16549014133246026,0.19241541763086126,0.2201239899894618,0.8386093979073536,0.3305992977843524,0.5633082966282507,0.6691454564259471,0.5207619279678777,0.34178428780228476
2023-04-15 16:00:00,0.22456113233027875,0.43395769371926307,0.049204626376329816,0.218708629751801,0.6615966331543941,0.6443194373471628,0.11280761637747504,0.12456072572274172,0.334187522256872,0.08330506793096915,0.09905667116466142,0.29083062183323194,0.20688737683005737,0.141167911805279,0.3217438489000025,0.26919053433113216,0.6589875183503117,0.11842983862296787,0.5922536989914927,0.12194350802927217,0.1399373125771206,0.18819333942946148,0.8059428872632882,0.284789988588248,0.503101192543217,0.6723007874796102,0.39393703924381984,0.26448910675284265
2023-04-15 17:00:00,0.17085910486669179,0.3422580357633008,0.03522277125884521,0.17796304831747836,0.5817638425138434,0.5560866669190856,0.07489135251109073,0.08932489584604646,0.2878079959057096,0.056468789007550785,0.0682302767319361,0.24187386653231938,0.1921511492689115,0.10874890945542655,0.2655063425079545,0.3117669559241786,0.5655440234365237,0.08598782937876104,0.513277346221846,0.08666678826683363,0.10899563829790981,0.13602600465540107,0.7113499278940159,0.21113057112010092,0.4830022949975566,0.6096458299182532,0.2931327009521279,0.20007298358746903
2023-04-15 18:00:00,0.11924117693217173,0.342215752688797,0.016231105261747463,0.16428600352811873,0.50437831550907,0.5238258894313739,0.03244889116046533,0.04516029411122827,0.2436712285780189,0.026446033646325237,0.03141316386479201,0.1831669527232482,0.1563255828492183,0.0622787082010637,0.284531706602749,0.3187549265322446,0.4647249752437072,0.04993646515914285,0.43633694105156445,0.046602993503785536,0.06333850594152389,0.08640438028045778,0.4524157439384375,0.1782060365501151,0.277286302653137,0.5555915206864858,0.21898048393451414,0.19490718048003644
2023-04-15 19:00:00,0.056116066464366676,0.2856382925121867,0.004302909312660166,0.08135002498223896,0.37769502613768036,0.4320749596816023,0.01101656864017496,0.014639094212989206,0.08399972955738608,0.009185697511214438,0.010708223338211538,0.0967735855650447,0.0509341534869364,0.01938024608978766,0.13354804722125904,0.12318339701799037,0.34538611917673195,0.023573554883731848,0.28572860869073735,0.011529805082322625,0.019642954632812043,0.04087757787424703,0.15891501130603772,0.15881567330152693,0.11130386363221613,0.4113621477319182,0.1472163096449838,0.2038854154038674
2023-04-15 20:00:00,0.025377750868120864,0.20669745754419414,6.508037948853751e-05,0.04228863496603181,0.26938619635102345,0.26329063064971514,0.0019393922334028275,0.0067189012847506295,0.042859091779177426,1.8980702081318227e-05,0.00037173405302897485,0.04105087173669816,0.020759209952650057,0.016021848271316648,0.05144130328854144,0.0381370088982642,0.1723267005317941,0.0042234513766916506,0.1683206382490412,0.006485741434814391,0.016985907291244783,0.011517595305933928,0.0,0.13587271715525484,0.02207407674876179,0.296599509069251,0.10174408169450481,0.17597635801040942
2023-04-15 21:00:00,0.0,0.0,0.0,0.0,0.14740836391254947,0.07587980273422287,0.0,0.0,0.0,0.0,0.0,0.0,0.0,0.0,0.0,0.0,0.06393694135161802,0.0,0.05002549353649876,0.0,0.0,0.0,0.0,0.0,0.0,0.09933818335658492,0.0,0.0
2023-04-15 22:00:00,0.0,0.0,0.0,0.0,0.0,0.0,0.0,0.0,0.0,0.0,0.0,0.0,0.0,0.0,0.0,0.0,0.0,0.0,0.0,0.0,0.0,0.0,0.0,0.0,0.0,0.0,0.0,0.0
2023-04-15 23:00:00,0.0,0.0,0.0,0.0,0.0,0.0,0.0,0.0,0.0,0.0,0.0,0.0,0.0,0.0,0.0,0.0,0.0,0.0,0.0,0.0,0.0,0.0,0.0,0.0,0.0,0.0,0.0,0.0
2023-04-16 00:00:00,0.0,0.0,0.0,0.0,0.0,0.0,0.0,0.0,0.0,0.0,0.0,0.0,0.0,0.0,0.0,0.0,0.0,0.0,0.0,0.0,0.0,0.0,0.0,0.0,0.0,0.0,0.0,0.0
2023-04-16 01:00:00,0.0,0.0,0.0,0.0,0.0,0.0,0.0,0.0,0.0,0.0,0.0,0.0,0.0,0.0,0.0,0.0,0.0,0.0,0.0,0.0,0.0,0.0,0.0,0.0,0.0,0.0,0.0,0.0
2023-04-16 02:00:00,0.0,0.0,0.0,0.0,0.0,0.0,0.0,0.0,0.0,0.0,0.0,0.0,0.0,0.0,0.0,0.0,0.0,0.0,0.0,0.0,0.0,0.0,0.0,0.0,0.0,0.0,0.0,0.0
2023-04-16 03:00:00,0.0,0.0,0.0,0.0,0.0,0.0,0.0,0.0,0.0,0.0,0.0,0.0,0.0,0.0,0.0,0.0,0.0,0.0,0.0,0.0,0.0,0.0,0.0,0.0,0.0,0.0,0.0,0.0
2023-04-16 04:00:00,0.0,0.0,0.0,0.0,0.0,0.0,0.0,0.0,0.0,0.0,0.0,0.0,0.0,0.0,0.0,0.0,0.0,0.0,0.0,0.0,0.0,0.0,0.0,0.0,0.0,0.0,0.0,0.0
2023-04-16 05:00:00,0.0,0.0,0.0,0.0,0.0,0.0,0.0,0.0,0.0,0.0,0.0,0.0,0.0,0.0,0.0,0.0,0.0,0.0,0.0,0.0,0.0,0.0,0.0,0.0,0.0,0.0,0.0,0.0
2023-04-16 06:00:00,0.0,0.0,0.0,0.0,0.0,0.0,0.0,0.0,0.0,0.0,0.0,0.0,0.0,0.0,0.0,0.0,0.0,0.0,0.0,0.0,0.0,0.0,0.0,0.0,0.0,0.0,0.0,0.0
2023-04-16 07:00:00,0.0,0.07281637168801676,0.0,0.03362624874790506,0.006720745499205391,0.0,0.0,0.0,0.0,0.0,0.0,0.010174697647190763,0.0,0.0,0.0,0.0,0.0,0.0,0.0,0.0,0.0,0.0,0.385096980289306,0.19100345450627343,0.28396372657678515,0.0,0.13313991925148708,0.2323446350072169
2023-04-16 08:00:00,0.04192507407990609,0.29615625849703053,0.00123386899769672,0.06464997294872753,0.14879479705740226,0.13275451892835743,0.004148411180322056,0.00968892161313297,0.02602020317389499,0.0032032690327501905,0.003037350344749103,0.051205122703166725,0.013662657207400859,0.018094207550827173,0.030253742748779705,0.005471150541919333,0.153805349542082,0.011302685929807097,0.15155587653953212,0.01682945582413296,0.019283393406593678,0.02397575473130618,0.6151470389273884,0.2789738003577568,0.40754341592509263,0.08782338452208086,0.25107288089719876,0.32690116956672827
2023-04-16 09:00:00,0.11457758923215348,0.45164378625624757,0.02979560510970254,0.178010598921041,0.30304346983208896,0.27306213872973456,0.01880322966320439,0.06269096819565934,0.07892092889961595,0.02208255082679464,0.024279205336956242,0.1399598579354432,0.050936684742552786,0.10545924925369408,0.06910023419870177,0.03187043197589518,0.24841138614863695,0.036066955858568776,0.21601110006330623,0.09630516538240715,0.11063624538921892,0.06720100839307537,0.7726364281546484,0.3871719724959131,0.5919968080696801,0.1929524455999945,0.4596802550866024,0.3950536161825914
2023-04-16 10:00:00,0.15908485209257814,0.5277837766385421,0.06820950931579856,0.20898747533272094,0.4591804093926939,0.37789557038591604,0.0215983390289671,0.06413768508195411,0.11848570577080075,0.031814734232308683,0.030413839428116336,0.23230255256678947,0.09818674925843958,0.10612208496674765,0.11948506368834311,0.10241951212131387,0.22562652878243392,0.075570654887135,0.2625181420446265,0.07708736801263785,0.1116589254132654,0.12471068472958236,0.8293490750174609,0.4809613855829998,0.7589081692145379,0.26222232099619963,0.6090384571588588,0.47641506555932145
2023-04-16 11:00:00,0.24614372539111237,0.5961799185140253,0.12745556933414362,0.22214456805066266,0.6109468744912877,0.42467489889825194,0.027659207976722916,0.050644534200160074,0.19405342742206777,0.03226470773323862,0.02863523640454283,0.3278005330603812,0.15218358224458978,0.07716082018285525,0.17699473228488566,0.16560999811366378,0.2730325796826563,0.12633247955093083,0.25996966545888833,0.057550544650326114,0.08095861990308569,0.2028977990442601,0.8410465454899602,0.4993978977337388,0.821923986168757,0.31861668685187866,0.6579073041014865,0.4946939374108442
2023-04-16 12:00:00,0.2543254019059862,0.5629145828798934,0.24264957633423093,0.20625847914103312,0.7234090181328048,0.5256288916636096,0.16445261516888876,0.13550876550051993,0.19223582219057264,0.10993126828722327,0.14551082618738054,0.30704843279910893,0.19566443206569956,0.13078883676000655,0.1974049068552864,0.16897258333833343,0.3267300377965642,0.12800381113363832,0.29281482185753466,0.07046424666917678,0.1288683397868886,0.2113613031232954,0.8403931533512551,0.42381212191960516,0.7600505004246325,0.40266292747212723,0.5851995073865184,0.43923353417249034
2023-04-16 13:00:00,0.2869583049105042,0.5666258496328743,0.22569370826018456,0.16704742599470557,0.7075310297737155,0.5315902674853302,0.3264754349992918,0.272791378489241,0.32155100571381257,0.2223368633373094,0.2977684757745612,0.2681371312238216,0.24250596949156875,0.23206859821351036,0.24967258900798947,0.16385287959162173,0.4726219676836104,0.12814273750155608,0.3213587211807087,0.08591275786143379,0.22036817599219066,0.2357884853389899,0.7766404829471423,0.39775902887261727,0.6722690940161464,0.3962318318437401,0.5468460350565414,0.40129950925743696
2023-04-16 14:00:00,0.35347556542592923,0.5230853720568225,0.22157060399483702,0.19307296282721803,0.6691586816623059,0.4607766126342531,0.25959561212474075,0.21800520042125573,0.4051041055952756,0.20405946173717587,0.25052674493358174,0.2841637489000704,0.2865878908880289,0.2091889873865102,0.19510328798472237,0.1954072060876076,0.5183990126721387,0.1615014455858424,0.29794425048071266,0.07260155254476346,0.20363555366082928,0.2618888936161454,0.6874087761837939,0.4014887506560016,0.6140467924466861,0.3377308611113983,0.5187531295302055,0.39562225132954554
2023-04-16 15:00:00,0.3866077485126764,0.43970019360470114,0.35524471186045303,0.16049806864202884,0.6341434817969753,0.41248172038036685,0.20658330250754878,0.24397303243773746,0.4310644492315938,0.2366766793090201,0.27720163652191254,0.21715238983952131,0.3275226825417203,0.25796591866025886,0.21931340652984824,0.28324097345335353,0.5133066904579863,0.16521640035282684,0.35147275325099175,0.08089311101852004,0.2555322397905522,0.24515752456436893,0.6015413211865418,0.4013300390451787,0.5866467200588701,0.2845046407383465,0.5172516916068168,0.37517060847991746
2023-04-16 16:00:00,0.45275532385398864,0.3813034556067781,0.3813303658312824,0.14659760414797696,0.6054630614455976,0.39008526158801304,0.17506579010621418,0.29195019192140115,0.43487132837629094,0.25646657275139106,0.2804721544474107,0.1972892945164492,0.36654800696783857,0.34582192130038614,0.2730620236508473,0.4163631730858664,0.45553561515794116,0.31060426885812503,0.3759618460748564,0.2002434851322959,0.3486052435942858,0.2891586149635513,0.42464938771654986,0.3481087291406297,0.444639284075094,0.29291448776699164,0.4704115719867395,0.3057891303078312
2023-04-16 17:00:00,0.4470290999658129,0.30299914177203613,0.48469611769026205,0.17868570268190112,0.5288076497658117,0.34403256244157304,0.27617427018329216,0.25205871170819977,0.4105299098839914,0.21520063361986982,0.2617811597068241,0.25875899971400673,0.37177167722425053,0.27777263281576964,0.35429468208179365,0.46188848691754036,0.3666765596871166,0.3286307990398244,0.39555492297502015,0.1905282010306583,0.2813248635442232,0.2841050599275492,0.3063413774725121,0.24733966848922553,0.3092397751966384,0.27547274131428023,0.47827051295349443,0.22985107910432848
2023-04-16 18:00:00,0.39056069442948077,0.30058483693202775,0.5139106864000988,0.20537822504117823,0.45193523982072575,0.2998757341397466,0.293446804242206,0.15385075805199944,0.39544556774216694,0.20656079349987358,0.24061643704827773,0.245506867848342,0.40049386461599756,0.12196383988443345,0.3232584144430093,0.43765807550119085,0.4015921778350749,0.21199585425445364,0.4520911390029017,0.11392611809617485,0.12393083172533784,0.23121586445086684,0.167465897998828,0.19817876217805147,0.2912923939657206,0.29898162777680565,0.42578387806828444,0.19037167175133304
2023-04-16 19:00:00,0.3097994399911813,0.2620499622291335,0.4360534567299393,0.18842604175830882,0.3666318937766734,0.24070755004059782,0.3798612034156943,0.27274950730942704,0.31927158519495574,0.26680433328825853,0.33637812772900466,0.18808425942492052,0.28498291930475433,0.20491512422552666,0.33190896711195916,0.25147011161923083,0.4344671935247707,0.11138097767608535,0.48513412945797835,0.11339596084011576,0.1919685903101997,0.1920344759686711,0.0679366362474848,0.12011906875249952,0.09286447235866281,0.26402123011266593,0.3114712394478297,0.1406687168940896
2023-04-16 20:00:00,0.19712574554436116,0.18727170877725363,0.24847274820453563,0.17813426134951757,0.2796488226726071,0.15926644104943788,0.2191240650915377,0.22775981577187274,0.220021079183798,0.27936995673400106,0.26503466925323216,0.19449382083716818,0.2172448221813509,0.2014529260647636,0.3270746483756993,0.2601295629528864,0.3122685395052868,0.11671288380125389,0.3538296503690525,0.1410018290984813,0.2000293628233136,0.216337979413058,0.0007092818058854429,0.07970640756676022,0.004993476107757913,0.1945342727889102,0.11664958133049833,0.10834712940581491
2023-04-16 21:00:00,0.0,0.0,0.0,0.0,0.169491713314957,0.030270732660007554,0.0,0.0,0.0,0.0,0.0,0.0,0.0,0.0,0.0,0.0,0.1716109374736908,0.0,0.1725994261427397,0.0,0.0,0.0,0.0,0.0,0.0,0.010057744571257918,0.0,0.0
2023-04-16 22:00:00,0.0,0.0,0.0,0.0,0.0,0.0,0.0,0.0,0.0,0.0,0.0,0.0,0.0,0.0,0.0,0.0,0.0,0.0,0.0,0.0,0.0,0.0,0.0,0.0,0.0,0.0,0.0,0.0
2023-04-16 23:00:00,0.0,0.0,0.0,0.0,0.0,0.0,0.0,0.0,0.0,0.0,0.0,0.0,0.0,0.0,0.0,0.0,0.0,0.0,0.0,0.0,0.0,0.0,0.0,0.0,0.0,0.0,0.0,0.0
2023-04-17 00:00:00,0.0,0.0,0.0,0.0,0.0,0.0,0.0,0.0,0.0,0.0,0.0,0.0,0.0,0.0,0.0,0.0,0.0,0.0,0.0,0.0,0.0,0.0,0.0,0.0,0.0,0.0,0.0,0.0
2023-04-17 01:00:00,0.0,0.0,0.0,0.0,0.0,0.0,0.0,0.0,0.0,0.0,0.0,0.0,0.0,0.0,0.0,0.0,0.0,0.0,0.0,0.0,0.0,0.0,0.0,0.0,0.0,0.0,0.0,0.0
2023-04-17 02:00:00,0.0,0.0,0.0,0.0,0.0,0.0,0.0,0.0,0.0,0.0,0.0,0.0,0.0,0.0,0.0,0.0,0.0,0.0,0.0,0.0,0.0,0.0,0.0,0.0,0.0,0.0,0.0,0.0
2023-04-17 03:00:00,0.0,0.0,0.0,0.0,0.0,0.0,0.0,0.0,0.0,0.0,0.0,0.0,0.0,0.0,0.0,0.0,0.0,0.0,0.0,0.0,0.0,0.0,0.0,0.0,0.0,0.0,0.0,0.0
2023-04-17 04:00:00,0.0,0.0,0.0,0.0,0.0,0.0,0.0,0.0,0.0,0.0,0.0,0.0,0.0,0.0,0.0,0.0,0.0,0.0,0.0,0.0,0.0,0.0,0.0,0.0,0.0,0.0,0.0,0.0
2023-04-17 05:00:00,0.0,0.0,0.0,0.0,0.0,0.0,0.0,0.0,0.0,0.0,0.0,0.0,0.0,0.0,0.0,0.0,0.0,0.0,0.0,0.0,0.0,0.0,0.0,0.0,0.0,0.0,0.0,0.0
2023-04-17 06:00:00,0.0,0.0,0.0,0.0,0.0,0.0,0.0,0.0,0.0,0.0,0.0,0.0,0.0,0.0,0.0,0.0,0.0,0.0,0.0,0.0,0.0,0.0,0.0,0.0,0.0,0.0,0.0,0.0
2023-04-17 07:00:00,0.07417102915121503,0.2305780749849274,0.0,0.25709857615573933,0.0009186278328934362,0.0,0.0,0.0,0.0,0.0,0.0,0.3509041879800435,0.0,0.012420156042426514,0.0,0.0,0.0,0.0,0.0,0.06459751905213534,0.013972675547729827,0.16193960950037448,0.3074587900351339,0.2224167887058181,0.2060856708803188,0.0,0.0780491820525636,0.28351423148846805
2023-04-17 08:00:00,0.20189452453507917,0.4611087058088481,0.02713013453069596,0.30444920263429176,0.06674709523986438,0.23492510861354787,0.062495397490927744,0.06663893847606367,0.1386978974103046,0.06747330216929456,0.06817120813006736,0.38411564845066065,0.17747963713560366,0.06462793445663972,0.43822559055082017,0.2235443866234776,0.3179451308032257,0.24520932235319856,0.2901323419984013,0.04990181021497012,0.06337382307792709,0.26733788001117675,0.44157367003701087,0.3749487017936924,0.28820928074531427,0.24454827704830806,0.1782294230630457,0.4988956057204059
2023-04-17 09:00:00,0.24713787203898013,0.6275082176465017,0.022534016224193078,0.5150633027619057,0.14206639305956484,0.3488007495268675,0.04186182766525762,0.070454633135975,0.17117216831283977,0.058825059490986334,0.04124754172386745,0.5335966690403872,0.1957091156599752,0.11327853013156708,0.4940454018853928,0.24439838241257636,0.4687150984227819,0.2831354541448142,0.5332080034350226,0.12574141039167136,0.11973198602295489,0.3033077690071336,0.5921127588236361,0.5700525417689104,0.5178448226981073,0.3775973576059606,0.3249654235716634,0.6539181706897861
2023-04-17 10:00:00,0.26631121972566457,0.7305656297800586,0.03649777347558759,0.4886296874124399,0.20759052145097553,0.4859418331062032,0.06806863822367516,0.11378109642588309,0.19496115019424096,0.10624311825269905,0.0756238687636123,0.4930009877482663,0.2452854122925884,0.16434857115838394,0.6412149829855052,0.3287028568410159,0.4933792123275513,0.32649319415568895,0.6184308754815967,0.1845581349991813,0.17325400309908867,0.3576456303707247,0.7411431955189925,0.6700859732029433,0.7324819148309186,0.5407043779220021,0.5171225730218987,0.7259449326353777
2023-04-17 11:00:00,0.25403488872305696,0.7818827390940084,0.05219749089122669,0.4990608737385123,0.28672382853582734,0.6125523470591001,0.08397295420119057,0.143436785882221,0.21361338823465773,0.11492020453229998,0.09086455961535023,0.46461699898121833,0.26744187565343136,0.20282638659398355,0.6616457850772773,0.34130166048753185,0.5169751995262922,0.2722704742007467,0.6373395128407497,0.25519814855625766,0.2129525954481863,0.3076590297265885,0.8037908345454159,0.7275650053174564,0.7954082304409176,0.6616034400047366,0.6531670280474597,0.7358857718812803
2023-04-17 12:00:00,0.3646280786448211,0.7827996653845511,0.0921341742601332,0.5995744645935103,0.435177289912148,0.7125090666252969,0.1398582669548374,0.1900697247089113,0.33894321959636686,0.19513121038688702,0.15618398210130086,0.5572127829287842,0.39081020529835453,0.2278873791250794,0.5874021424686345,0.29880390730087447,0.5914360205504867,0.45269818140741186,0.7026066756357403,0.31381451081331085,0.23714766241191998,0.4109315576011732,0.8369779176224034,0.798774533148496,0.7981074841594993,0.729567099299826,0.7363718878726724,0.7926221490501757
2023-04-17 13:00:00,0.37344840443077076,0.7192437052704599,0.09270463885070813,0.5685857628827354,0.479657780103146,0.707014878580951,0.11477980027410774,0.18693468267344235,0.36509481067449,0.21560149572758042,0.15841682456055872,0.523586895978757,0.3844413112732831,0.22767582505019052,0.4870369376078514,0.2940849685198315,0.5824890837724989,0.4349008779396817,0.7117522269373551,0.2894976361204055,0.23821721295835763,0.4003321068519117,0.8532434394855831,0.8021690950998229,0.8524645417011492,0.7138929850213972,0.7541088256696469,0.7919223565437512
2023-04-17 14:00:00,0.37922542325733416,0.6406955423353744,0.14193868441763696,0.5145401484661122,0.502450856065591,0.6733751207653229,0.08210913821261984,0.10361120318109855,0.41420115034211746,0.13949444257683544,0.10692789896383333,0.4672850020420556,0.40538708447535043,0.11208386440645793,0.41480698940943145,0.24760659609077018,0.6160570902242776,0.3501615684231043,0.6953580055780352,0.12568108441421702,0.11669005780684533,0.33994773057920874,0.8787928296692797,0.7881905857278267,0.8851730248606006,0.6779694212304316,0.8011906076868155,0.7618197343704489
2023-04-17 15:00:00,0.3446295310921979,0.564954286413515,0.22349771038058616,0.4381877756375012,0.47317654720791025,0.6302949953834119,0.12971398007988502,0.08784226915196207,0.38887853638510106,0.0818874199122403,0.07913174482010518,0.42904366209317213,0.36217458767105787,0.09449198967643356,0.2945814841571667,0.2512214419924496,0.5918767109066234,0.2731575026620418,0.661986232493479,0.08658007826594763,0.09502173686750526,0.29352462360568027,0.8549041029553923,0.754703455205946,0.8459713896095643,0.6181980091324952,0.7741227864168201,0.7207733217738381
2023-04-17 16:00:00,0.36065573976205123,0.46364406257009777,0.3531479487766794,0.30720163446937043,0.42635333589444185,0.6010418437452016,0.2067189489732798,0.09401545772603083,0.4160502090707789,0.08988993261988068,0.07869383471800707,0.3321626937860781,0.3676070642540957,0.13182188246105436,0.28224929230975654,0.2809283867759154,0.5184936642482464,0.22557837383238674,0.6056159079154341,0.07421095492793425,0.13919954836332757,0.25539143486222443,0.8390769089158837,0.6517005342588738,0.8051463149182075,0.5452422592338111,0.7387260092757749,0.6334839753308346
2023-04-17 17:00:00,0.33044497230057124,0.3635028401398289,0.3571771343142156,0.17727239957462892,0.3574422482824124,0.5318325920440915,0.27521035208735845,0.15114539546929198,0.3708135359618117,0.100344668571932,0.12924179839992805,0.2501486055217239,0.30207650594892305,0.18470215308524388,0.2151402683047963,0.2103698163599844,0.48855452599656896,0.1640965905218931,0.5596138812570303,0.08063038059283338,0.19177254076809433,0.20709349183496384,0.8068962573016143,0.5715055206345453,0.8170980795840904,0.4321687703270806,0.6841922833860599,0.5054512252795323
2023-04-17 18:00:00,0.3151116814142116,0.27127878128487476,0.4143435870218776,0.14715478006949032,0.25909017393026984,0.48346528475410927,0.38638663436060966,0.27347944466842816,0.3583145104916796,0.1590674416881661,0.26262005962325835,0.17151815941792078,0.2924166276840835,0.26713792423008303,0.14217448109798503,0.18134239718995235,0.4193309638293519,0.10026233987472338,0.4445697473495481,0.07803244620511221,0.26293502412693776,0.1492533494603784,0.7479235723223319,0.4962558541279124,0.7777549827058826,0.3554359969928537,0.5987671889681155,0.39438778093264565
2023-04-17 19:00:00,0.18480279641710262,0.16186659805642364,0.3424385954206083,0.0658326813433949,0.1598129493364276,0.4341099088979736,0.3912302228660997,0.3953685703610816,0.2770382014445088,0.2449868156377251,0.3437412443441116,0.06327156969959262,0.24452883341613432,0.4109602273640715,0.07489530932308364,0.10969165813654312,0.3220877582263268,0.07516740561442152,0.23250416819640413,0.24166255956426985,0.40564939803061345,0.12711977667905336,0.6065800172131267,0.3699003512527617,0.6758646336212625,0.2434241529080674,0.4879925095937554,0.2413622689234469
2023-04-17 20:00:00,0.12101880496030293,0.05012860761979783,0.18020898355855972,0.04859187637598245,0.08237325421019767,0.3310033395724672,0.2169788009566566,0.2558640086858535,0.21028574733749616,0.22797595925713515,0.25366682937903584,0.02535125590464106,0.2070997176048392,0.2729525746579614,0.030622341270614837,0.08919339464841296,0.19731232993678874,0.03998816135921086,0.0877638682143918,0.20151753450780344,0.26995487092449433,0.11735464339063069,0.18226663766971118,0.17363604539296276,0.4901961366956112,0.16857823903623284,0.353389546308917,0.10777850362036889
2023-04-17 21:00:00,0.0,0.0,0.0,0.0,0.019694444387252485,0.18192118824126247,0.0,0.0,0.0,0.0,0.0,0.0,0.0,0.0,0.0,0.0,0.07937923587414787,0.0,0.01399544284410795,0.0,0.0,0.0,0.0,0.0,0.0,0.07807568719639395,0.0,0.0
2023-04-17 22:00:00,0.0,0.0,0.0,0.0,0.0,0.0,0.0,0.0,0.0,0.0,0.0,0.0,0.0,0.0,0.0,0.0,0.0,0.0,0.0,0.0,0.0,0.0,0.0,0.0,0.0,0.0,0.0,0.0
2023-04-17 23:00:00,0.0,0.0,0.0,0.0,0.0,0.0,0.0,0.0,0.0,0.0,0.0,0.0,0.0,0.0,0.0,0.0,0.0,0.0,0.0,0.0,0.0,0.0,0.0,0.0,0.0,0.0,0.0,0.0
2023-04-18 00:00:00,0.0,0.0,0.0,0.0,0.0,0.0,0.0,0.0,0.0,0.0,0.0,0.0,0.0,0.0,0.0,0.0,0.0,0.0,0.0,0.0,0.0,0.0,0.0,0.0,0.0,0.0,0.0,0.0
2023-04-18 01:00:00,0.0,0.0,0.0,0.0,0.0,0.0,0.0,0.0,0.0,0.0,0.0,0.0,0.0,0.0,0.0,0.0,0.0,0.0,0.0,0.0,0.0,0.0,0.0,0.0,0.0,0.0,0.0,0.0
2023-04-18 02:00:00,0.0,0.0,0.0,0.0,0.0,0.0,0.0,0.0,0.0,0.0,0.0,0.0,0.0,0.0,0.0,0.0,0.0,0.0,0.0,0.0,0.0,0.0,0.0,0.0,0.0,0.0,0.0,0.0
2023-04-18 03:00:00,0.0,0.0,0.0,0.0,0.0,0.0,0.0,0.0,0.0,0.0,0.0,0.0,0.0,0.0,0.0,0.0,0.0,0.0,0.0,0.0,0.0,0.0,0.0,0.0,0.0,0.0,0.0,0.0
2023-04-18 04:00:00,0.0,0.0,0.0,0.0,0.0,0.0,0.0,0.0,0.0,0.0,0.0,0.0,0.0,0.0,0.0,0.0,0.0,0.0,0.0,0.0,0.0,0.0,0.0,0.0,0.0,0.0,0.0,0.0
2023-04-18 05:00:00,0.0,0.0,0.0,0.0,0.0,0.0,0.0,0.0,0.0,0.0,0.0,0.0,0.0,0.0,0.0,0.0,0.0,0.0,0.0,0.0,0.0,0.0,0.0,0.0,0.0,0.0,0.0,0.0
2023-04-18 06:00:00,0.0,0.0,0.0,0.0,0.0,0.0,0.0,0.0,0.0,0.0,0.0,0.0,0.0,0.0,0.0,0.0,0.0,0.0,0.0,0.0,0.0,0.0,0.0,0.0,0.0,0.0,0.0,0.0
2023-04-18 07:00:00,0.056662448275916044,0.16231794558900167,0.0,0.20147420975240193,0.01210464204214811,0.0,0.0,0.014648847172370782,0.0,0.0,0.0005314829147206224,0.16195076185852755,0.0,0.024439846880766655,0.0,0.0,0.0,0.06635050221387362,0.0,0.01489700070040696,0.027494827740862485,0.0967824266069524,0.10163070175928915,0.07480719477876688,0.09352291960267811,0.0,0.18278866997823082,0.07833270454971798
2023-04-18 08:00:00,0.18619026676069775,0.2420182001957077,0.11537816325870705,0.3358215129631755,0.0931516663482706,0.3893573719021617,0.09431404944977285,0.10531593553046752,0.20335553310922472,0.07587410164983194,0.08740386201643459,0.26980321447628125,0.23127688761498333,0.11626825022514817,0.12511025787039176,0.29088339044934175,0.3040387737112734,0.15268586500189094,0.32423345551519,0.09979050094778345,0.11681154986274317,0.1855746590997364,0.14277765128135497,0.18124667600972166,0.13680417388219943,0.29775670557618944,0.26614761423521704,0.19476978288258115
2023-04-18 09:00:00,0.35817502831850917,0.39148279684423004,0.14715039628296825,0.31982550926815473,0.21560013368073797,0.5797540824939477,0.11222131690142638,0.17043543565538277,0.36492644563871407,0.08976559489163415,0.10613741212204836,0.4012220573326098,0.4069477365343986,0.24642608246834088,0.23831744799153495,0.46041304821461565,0.41161653627322636,0.267132315666972,0.4474143691466647,0.16571178114532784,0.25145981314058713,0.3244158169225513,0.20675549000286483,0.32527647729021925,0.29489450088303876,0.46020115882011375,0.3804688140354436,0.35653329341987205
2023-04-18 10:00:00,0.4466453539591527,0.4646524953901079,0.37684170327832883,0.3274344469030438,0.3377642939414699,0.7243497386536235,0.2736310595208591,0.29095636627970783,0.49103380227467236,0.27232850803168784,0.2779152876807108,0.44115588446097465,0.5121305359450773,0.3374776227895971,0.3845798882742546,0.5598436655749435,0.5240358402212665,0.29163462568053117,0.5446827715399969,0.2190036218345737,0.34282311949528216,0.40655628966042756,0.2958826502290803,0.4537527971245274,0.44547901091320896,0.550497344214901,0.5375308346387531,0.5111210530551491
2023-04-18 11:00:00,0.4999373458888412,0.5963114902136015,0.441387928689674,0.4097684395558456,0.4582900436601184,0.791662660027167,0.3799605208145456,0.3952927234009726,0.5451207262593367,0.3252146242357329,0.35847584803559973,0.46099916587113265,0.5206647739880063,0.45451231662776465,0.5136630330214791,0.5586375188641536,0.6362408198707055,0.33105869855397585,0.6097101868832923,0.2968708450138059,0.4571344551708425,0.41649393711423643,0.29225711574257635,0.5892768995023558,0.4857189905801217,0.6478485533153496,0.615293089834829,0.6490237939335781
2023-04-18 12:00:00,0.4886615544408956,0.613588851506681,0.5673571385060966,0.48266296280299986,0.5782741348034107,0.7731362292475743,0.495066953161376,0.5443750456884562,0.5054555247313278,0.47152221978721487,0.5076851537237812,0.5242017867826532,0.550535396224429,0.6030800652281763,0.5427834583384654,0.6025970625665124,0.7174307952648162,0.29445403202631076,0.7113746317314437,0.4455680543119065,0.6076203411857385,0.4808861433279589,0.4338725705102623,0.5973752639196639,0.6772841002935513,0.7003103839714439,0.7359101724423588,0.6482673569078865
2023-04-18 13:00:00,0.5317658663336169,0.6362951098900766,0.6349199166750625,0.5492587127385437,0.672750995573481,0.8075831998425023,0.5222720671777248,0.5947655543145751,0.5505937246813758,0.5869195622876736,0.5959221173395561,0.571397566809072,0.572827133487976,0.6302129140010408,0.5863999857337922,0.6312337598013725,0.7407766615620962,0.38030859486008567,0.6884170160564331,0.530166543756551,0.6348555131864922,0.5521665713256736,0.3104015800970422,0.5953117128284208,0.5362080592450332,0.7070020033270185,0.6557933227086156,0.6625675857128462
2023-04-18 14:00:00,0.6003185311112155,0.5707108966838021,0.6098049589585499,0.5254678931591893,0.7107094134085826,0.8001627950610407,0.5055859458484883,0.6192180786419716,0.6002344709355057,0.6655570473116266,0.6358237022094464,0.5102538439159325,0.5635442077782011,0.5994673911956777,0.5966997912808869,0.5965029992946189,0.7262876641867989,0.4968781423008923,0.6546273018257746,0.6053035140609978,0.5955334814781166,0.5906366092334024,0.3077655078420802,0.5485042550144835,0.4374148092455652,0.6978167609109757,0.559401557963025,0.6204475232927109
2023-04-18 15:00:00,0.6519270263617876,0.5575612841659211,0.5749624360639483,0.5796264963803558,0.7217458947744891,0.7937948890954362,0.41766316093779937,0.5072500734589116,0.6527084473026711,0.6031273346507707,0.5548987846549734,0.5894914135912477,0.6484343604213622,0.5094600374565328,0.551804535851222,0.6410086251010797,0.693203505822774,0.6118023274444925,0.6225223292102182,0.5412300587319159,0.5129045815866726,0.6313010291652393,0.3224259537259372,0.5553952121180934,0.400355612766093,0.6952044235222345,0.5120746552524504,0.6162830453984136
2023-04-18 16:00:00,0.622219755174845,0.5343645289293751,0.5161093535088135,0.5098568299233717,0.7215529847447077,0.7364710553550634,0.4319719210268804,0.45577604015355044,0.6579072704331853,0.5094691174282271,0.48879716419440794,0.5965310873292178,0.6705244088450645,0.4475295237715831,0.5030281552287784,0.6036298241452716,0.6107393271022188,0.6288573885128553,0.48526894640277973,0.46323011400953323,0.4484819403838989,0.613141044839205,0.30517552216657134,0.5001243847988867,0.34473508570401007,0.6243537925714859,0.3928826538011774,0.5619917902620527
2023-04-18 17:00:00,0.5640527530432702,0.4081403683073669,0.4205374160396184,0.44412867770616343,0.688559943992535,0.6532011299454338,0.29371398699410045,0.27341693710914833,0.5780140795876272,0.26768834548883513,0.28921831115345586,0.5193295968710766,0.5856975087283437,0.2853012677967647,0.3938317175358788,0.5004441728554117,0.5055177555565283,0.5190562608281957,0.395385723061656,0.23889067228278116,0.2830042239510249,0.45921773199961163,0.2099764060531329,0.44216799724515327,0.2678851778924047,0.5323691630409908,0.3192075929223172,0.5024958962836873
2023-04-18 18:00:00,0.45613583820009634,0.3252724998958027,0.3294699815057692,0.33473661259018844,0.5975601159494024,0.556641465898215,0.303830291977757,0.2763648661013454,0.504414340713144,0.19432253709505537,0.23812778630907105,0.4553330872294727,0.5177436646770929,0.3319324892916928,0.37372264735439714,0.47278766234396796,0.4167650933004805,0.4245304441716484,0.3002644514598584,0.2501266665064484,0.3322192653790438,0.38567894971957184,0.1302851379904559,0.3339297554257314,0.21461474811142514,0.4419250832398798,0.207901436239199,0.3884198281449769
2023-04-18 19:00:00,0.3231437251864826,0.2337059524328558,0.23004719693531747,0.18232673914194575,0.5578263451301851,0.4438197139383209,0.22368611591838003,0.196055184259649,0.38266278087470285,0.14447735337317524,0.19204615404656197,0.28286476183075726,0.4072137027780604,0.21634386803525882,0.29345026888464815,0.4037184892028008,0.32935327111632623,0.2737061158484029,0.24648527717752897,0.0845265987635824,0.2136628050211144,0.2624683242979995,0.04578211846225884,0.21964477541227384,0.11788331986644295,0.31534536793936924,0.12055443887302485,0.25246134570123124
2023-04-18 20:00:00,0.17967668370556084,0.1580376589620406,0.15145148758539517,0.08940433862540642,0.43248467083876824,0.2967305735417591,0.17025146941359648,0.1841181776557764,0.2516174433261005,0.10317373870304371,0.1561958512198405,0.14170605266219705,0.22818795800346608,0.20098317815706623,0.18061452446331647,0.2276547281714598,0.22155968880904703,0.11374173435711488,0.1658435624191533,0.09662756373364281,0.1952602374312207,0.12988469652480608,0.01261711879650396,0.12638625416844904,0.04605323116739788,0.21422764553158852,0.05536706981172482,0.1931119689162732
2023-04-18 21:00:00,0.0,0.0,0.0,0.0,0.25571658106796075,0.12358253627966656,0.0,0.0,0.0,0.0,0.0,0.0,0.0,0.0,0.0,0.0,0.15275771253919596,0.0,0.1663245538797116,0.0,0.0,0.0,0.0,0.0,0.0,0.08385912354087525,0.0,0.0
2023-04-18 22:00:00,0.0,0.0,0.0,0.0,0.0,0.0,0.0,0.0,0.0,0.0,0.0,0.0,0.0,0.0,0.0,0.0,0.0,0.0,0.0,0.0,0.0,0.0,0.0,0.0,0.0,0.0,0.0,0.0
2023-04-18 23:00:00,0.0,0.0,0.0,0.0,0.0,0.0,0.0,0.0,0.0,0.0,0.0,0.0,0.0,0.0,0.0,0.0,0.0,0.0,0.0,0.0,0.0,0.0,0.0,0.0,0.0,0.0,0.0,0.0
2023-04-19 00:00:00,0.0,0.0,0.0,0.0,0.0,0.0,0.0,0.0,0.0,0.0,0.0,0.0,0.0,0.0,0.0,0.0,0.0,0.0,0.0,0.0,0.0,0.0,0.0,0.0,0.0,0.0,0.0,0.0
2023-04-19 01:00:00,0.0,0.0,0.0,0.0,0.0,0.0,0.0,0.0,0.0,0.0,0.0,0.0,0.0,0.0,0.0,0.0,0.0,0.0,0.0,0.0,0.0,0.0,0.0,0.0,0.0,0.0,0.0,0.0
2023-04-19 02:00:00,0.0,0.0,0.0,0.0,0.0,0.0,0.0,0.0,0.0,0.0,0.0,0.0,0.0,0.0,0.0,0.0,0.0,0.0,0.0,0.0,0.0,0.0,0.0,0.0,0.0,0.0,0.0,0.0
2023-04-19 03:00:00,0.0,0.0,0.0,0.0,0.0,0.0,0.0,0.0,0.0,0.0,0.0,0.0,0.0,0.0,0.0,0.0,0.0,0.0,0.0,0.0,0.0,0.0,0.0,0.0,0.0,0.0,0.0,0.0
2023-04-19 04:00:00,0.0,0.0,0.0,0.0,0.0,0.0,0.0,0.0,0.0,0.0,0.0,0.0,0.0,0.0,0.0,0.0,0.0,0.0,0.0,0.0,0.0,0.0,0.0,0.0,0.0,0.0,0.0,0.0
2023-04-19 05:00:00,0.0,0.0,0.0,0.0,0.0,0.0,0.0,0.0,0.0,0.0,0.0,0.0,0.0,0.0,0.0,0.0,0.0,0.0,0.0,0.0,0.0,0.0,0.0,0.0,0.0,0.0,0.0,0.0
2023-04-19 06:00:00,0.0,0.0,0.0,0.0,0.0,0.0,0.0,0.0,0.0,0.0,0.0,0.0,0.0,0.0,0.0,0.0,0.0,0.0,0.0,0.0,0.0,0.0,0.0,0.0,0.0,0.0,0.0,0.0
2023-04-19 07:00:00,0.07429891991368175,0.30446027136872506,0.0,0.2119341012260886,0.004948925636064959,0.00036283561360358715,0.0014044987389558057,0.012484363721675855,0.0,0.0,0.0,0.19863517201799047,0.008337792622269313,0.03505237898540386,0.0,0.0,0.0,0.04440527143244144,0.0,0.010074345020141724,0.038132759128408765,0.07863218977037005,0.043316236252732156,0.23546088863050124,0.03894396465103483,0.0005718845660618635,0.1755200048106835,0.2989807185390814
2023-04-19 08:00:00,0.1560398833727675,0.4452034440597338,0.07229589123072863,0.29682044105381816,0.14051380885263712,0.21875151830103437,0.062421531817910825,0.035464304520797546,0.16253177981543598,0.012419756684465265,0.014554367469517292,0.3049550336414334,0.1460931527669829,0.07001564908206823,0.12570987526652894,0.14345968314461402,0.31570358438534035,0.15365218987026164,0.1896065204922235,0.015664676987609354,0.07404739726686406,0.1608422052243002,0.11770825966573892,0.41058850271393865,0.14697897302639903,0.15325382951604072,0.30254003370169025,0.4805617393592087
2023-04-19 09:00:00,0.35556098265394487,0.6172084536699086,0.20497210492360607,0.4451066803408634,0.265285405970052,0.34779058124115486,0.17387153825100285,0.1471297955404283,0.3636028571591698,0.09422275891802952,0.0965285482532568,0.46646838491603276,0.3136304134626773,0.20760679337387333,0.24043355033360325,0.2640198646122728,0.41938204330597495,0.3544774324984454,0.2909254287359484,0.10493595129968136,0.21273449484739013,0.3061485542652142,0.21304344119747254,0.5883250661953654,0.31383719659264914,0.2586275687570475,0.4269788382302587,0.6412602845015516
2023-04-19 10:00:00,0.4619942068624602,0.7299164901171534,0.30682574226315384,0.5604144033256689,0.4112761479734679,0.42765656506700556,0.3111179774788286,0.24684168153190822,0.46903085203821193,0.12627182011514315,0.18464760444239925,0.6268005355729802,0.4057392507300839,0.31009277548114134,0.39066235772652835,0.35294827562152387,0.4777076687208515,0.40495005992248534,0.38182697680807837,0.15196862006357728,0.31180357053896424,0.40659140980290814,0.32601315290778443,0.6863947627014912,0.39958040276949197,0.3549047497130992,0.5403827082455935,0.722329622073328
2023-04-19 11:00:00,0.5157303352836515,0.7830838508967525,0.4112986673526316,0.5689513647637239,0.5098329818054083,0.5605217055720061,0.4451207623407203,0.35148253984482114,0.577088084284945,0.22322944147083157,0.3004453940262395,0.688407930124095,0.5508932572592327,0.3652874505811026,0.4866965329534318,0.5756691813361359,0.597070289185855,0.38031799390671145,0.5023871716418908,0.15269877138527863,0.3592434618238002,0.4472877760395795,0.4573100941385357,0.6975441123053348,0.45955889197463456,0.47453933585631386,0.5424580711349144,0.7295950312294915
2023-04-19 12:00:00,0.5499944265919641,0.8131434539899249,0.47190974127716484,0.5678866426827643,0.5539592768634658,0.6620063212935645,0.5632005552161045,0.5433320047430065,0.5511691586842953,0.399221742734995,0.4955183913014792,0.6206896526971881,0.5180341804201075,0.54256591914562,0.47372577460368553,0.4983164222709486,0.6260642567532383,0.4344292303262746,0.6144546803407653,0.32120951608162507,0.5309033231280396,0.5020292797760234,0.5595308439176909,0.7179166930741422,0.5656531811241323,0.6221177004501162,0.61080642404463,0.7535714444391554
2023-04-19 13:00:00,0.5871079763032567,0.7837033170647154,0.4930079248652941,0.6446431756733383,0.5753664961305903,0.6934662594060141,0.5027845463357908,0.492746508458845,0.5804898946431221,0.41132390395799123,0.4773916948641715,0.680372090844596,0.5489423655023681,0.526239163767414,0.42570062889317883,0.49452564876568705,0.6066098985128241,0.4574058227499596,0.6472241571513241,0.31656197894060084,0.5262695265514832,0.5262322419439586,0.5733703455461704,0.7145690682452651,0.5880036312242857,0.626530230158418,0.6004205318361525,0.7600361490836421
2023-04-19 14:00:00,0.6204874227085839,0.7162619156348934,0.6227817908862245,0.6488257086148005,0.618358286768148,0.7025758247498632,0.6245510632817496,0.6238648007981901,0.6298227960336755,0.5706077320382228,0.6038326759575461,0.6759025825213877,0.5922506392778347,0.617173380254856,0.4370510838854897,0.5626431050951307,0.5980188236205763,0.46513004243861666,0.6284296162641434,0.48020841961970545,0.6119336382417007,0.5640802621712317,0.5699335597549621,0.6809613803159541,0.5969795413076803,0.6244804990369247,0.5345113735595474,0.7359721388159415
2023-04-19 15:00:00,0.5766494175110642,0.7008085783680864,0.5851498543416813,0.679913421160411,0.5915756312985335,0.7138484985081769,0.5853267066182832,0.617488714963142,0.6126547595596344,0.5610951179022553,0.5652112599370929,0.6562790643791475,0.5983520286184421,0.6587590108576941,0.5264832677682926,0.6174396477635383,0.6381744689316334,0.4376705018763014,0.6314190654697651,0.5979627959903017,0.6639720576084309,0.5262799825564074,0.509358349002912,0.646678433275426,0.5642971604866001,0.6434097789886006,0.5069968680910731,0.7050457648474047
2023-04-19 16:00:00,0.5918701116785916,0.6155789597701639,0.6496039049361046,0.6333221687239828,0.5997664563231548,0.688478767743931,0.5720961415791116,0.5982160875717507,0.5742048249935462,0.6337850314549877,0.6158079179366489,0.6440597169732467,0.5973433308658435,0.6076079042277492,0.5434273019379819,0.5705681935510604,0.6342020446789011,0.4716376000051396,0.6100579305937772,0.5526906092116299,0.6143956312607564,0.6071865798616293,0.43416485208197136,0.5926355471446132,0.4803918453202082,0.5641883918982484,0.416709910900394,0.6130211538278003
2023-04-19 17:00:00,0.5417925502722296,0.5287649881354579,0.552371649448295,0.5076753899897887,0.5448526577215099,0.5812898844457889,0.5426163807951866,0.5779907822945115,0.5753924088182678,0.5665335913584391,0.5522173275893385,0.5887163737731971,0.5519038596485901,0.5936944889114126,0.36663956118478475,0.5073876026886384,0.5117286868148155,0.4632493987965453,0.4820129337996606,0.5953432133874192,0.5969025033347166,0.5651033519681906,0.35015683725864594,0.5070719315639629,0.4978643106428235,0.49683129005682525,0.38307934637641733,0.5094578024419347
2023-04-19 18:00:00,0.5212094537273966,0.38715707057559956,0.5017254248412976,0.3980331237524324,0.4838772530592232,0.48696332368104506,0.5118845902570679,0.5371374393403106,0.5439791062833264,0.49696990813590075,0.5049243492715264,0.5256745326316727,0.5199975725527889,0.5545581655852564,0.3089896221869654,0.45365811169430603,0.4287617164200215,0.48935861660422525,0.39818210270095716,0.5446656226838422,0.5554186399530258,0.5349758993768046,0.23690147834025868,0.3659530774159581,0.38121476326318393,0.4231732792202025,0.3379609173211722,0.3935874825006905
2023-04-19 19:00:00,0.4921916784690583,0.3215280669012432,0.47155526716309115,0.32025225892377684,0.42933736092560937,0.3967090849514452,0.48434324194654327,0.516322884239968,0.48715127675329234,0.49727812880513456,0.49510881368728527,0.4286970677410085,0.4483420285780781,0.509603311616059,0.21710949910398145,0.3434339358281382,0.3495448239660406,0.47253317666733513,0.39155452913480465,0.5335153898789278,0.5063740476130012,0.4957008840090769,0.11517417143231007,0.2733643395645671,0.23904467677547211,0.30761644482625683,0.23270070280021335,0.24681578395196876
2023-04-19 20:00:00,0.3923629075926297,0.24723496470086073,0.3301346294235995,0.22985652783451946,0.2778181198428323,0.2806919785087131,0.25752326947571896,0.3117184465894191,0.3687864126464611,0.3222100806011389,0.2976202544748827,0.37409376264154903,0.3503886561506753,0.32986003699729477,0.1958652169815264,0.2951007743318116,0.2699588182735487,0.38350680690812805,0.27581068190019925,0.3775107157219764,0.3317409643810648,0.3778660170680917,0.033320087782055814,0.15268058392492656,0.13184234152338226,0.2168182326747207,0.21753796040584894,0.12557337429711224
2023-04-19 21:00:00,0.0,0.0,0.0,0.0,0.11926051759086446,0.10912818202500742,0.0,0.0,0.0,0.0,0.0,0.0,0.0,0.0,0.0,0.0,0.17332099512426904,0.0,0.16367279337029042,0.0,0.0,0.0,0.0,0.0,0.0,0.08427579443247034,0.0,0.0
2023-04-19 22:00:00,0.0,0.0,0.0,0.0,0.0,0.0,0.0,0.0,0.0,0.0,0.0,0.0,0.0,0.0,0.0,0.0,0.0,0.0,0.0,0.0,0.0,0.0,0.0,0.0,0.0,0.0,0.0,0.0
2023-04-19 23:00:00,0.0,0.0,0.0,0.0,0.0,0.0,0.0,0.0,0.0,0.0,0.0,0.0,0.0,0.0,0.0,0.0,0.0,0.0,0.0,0.0,0.0,0.0,0.0,0.0,0.0,0.0,0.0,0.0
2023-04-20 00:00:00,0.0,0.0,0.0,0.0,0.0,0.0,0.0,0.0,0.0,0.0,0.0,0.0,0.0,0.0,0.0,0.0,0.0,0.0,0.0,0.0,0.0,0.0,0.0,0.0,0.0,0.0,0.0,0.0
2023-04-20 01:00:00,0.0,0.0,0.0,0.0,0.0,0.0,0.0,0.0,0.0,0.0,0.0,0.0,0.0,0.0,0.0,0.0,0.0,0.0,0.0,0.0,0.0,0.0,0.0,0.0,0.0,0.0,0.0,0.0
2023-04-20 02:00:00,0.0,0.0,0.0,0.0,0.0,0.0,0.0,0.0,0.0,0.0,0.0,0.0,0.0,0.0,0.0,0.0,0.0,0.0,0.0,0.0,0.0,0.0,0.0,0.0,0.0,0.0,0.0,0.0
2023-04-20 03:00:00,0.0,0.0,0.0,0.0,0.0,0.0,0.0,0.0,0.0,0.0,0.0,0.0,0.0,0.0,0.0,0.0,0.0,0.0,0.0,0.0,0.0,0.0,0.0,0.0,0.0,0.0,0.0,0.0
2023-04-20 04:00:00,0.0,0.0,0.0,0.0,0.0,0.0,0.0,0.0,0.0,0.0,0.0,0.0,0.0,0.0,0.0,0.0,0.0,0.0,0.0,0.0,0.0,0.0,0.0,0.0,0.0,0.0,0.0,0.0
2023-04-20 05:00:00,0.0,0.0,0.0,0.0,0.0,0.0,0.0,0.0,0.0,0.0,0.0,0.0,0.0,0.0,0.0,0.0,0.0,0.0,0.0,0.0,0.0,0.0,0.0,0.0,0.0,0.0,0.0,0.0
2023-04-20 06:00:00,0.0,0.0,0.0,0.0,0.0,0.0,0.0,0.0,0.0,0.0,0.0,0.0,0.0,0.0,0.0,0.0,0.0,0.0,0.0,0.0,0.0,0.0,0.0,0.0,0.0,0.0,0.0,0.0
2023-04-20 07:00:00,0.011919287305406413,0.2740468785593969,8.44664302282957e-05,0.1459383693046569,0.083499938557028,0.0033563322128911804,0.0009753994742498622,0.00037451785820943363,0.00035194399512055596,0.0018763055213417332,0.000985309309789551,0.0914038399438975,0.0004995574891957443,0.006209306367025611,0.00038843539315689605,9.467971861122712e-05,0.0,0.010364660214979081,0.0,0.014097970597673723,0.006862262463569554,0.021005742423606682,0.34927257438959936,0.4151320436391317,0.4197370122324324,0.015146152693976003,0.3262692042978399,0.4140032838270061
2023-04-20 08:00:00,0.03814025753210476,0.3974245248084463,0.009571115305762918,0.21286778268870676,0.30814090858479953,0.19224929143585767,0.017148506139438514,0.02121852278420418,0.032913966171070785,0.018676703178238697,0.018815410105272677,0.11350254690968978,0.033604131593648286,0.025141399884271942,0.026132469297110782,0.02122816866291573,0.07924535506607917,0.041178436198074105,0.03305249635178386,0.03751354522281907,0.02561497844158663,0.04574820803002338,0.5198007521112544,0.6319564157307098,0.6291126826844384,0.13677617082943114,0.5314161639793786,0.6320545255227215
2023-04-20 09:00:00,0.1080664668943893,0.4749611397404299,0.03814551082816171,0.2955834319018997,0.4727811324971665,0.28583948144618915,0.06377912557419009,0.08105588916168716,0.10312486211448922,0.09646883520481872,0.08581895422872551,0.19817854224288553,0.10704501844274128,0.07436455726461805,0.08618958878493684,0.07230706020271532,0.10752065193313445,0.14633892371007748,0.08521288047918926,0.09708982382713699,0.0744897924112164,0.1479754437609813,0.7319573935981709,0.7539039207089507,0.8391280929391557,0.22688723330039737,0.7031046018423955,0.74601067308882
2023-04-20 10:00:00,0.18266594587561644,0.4960059497017272,0.06220324939580289,0.3146178940866876,0.5674110867179826,0.4007306678712606,0.11392157012366803,0.1728461966674619,0.16509183896201984,0.19122734262200172,0.1690388265201817,0.2667608277666184,0.1738244999458585,0.1693352839312855,0.1018027305689188,0.09884863033413958,0.14880259179236016,0.23268385859078364,0.14628742654811952,0.19538967303138832,0.16988550111920567,0.2444988509821128,0.7491382901132653,0.7883457820100567,0.8988172693093969,0.3187384160757406,0.8094330907445314,0.7824357379896885
2023-04-20 11:00:00,0.24300008998126224,0.5014961557635293,0.04573157239280031,0.4073794290737869,0.6687175579576424,0.48941665084313246,0.10772602747636258,0.22836232400363843,0.20765514788026113,0.20362474226992763,0.15020250599175147,0.42197590642549276,0.24380434432005976,0.29840343344093195,0.13989684061478835,0.15684568427936768,0.2177046578720044,0.33151347219831573,0.23322123219624039,0.38728610875282277,0.30974061250598184,0.3497622642440441,0.7335126212405073,0.7823758674504356,0.9074425898492275,0.4159520500319313,0.8261506062443306,0.7630393922466353
2023-04-20 12:00:00,0.26612115695772764,0.4925222192360406,0.032356531828491596,0.4499451824641549,0.7200519539235408,0.5640733348339896,0.07017456963543035,0.13504096118888886,0.2148548925955493,0.09757548474474502,0.07710895415615655,0.46152623262373843,0.2798988247728321,0.2058259052873017,0.14796040920163356,0.30875600052620483,0.2697360069677313,0.2995349080239317,0.3055871926478007,0.21546067328898266,0.21550864316440968,0.32314047717818206,0.6472534022860809,0.7473959319480054,0.8655070158691355,0.4236419007301855,0.7991704915566554,0.7426788448537472
2023-04-20 13:00:00,0.31571495427330176,0.45541050156272134,0.030522593450319366,0.4508826595589962,0.7367329299070259,0.6460787301687092,0.05720929923804807,0.08988624574072489,0.24881399208840874,0.0654610134045147,0.05519486074843086,0.5371191751969902,0.2891600510942902,0.13628933185259784,0.19922615406755204,0.2827252615506323,0.368407121347796,0.3322448007745735,0.3965539585629787,0.15112476304417227,0.14213437268751652,0.35255345221933926,0.7258825190960202,0.6552037500252537,0.8468655299113697,0.5062167760749919,0.7813141288522757,0.5937312951382202
2023-04-20 14:00:00,0.30077187922010357,0.3731482426978784,0.06787432819847086,0.3696267879320393,0.7609499286980406,0.6515088156609743,0.04873440875062626,0.06215843956072523,0.28752855542657935,0.05823949673029088,0.04970415060363663,0.4278806130825246,0.25059888155923493,0.08214445498569853,0.1906940039443148,0.21502999985663976,0.393667409089385,0.24121671035810935,0.4310311428734612,0.07321905626558038,0.08574107518236498,0.28062399518749237,0.676601125320577,0.5274305076686105,0.7726100868145743,0.4815125644810048,0.7282548109758641,0.4655392002901185
2023-04-20 15:00:00,0.3142314162589306,0.34590857498619937,0.08685849529314006,0.29831084215497,0.7898907231779794,0.6554333517592585,0.038788849510138654,0.05365155339570177,0.27014490464517976,0.032964074565355814,0.037470627290274984,0.3770270895811503,0.24501692524064125,0.07335710892089747,0.2222976189951465,0.2289515321808579,0.40156714137640515,0.16914512656435607,0.4411115864479171,0.05989929044959502,0.0751349862273301,0.224766866402726,0.6415001862761613,0.46706109090991216,0.7667003801608981,0.5034417735663139,0.746263916244969,0.4015230541849514
2023-04-20 16:00:00,0.24372157768624098,0.3041369757416998,0.19721837302306464,0.23587134300282384,0.7868447171100399,0.6783986274498496,0.08973574101704897,0.11520342490350609,0.2786325407044414,0.06984427444720354,0.08545868588320704,0.28686142727332165,0.26297107488479154,0.13508754390207145,0.30354650646186415,0.2957850331056662,0.4163198958198519,0.1401472639943444,0.44791200627952377,0.06958129627936471,0.13457434347268046,0.18684887001057862,0.5605828424698235,0.34328711424442193,0.7108018829080343,0.5142108053462516,0.6563784906652461,0.3036940424525561
2023-04-20 17:00:00,0.18916285592231327,0.21570738966800318,0.2056205111264573,0.10757412623907787,0.7612482879182435,0.6219108098947493,0.03506185472628393,0.04302412525956939,0.1594618732648803,0.059460885077697194,0.03969442605291992,0.15534605083770645,0.1698804120690554,0.04188962860749753,0.2710097901244174,0.24865545350267523,0.4873572724155094,0.07944822383157447,0.5076313262783486,0.04300233210889741,0.042382589457939344,0.1224486126303241,0.4763638416522772,0.2876029774167659,0.603161690706547,0.46875644968457786,0.5398444806502237,0.23600906906490268
2023-04-20 18:00:00,0.13264608968945812,0.14298031703370093,0.15476278184898684,0.08142590956624732,0.7054779603386598,0.6026572362238538,0.106054310030678,0.10338192689437276,0.1828209013796222,0.03603952496611919,0.03721795436192864,0.09897448859945893,0.14801341100558754,0.17526956368412228,0.23762890829803784,0.21544690977723288,0.40189439072198146,0.0574413704208491,0.42697765078141353,0.18663738852063902,0.18381219156079215,0.07015392269261966,0.42082843528699637,0.1714916792555892,0.44866237280277627,0.44593488800207354,0.3015028283659242,0.15395013554407322
2023-04-20 19:00:00,0.1149655349929601,0.10460030767166902,0.19816106694199667,0.02576432786073353,0.6212894520086751,0.5299029688868588,0.14830407470755325,0.055622665199570126,0.16187322850791705,0.03678860029270662,0.06193120795402528,0.045524158862702065,0.10636971637649939,0.04607236514839204,0.31974794788030847,0.18632890560239604,0.35658021022907566,0.021062647682472013,0.4425432483834445,0.04774508696194127,0.048597129176958694,0.037512606723832075,0.2856218743536103,0.0691423021470997,0.2749941536479372,0.39802665140337545,0.15560740680077836,0.05592768600922108
2023-04-20 20:00:00,0.07532364171067293,0.047296849056755505,0.07210537118672121,0.006408291129623906,0.5424431117356923,0.37358178886265436,0.051753060889884454,0.01331297000056693,0.1091424700945377,0.009522097727504916,0.017735851213491385,0.01039301861894131,0.05263606185627286,0.01055814912680332,0.3072889567166014,0.21023330768248039,0.284795807295593,0.0034038833649060736,0.3897249677966261,0.0038239787359472576,0.011416156309289554,0.00816941071509749,0.11778138217283682,0.013190604436448372,0.1185757342838285,0.32248953801791436,0.05275042712064114,0.009539599610686587
2023-04-20 21:00:00,0.0,0.0,0.0,0.0,0.3452833657361757,0.16045638252516553,0.0,0.0,0.0,0.0,0.0,0.0,0.0,0.0,0.0,0.0,0.19468267395003333,0.0,0.2679637533085037,0.0,0.0,0.0,0.0,0.0,0.0,0.15704544344576174,0.0,0.0
2023-04-20 22:00:00,0.0,0.0,0.0,0.0,0.0033265291080021805,0.0,0.0,0.0,0.0,0.0,0.0,0.0,0.0,0.0,0.0,0.0,0.0,0.0,0.0,0.0,0.0,0.0,0.0,0.0,0.0,0.0,0.0,0.0
2023-04-20 23:00:00,0.0,0.0,0.0,0.0,0.0,0.0,0.0,0.0,0.0,0.0,0.0,0.0,0.0,0.0,0.0,0.0,0.0,0.0,0.0,0.0,0.0,0.0,0.0,0.0,0.0,0.0,0.0,0.0
2023-04-21 00:00:00,0.0,0.0,0.0,0.0,0.0,0.0,0.0,0.0,0.0,0.0,0.0,0.0,0.0,0.0,0.0,0.0,0.0,0.0,0.0,0.0,0.0,0.0,0.0,0.0,0.0,0.0,0.0,0.0
2023-04-21 01:00:00,0.0,0.0,0.0,0.0,0.0,0.0,0.0,0.0,0.0,0.0,0.0,0.0,0.0,0.0,0.0,0.0,0.0,0.0,0.0,0.0,0.0,0.0,0.0,0.0,0.0,0.0,0.0,0.0
2023-04-21 02:00:00,0.0,0.0,0.0,0.0,0.0,0.0,0.0,0.0,0.0,0.0,0.0,0.0,0.0,0.0,0.0,0.0,0.0,0.0,0.0,0.0,0.0,0.0,0.0,0.0,0.0,0.0,0.0,0.0
2023-04-21 03:00:00,0.0,0.0,0.0,0.0,0.0,0.0,0.0,0.0,0.0,0.0,0.0,0.0,0.0,0.0,0.0,0.0,0.0,0.0,0.0,0.0,0.0,0.0,0.0,0.0,0.0,0.0,0.0,0.0
2023-04-21 04:00:00,0.0,0.0,0.0,0.0,0.0,0.0,0.0,0.0,0.0,0.0,0.0,0.0,0.0,0.0,0.0,0.0,0.0,0.0,0.0,0.0,0.0,0.0,0.0,0.0,0.0,0.0,0.0,0.0
2023-04-21 05:00:00,0.0,0.0,0.0,0.0,0.0,0.0,0.0,0.0,0.0,0.0,0.0,0.0,0.0,0.0,0.0,0.0,0.0,0.0,0.0,0.0,0.0,0.0,0.0,0.0,0.0,0.0,0.0,0.0
2023-04-21 06:00:00,0.0,0.0,0.0,0.0,0.0,0.0,0.0,0.0,0.0,0.0,0.0,0.0,0.0,0.0,0.0,0.0,0.0,0.0,0.0,0.0,0.0,0.0,0.0,0.0,0.0,0.0,0.0,0.0
2023-04-21 07:00:00,0.14118108013265046,0.3574092041795602,0.019489609583293727,0.12285156998767456,0.03290837589442749,0.0011784569677563367,0.03767973347583218,0.014391934042002107,0.13185385289683027,0.006502335704253681,0.016292420445748187,0.23182023919631317,0.12781238405184392,0.010897611834905698,0.10086493163136774,0.06779132680339678,0.0,0.13767390408743863,0.0,0.0005824317952854963,0.011668353299024062,0.10771636223763452,0.1465902504152358,0.3278832195034463,0.31694467183715247,0.03965415408010415,0.4090494323257272,0.2558665399242067
2023-04-21 08:00:00,0.26969204419730974,0.5452404872472225,0.12315361705228797,0.18940638847722793,0.25312141493785906,0.2956507698288116,0.07509589385981931,0.04659323756163735,0.35140969468460276,0.03537920068203573,0.04380512737888306,0.33300883114251917,0.39294335521279883,0.05682031532263668,0.4842013413126181,0.36677952798738966,0.21566206512206176,0.27768516561281303,0.27570015260880526,0.030646116525119265,0.05950954123288405,0.19881658119442913,0.3265426440321365,0.5110888441822401,0.5900239193274939,0.3272624644015152,0.6177955445397583,0.47778907059063325
2023-04-21 09:00:00,0.4042965911987487,0.6828498494660209,0.1864980973127537,0.35585658515453766,0.43233468135912856,0.4148192269473106,0.19989030540352146,0.16698405633909638,0.39060401436440917,0.1179712065681471,0.15655474297896368,0.5161580729329575,0.427601533786536,0.14718231444086172,0.5149492983102388,0.3462378232361498,0.33345507090371096,0.4916732249441563,0.34968626565657757,0.10776086614142778,0.13988860889897886,0.3371574467850982,0.4268119639548277,0.6732087669910002,0.7410819366012813,0.48099139043038946,0.7476991702287061,0.6081904204712936
2023-04-21 10:00:00,0.47320078456658915,0.736951762818939,0.14915719543339442,0.48110550411460834,0.557377342752407,0.5110363356537446,0.18884177118969295,0.1832978150880852,0.4854336754848196,0.11811955832704704,0.14682059983595014,0.7290266861530538,0.5309370848994852,0.21004625422149367,0.6186579387891726,0.5006492065523463,0.42605957450588205,0.6464082633232165,0.4307048259846273,0.21316581488529077,0.20946569598879777,0.4803843772256304,0.5250887452838328,0.6837587070033133,0.7870803617891723,0.5598795577527149,0.8201729835899888,0.6425003743849865
2023-04-21 11:00:00,0.524010242938149,0.7343587018865386,0.2165739912139289,0.5298370933939617,0.6359250488149392,0.5991061063188332,0.23299351935688686,0.2296401523586141,0.5113177596914206,0.2203159940890143,0.2164824953881962,0.7629173027876731,0.5758525734477375,0.22941157104534504,0.5960884840831188,0.5223441541772084,0.46737243635163295,0.6612254511029245,0.48519615167220487,0.23113602573824202,0.22887279719211037,0.5631790397637478,0.6359651477779547,0.6862983692865509,0.8240207488166558,0.6193049804366991,0.8280344791857521,0.6681561429198948
2023-04-21 12:00:00,0.5684827888633203,0.5973042509139304,0.3052216455567972,0.5684177557965796,0.6936503182204289,0.6293321154735014,0.32584417278091876,0.3764055049321628,0.5407959101666271,0.4235992345297168,0.3759279865709496,0.7206535828971572,0.6074228671159517,0.3541261827018206,0.6103807571510058,0.5914664775251526,0.41982746069328764,0.6655272464658751,0.5040668844764052,0.4406988302963605,0.35441245816939737,0.6639857418251,0.6094976977011894,0.5586029066664168,0.6812982517454097,0.617719704219651,0.6686884703304542,0.5718529544022678
2023-04-21 13:00:00,0.5510486020047903,0.6259486469132037,0.27674718031367695,0.551585564087106,0.7491022980715736,0.6345275854480402,0.2628798355188544,0.26994405450452913,0.5132326974639444,0.33221665797135036,0.28243885239776395,0.7131456314604054,0.5828717225853667,0.2487452462547326,0.6595496978134675,0.5684580534685092,0.46024802975877105,0.6456016914917948,0.5026769306866877,0.3334979806826339,0.25048724115611243,0.6286621687664189,0.6769360969822837,0.6095568389970085,0.7492694366919049,0.6479054784675151,0.6146055272365066,0.5823584920692816
2023-04-21 14:00:00,0.5343403426260773,0.6182496834640694,0.3140926350657109,0.595674937830394,0.7735868317533664,0.6196841830726523,0.30148925053579706,0.32693902100022376,0.4607177458429776,0.35875243446799726,0.32530808554071855,0.7049821538273279,0.5168523134142211,0.3209562351358015,0.5907532004452728,0.4906411761913049,0.43124510726963805,0.5884169208035307,0.4169036399082107,0.4183362610553681,0.3228648761167946,0.6073298316604215,0.6195357973706026,0.5365480421115928,0.6614186865779378,0.6674895720666597,0.569968115427254,0.5344871591000304
2023-04-21 15:00:00,0.4564828411560793,0.5680352852554204,0.248961210977301,0.5582586160152486,0.7541181826916062,0.5508423475016934,0.25540375685758365,0.2827027806919435,0.36691371816233714,0.29924873048251965,0.2752486442213019,0.6331931600703752,0.40520139538882755,0.2855385494698825,0.42933245078516385,0.3688443858101408,0.3776902852289466,0.4900720049852678,0.3402605428015884,0.3660622806854537,0.2887435149037106,0.525628597653195,0.6008340641340574,0.48125851492676386,0.6106616388721116,0.5708918622118965,0.594139185555157,0.5020731008461021
2023-04-21 16:00:00,0.3545182419092558,0.4927292849911203,0.22288910590181318,0.38982059484989373,0.7266238482498729,0.5284191189791211,0.22276302347552535,0.24258083095860405,0.28965037110267433,0.23975904575245083,0.231210348484164,0.47470078911312313,0.32438737757864955,0.2439776698564592,0.37148277635907995,0.32485108405080404,0.31586008158311896,0.3985975897590944,0.2857353210109393,0.30677836528728686,0.247023645485372,0.41984427408562364,0.5169418589910303,0.4721004059242802,0.5396213612184823,0.5168678852855277,0.5786839290031738,0.44189039320931395
2023-04-21 17:00:00,0.25210303916084176,0.38479039175054564,0.15083386468137178,0.255891134327594,0.6912043032106482,0.4444992258948842,0.17074549091199095,0.17759224986509384,0.2306973398677635,0.15656739164830297,0.16668403539240076,0.3321558840487114,0.2509038732330638,0.17538532923639139,0.2807698063568146,0.23206710737903483,0.26146867618778236,0.2650705700342425,0.21252949420092557,0.18476404710062036,0.17494415615271686,0.28217104544802285,0.42233866726719893,0.44224207063057985,0.490772250535076,0.4349503847607879,0.4831945168999952,0.45806662228657063
2023-04-21 18:00:00,0.16576944014698636,0.25471498755781086,0.09046829209382307,0.1975347604604911,0.6201225040327405,0.34836330044348346,0.10817724905412894,0.12405642683897729,0.16119993373438116,0.12212558037649678,0.12607349735328544,0.23661094456069703,0.19318656385189145,0.11660488034162064,0.21137672679728156,0.1953567975942371,0.154271077927247,0.19057190829537343,0.14258570034265225,0.1223585163663245,0.11512316153950072,0.19618478043870702,0.36584021133215855,0.28870018019776,0.47937565648262725,0.3408493577318242,0.3789561829379379,0.29691012609504697
2023-04-21 19:00:00,0.08771152956093593,0.17231205403152106,0.03527965692249532,0.09506998735818852,0.5087597049846084,0.23314804113704762,0.047757631999641004,0.05874405042813937,0.09112083472945823,0.055657295524667055,0.05692901579916462,0.13245886994745856,0.11136643233728342,0.05694180807873591,0.11841368713259423,0.1156815933239065,0.08724653382826414,0.09967896318311181,0.07863351305818994,0.05737967105621202,0.056615130400238356,0.10720365668119125,0.31994652896189746,0.2980737292235839,0.3877534512414443,0.23274545874134084,0.3073771108179842,0.23094456884765074
2023-04-21 20:00:00,0.04448863524295337,0.0872281055404316,0.00738730770443864,0.03402991205169264,0.3987488607799511,0.08535353686799226,0.006969991905619882,0.007206029220594879,0.026596825077833938,0.009401349455648854,0.00980469851514634,0.07745439757877737,0.038893587736674506,0.004906195820967168,0.03815633220969913,0.044624805967481106,0.022495260464958436,0.04905860615592111,0.02501806137182525,0.004973762593762674,0.004810163648874855,0.06041225721265565,0.24309769114641552,0.20036656496302155,0.33120308567496815,0.0888164682425795,0.24141844678305233,0.12905210469489567
2023-04-21 21:00:00,0.0,0.0,0.0,0.0,0.26801094458944125,0.02836763262267683,0.0,0.0,0.0,0.0,0.0,0.0,0.0,0.0,0.0009459752368143656,0.0,0.0009362013404428086,0.0,0.0015297226231520927,0.0,0.0,0.0,0.0,0.0,0.0,0.027948764161598125,0.0,0.0
2023-04-21 22:00:00,0.0,0.0,0.0,0.0,0.022898437371768353,0.0,0.0,0.0,0.0,0.0,0.0,0.0,0.0,0.0,0.0,0.0,0.0,0.0,0.0,0.0,0.0,0.0,0.0,0.0,0.0,0.0,0.0,0.0
2023-04-21 23:00:00,0.0,0.0,0.0,0.0,0.0,0.0,0.0,0.0,0.0,0.0,0.0,0.0,0.0,0.0,0.0,0.0,0.0,0.0,0.0,0.0,0.0,0.0,0.0,0.0,0.0,0.0,0.0,0.0
2023-04-22 00:00:00,0.0,0.0,0.0,0.0,0.0,0.0,0.0,0.0,0.0,0.0,0.0,0.0,0.0,0.0,0.0,0.0,0.0,0.0,0.0,0.0,0.0,0.0,0.0,0.0,0.0,0.0,0.0,0.0
2023-04-22 01:00:00,0.0,0.0,0.0,0.0,0.0,0.0,0.0,0.0,0.0,0.0,0.0,0.0,0.0,0.0,0.0,0.0,0.0,0.0,0.0,0.0,0.0,0.0,0.0,0.0,0.0,0.0,0.0,0.0
2023-04-22 02:00:00,0.0,0.0,0.0,0.0,0.0,0.0,0.0,0.0,0.0,0.0,0.0,0.0,0.0,0.0,0.0,0.0,0.0,0.0,0.0,0.0,0.0,0.0,0.0,0.0,0.0,0.0,0.0,0.0
2023-04-22 03:00:00,0.0,0.0,0.0,0.0,0.0,0.0,0.0,0.0,0.0,0.0,0.0,0.0,0.0,0.0,0.0,0.0,0.0,0.0,0.0,0.0,0.0,0.0,0.0,0.0,0.0,0.0,0.0,0.0
2023-04-22 04:00:00,0.0,0.0,0.0,0.0,0.0,0.0,0.0,0.0,0.0,0.0,0.0,0.0,0.0,0.0,0.0,0.0,0.0,0.0,0.0,0.0,0.0,0.0,0.0,0.0,0.0,0.0,0.0,0.0
2023-04-22 05:00:00,0.0,0.0,0.0,0.0,0.0,0.0,0.0,0.0,0.0,0.0,0.0,0.0,0.0,0.0,0.0,0.0,0.0,0.0,0.0,0.0,0.0,0.0,0.0,0.0,0.0,0.0,0.0,0.0
2023-04-22 06:00:00,0.0,0.0,0.0,0.0,0.0,0.0,0.0,0.0,0.0,0.0,0.0,0.0,0.0,0.0,0.0,0.0,0.0,0.0,0.0,0.0,0.0,0.0,0.0,0.0,0.0,0.0,0.0,0.0
2023-04-22 07:00:00,0.015428160793020779,0.03066763909119638,0.0,0.04126481672645815,0.028977279288162835,4.733750997346297e-05,0.0022625141908725224,0.004946277391437831,0.003046212272888435,0.0002151387525415348,0.0,0.03000248178273562,0.00274163477379715,0.013414975716274829,0.005567351420213027,0.0022621555081442,0.0,0.017461494799344158,0.0,0.0014874884458067723,0.014728873898906467,0.018390038010199394,0.4272862341976989,0.07118215703363652,0.39451835418826686,0.0006140755085188826,0.06521720784061426,0.0742088106039093
2023-04-22 08:00:00,0.044869154770269454,0.09196066888396523,0.0038011340682191,0.06359200824948062,0.15766059928823822,0.017805541475340688,0.004195495032511884,0.014457661572449968,0.014736333552787242,0.007496731071912946,0.007532193086389163,0.10447434871842444,0.01891402709648894,0.024896789027853503,0.01412859138056652,0.012153114187347732,0.0222918227455927,0.055591275494065284,0.023538045090651077,0.009170970811087514,0.026990186576310245,0.05562053834386071,0.6278177926048198,0.14188080325213429,0.5690460502123984,0.01971852727304271,0.14159060412129293,0.1522049772974622
2023-04-22 09:00:00,0.09727117883394387,0.1861866407453403,0.011677606857907629,0.11284504821703255,0.31081262598688353,0.05764793271338496,0.01547895606438805,0.030711906616526858,0.04296437528323995,0.020541234216072093,0.018036404602424984,0.1797449853951762,0.052019672987610496,0.04801227718324967,0.03627189472039692,0.03167923215704161,0.0758070846573813,0.12148083792751924,0.061222476917369886,0.0416197370702243,0.05114673303757525,0.11476392260388237,0.7353947279344653,0.29957037021133226,0.6556963432930913,0.05951364184294388,0.22774581995763124,0.34289415281948793
2023-04-22 10:00:00,0.12698291846341125,0.32526781691358875,0.04073678283063563,0.19063759722345497,0.4177315030106063,0.10765136171675334,0.03885622486968195,0.05161367788072179,0.08421214224546737,0.04946329429879298,0.040400107390922056,0.27906264104871625,0.10410981353977908,0.06480851366426148,0.07966941618146699,0.07477220204419252,0.13394035767908907,0.11287489904366638,0.09597718780887214,0.06592486768576164,0.06789242511477253,0.15828126233401976,0.7329078623065243,0.4973899181478215,0.6862093495406951,0.10435026204136033,0.31304481992511257,0.5476385576319321
2023-04-22 11:00:00,0.17473306472509878,0.40062009299290186,0.07960063081297526,0.2840690910099193,0.5175549860516875,0.15609712434237458,0.0762419653782248,0.08252088308002124,0.1329723972096448,0.07839346021805624,0.067819835114704,0.3728077284384964,0.161647288678473,0.10208690965256544,0.12390942463859142,0.12080578061759907,0.1745274661588646,0.15978835640053254,0.16392352266872673,0.09304147424800208,0.10648127019921695,0.22019889815929028,0.6657156144410311,0.5294195912801313,0.6147269314526721,0.15307471669501552,0.3612881399727251,0.5649428229452279
2023-04-22 12:00:00,0.22640883277364163,0.4039563347054396,0.09398404676591522,0.2530779340802258,0.5737365077160854,0.1678623421680428,0.09041298032890056,0.1081248690849082,0.1720442946227049,0.11351217957318746,0.0899908931447801,0.34860492323917414,0.19036532963825903,0.13321270017554573,0.1252979481332203,0.12873379103025803,0.18725160609782726,0.206272432138201,0.18588499504055384,0.1276608086552038,0.13878955555651443,0.2667481181468232,0.6061133999153249,0.4370400918139148,0.5682907065156407,0.17823273759758188,0.37179194997489967,0.4542164243621341
2023-04-22 13:00:00,0.23898613286417306,0.42859988059019527,0.11630295463447819,0.25854832024810553,0.6105526561422268,0.22648166479174922,0.14516011162817558,0.21206976498462562,0.20955469661943527,0.19913573785237704,0.16912199311342163,0.3293970013082345,0.2544604145970871,0.2545975793769904,0.19261116909937254,0.19307946241319301,0.20830457440057537,0.24098183970016054,0.24517875701752523,0.23829985427957545,0.2627359923566288,0.30704105810988397,0.5986791545053699,0.46443607541439313,0.5616600233067623,0.2169533446067304,0.41312901586742706,0.49904441023045
2023-04-22 14:00:00,0.2679178203884788,0.43807719224780395,0.08770813438250252,0.3377284245999947,0.5779008025342509,0.21668698425038993,0.08836369027255774,0.18114157862376898,0.24555900109859322,0.14784608607104874,0.10432612378272545,0.3789631899516669,0.2698865095149371,0.25988752831534495,0.19801136565203384,0.19263978529403952,0.20067090497477233,0.26516966697175465,0.2816435889655299,0.3287764571525812,0.2731056859436896,0.302792861203177,0.6188241675243499,0.4111407912020274,0.622262716502289,0.2307564857255281,0.428996357381373,0.45877023596869143
2023-04-22 15:00:00,0.22067017562144492,0.40148559184931715,0.09319027074418967,0.21729829398355732,0.5575817509794897,0.21070594770419981,0.07840117011106183,0.12633981283288592,0.21283477210047144,0.10128735202968861,0.07994067366092232,0.25996691994117505,0.229121271329215,0.1815333593133722,0.1778048161185119,0.1794828001701035,0.2716236283749571,0.2016253232543995,0.28248196987747926,0.19612351879416853,0.19068816899504462,0.21863951304232718,0.5809574807064205,0.3798210524095972,0.5201430698480891,0.20893196546062712,0.37791217905243757,0.42504372338691404
2023-04-22 16:00:00,0.19720648493045995,0.3278854564274328,0.0738783443657032,0.23373431522545884,0.532763876707032,0.21145022131393357,0.07422536780134904,0.12158996344659817,0.17964830164186055,0.0817239593907766,0.07265707354271703,0.27827165313215574,0.19388083735234005,0.18021060336694555,0.14329857526358533,0.1401763040295369,0.2985104046682796,0.16148348105512997,0.28370319308983655,0.1767168977792119,0.18955657323675607,0.19667393558631888,0.48507917302992043,0.3587907237965801,0.4058958329401881,0.21078047864477914,0.3278221568535862,0.3561879854949734
2023-04-22 17:00:00,0.13429864879497502,0.27797557666396633,0.043024242147149706,0.14116937399066867,0.4823620037050855,0.17142325822991702,0.03621507382831883,0.0473659013785302,0.11935966010497216,0.042208050385082324,0.03433735958039451,0.1897541517720664,0.12094086282565747,0.06331751300798233,0.08518316460291149,0.08274664940075853,0.2790438429933945,0.09474569032348279,0.213553785285639,0.06795415942903886,0.06618245524709859,0.12529804841433662,0.31614476772620703,0.2685159592715915,0.26271695818873836,0.16600850629056715,0.23519549757226738,0.28780703282543196
2023-04-22 18:00:00,0.08978507289419757,0.19042585753173352,0.02333186890201307,0.10434974805540369,0.3822825162779499,0.1278742136740132,0.028838813609627274,0.03645086666388148,0.09429785307505484,0.049400350351010945,0.03428736872357894,0.14194235289648374,0.08627651059555469,0.035457514068631464,0.05103771094459651,0.056584505452165645,0.19105968866363285,0.0735763288550667,0.15670905839149843,0.04179541623950796,0.03621888613346398,0.10094219108481407,0.2936718134721471,0.1997466000044674,0.20029865138895753,0.11662882293577916,0.17016231039101076,0.22430678921569452
2023-04-22 19:00:00,0.05099751034516031,0.10603252961011264,0.012984967969366538,0.05026184384768304,0.270910651319413,0.07235673178470474,0.006189186363951432,0.013616186772264553,0.0434988253076997,0.01305058404622244,0.00896738629351718,0.08469895890809179,0.04046312790234692,0.01860343448652834,0.02685943278094654,0.030718033793300657,0.08794207068088895,0.0446970401383654,0.10986874511265762,0.016723447376947278,0.019487206058542483,0.05595375910398671,0.1784008159052089,0.12025631995433723,0.10751949424207857,0.07117414171235405,0.0825399219978482,0.1367595296313252
2023-04-22 20:00:00,0.02847081160621954,0.033938077249211066,0.00328371082491528,0.02672941306810873,0.18103158249199414,0.05320005976780366,0.0004600527463170102,0.0008699825300936102,0.029505035909344116,0.0012856757764000586,0.00021964872003217895,0.05445610490160662,0.022937442097219773,0.0017432320386412785,0.013549711568863452,0.019627751995743445,0.034019343947860346,0.021593628482799224,0.08512723300925082,0.004812462902882916,0.0019132429123653151,0.02493500257538285,0.1641391655828795,0.034509296041058284,0.07819932451966781,0.03795472984127162,0.032354086293450955,0.028587311110597778
2023-04-22 21:00:00,0.0,0.0,0.0,0.0,0.06978962562903665,0.02450234096224987,0.0,0.0,4.5053476885880805e-05,0.0,0.0,0.0,0.0,0.0,0.0,0.0,0.046343267100381585,0.0,0.0563599333929078,0.0,0.0,0.0,0.0,0.0,0.0,0.010862877336384741,0.0,0.0
2023-04-22 22:00:00,0.0,0.0,0.0,0.0,0.012260432923857444,0.0,0.0,0.0,0.0,0.0,0.0,0.0,0.0,0.0,0.0,0.0,0.0,0.0,0.0,0.0,0.0,0.0,0.0,0.0,0.0,0.0,0.0,0.0
2023-04-22 23:00:00,0.0,0.0,0.0,0.0,0.0,0.0,0.0,0.0,0.0,0.0,0.0,0.0,0.0,0.0,0.0,0.0,0.0,0.0,0.0,0.0,0.0,0.0,0.0,0.0,0.0,0.0,0.0,0.0
2023-04-23 00:00:00,0.0,0.0,0.0,0.0,0.0,0.0,0.0,0.0,0.0,0.0,0.0,0.0,0.0,0.0,0.0,0.0,0.0,0.0,0.0,0.0,0.0,0.0,0.0,0.0,0.0,0.0,0.0,0.0
2023-04-23 01:00:00,0.0,0.0,0.0,0.0,0.0,0.0,0.0,0.0,0.0,0.0,0.0,0.0,0.0,0.0,0.0,0.0,0.0,0.0,0.0,0.0,0.0,0.0,0.0,0.0,0.0,0.0,0.0,0.0
2023-04-23 02:00:00,0.0,0.0,0.0,0.0,0.0,0.0,0.0,0.0,0.0,0.0,0.0,0.0,0.0,0.0,0.0,0.0,0.0,0.0,0.0,0.0,0.0,0.0,0.0,0.0,0.0,0.0,0.0,0.0
2023-04-23 03:00:00,0.0,0.0,0.0,0.0,0.0,0.0,0.0,0.0,0.0,0.0,0.0,0.0,0.0,0.0,0.0,0.0,0.0,0.0,0.0,0.0,0.0,0.0,0.0,0.0,0.0,0.0,0.0,0.0
2023-04-23 04:00:00,0.0,0.0,0.0,0.0,0.0,0.0,0.0,0.0,0.0,0.0,0.0,0.0,0.0,0.0,0.0,0.0,0.0,0.0,0.0,0.0,0.0,0.0,0.0,0.0,0.0,0.0,0.0,0.0
2023-04-23 05:00:00,0.0,0.0,0.0,0.0,0.0,0.0,0.0,0.0,0.0,0.0,0.0,0.0,0.0,0.0,0.0,0.0,0.0,0.0,0.0,0.0,0.0,0.0,0.0,0.0,0.0,0.0,0.0,0.0
2023-04-23 06:00:00,0.0,0.0,0.0,0.0,0.0,0.0,0.0,0.0,0.0,0.0,0.0,0.0,0.0,0.0,0.0,0.0,0.0,0.0,0.0,0.0,0.0,0.0,0.0,0.0,0.0,0.0,0.0,0.0
2023-04-23 07:00:00,0.026303210307490964,0.09338067978338632,0.07154677403949686,0.011662306568579722,0.0042727171874259685,0.007892089607972464,0.024010477388561925,0.0022611462206470604,0.02597362676634458,0.001786915589060232,0.0033917193309705904,0.029276793507368195,0.03249724063089948,0.00012541567814025668,0.01155203472255703,0.008367550346131479,0.0,0.009786220591436497,0.0,0.0,0.00014109263790778876,0.02173146525873204,0.06140237408773454,0.024744250990122316,0.03933839660886972,0.0066641201844733974,0.032310806775326,0.04262894196481318
2023-04-23 08:00:00,0.06517292339109813,0.26071758828678765,0.16825866291416258,0.04556095155384235,0.04682609053130731,0.09488201324793401,0.09720052046963708,0.042859863763052404,0.05734611146153344,0.07354675758156742,0.07467130835672628,0.057321374701497556,0.07867364288792804,0.018114883259949182,0.050280137964541775,0.03725697514275913,0.03867018249296073,0.024224499441961603,0.031239915478601325,0.016317553797522255,0.017847478877770124,0.055745456574697205,0.22023902237622614,0.10333874829917913,0.0772002179169359,0.0843586385801738,0.06518461806954542,0.1263917022792845
2023-04-23 09:00:00,0.14045568123428293,0.3705866010327826,0.20359504628051972,0.12858482778777622,0.11049210549616567,0.20749120499068596,0.15362562575695948,0.08725386147212967,0.08993881940886858,0.12693667351018656,0.11773906617103923,0.15343287244270634,0.09923348901997114,0.0694557830670767,0.12545879843394564,0.05724871599099943,0.1255933343692067,0.07323091448746663,0.09068947406135097,0.06814212093143365,0.07227465526125201,0.13973930765944445,0.295519514450656,0.17641496688512712,0.12210556881150145,0.22653774296110044,0.1432001856110059,0.19428455176050388
2023-04-23 10:00:00,0.1669916083473983,0.46241302830378883,0.2395406668565347,0.1245913222075312,0.21203737342393494,0.31255780247150955,0.24965180148519417,0.1812320089367573,0.10688055896385244,0.2788730985486781,0.24845786762112726,0.15923049642680495,0.11908883827587537,0.14789714072454901,0.1428774079992578,0.08137353715048301,0.2792598577063204,0.11776076506617933,0.2077937840090249,0.1590249565283116,0.15297557244370397,0.2272664243698035,0.5053924237480654,0.2616124850884687,0.24071129210721723,0.33285751536446734,0.26123792747997593,0.261648171753665
2023-04-23 11:00:00,0.26512858797487476,0.5113954034358362,0.17321831453527634,0.26444957528394164,0.2873600950811996,0.39511012359641107,0.24870364292553213,0.29942530450244326,0.21189511238257963,0.31703381783094386,0.2512821176490106,0.31257373519555165,0.23040295483296747,0.38809333144040703,0.1838623053320731,0.14106865441341684,0.23860500434909743,0.345300907443094,0.2133089584233488,0.44626500708787253,0.4063891496858031,0.34774973479633803,0.5455918110654245,0.3006140858291948,0.375541277777827,0.4256193803012323,0.3715630799529216,0.27216603073439577
2023-04-23 12:00:00,0.35112373699198823,0.5119654273995262,0.259089991556235,0.37019311464370014,0.4039924372881943,0.5415027091838535,0.3349995475971495,0.3900454640172462,0.2875596826229215,0.48201433775395996,0.4054853527640252,0.43264206054242477,0.3028483405238817,0.3991101049535237,0.21314901449580045,0.17812516577523785,0.34310407635297585,0.38625186855234617,0.3147082600862307,0.5105497577092949,0.40877345798866954,0.4610539486326875,0.644157333192263,0.3344130444245121,0.4819915676288051,0.437647250478007,0.4470845846450388,0.2912032710910953
2023-04-23 13:00:00,0.4428743003624834,0.5336211909139884,0.2377785606047219,0.3766686091178011,0.43335198837996586,0.5574232789966274,0.2700401488292062,0.3548647301178303,0.28263779071392614,0.44219308248768113,0.3443251194520185,0.6396849414409291,0.3055495789358024,0.39936444040777075,0.21248059523350593,0.19497083434474557,0.3292769785518125,0.5316815385320495,0.33786743930558716,0.45968554586422444,0.41374241784735216,0.6020039704278465,0.5686299511834958,0.35216928639592526,0.5085442168226367,0.4518744680783415,0.5403782225636744,0.3274308020901804
2023-04-23 14:00:00,0.39251698933902174,0.48942737683788645,0.1986730736355822,0.3754458894450127,0.4714109845089817,0.54099968114685,0.26473285432500493,0.35324549421743895,0.2563062222686363,0.42289508598070547,0.3592510539395594,0.591581534377908,0.27661886383788953,0.366405218096007,0.18094535761129413,0.1866887758474801,0.3459132652772986,0.4997791507126815,0.2903555896194603,0.38047922382813165,0.3714578912240072,0.5622838237964225,0.5239479120891953,0.3540719965518783,0.43549056509862466,0.45765984275529464,0.44257364342066025,0.38085033580745403
2023-04-23 15:00:00,0.3004295402620235,0.42460938453376673,0.09457455708911741,0.4271656850957804,0.4904711918710705,0.5342925012468666,0.1812820127983165,0.2575329187845364,0.24686140615123522,0.24225881971587587,0.2038531394767531,0.5096154053297843,0.2499494615712765,0.2960195502635205,0.22141972853705466,0.19642477219863366,0.31941113745015604,0.35512455932234127,0.2763113002319975,0.34700947515670855,0.30123277877083865,0.37309603637332595,0.4662770275625703,0.39435547576969204,0.3905906791661769,0.4465301783732241,0.39895785164553943,0.37791251302500317
2023-04-23 16:00:00,0.26980736903913227,0.34370572536941346,0.08217303111927682,0.377149707122334,0.46606739352104637,0.5058585108527373,0.10518034232235711,0.18400759139674047,0.2893138547541187,0.12078288174573198,0.11280343031598493,0.4240327265124043,0.24521488041863293,0.24533851613239438,0.19970734035811852,0.17685916914772395,0.29816887283279836,0.23461488759467533,0.24496974663642015,0.28299997147145534,0.2514002974578807,0.2552010403416933,0.372314606214661,0.33101402098858107,0.284978344616851,0.39916150616867707,0.29570919241424304,0.3233125466425025
2023-04-23 17:00:00,0.20318998978369623,0.2628966407655275,0.05960023519475653,0.3335517849763416,0.403401382497318,0.4163659313519898,0.03715308014846433,0.04668415102425786,0.17750362181932372,0.05300972586261107,0.04974777120592844,0.33599280433596046,0.16956856334971815,0.050182536401360084,0.13533959358892575,0.13487981886627384,0.2221570245766497,0.15845270000332018,0.21643962794141441,0.05038632915405334,0.05031349124740338,0.1904087358110862,0.26628501986294456,0.25648951988787433,0.198526872367888,0.2954878785485845,0.24197467734316433,0.2462891571341955
2023-04-23 18:00:00,0.14556305548405238,0.19143225179370119,0.02857280632685846,0.1921574147736644,0.3427483885277676,0.35337939241515204,0.04295844928499586,0.04287866957915217,0.13075150694319096,0.04007395304847998,0.04629121110021205,0.23666836291994806,0.14096074308952056,0.036022528356861934,0.13552322310212034,0.118422220092578,0.17705825102994469,0.13770012220945108,0.1842850538803773,0.03246543496157272,0.03393433509223515,0.17350247105254143,0.22075190248471907,0.15095312589788415,0.12833036601334646,0.2283389077396302,0.16259015190525342,0.13636314302518238
2023-04-23 19:00:00,0.07223979295886404,0.09639466141496646,0.008404533532929468,0.04995173178396976,0.269121545347816,0.22018379264825985,0.012154700387962812,0.014248344870615414,0.07421766115889028,0.011812634803801368,0.012804940353427538,0.09300251258768645,0.07053821752849274,0.01496279343913046,0.05924182563933674,0.05932230836944839,0.11838784987700038,0.0662391049417897,0.12178494280418907,0.014798002214609463,0.014811067763831008,0.0811023262531207,0.19690898879402194,0.06641050935207198,0.06443863089451689,0.1451010223629349,0.08312855363668205,0.06574930837490346
2023-04-23 20:00:00,0.021255753392469885,0.03270068789724684,0.0005740246745353086,0.021446758091320475,0.1403605452287519,0.11459780680904162,0.0002303997361744212,0.0011007216463574288,0.03243254131835582,0.0005885411344844125,0.0005321753073182913,0.0312881827518247,0.02985973030392186,0.001749593380538421,0.030596738391249947,0.028771242462153908,0.09878510188426882,0.01394758046173942,0.09333272171733192,3.243928047107258e-05,0.001918048256060774,0.022197713712464696,0.057337527527737,0.01285113836964181,0.03730444916907399,0.06996790056659799,0.01553654592524811,0.010770159251919317
2023-04-23 21:00:00,0.0,0.0,0.0,0.0,0.04007439984614084,0.01936842906564923,0.0,0.0,0.006977244636618665,0.0,0.0,0.0,0.0,0.0,0.0027603787536939605,0.00431552990901501,0.07159265075455337,0.0,0.06772088630117708,0.0,0.0,0.0,0.0,0.0,0.0,0.011716326023079864,0.0,0.0
2023-04-23 22:00:00,0.0,0.0,0.0,0.0,0.000188994131629822,0.0,0.0,0.0,0.0,0.0,0.0,0.0,0.0,0.0,0.0,0.0,0.0,0.0,0.0,0.0,0.0,0.0,0.0,0.0,0.0,0.0,0.0,0.0
2023-04-23 23:00:00,0.0,0.0,0.0,0.0,0.0,0.0,0.0,0.0,0.0,0.0,0.0,0.0,0.0,0.0,0.0,0.0,0.0,0.0,0.0,0.0,0.0,0.0,0.0,0.0,0.0,0.0,0.0,0.0
2023-04-24 00:00:00,0.0,0.0,0.0,0.0,0.0,0.0,0.0,0.0,0.0,0.0,0.0,0.0,0.0,0.0,0.0,0.0,0.0,0.0,0.0,0.0,0.0,0.0,0.0,0.0,0.0,0.0,0.0,0.0
2023-04-24 01:00:00,0.0,0.0,0.0,0.0,0.0,0.0,0.0,0.0,0.0,0.0,0.0,0.0,0.0,0.0,0.0,0.0,0.0,0.0,0.0,0.0,0.0,0.0,0.0,0.0,0.0,0.0,0.0,0.0
2023-04-24 02:00:00,0.0,0.0,0.0,0.0,0.0,0.0,0.0,0.0,0.0,0.0,0.0,0.0,0.0,0.0,0.0,0.0,0.0,0.0,0.0,0.0,0.0,0.0,0.0,0.0,0.0,0.0,0.0,0.0
2023-04-24 03:00:00,0.0,0.0,0.0,0.0,0.0,0.0,0.0,0.0,0.0,0.0,0.0,0.0,0.0,0.0,0.0,0.0,0.0,0.0,0.0,0.0,0.0,0.0,0.0,0.0,0.0,0.0,0.0,0.0
2023-04-24 04:00:00,0.0,0.0,0.0,0.0,0.0,0.0,0.0,0.0,0.0,0.0,0.0,0.0,0.0,0.0,0.0,0.0,0.0,0.0,0.0,0.0,0.0,0.0,0.0,0.0,0.0,0.0,0.0,0.0
2023-04-24 05:00:00,0.0,0.0,0.0,0.0,0.0,0.0,0.0,0.0,0.0,0.0,0.0,0.0,0.0,0.0,0.0,0.0,0.0,0.0,0.0,0.0,0.0,0.0,0.0,0.0,0.0,0.0,0.0,0.0
2023-04-24 06:00:00,0.0,0.0,0.0,0.0,0.0,0.0,0.0,0.0,0.0,0.0,0.0,0.0,0.0,0.0,0.0,0.0,0.0,0.0,0.0,0.0,0.0,0.0,0.0,0.0,0.0,0.0,0.0,0.0
2023-04-24 07:00:00,0.06647079814702463,0.21313451980750525,0.195818144193806,0.09570529514868445,0.006217017243931499,0.008215980619037055,0.17898087706599888,0.14673886814621154,0.0506241207528883,0.08170374733719224,0.12119988568548105,0.11617632426092106,0.07204566538174616,0.14812268966847422,0.037913252720498156,0.030738835683708547,0.005978683611672811,0.015855434683553098,0.0010118354219401165,0.0962493349055153,0.1466634670838911,0.04269391378330089,0.0678222587775691,0.1137062417880839,0.06281252183316036,0.02855341015050377,0.0446732767209474,0.13313303086377273
2023-04-24 08:00:00,0.2161682993585125,0.3560911132966894,0.33771388595542357,0.1623013637431132,0.06050639354656138,0.08851152120320983,0.3373189005841133,0.3557307080282361,0.2405851186063556,0.23922775450396505,0.29741628408509974,0.1894519942307854,0.24865346672288463,0.3796588844289167,0.09217892670806849,0.17165534388844697,0.08233310993538899,0.14863302467489237,0.12779364227957898,0.28121279173609226,0.377871414936506,0.16983187380332962,0.24505540193441377,0.1968677354242623,0.24630790806743974,0.08590466516076445,0.13827965582653426,0.1984175450837832
2023-04-24 09:00:00,0.40972470505950237,0.49136982604789614,0.4505823461991791,0.3413210373867571,0.15520078475747232,0.19674952705188276,0.36397238008106503,0.4115122605645947,0.34290408634760067,0.3682315555860667,0.3745929519304703,0.4400638014705744,0.3719655124315692,0.4533053595516552,0.18092214321286518,0.27547411890574525,0.1073767935439673,0.35246378305872955,0.19655308107250888,0.3793671561714046,0.4598112332025063,0.4427361429245666,0.30774411160608645,0.3059541876275716,0.33583619115762153,0.23975313092475392,0.20864367616340607,0.34236142468570424
2023-04-24 10:00:00,0.4909705779742106,0.5254456912790706,0.5171602578534601,0.37540004581530123,0.2660950191005347,0.271106654993376,0.4279274053444977,0.4786881148928521,0.40637774108372393,0.4636448735068305,0.4670354426917184,0.5737604885717666,0.43323773377380653,0.5196300259153678,0.3249228257834358,0.45688586391401564,0.2431780128568118,0.41949823614165727,0.2814704949035674,0.43053231686679694,0.52429329104416,0.5744349853069249,0.36645923661967433,0.43281967020928824,0.46520769771849313,0.3374701833719142,0.38513662988236186,0.47031455396272315
2023-04-24 11:00:00,0.49426876712861134,0.5451946718550997,0.49515498559402066,0.4603969832335919,0.40615919037167963,0.37598677201580777,0.4294079519198954,0.5046065253280507,0.46610947865675156,0.4972184455830325,0.4566024313017881,0.5706633719546648,0.501598160141658,0.558395324378736,0.3655056638896542,0.43943188715488984,0.3257602027604733,0.3912655233281403,0.2511044944132571,0.5427691679038515,0.5672296739830024,0.5692125878120052,0.46575733705972644,0.4220673071226813,0.5401787935377288,0.4278522072706472,0.450752664719483,0.45281158121660703
2023-04-24 12:00:00,0.4590053056750095,0.5347086240313298,0.4287399982699482,0.6371084974000728,0.5236038373139349,0.3155416909594413,0.38727849282751675,0.4591238278466336,0.41140468238034134,0.47479462777816284,0.38529773139291235,0.596008032715114,0.4454923914824497,0.5325615211235865,0.3369017169101107,0.3890241168579644,0.3861166516997052,0.43146069227612677,0.40069646834274014,0.6511759000226413,0.5476239165353494,0.5415187086025165,0.5809561345109407,0.5072361563361834,0.5703283336971317,0.42582589893605755,0.5651539947941203,0.5216912515082941
2023-04-24 13:00:00,0.5557334818117462,0.5663724170519802,0.4634517281561622,0.5749563215727078,0.5756137661465703,0.38754433471676203,0.42829812685024854,0.4937026591016928,0.4947027958842774,0.5070576730169755,0.4281453068308607,0.6170956948176995,0.4851431919367398,0.565711879075077,0.46431055191052756,0.46175772575630414,0.3883831919210064,0.581346254825494,0.3648919905798789,0.6153042812818084,0.5786431893712108,0.6046458167158709,0.6543059580016696,0.6088396266783763,0.6166611644357344,0.4248035776142747,0.6366696850493585,0.5718047779158388
2023-04-24 14:00:00,0.5758373460830656,0.5723696092291255,0.5024195717414771,0.5383484181166491,0.6484103654097001,0.5059324490387455,0.4012282166586547,0.46242191797551624,0.5112944663164991,0.5216792408230329,0.4281966304470007,0.5731642402050909,0.5431706735863063,0.548763885193575,0.420731252837855,0.5027532638059485,0.5224538699142214,0.576734595426918,0.4611865939485516,0.5824167311585753,0.5706567008424698,0.6087349176160525,0.6434651972472818,0.5603425957376797,0.6413315035873407,0.4911818880960587,0.6338076855738611,0.5356435822007362
2023-04-24 15:00:00,0.5858510299510195,0.569088734792421,0.5284354300610226,0.578958947550551,0.6858611403990099,0.5768089506677467,0.5070716570984976,0.5136863680116218,0.5076616748494234,0.5644685198660297,0.4941543071183518,0.6309948158400065,0.5322197951966285,0.537218632925378,0.5341440678403903,0.537312131159172,0.4714119005672169,0.604847005728281,0.41018915842591736,0.5951600785330654,0.5476993405102588,0.6260901738716442,0.581024544697871,0.524030537015478,0.6387555787058944,0.5122563691607983,0.5912655183469252,0.5155430181723345
2023-04-24 16:00:00,0.5785740164011737,0.5498351090326485,0.5530062695921546,0.5455528117833444,0.6930446666861205,0.5859281311659529,0.49700510668931397,0.5078950425548768,0.5320179200852152,0.5445249913002796,0.4645811360071246,0.5279528511307757,0.5117864160974659,0.5325999872926388,0.49593797667554373,0.47125516445056626,0.53885401565539,0.5707300229732352,0.4505281402665311,0.6234810563624986,0.5443938592873377,0.5448990802343782,0.48223830611521845,0.4955440355741903,0.5911228161772991,0.5124479480055905,0.6495845969812952,0.4619902990221732
2023-04-24 17:00:00,0.5627260441653504,0.5978738711685528,0.5363825503173467,0.4838820606546326,0.604251747177371,0.4867317661163587,0.46943861976365947,0.4253563463478757,0.475357813320822,0.5259552310774501,0.4468887743353766,0.5720485832769189,0.4387638752159795,0.40992616992785574,0.3901632119361305,0.39804700928198455,0.5086654607355787,0.511607768823242,0.37556619122160023,0.4777884108771366,0.42075365302363105,0.5742564928447278,0.4560046507912976,0.5085063639976365,0.5858481230835633,0.45543229271270147,0.6461989752932926,0.4579460037479518
2023-04-24 18:00:00,0.5345858143255536,0.5809587570042963,0.5105344672960191,0.4336830740232744,0.49289175827776877,0.472722029254805,0.37311038982897093,0.3411085992604587,0.38243196417964037,0.4587004399236061,0.36427799005999334,0.5072305502067065,0.3488427973084337,0.35546666678039673,0.42888431067625354,0.37452601731995216,0.46623476492187443,0.5033242677846451,0.43168056756812967,0.4722169808309906,0.3738557142533395,0.5561840270881324,0.4649317214387578,0.3879509117146206,0.579812014535425,0.4781677345991972,0.5437864913451222,0.32531725571190095
2023-04-24 19:00:00,0.3898065079335512,0.5081994005292164,0.42922984950527376,0.38021359892917206,0.4050964634323565,0.3230822453144152,0.31061829491986875,0.23934520109623458,0.2831323810542479,0.36478945300132276,0.28775189336516704,0.41404671415078403,0.25734579385525597,0.20637483610749957,0.17689160644597032,0.2087485454148397,0.31891600606067694,0.2731803419862613,0.2922479295911127,0.32419411340790877,0.21618090093891998,0.36320361197215933,0.41502169051235077,0.3311157523880834,0.5242182160974523,0.35622984651606543,0.4799980671750218,0.30730797224321194
2023-04-24 20:00:00,0.24008638237828142,0.3668279622754279,0.2637023735401334,0.2573995530409174,0.3351694121332325,0.18619843069209235,0.1797427805177972,0.136255385985635,0.19841619680671266,0.21844907214443046,0.16097262498991827,0.2919632993167316,0.1639972960946646,0.12324557713358858,0.1664388219476939,0.108802484906005,0.2011224267650153,0.1646922778471616,0.26024779425955974,0.18275691553248832,0.13326721473717346,0.2138669202887504,0.3215234237890725,0.26632472043910677,0.3575522282833527,0.2585269113600452,0.36489043146323713,0.2994170220308838
2023-04-24 21:00:00,0.0,0.0,0.0,0.0,0.24151346626042808,0.06358677545686009,0.0,0.0,0.03574196182247677,0.0,0.0,0.0,0.007073580392867579,0.0,0.059107433927576114,0.036564277500791297,0.10717981861250762,0.0,0.1635349465281117,0.0,0.0,0.0,0.0,0.0,0.0,0.1360154134937966,0.0,0.0
2023-04-24 22:00:00,0.0,0.0,0.0,0.0,0.03949015579589163,0.0,0.0,0.0,0.0,0.0,0.0,0.0,0.0,0.0,0.0,0.0,0.0,0.0,0.0,0.0,0.0,0.0,0.0,0.0,0.0,0.0,0.0,0.0
2023-04-24 23:00:00,0.0,0.0,0.0,0.0,0.0,0.0,0.0,0.0,0.0,0.0,0.0,0.0,0.0,0.0,0.0,0.0,0.0,0.0,0.0,0.0,0.0,0.0,0.0,0.0,0.0,0.0,0.0,0.0
2023-04-25 00:00:00,0.0,0.0,0.0,0.0,0.0,0.0,0.0,0.0,0.0,0.0,0.0,0.0,0.0,0.0,0.0,0.0,0.0,0.0,0.0,0.0,0.0,0.0,0.0,0.0,0.0,0.0,0.0,0.0
2023-04-25 01:00:00,0.0,0.0,0.0,0.0,0.0,0.0,0.0,0.0,0.0,0.0,0.0,0.0,0.0,0.0,0.0,0.0,0.0,0.0,0.0,0.0,0.0,0.0,0.0,0.0,0.0,0.0,0.0,0.0
2023-04-25 02:00:00,0.0,0.0,0.0,0.0,0.0,0.0,0.0,0.0,0.0,0.0,0.0,0.0,0.0,0.0,0.0,0.0,0.0,0.0,0.0,0.0,0.0,0.0,0.0,0.0,0.0,0.0,0.0,0.0
2023-04-25 03:00:00,0.0,0.0,0.0,0.0,0.0,0.0,0.0,0.0,0.0,0.0,0.0,0.0,0.0,0.0,0.0,0.0,0.0,0.0,0.0,0.0,0.0,0.0,0.0,0.0,0.0,0.0,0.0,0.0
2023-04-25 04:00:00,0.0,0.0,0.0,0.0,0.0,0.0,0.0,0.0,0.0,0.0,0.0,0.0,0.0,0.0,0.0,0.0,0.0,0.0,0.0,0.0,0.0,0.0,0.0,0.0,0.0,0.0,0.0,0.0
2023-04-25 05:00:00,0.0,0.0,0.0,0.0,0.0,0.0,0.0,0.0,0.0,0.0,0.0,0.0,0.0,0.0,0.0,0.0,0.0,0.0,0.0,0.0,0.0,0.0,0.0,0.0,0.0,0.0,0.0,0.0
2023-04-25 06:00:00,0.0,0.0,0.0,0.0,0.0,0.0,0.0,0.0,0.0,0.0,0.0,0.0,0.0,0.0,0.0,0.0,0.0,0.0,0.0,0.0,0.0,0.0,0.0,0.0,0.0,0.0,0.0,0.0
2023-04-25 07:00:00,0.061972293298806894,0.0615681439358588,0.11611657144819278,0.09720614953438046,0.11408423554879188,0.10630444356113704,0.07886088646329863,0.1292319445362742,0.06458016648191989,0.11210300523467331,0.09067421472974505,0.04931974615612471,0.09520008511737447,0.18200675243617345,0.0379311965156967,0.0432336851319791,0.021983944868822995,0.056914677088658196,0.01716084918917581,0.20432204032645995,0.1899946188747874,0.07238888442412657,0.4366212827210753,0.1626793818463672,0.22326691642466992,0.15200478152489355,0.22097414718773847,0.14339546840150028
2023-04-25 08:00:00,0.1449017888078427,0.1541600088429074,0.19290261787694232,0.1269455571702575,0.3264276624009736,0.2554925727166556,0.2161842681629275,0.2764182816938394,0.14198860752666104,0.2512759714710858,0.2172216556124056,0.08219716249336269,0.1889402299349247,0.3324888174607541,0.14135559874578718,0.10966712008431635,0.13103879899476628,0.17409785695600824,0.08342988742628664,0.30693802985878466,0.3393210795287676,0.17057358405567793,0.5692909718952016,0.3211071779493354,0.3979524038494443,0.27820565016756044,0.4175870112073066,0.2942741857046511
2023-04-25 09:00:00,0.23457405722741537,0.3372570457077324,0.33499888082134555,0.2108994607421537,0.49571949275693383,0.3269391773664605,0.43041149940904894,0.49060894608402794,0.2372587530260472,0.40846614063704506,0.4192795387253661,0.2182672549916043,0.2927668814742321,0.49940292676412285,0.20134212944532076,0.21156123068669155,0.2149995723768826,0.24296313982829576,0.15364002185104078,0.444957218149654,0.4927955297494009,0.3116775441807201,0.6644390330256711,0.4645390780682435,0.5143594585683174,0.365759179902056,0.5731279691743063,0.4465910657125125
2023-04-25 10:00:00,0.34552740269388826,0.44515540800707576,0.45260151779047725,0.3530864897372341,0.6007113078940862,0.4712235064095315,0.5810853672478373,0.5969670048463149,0.3346556554001149,0.4997281598876009,0.5395721648381745,0.3531029991035289,0.4051612231580859,0.5903041368220817,0.2921911645997287,0.35127455833064436,0.39078577919952334,0.34358798183667005,0.2738193960405159,0.4907599541357474,0.5794867789617709,0.4397128969111421,0.6945591814662281,0.570355429840755,0.6026382455192242,0.5316056315239922,0.6319542597830091,0.5383258374776232
2023-04-25 11:00:00,0.43111670619090514,0.48825983738630335,0.5663103509838057,0.48499119721266093,0.7138848021171249,0.5592840705331955,0.6855860190550636,0.7097244056914489,0.37851084428294274,0.6377287787358596,0.6875613944409927,0.48735352525348313,0.47253642760003656,0.7243258925056195,0.42083713258786754,0.39489450420382366,0.39794435577553583,0.45915254974314657,0.3400330409161286,0.6204514571968274,0.7201153752543159,0.5683033844258665,0.6872697453497666,0.6353995382712138,0.6060242258831191,0.5783842589410907,0.66710302887873,0.6132380003092688
2023-04-25 12:00:00,0.4909168693878464,0.5524514834250288,0.6287296721808842,0.5297618040653899,0.7818286156077403,0.6109026007712668,0.71709854617202,0.7316542738016004,0.379057386183581,0.6487689784473134,0.6883518255466821,0.59974522207147,0.43429234217399215,0.7638072929253887,0.5085874681724216,0.3683087432181121,0.3426258125055725,0.5388440519796719,0.46285022018361327,0.6720275148154684,0.7621560208762622,0.6354743601676294,0.6596019171060874,0.6864482623474665,0.6490642133225756,0.6111132159923108,0.7251308440477471,0.6555385412424685
2023-04-25 13:00:00,0.48116479837592774,0.6631480839653943,0.6055648518044083,0.646255929513382,0.7936698287088199,0.587543540661327,0.7818782169745725,0.7807217628106922,0.35701750524134496,0.7348383908033265,0.7572498705984863,0.736771408167373,0.4090511588849848,0.7840407282290849,0.4297336895308038,0.3917595749851521,0.34974164534105595,0.5278517945891258,0.4511570275226903,0.6994018417079992,0.7799841532548978,0.6983750882168661,0.7140805404308084,0.7614569565829266,0.7080733172632467,0.6078833962063263,0.7524398549639673,0.7461828342177658
2023-04-25 14:00:00,0.5421498574500672,0.7181402178488202,0.6696422251984724,0.6947411502175448,0.7929028690638492,0.5603159893175398,0.8057913423378807,0.7932617247404496,0.3560198698179626,0.7858582546718395,0.7902388979981244,0.7975346593741164,0.41513525366857945,0.7855605572603724,0.41730305337843,0.3491567835482885,0.31042979838442025,0.6219258376717482,0.4328540884099856,0.7165359069559889,0.782461954198796,0.7781348616465871,0.7208056034918991,0.7514297381219082,0.7253253560860948,0.5825040855476057,0.7302786348377215,0.7363245422432466
2023-04-25 15:00:00,0.5725308801910096,0.7071624868305786,0.6797045152733904,0.673015711906622,0.7606859928212506,0.5210414003705623,0.7935073947888761,0.7928296495909385,0.31807294527248947,0.7757827565932947,0.783030264299586,0.8037513243355717,0.3601272713320315,0.792903272903334,0.37050615909954887,0.2695124003746,0.29710646901141613,0.6622933822951783,0.3401249576707784,0.7147504099747644,0.7913611966064862,0.7863569616458393,0.6662835128909955,0.714875070128669,0.7024947627773683,0.5328178112965505,0.6354985429465363,0.7003936163956036
2023-04-25 16:00:00,0.5609474674409474,0.7143897147031041,0.6568918809024924,0.6830997839829435,0.6619611536061787,0.4534034950637496,0.7437202768287524,0.7264217767223733,0.3008431632412027,0.7349249959391606,0.7254985264930998,0.8372737587513615,0.34364397020860293,0.7260746695154592,0.29851398157083175,0.2223545260555811,0.27230105957366507,0.6516981208378162,0.23501391981537684,0.6717428484793488,0.726152496242315,0.7871431082870565,0.6028293673074736,0.6634219144087833,0.7186958805436172,0.45938529968411373,0.6170956836549181,0.6570734334206385
2023-04-25 17:00:00,0.4640721208341184,0.6526171365150396,0.5574625522575863,0.6611451958428209,0.5676158661907623,0.4079683401881229,0.7106199977119317,0.7005861246873871,0.21729231610927277,0.6535370358527698,0.6409592675910423,0.8085488445091654,0.2394128398776998,0.717931084732062,0.1615060578832171,0.1399800514341044,0.15042602737871566,0.5571395420863738,0.08993978515542139,0.6820761066018375,0.7188466228317781,0.7061327655508783,0.5168220508783622,0.6323492947517155,0.6411545038103648,0.39440832560894,0.47370246112063225,0.6387675682493028
2023-04-25 18:00:00,0.3757381936567112,0.49032481006461254,0.5017540059840903,0.583670289702588,0.47972925405753847,0.32603734312065574,0.6001288011985824,0.5872310605019838,0.11541947950908708,0.5764509033978891,0.5704198332649354,0.7066339739552726,0.13346880009360804,0.6124789078332907,0.1039932738402195,0.10287335019372838,0.07680616057791216,0.5161172869568866,0.037890951336659845,0.5178743806944511,0.6167744363073606,0.6445831946844887,0.3832088372976826,0.6039318075349916,0.544448929965565,0.2866133788918201,0.41148417279736377,0.6153852755375001
2023-04-25 19:00:00,0.23638903453291388,0.3267002681144942,0.3187006354016184,0.5458249175043094,0.3735921204916663,0.17621561007438913,0.4322348272029593,0.4160708585809371,0.05967875488815315,0.34603267521478953,0.3638888064179935,0.5743802825969507,0.07438439554499864,0.4758703023800767,0.06543875561178189,0.050156686224718874,0.026045410135612814,0.29620110876238415,0.017855586211083612,0.4603780096887293,0.48271365864577453,0.4120054237451371,0.3068385885187936,0.5980031474079046,0.4219149459595861,0.19611806041008364,0.3937398799751767,0.5754074308681298
2023-04-25 20:00:00,0.07890926930781064,0.1650682467024369,0.16870362928277383,0.24421075317508345,0.2778560436334853,0.06739282559362095,0.2099110194371934,0.2127374935291205,0.015059612174069969,0.21320949978024942,0.2236367457988579,0.18012447205739873,0.01681958898859321,0.22037569384282155,0.020093027041342422,0.00914376715348684,0.006160237085978289,0.0698118173162657,0.004032242285512532,0.14481734321027534,0.2219101796246376,0.1550602577648328,0.20229407289863124,0.409617468801854,0.31075259053281945,0.08722285307428093,0.36390346259430856,0.39257713523048393
2023-04-25 21:00:00,0.0,1.8642494890471606e-05,0.0,0.0,0.14226108304474272,0.01276537671932346,0.0,0.0,0.0,0.0,0.0,0.0,0.0,0.0,0.0,0.0,0.00010066806363351125,0.0,3.1195217956617897e-06,0.0,0.0,0.0,0.0,0.0,0.0,0.017921945508301278,0.0,0.0
2023-04-25 22:00:00,0.0,0.0,0.0,0.0,0.0025411185326424963,0.0,0.0,0.0,0.0,0.0,0.0,0.0,0.0,0.0,0.0,0.0,0.0,0.0,0.0,0.0,0.0,0.0,0.0,0.0,0.0,0.0,0.0,0.0
2023-04-25 23:00:00,0.0,0.0,0.0,0.0,0.0,0.0,0.0,0.0,0.0,0.0,0.0,0.0,0.0,0.0,0.0,0.0,0.0,0.0,0.0,0.0,0.0,0.0,0.0,0.0,0.0,0.0,0.0,0.0
2023-04-26 00:00:00,0.0,0.0,0.0,0.0,0.0,0.0,0.0,0.0,0.0,0.0,0.0,0.0,0.0,0.0,0.0,0.0,0.0,0.0,0.0,0.0,0.0,0.0,0.0,0.0,0.0,0.0,0.0,0.0
2023-04-26 01:00:00,0.0,0.0,0.0,0.0,0.0,0.0,0.0,0.0,0.0,0.0,0.0,0.0,0.0,0.0,0.0,0.0,0.0,0.0,0.0,0.0,0.0,0.0,0.0,0.0,0.0,0.0,0.0,0.0
2023-04-26 02:00:00,0.0,0.0,0.0,0.0,0.0,0.0,0.0,0.0,0.0,0.0,0.0,0.0,0.0,0.0,0.0,0.0,0.0,0.0,0.0,0.0,0.0,0.0,0.0,0.0,0.0,0.0,0.0,0.0
2023-04-26 03:00:00,0.0,0.0,0.0,0.0,0.0,0.0,0.0,0.0,0.0,0.0,0.0,0.0,0.0,0.0,0.0,0.0,0.0,0.0,0.0,0.0,0.0,0.0,0.0,0.0,0.0,0.0,0.0,0.0
2023-04-26 04:00:00,0.0,0.0,0.0,0.0,0.0,0.0,0.0,0.0,0.0,0.0,0.0,0.0,0.0,0.0,0.0,0.0,0.0,0.0,0.0,0.0,0.0,0.0,0.0,0.0,0.0,0.0,0.0,0.0
2023-04-26 05:00:00,0.0,0.0,0.0,0.0,0.0,0.0,0.0,0.0,0.0,0.0,0.0,0.0,0.0,0.0,0.0,0.0,0.0,0.0,0.0,0.0,0.0,0.0,0.0,0.0,0.0,0.0,0.0,0.0
2023-04-26 06:00:00,0.0,0.0,0.0,0.0,0.0,0.0,0.0,0.0,0.0,0.0,0.0,0.0,0.0,0.0,0.0,0.0,0.0,0.0,0.0,0.0,0.0,0.0,0.0,0.0,0.0,0.0,0.0,0.0
2023-04-26 07:00:00,0.011289071549428646,0.07260727454761368,0.006573979873849739,0.012977414434288721,0.002600207384079324,0.009527269425612923,0.0019508563178795527,0.0035280122743404294,0.0004340889564170445,0.0020706624278257627,0.002356916694063127,0.029333713555510857,0.00012782477278924158,0.00617224889133178,0.0007806311600149341,0.0,0.018620617813500995,0.0011929802548422365,0.0364522713208438,0.004126185080640465,0.006446494592157708,0.010681035034397083,0.2141927702905369,0.015526831100218083,0.044145327071457414,0.014632677282961548,0.016819330919527965,0.016853335748619303
2023-04-26 08:00:00,0.041844603626590274,0.16052329191658382,0.01945660255789379,0.08488525377753091,0.03393946777956726,0.06412398784567735,0.0453937867630159,0.05024748718212104,0.006383727900810947,0.030397977377997112,0.026405105278680317,0.14062025114425056,0.006355119114630286,0.07594788870048882,0.02761396271886605,0.020270221418452136,0.09978785477942416,0.019060650990925094,0.19403909509014544,0.04629806447767575,0.07866765165517875,0.06438600692102088,0.25474036840563663,0.10073723876819944,0.1331388957468205,0.04504088728960972,0.0791804958558483,0.10162158962177209
2023-04-26 09:00:00,0.06920539977027705,0.22088528776894853,0.057485259673682454,0.22723906215624978,0.11430166907113688,0.15721104008096923,0.07551276442731399,0.17121867450327014,0.04914367239294227,0.045450769146655606,0.057438670349352676,0.24771570658408465,0.02613808934586123,0.29997262306729705,0.0580580098711889,0.048592833336170316,0.2700787875162396,0.04117683816315981,0.379490998897381,0.18681192337665978,0.3121597520273346,0.08978274783088568,0.33628449102264657,0.21581061871326324,0.26315686123503046,0.13022191713678175,0.12752114520626365,0.2594896582891165
2023-04-26 10:00:00,0.1549479357770484,0.3648623467050123,0.21288121506139485,0.1826529242387882,0.18104561905975503,0.23816821132681718,0.03522901000656566,0.10293970459680664,0.11681814132939854,0.15677146074376086,0.13761760097586115,0.24685942521811136,0.07559124976126841,0.15859944928491354,0.11801273688908707,0.09845884294496722,0.33547433316328745,0.07980007548749893,0.4440293171670107,0.060474781655516924,0.16913808610983652,0.192680625082608,0.4567012095044533,0.36179749908441283,0.3526832540199225,0.2939855633286828,0.16746089023924005,0.4849220664331379
2023-04-26 11:00:00,0.2146183867892642,0.5433525368811671,0.3006547231600434,0.23475102210571608,0.3028311506911488,0.36758090461824205,0.248320767457629,0.20485099532236406,0.23000826363829482,0.3288720091796131,0.2812593695223619,0.32250018919408785,0.2123095740297223,0.15120978147935593,0.25356721583349684,0.28960597450272213,0.4306224527510533,0.11463593431367365,0.49621584750417824,0.1252324291745138,0.1576875563755674,0.29350520582346423,0.5610913798837607,0.4836344738727113,0.4716692024117648,0.5235288009298946,0.26615794424298156,0.5466459799497388
2023-04-26 12:00:00,0.28877738923357277,0.6338592869820501,0.2226991172792191,0.16072965542931697,0.4254144912143281,0.4851889199095351,0.5313581588729971,0.5030389559847451,0.2769601875990098,0.24423786262599514,0.3963912221990362,0.33668323711626374,0.2609820210081907,0.5470652622162845,0.38591240059015197,0.2804879956922639,0.5775655100972041,0.17947967308026255,0.5746188124458625,0.27299942696972956,0.5339129829637417,0.2817931635565189,0.6811916813120746,0.3972513107366508,0.47717975073331825,0.6614160942861594,0.26054859251220935,0.5373074334881862
2023-04-26 13:00:00,0.35322300833477216,0.7316879058235667,0.21424840041620538,0.13789933605299398,0.5009468009949726,0.4478316195718772,0.4690267401133634,0.5244539307148579,0.3347165198367887,0.3139814018744193,0.3858366512411472,0.3492093237709349,0.30096272889473036,0.6494459678038538,0.4551368573970794,0.30056947721132193,0.5918064991934993,0.2137635428517104,0.5859722896297493,0.4091760757729937,0.6519047967408957,0.35104626695925817,0.6368406956575897,0.5554655503874202,0.5070761172217758,0.640173576503596,0.41036817025135436,0.5940609643949913
2023-04-26 14:00:00,0.3603173195362185,0.7781371503243669,0.24043147654084798,0.17623394696175995,0.5657962407607419,0.47776407192507425,0.4255437211058907,0.469246595349321,0.3948371086500839,0.3595348237160044,0.3637477632829621,0.36430564931827225,0.34534583705138944,0.5575503151775781,0.5645675780365018,0.4036866631581457,0.6438974273859013,0.20531704746806811,0.6431319203879358,0.3853054869236946,0.5639351516799653,0.3598415839057962,0.6697948368997534,0.6056312610857202,0.5827168508448135,0.6627661236847322,0.6224229891780134,0.571428137147294
2023-04-26 15:00:00,0.39671643021005737,0.7551709624850453,0.2587276006561499,0.2261745150894404,0.5615262830468959,0.49069518438511,0.39819387119318034,0.44528434815196705,0.49959683232394003,0.35173493983498966,0.35429090821915743,0.4160231819044913,0.4740642479501361,0.5165355079793502,0.5980506094121951,0.49971319328563435,0.625815223125483,0.22926776621288839,0.616530722024175,0.438557787132443,0.5223509818887662,0.3756382085397134,0.6807255687839596,0.577756797500909,0.67888019161272,0.6178575163958228,0.6569835549533279,0.6427803210540217
2023-04-26 16:00:00,0.45133240260362434,0.737188347080358,0.38050631539785473,0.18599894989236307,0.6365070054990548,0.565012514641078,0.6411374413732827,0.662930695466465,0.5167550963470363,0.5022869413900284,0.5565395224441587,0.42428619798937695,0.4767241092182159,0.6841996601648503,0.6768444092763551,0.5683571008480178,0.6885793674416419,0.2631702387913753,0.6766771483366147,0.5211505471698277,0.6790384884433811,0.45119051392348736,0.6417046639751791,0.5342689013893158,0.7086007168843659,0.6306905725763398,0.6452787432248259,0.6048033969992533
2023-04-26 17:00:00,0.40159244877583866,0.7041336156606178,0.3406860140430015,0.15667332709911774,0.6016378900427145,0.6018998078079203,0.5989676014410729,0.6351293287580931,0.5780923120017311,0.49224793706492975,0.5222932569470585,0.3603309280331718,0.5347075846127832,0.6468882935653306,0.6663275614631757,0.6245176894456583,0.6669575759435361,0.22648458800079838,0.5642226807376806,0.5336979644458587,0.6433885911800751,0.4169760693019988,0.6005468199013055,0.4617994120712253,0.5726617535968874,0.6009620744283541,0.49623219719602435,0.5445592529867117
2023-04-26 18:00:00,0.36986556778685603,0.6820136297107439,0.32567208022912386,0.13031445540445052,0.5246826815638814,0.5523756146466818,0.49189245088014316,0.4588293336542044,0.5429604460637506,0.37612809498577016,0.4180351738460839,0.3079800742018625,0.5021086105770222,0.4096006802287192,0.541205978732479,0.5472297985495879,0.6144537854838841,0.25379951051018257,0.5268233745743462,0.36994935131374246,0.3980844398686735,0.32586771790218894,0.5812378662619381,0.4762021671192201,0.5686376915325365,0.4905491252936074,0.5290293217018491,0.5367664844897605
2023-04-26 19:00:00,0.35002785443329554,0.6275513356496993,0.23672105410732713,0.06466726922047356,0.44026688841178746,0.4600122643326002,0.2865643613003566,0.23464634463706577,0.5434491952803979,0.23054493262459475,0.23566534478662968,0.32436128472393455,0.5522401896222838,0.1767124633069762,0.5633924545855882,0.5555500881657738,0.4738735357824127,0.25666528122026816,0.37726888818320387,0.18129897786849014,0.16649072287130204,0.3390908767192589,0.4106081535044181,0.4683686465217969,0.34938657671054235,0.4358440608439739,0.4761090709265177,0.5065845909468578
2023-04-26 20:00:00,0.20611665321917855,0.46561623851480793,0.1308127721799021,0.06980249143352422,0.33581958882350643,0.32276663407969564,0.12960030005332715,0.0991277541544129,0.4543089683967964,0.1503037206837678,0.11583125401496937,0.1975090240379837,0.4618958698077444,0.06359774875771346,0.4372243127179127,0.483835839611302,0.3634602893692503,0.1249120534647427,0.291349568209061,0.12783156002717566,0.06436263084548226,0.1780785105347853,0.25733960684614,0.3712732349901635,0.25423269080457284,0.3350892565216831,0.35252155712628636,0.36162315035157894
2023-04-26 21:00:00,0.011988632995791814,0.0437134287849139,0.0,0.0,0.2166793174191772,0.182809710777304,0.0,0.0,0.13866065822920834,0.0,0.0,0.0,0.11515548870659019,0.0,0.2802389773709073,0.27104896094881215,0.1860693744484659,0.0,0.15011885773014796,0.0,0.0,0.0,0.0,0.0,0.0,0.26116802736819034,0.007357179200155543,0.0
2023-04-26 22:00:00,0.0,0.0,0.0,0.0,0.034086295312472634,0.0,0.0,0.0,0.0,0.0,0.0,0.0,0.0,0.0,0.0,0.0,0.0,0.0,0.0,0.0,0.0,0.0,0.0,0.0,0.0,0.0,0.0,0.0
2023-04-26 23:00:00,0.0,0.0,0.0,0.0,0.0,0.0,0.0,0.0,0.0,0.0,0.0,0.0,0.0,0.0,0.0,0.0,0.0,0.0,0.0,0.0,0.0,0.0,0.0,0.0,0.0,0.0,0.0,0.0
2023-04-27 00:00:00,0.0,0.0,0.0,0.0,0.0,0.0,0.0,0.0,0.0,0.0,0.0,0.0,0.0,0.0,0.0,0.0,0.0,0.0,0.0,0.0,0.0,0.0,0.0,0.0,0.0,0.0,0.0,0.0
2023-04-27 01:00:00,0.0,0.0,0.0,0.0,0.0,0.0,0.0,0.0,0.0,0.0,0.0,0.0,0.0,0.0,0.0,0.0,0.0,0.0,0.0,0.0,0.0,0.0,0.0,0.0,0.0,0.0,0.0,0.0
2023-04-27 02:00:00,0.0,0.0,0.0,0.0,0.0,0.0,0.0,0.0,0.0,0.0,0.0,0.0,0.0,0.0,0.0,0.0,0.0,0.0,0.0,0.0,0.0,0.0,0.0,0.0,0.0,0.0,0.0,0.0
2023-04-27 03:00:00,0.0,0.0,0.0,0.0,0.0,0.0,0.0,0.0,0.0,0.0,0.0,0.0,0.0,0.0,0.0,0.0,0.0,0.0,0.0,0.0,0.0,0.0,0.0,0.0,0.0,0.0,0.0,0.0
2023-04-27 04:00:00,0.0,0.0,0.0,0.0,0.0,0.0,0.0,0.0,0.0,0.0,0.0,0.0,0.0,0.0,0.0,0.0,0.0,0.0,0.0,0.0,0.0,0.0,0.0,0.0,0.0,0.0,0.0,0.0
2023-04-27 05:00:00,0.0,0.0,0.0,0.0,0.0,0.0,0.0,0.0,0.0,0.0,0.0,0.0,0.0,0.0,0.0,0.0,0.0,0.0,0.0,0.0,0.0,0.0,0.0,0.0,0.0,0.0,0.0,0.0
2023-04-27 06:00:00,0.0,0.0,0.0,0.0,0.0,0.0,0.0,0.0,0.0,0.0,0.0,0.0,0.0,0.0,0.0,0.0,0.0,0.0,0.0,0.0,0.0,0.0,0.0,0.0,0.0,0.0,0.0,0.0
2023-04-27 07:00:00,0.17363814849398634,0.29250645641694334,0.19006622179669252,0.133854378197053,0.03844272157156502,0.007875876674005204,0.13892884673556696,0.15900602068211067,0.22572190137842565,0.2035112477488118,0.1599915121945847,0.08398890096680238,0.23749916554588518,0.15747630230412907,0.058291124755926814,0.15561469710377052,0.0012900702786307985,0.1204429025706888,0.0018553074012077943,0.22423079663610093,0.16502696735860653,0.11871777735250594,0.34791959510365517,0.38059957035320746,0.4057926366293155,0.0682740780142056,0.4400747899318344,0.35750018908845693
2023-04-27 08:00:00,0.3211120204177663,0.41314512259604946,0.3953041479191983,0.24045196692268772,0.10667749589057511,0.0732957639199244,0.34411317455823515,0.3316618954480181,0.35474571950945183,0.3579936902899506,0.3129848164508528,0.20560264229788114,0.3710237159228548,0.359898494414046,0.12811932406526114,0.3049324114129788,0.03214461445087789,0.305726589844174,0.02305746299267433,0.4133939144138088,0.3721955312575128,0.28905089915339277,0.5129940359803854,0.5010141656232288,0.560934971197674,0.17147544894368558,0.5663500595397004,0.48494926148236395
2023-04-27 09:00:00,0.5442520425739688,0.5790935881415971,0.574491938056927,0.4789988580121871,0.1539835957261153,0.1817257726852575,0.5742291308815873,0.5460740756322031,0.5550425988441687,0.5576821374144108,0.5376205846734194,0.4317202922074615,0.5495341506291875,0.5443562175874861,0.5051748091778773,0.534853079304529,0.08873990005017075,0.5320313190031467,0.08590389777014132,0.5773562594284601,0.5479995390494226,0.5050564078306021,0.671400086790908,0.644963937705171,0.7121300980990145,0.26989040005252163,0.6543796817097467,0.6649251703778474
2023-04-27 10:00:00,0.7406357732500786,0.6948752235483144,0.6862019225821232,0.631898368600143,0.20194777269084338,0.23196898234422036,0.6739051682729696,0.624782407305887,0.6782849515683871,0.6549971405614566,0.649093232268528,0.692612493911574,0.6733847379936021,0.6019605504724931,0.6645405298267034,0.6798129334797134,0.14850217643991648,0.7520219860595788,0.16861547152769585,0.603152294173055,0.6007095221955593,0.7400294158793418,0.8050682148218664,0.765825178124445,0.790129718815517,0.34627474841876166,0.7579259554505517,0.7672888741871972
2023-04-27 11:00:00,0.7998140262975848,0.7137198324920341,0.7587391556269294,0.750252617401308,0.2120938697309769,0.23423971658328244,0.7343950286274136,0.6965699414471059,0.7324691456439973,0.7275013799455169,0.7190879412269994,0.8249587748273762,0.7689360604241322,0.6765706731615063,0.7203429166144483,0.7551739764121573,0.22679891364301663,0.8161059840014531,0.2229501483916021,0.6884323337339067,0.6755025469156922,0.8151712165030971,0.8544540571217908,0.8147803376875711,0.841104576926601,0.39330409141606737,0.828214533401159,0.8009240246557182
2023-04-27 12:00:00,0.7944944816219651,0.7414851420698357,0.8042106881459802,0.7851616988918072,0.27413727321063286,0.24551721311826383,0.7673592624762479,0.7299385686239793,0.7175623725247654,0.7541795406989305,0.7610673846998257,0.8542742145114297,0.7520611837641308,0.692593062963937,0.608237424928208,0.6024073336522056,0.2026923783141865,0.7693055474187801,0.1748035626937053,0.7158333561852354,0.6874487586676395,0.8063787954105212,0.8274370796934623,0.8473839840532585,0.8965358033368229,0.36690129157099605,0.8775916111917805,0.8253645761304859
2023-04-27 13:00:00,0.8424847151959363,0.7617139941320712,0.81351218183351,0.8157971516198201,0.3242304343339511,0.28564036555540906,0.768546993811163,0.7439371518398633,0.7778230640290102,0.7764908828196503,0.7700632771738805,0.8717516121561282,0.788679694056291,0.7238836429785653,0.6484404848995532,0.6553111405635065,0.35690594386932156,0.8260900594516211,0.3178420303209711,0.7581849276425768,0.7225740922504382,0.8349129995531457,0.8320376337152473,0.8478238519101592,0.8959101124473935,0.41787403914128546,0.857964063957949,0.8217610113542182
2023-04-27 14:00:00,0.8522528116843464,0.7755022133463944,0.8217115241165591,0.8286773192783253,0.38411249467616776,0.3140138107382243,0.8039487821071347,0.792585540058571,0.7829698286630132,0.8139035385105999,0.808974951496333,0.8817675293698992,0.7836107941095408,0.7675390449291323,0.5989680251888915,0.6180245184872931,0.37734141145311595,0.8503433366788234,0.3109944989352121,0.7982411042690237,0.7644356846055754,0.8599884897671477,0.8336306839295251,0.84575781635442,0.8850132346443934,0.44463277265388373,0.838997619333985,0.8209480984420906
2023-04-27 15:00:00,0.8410303976378339,0.7562260900999337,0.8150085511536923,0.8162676243195128,0.35999326811774623,0.33250533010160244,0.8031533079064199,0.7975483165015537,0.7949263438481579,0.806765023157027,0.7990746937323303,0.8562870896892559,0.7924032166325113,0.7988210908508835,0.643095976032273,0.6644826771399119,0.3767955082941316,0.8381979098217993,0.3083183294641535,0.8052784599305715,0.799245261713077,0.8419766942513425,0.8269329858757558,0.8311020847917938,0.8799304762995913,0.4671130122132763,0.8076844162626822,0.8047714530916578
2023-04-27 16:00:00,0.8346603885082253,0.7411619787023496,0.7973724607255737,0.7987560830000118,0.3382006236254466,0.31888579004672984,0.7864435247893163,0.7799471441808631,0.745051667418259,0.7873624329738944,0.7805301752128226,0.8434723567007671,0.7451026668998029,0.7845802018738669,0.6461069580124689,0.6318781743627268,0.30150456837007317,0.8267453495971017,0.26552413835670385,0.7865212103716404,0.7854538288225731,0.8389785086268428,0.7801022080327853,0.7915405933254215,0.8443813918321887,0.42774958751589587,0.7610495263123562,0.7708689058536948
2023-04-27 17:00:00,0.7693112225471396,0.706692993789267,0.7666209367949318,0.7614522395355846,0.32115254543422245,0.27876041753760605,0.7539398512690868,0.7473876280575816,0.6716849608769074,0.7561270183981859,0.749271088552911,0.8182616595415548,0.6876960523584723,0.7524606056163615,0.6214929070252074,0.5853303540407898,0.21729105397164694,0.7846657678329706,0.20756215211461607,0.7555843402597606,0.7534425983598375,0.805125165343226,0.7433380818453612,0.7374191774002262,0.783099609057063,0.41603529571120623,0.6879383249525782,0.7225983862281272
2023-04-27 18:00:00,0.703657625418875,0.6021315101821326,0.7103384931957611,0.7187490399044492,0.26062261013180604,0.2027571505017052,0.6919663468088647,0.6918500821572445,0.6116154435535606,0.7053323377151342,0.6988669228899629,0.7789276155011192,0.6199583997898739,0.6848806677781503,0.4348174627026696,0.46914971445181697,0.1884398896285294,0.7443855394708773,0.1331694463822318,0.7028996283484724,0.6842005111306345,0.7550448737924694,0.6789879044541854,0.6535195245618105,0.677634825112303,0.3436965387348674,0.6074287980777318,0.6271663492528501
2023-04-27 19:00:00,0.5974265989795648,0.45315291226487014,0.6192793474585477,0.6280516090815415,0.21990184612791558,0.1423104678962946,0.6063417141682574,0.5986606976848085,0.5058211639094881,0.6110566520785472,0.6069425344880663,0.6844620869888801,0.4765352286395661,0.592290499786981,0.16124040234204112,0.3123520893837275,0.11516096887688566,0.6467290106886282,0.06508931487261813,0.6021783068512632,0.591758753240303,0.6619461687433125,0.511442109522763,0.5424555178358617,0.4510852965010374,0.21920943441098434,0.4063917788920348,0.5388121533384825
2023-04-27 20:00:00,0.4148992635308111,0.24851200607072357,0.44543441983199905,0.432505944533117,0.16004287121704375,0.09541042093018023,0.4273794077259078,0.4206725639557449,0.3379999040396059,0.4317068130693509,0.43027061817845597,0.4859023865531186,0.3127177977681055,0.4161930274699131,0.07546420500640398,0.2661203021416686,0.0814829737277728,0.43763304849767226,0.030638607332641035,0.41461706443526103,0.41588836506512467,0.46586865822228957,0.2910349270982885,0.3927408538146617,0.2285639165515244,0.1026925578939653,0.23106302222162725,0.39808221976414365
2023-04-27 21:00:00,0.05717730603433559,0.0017175103381341483,0.0,0.0,0.10072524981835645,0.07173361022152294,0.0,0.0,0.1716835925168768,0.0,0.0,0.0,0.15093571812299317,0.0,0.10156376347084423,0.2535675675807757,0.049389140449048956,0.0,0.002217233366223526,0.0,0.0,0.0,0.0,0.0,0.0,0.04559023298660549,0.012713078562715628,0.0
2023-04-27 22:00:00,0.0,0.0,0.0,0.0,0.00790788578747964,0.0,0.0,0.0,0.0,0.0,0.0,0.0,0.0,0.0,0.0,0.0,0.0,0.0,0.0,0.0,0.0,0.0,0.0,0.0,0.0,0.0,0.0,0.0
2023-04-27 23:00:00,0.0,0.0,0.0,0.0,0.0,0.0,0.0,0.0,0.0,0.0,0.0,0.0,0.0,0.0,0.0,0.0,0.0,0.0,0.0,0.0,0.0,0.0,0.0,0.0,0.0,0.0,0.0,0.0
2023-04-28 00:00:00,0.0,0.0,0.0,0.0,0.0,0.0,0.0,0.0,0.0,0.0,0.0,0.0,0.0,0.0,0.0,0.0,0.0,0.0,0.0,0.0,0.0,0.0,0.0,0.0,0.0,0.0,0.0,0.0
2023-04-28 01:00:00,0.0,0.0,0.0,0.0,0.0,0.0,0.0,0.0,0.0,0.0,0.0,0.0,0.0,0.0,0.0,0.0,0.0,0.0,0.0,0.0,0.0,0.0,0.0,0.0,0.0,0.0,0.0,0.0
2023-04-28 02:00:00,0.0,0.0,0.0,0.0,0.0,0.0,0.0,0.0,0.0,0.0,0.0,0.0,0.0,0.0,0.0,0.0,0.0,0.0,0.0,0.0,0.0,0.0,0.0,0.0,0.0,0.0,0.0,0.0
2023-04-28 03:00:00,0.0,0.0,0.0,0.0,0.0,0.0,0.0,0.0,0.0,0.0,0.0,0.0,0.0,0.0,0.0,0.0,0.0,0.0,0.0,0.0,0.0,0.0,0.0,0.0,0.0,0.0,0.0,0.0
2023-04-28 04:00:00,0.0,0.0,0.0,0.0,0.0,0.0,0.0,0.0,0.0,0.0,0.0,0.0,0.0,0.0,0.0,0.0,0.0,0.0,0.0,0.0,0.0,0.0,0.0,0.0,0.0,0.0,0.0,0.0
2023-04-28 05:00:00,0.0,0.0,0.0,0.0,0.0,0.0,0.0,0.0,0.0,0.0,0.0,0.0,0.0,0.0,0.0,0.0,0.0,0.0,0.0,0.0,0.0,0.0,0.0,0.0,0.0,0.0,0.0,0.0
2023-04-28 06:00:00,0.0,0.0,0.0,0.0,0.0,0.0,0.0,0.0,0.0,0.0,0.0,0.0,0.0,0.0,0.0,0.0,0.0,0.0,0.0,0.0,0.0,0.0,0.0,0.0,0.0,0.0,0.0,0.0
2023-04-28 07:00:00,0.3812035175669036,0.40738511002121863,0.3429712563656764,0.3999471029983905,0.11116538242979153,0.07504893880246102,0.35484409792136834,0.35375615544276234,0.3648422066926688,0.35059479393964066,0.35361194615058184,0.4332194064330127,0.35954382743893776,0.35223699228554456,0.3538229640062405,0.34488951807993673,0.0030549792833580226,0.38836037448770017,0.012718757375901722,0.36069411978365074,0.35148871625754174,0.3925620746893978,0.48351032586278925,0.44622439688299265,0.4056389131755631,0.1636069937483482,0.31522823914908094,0.42468117748567863
2023-04-28 08:00:00,0.5904786932299251,0.6204293423359382,0.5423918713926135,0.6209091140754974,0.23597292530150973,0.1372718869170102,0.5595105623056008,0.5579008900886454,0.5584347970650834,0.5574700584428159,0.5588255806597253,0.661059521993738,0.5679749536235962,0.5542836842932659,0.5336818636560589,0.5294212843135652,0.02898807023106902,0.6102054377237064,0.03577357151610556,0.5662564694582963,0.5532771758057561,0.6157969705811325,0.6657323286501481,0.6493195629781328,0.6192763185946442,0.2657928577553983,0.5600466908394284,0.63024471351226
2023-04-28 09:00:00,0.7275641523378065,0.7376878032074217,0.6774268065157104,0.7447014336833528,0.353072147432476,0.25459431159595153,0.6858273566642623,0.68447973074398,0.6969333805558496,0.6848762403453098,0.6844933974202713,0.784958456445355,0.7009831822551814,0.6846719953878648,0.6987752967339385,0.6909763931225985,0.0748157450502907,0.7401831413296632,0.12079766740239176,0.6868035952156816,0.6846066808745961,0.7441661218692986,0.753461740311674,0.7533436960945668,0.7510807912862848,0.43127890119203144,0.7119523885537915,0.7379726384540254
2023-04-28 10:00:00,0.7939939059518066,0.7949829017210008,0.743541921053956,0.8045189056973936,0.46131322949179104,0.34122489227301167,0.7499408490857293,0.7473697320543465,0.776692591486375,0.7520365568026175,0.7489373739460436,0.8441722831129511,0.7854842423980987,0.7482868128011977,0.7752865806531388,0.7655288205285534,0.16494243069179507,0.8012429144995541,0.26548970921790555,0.7498129317964334,0.7487153354592775,0.8086991967201014,0.8092597655410664,0.8045726062394378,0.8297962419618479,0.5552439138407567,0.7891914590160264,0.7902864183997415
2023-04-28 11:00:00,0.8299985669734088,0.8275672601364051,0.7848917963907478,0.8354660419211523,0.5173617952826965,0.40946367161975267,0.784604519376724,0.7833346458074186,0.8155480454840052,0.7903681456870105,0.7850351393044517,0.8735797678507269,0.8232495588317461,0.7851200107038436,0.820795340053169,0.8051582054918689,0.3084241182443968,0.8329344760619954,0.39283278506517777,0.7856112460444834,0.7858065853119602,0.843186860846385,0.8242196785319087,0.8303900729047208,0.8416984935559358,0.6479835134891632,0.8120664788077105,0.8169127250234273
2023-04-28 12:00:00,0.8470585624440711,0.8454568188358991,0.807070827607621,0.8465750988247079,0.5603051039504098,0.44557646873111423,0.7995236879600037,0.7993034073291834,0.8352827572362278,0.8090957494233413,0.8008745825064252,0.886942126455348,0.8424361878953319,0.8027908839699275,0.8426338883227759,0.8281802037016675,0.4095359741298488,0.847895462935683,0.4343179892056459,0.8036311889791272,0.8038600583876369,0.8594563928329481,0.8548427165838254,0.8433024125994805,0.8834039445773532,0.6124083340582502,0.8269558815091108,0.8298686685489717
2023-04-28 13:00:00,0.8540579416286826,0.8490693495111794,0.8185315154140215,0.8503676935884736,0.6109221283167966,0.5547337384108356,0.8060198016190786,0.8058493742692893,0.8438897883398625,0.8169656054500373,0.8070737299783997,0.8900364041337282,0.8504263670973277,0.8106733282905728,0.8488994656632093,0.8368192637944909,0.5539978423654892,0.8523173700513133,0.5155834034344776,0.8115864071065942,0.8119410974424132,0.8647398136172582,0.8438705418492084,0.8458521075960345,0.8870801139647271,0.6642074536624136,0.8445518871336732,0.8320242335958009
2023-04-28 14:00:00,0.8531988035169699,0.8437870863453266,0.8184936136467474,0.8466437601490274,0.6054444553594064,0.6149994700255474,0.8038812331313991,0.8034930634195585,0.8430098196378912,0.8146527882982577,0.8041332595348161,0.8865332379332849,0.8493711990387662,0.8097470512349019,0.8445215833903289,0.8354558358389759,0.64705443934229,0.8493868391153353,0.568621839343264,0.8101874551785135,0.8112087665645484,0.8623092095468405,0.8346970901482937,0.8408869351142441,0.8802918188079093,0.7202509716806449,0.8548879634964713,0.8264010233099177
2023-04-28 15:00:00,0.8474237219851253,0.8322132163153079,0.8101271606163611,0.8357166250704751,0.5995681837189694,0.6361612721756791,0.7946248615301473,0.7935769346979628,0.8350595685584509,0.8063960797487608,0.7941162898759309,0.8774324881979783,0.8407713720095202,0.8016129487014041,0.8336239693275558,0.8275368174702153,0.6909309257737523,0.8412058999742592,0.6343623860491326,0.8009624654043513,0.8034195404544813,0.8546515723515654,0.8320491537821486,0.8297092903876511,0.8744592686941588,0.7238326394940525,0.8430981266987776,0.814246850627987
2023-04-28 16:00:00,0.8325123327911577,0.8150886767486162,0.7911168830768207,0.818216392373282,0.5519906417083822,0.622541045668755,0.7762176481207327,0.7741182744726691,0.8207968265914317,0.7865616242969085,0.775343008712648,0.8622320647601845,0.826484148062837,0.7814349107943215,0.8210441722872533,0.8143187381857737,0.7084851997654836,0.8258190703226368,0.644611289743195,0.7821759561091312,0.7830374556437008,0.8388310573150011,0.8289771382677817,0.8105611362756375,0.8553014718598785,0.7266377355647221,0.8283197845300281,0.795188186536224
2023-04-28 17:00:00,0.8039652132633396,0.7849736501404541,0.7594564698576408,0.7891138293984498,0.45580631447520364,0.5646623387948214,0.745196222653781,0.7418989867819289,0.7923890968011442,0.7542456600688394,0.743732324453962,0.8340011452505716,0.7977625113323934,0.7479814583295539,0.7916829596202855,0.7849535013162462,0.6792105289155292,0.798599223652286,0.6203615883922423,0.75008726358034,0.7492677710234201,0.808912164293142,0.78965237569313,0.7788617425534238,0.8175468492798097,0.6508120715336302,0.7984356727040873,0.7638568776297457
2023-04-28 18:00:00,0.7576096838249237,0.7364252939710275,0.7086919302240791,0.739335832197235,0.401336028608485,0.5459020164449876,0.6948331938561694,0.6900929839781607,0.7479964875283016,0.7026834726528487,0.6938185260492078,0.7860580248540797,0.7541000369747798,0.6928909494638851,0.7516865046746803,0.7418541623601964,0.6639612918643089,0.7531788318612747,0.5575939665834881,0.6971551649943113,0.6935571463222223,0.7606782694868941,0.7175169538015798,0.7255453840163154,0.7540489824093703,0.6227869585878946,0.7437865359499899,0.7104091401946496
2023-04-28 19:00:00,0.6677885637317829,0.6519075008147857,0.6188099579409944,0.6401469575944019,0.2846481131315432,0.47223898818145205,0.6052390685806815,0.5951194302068635,0.6641895028910723,0.6104049934409318,0.6033352410981048,0.6883671815786914,0.669444935519837,0.5915233444002408,0.6756203953335043,0.6621435269027984,0.5888357574667925,0.6610505767550655,0.4994596947851391,0.5953913816212942,0.591261922860421,0.6658689465710964,0.5828193608858089,0.6268085647198719,0.6325512821735937,0.5405119971358515,0.6415968859164367,0.6146615369893449
2023-04-28 20:00:00,0.4986832493532904,0.4870838044938296,0.45000277885434325,0.44765219365537234,0.2248387875606311,0.3877661617193012,0.43227037666428664,0.4111480962811925,0.5108105373002254,0.43664679359503716,0.4343837270894074,0.5006982441950905,0.513634121311072,0.3892803332051968,0.5319446834210366,0.5160008075699004,0.43368198066605324,0.49163807377719676,0.4169420696486146,0.4005052269820689,0.38650814652400783,0.4871976511092296,0.37726640142148254,0.4376783444943226,0.4188626832672868,0.42208485556683356,0.45223051695236316,0.4305441901177094
2023-04-28 21:00:00,0.0718037063249238,0.07630883402695957,0.0,0.0,0.12080071739717968,0.21848004577696084,0.0,0.0,0.23694451598280364,0.0,0.0,0.0,0.2297395502035701,0.0,0.34975354673883113,0.33060867304761066,0.2012154155512465,0.0,0.2255558441454841,0.0,0.0,0.0,0.0,0.0,0.0,0.24213795127230833,0.017904604117441048,0.0
2023-04-28 22:00:00,0.0,0.0,0.0,0.0,0.0039992933028159304,0.0,0.0,0.0,0.0,0.0,0.0,0.0,0.0,0.0,0.0,0.0,0.0,0.0,0.0,0.0,0.0,0.0,0.0,0.0,0.0,0.0,0.0,0.0
2023-04-28 23:00:00,0.0,0.0,0.0,0.0,0.0,0.0,0.0,0.0,0.0,0.0,0.0,0.0,0.0,0.0,0.0,0.0,0.0,0.0,0.0,0.0,0.0,0.0,0.0,0.0,0.0,0.0,0.0,0.0
2023-04-29 00:00:00,0.0,0.0,0.0,0.0,0.0,0.0,0.0,0.0,0.0,0.0,0.0,0.0,0.0,0.0,0.0,0.0,0.0,0.0,0.0,0.0,0.0,0.0,0.0,0.0,0.0,0.0,0.0,0.0
2023-04-29 01:00:00,0.0,0.0,0.0,0.0,0.0,0.0,0.0,0.0,0.0,0.0,0.0,0.0,0.0,0.0,0.0,0.0,0.0,0.0,0.0,0.0,0.0,0.0,0.0,0.0,0.0,0.0,0.0,0.0
2023-04-29 02:00:00,0.0,0.0,0.0,0.0,0.0,0.0,0.0,0.0,0.0,0.0,0.0,0.0,0.0,0.0,0.0,0.0,0.0,0.0,0.0,0.0,0.0,0.0,0.0,0.0,0.0,0.0,0.0,0.0
2023-04-29 03:00:00,0.0,0.0,0.0,0.0,0.0,0.0,0.0,0.0,0.0,0.0,0.0,0.0,0.0,0.0,0.0,0.0,0.0,0.0,0.0,0.0,0.0,0.0,0.0,0.0,0.0,0.0,0.0,0.0
2023-04-29 04:00:00,0.0,0.0,0.0,0.0,0.0,0.0,0.0,0.0,0.0,0.0,0.0,0.0,0.0,0.0,0.0,0.0,0.0,0.0,0.0,0.0,0.0,0.0,0.0,0.0,0.0,0.0,0.0,0.0
2023-04-29 05:00:00,0.0,0.0,0.0,0.0,0.0,0.0,0.0,0.0,0.0,0.0,0.0,0.0,0.0,0.0,0.0,0.0,0.0,0.0,0.0,0.0,0.0,0.0,0.0,0.0,0.0,0.0,0.0,0.0
2023-04-29 06:00:00,0.0,0.0,0.0,0.0,0.0,0.0,0.0,0.0,0.0,0.0,0.0,0.0,0.0,0.0,0.0,0.0,0.0,0.0,0.0,0.0,0.0,0.0,0.0,0.0,0.0,0.0,0.0,0.0
2023-04-29 07:00:00,0.3692341841851604,0.40851576461538414,0.320173850121713,0.39536378459010596,0.0502057275941074,0.09635822808339164,0.3162222985506648,0.3308488024548809,0.3547716530992859,0.32926840850913924,0.3286495782602096,0.4166761738990949,0.3527115859481575,0.33453235787557983,0.35029685800097343,0.34024900810828973,0.01539673734041495,0.37763549454443707,0.0071351714937887886,0.341804329722554,0.334909379520711,0.37679637567070284,0.5313641355219418,0.44751441621082005,0.5436442572715385,0.1329833184463614,0.48894976286523595,0.42539229443868276
2023-04-29 08:00:00,0.5717506945339906,0.6182888837493166,0.5161664859118682,0.6181531254857244,0.16017223863027266,0.25686615528737433,0.5164949433444389,0.522685109892669,0.5498136879665643,0.5246066630339872,0.5183464488738093,0.6419567466641015,0.5601922142135697,0.531245579852828,0.571693774261883,0.5419980042639958,0.238755598521198,0.5925908659998816,0.10315581101813097,0.5360539861693882,0.5325408365032003,0.5896950327083359,0.6851443717036253,0.6508150544326738,0.7194455615495384,0.32055277239979496,0.6713973220969842,0.6295246463802169
2023-04-29 09:00:00,0.6888251966027534,0.7325392272822271,0.6087648604651115,0.7201001331117199,0.31385150868756717,0.3765619002548562,0.6165172824456788,0.6549628984293686,0.6630740703742696,0.6544412473929683,0.6463839459044499,0.7438943389073656,0.6896899431682147,0.6690528690931239,0.6993727115723529,0.6759147736011187,0.3560237521317886,0.711729683939112,0.28911002063158625,0.6638283332143784,0.669779529062426,0.7105809621620164,0.7826267872283866,0.7396740516331152,0.7986498269771989,0.5184110818360671,0.7677363426238392,0.7229340936237126
2023-04-29 10:00:00,0.7581414100750193,0.7879948147219986,0.7055769344062642,0.7830827872593552,0.41468069026136123,0.4556384829232615,0.6877390177570814,0.7211205795614948,0.6968121960995276,0.7270099352348249,0.7211560187412401,0.8241680192732391,0.7244296123764103,0.7279891348456294,0.7525001739701485,0.7218912348560985,0.4258377178968359,0.7807929797798261,0.5242600921976414,0.7238359002203034,0.7296794114700099,0.7897228445480922,0.823939647228359,0.7897116923956496,0.8375711700466492,0.6102610602514805,0.8169577468719806,0.7739504194382643
2023-04-29 11:00:00,0.7853343610120436,0.8040530177282255,0.7034065018919868,0.8157367079595507,0.5241985712877878,0.5694377795084602,0.7122470024877684,0.7588266256392031,0.7293388244171788,0.7601475142799816,0.7525641596018672,0.8485275831432835,0.7657069465275496,0.7718565376845691,0.7656259592029739,0.7418343551796509,0.6253723555926782,0.8122089154690836,0.6980281056732985,0.7648533887365719,0.7731110000539626,0.8223663021792652,0.8507187467419386,0.8167813981808731,0.8625330518695072,0.6558440887917152,0.8438623278904489,0.7974427444734922
2023-04-29 12:00:00,0.7888168074185347,0.8146194742398263,0.6466425181287578,0.8342441944903178,0.5141134892984289,0.6070966171884886,0.667670288428368,0.7475787385511771,0.7372677004138806,0.7415528108261693,0.7223395136762892,0.8694512445464936,0.7525968516606865,0.7846742068768956,0.725003084696406,0.7009937710434231,0.6257911943873371,0.8201955898109218,0.6635130165265641,0.7807372611979827,0.7870947752860176,0.8287175325356372,0.8618645946931766,0.8332145111677449,0.8786899293582326,0.6631388105367028,0.8526505758332338,0.8118775277527217
2023-04-29 13:00:00,0.7996747727722557,0.7989714742014471,0.716589716115459,0.8363002678219552,0.5447511000300824,0.665938476769616,0.7285017374732594,0.7716818405314868,0.761486768067998,0.7628548847925624,0.7515637350801841,0.8663209332674563,0.7554048615353196,0.7952716422076169,0.709705894446865,0.73025718005632,0.6860063717122952,0.8174667061293258,0.6436657152033682,0.7897536061287067,0.797588358082852,0.8257212718693432,0.8594938182371566,0.8358118464954504,0.878872691570228,0.6593258533499311,0.8522301026156931,0.8146633801334823
2023-04-29 14:00:00,0.8126557204038318,0.7816362083895664,0.7022700429397699,0.8367027966049996,0.5643683101965792,0.7010809794776399,0.6783304016090935,0.7571524641709485,0.7852486800505333,0.7457565026577707,0.7281407145982473,0.8528462813784772,0.7860904959077473,0.7986857002932838,0.7170280540989487,0.7574844998433141,0.5750238713005139,0.8074851331971704,0.6180051199574926,0.7896844920370657,0.8016394422597536,0.8130003649429277,0.8546413289827187,0.8338523957194095,0.8757786092778254,0.6549840977176917,0.8491057571832457,0.8117670223110499
2023-04-29 15:00:00,0.8016413689479915,0.7518059887442101,0.7180337786675577,0.8281486183332039,0.5738288142008451,0.709187908056946,0.6918677953197901,0.7591643656254065,0.7722287011912875,0.7511870053455794,0.7366700323215998,0.8340461748121424,0.7922093235218964,0.7931288823233733,0.7283605556306154,0.7774334158513176,0.4362795495775299,0.7965658814420676,0.5332125869370038,0.7815852195221388,0.7953684867799863,0.8053032045909444,0.8380015383060965,0.8257980000913239,0.8645149818336099,0.6897077901971996,0.8318668903893303,0.8029519142761165
2023-04-29 16:00:00,0.7741035851176548,0.7251351163286691,0.7407362210622529,0.8063641376977572,0.5512598969556038,0.6320427048697087,0.7220750408885549,0.7511652204888142,0.7252016893948329,0.742994605863078,0.7411655966378727,0.7988524230470987,0.7749644647440734,0.7721073188869264,0.7083914453301252,0.7607066219275553,0.38723759266223806,0.7695957203155436,0.4079910707730473,0.7579435281558045,0.7743294322606897,0.7733393279819145,0.8211338774927596,0.8041876724159792,0.8485733857311998,0.633336293766611,0.7963008702257055,0.7812338816090186
2023-04-29 17:00:00,0.7213623407855262,0.6763938105460331,0.6533082640199149,0.7667085779946745,0.5283117416347984,0.5635908832436449,0.6814876232148249,0.7282479607586204,0.6617717927932643,0.7102210180218825,0.7191631683753108,0.7362241856804501,0.7510147787420455,0.7467950272856085,0.6939072125053466,0.7361447391500946,0.2687626855151673,0.7419169290571972,0.3089204114126759,0.7260925341689805,0.7480445674118109,0.7194265648514597,0.7768625786312743,0.7681298917739567,0.8066711139697319,0.5902309441640121,0.7381064754913359,0.7502326573602854
2023-04-29 18:00:00,0.6468849952850009,0.5888574728764365,0.5315989109454833,0.7153442870527817,0.4616296067520225,0.44625406901361053,0.6003428391585873,0.6783021252800973,0.5552975865153648,0.6751202286802831,0.6644148024936685,0.7067889649641782,0.6484112639316529,0.70193228717896,0.6399813719719022,0.6171822516719552,0.1573654780749174,0.7192207604326614,0.19631530475027983,0.6896158140961837,0.7028075415081229,0.7100438884060548,0.7111058964676111,0.7141623071035674,0.7519806561171709,0.4736870897051587,0.6454388832350857,0.6993162170366022
2023-04-29 19:00:00,0.5158664894377456,0.5204808791523611,0.40891023258041653,0.6224782285061559,0.3241454613677005,0.33377076481034124,0.5115880229113731,0.5905956191128715,0.4037464229274707,0.5966336988154668,0.5905275981791169,0.6457320735211899,0.46468794805164176,0.5915430328715938,0.465404248444854,0.43997190670141345,0.11734087187161711,0.641306125624759,0.1189808382373412,0.5978069638583714,0.5902306692257464,0.6422399960657349,0.5860331577798725,0.6183198730095925,0.6347966672140173,0.35519501591398217,0.5056851849973194,0.6056177656970135
2023-04-29 20:00:00,0.3527098970199078,0.37281099646875754,0.2528265384265683,0.4417516332067776,0.17121327988380022,0.17114563514818837,0.3494922164816258,0.41647357578051936,0.24382981839686255,0.4148191080562359,0.4105787256603808,0.47256745782511717,0.2783283323508849,0.42310561884047204,0.28001557966948354,0.25527772267118304,0.08744231462714241,0.46705624160097736,0.06558743052309772,0.4158226269444574,0.4217095885516066,0.46194545129768755,0.3825299868131622,0.4361794929585815,0.4253748396448438,0.1934776814678933,0.33029834840084815,0.43017895522272454
2023-04-29 21:00:00,0.0029428365984304106,0.013208074830809961,0.0,0.0,0.06992238483445845,0.027598972518986995,0.0,0.0,0.042678929287477387,0.0,0.0,0.0,0.07445863023003145,0.0,0.06404746816861626,0.06360680678214126,0.042184409477793984,0.0,0.045859141519838637,0.0,0.0,0.0,0.0,0.0,0.0,0.04914919709654967,0.003282518583022213,0.0
2023-04-29 22:00:00,0.0,0.0,0.0,0.0,0.004847079416924748,0.0,0.0,0.0,0.0,0.0,0.0,0.0,0.0,0.0,0.0,0.0,0.0,0.0,0.0,0.0,0.0,0.0,0.0,0.0,0.0,0.0,0.0,0.0
2023-04-29 23:00:00,0.0,0.0,0.0,0.0,0.0,0.0,0.0,0.0,0.0,0.0,0.0,0.0,0.0,0.0,0.0,0.0,0.0,0.0,0.0,0.0,0.0,0.0,0.0,0.0,0.0,0.0,0.0,0.0
2023-04-30 00:00:00,0.0,0.0,0.0,0.0,0.0,0.0,0.0,0.0,0.0,0.0,0.0,0.0,0.0,0.0,0.0,0.0,0.0,0.0,0.0,0.0,0.0,0.0,0.0,0.0,0.0,0.0,0.0,0.0
2023-04-30 01:00:00,0.0,0.0,0.0,0.0,0.0,0.0,0.0,0.0,0.0,0.0,0.0,0.0,0.0,0.0,0.0,0.0,0.0,0.0,0.0,0.0,0.0,0.0,0.0,0.0,0.0,0.0,0.0,0.0
2023-04-30 02:00:00,0.0,0.0,0.0,0.0,0.0,0.0,0.0,0.0,0.0,0.0,0.0,0.0,0.0,0.0,0.0,0.0,0.0,0.0,0.0,0.0,0.0,0.0,0.0,0.0,0.0,0.0,0.0,0.0
2023-04-30 03:00:00,0.0,0.0,0.0,0.0,0.0,0.0,0.0,0.0,0.0,0.0,0.0,0.0,0.0,0.0,0.0,0.0,0.0,0.0,0.0,0.0,0.0,0.0,0.0,0.0,0.0,0.0,0.0,0.0
2023-04-30 04:00:00,0.0,0.0,0.0,0.0,0.0,0.0,0.0,0.0,0.0,0.0,0.0,0.0,0.0,0.0,0.0,0.0,0.0,0.0,0.0,0.0,0.0,0.0,0.0,0.0,0.0,0.0,0.0,0.0
2023-04-30 05:00:00,0.0,0.0,0.0,0.0,0.0,0.0,0.0,0.0,0.0,0.0,0.0,0.0,0.0,0.0,0.0,0.0,0.0,0.0,0.0,0.0,0.0,0.0,0.0,0.0,0.0,0.0,0.0,0.0
2023-04-30 06:00:00,0.0,0.0,0.0,0.0,0.0,0.0,0.0,0.0,0.0,0.0,0.0,0.0,0.0,0.0,0.0,0.0,0.0,0.0,0.0,0.0,0.0,0.0,0.15117973317881775,0.0,0.0,0.0,0.0,0.0
2023-04-30 07:00:00,0.15229218709068537,0.1891799626256202,0.044145859582400235,0.3431071699323385,0.027835719485179617,0.01742888472467849,0.1561452232376767,0.21122517902909424,0.07287977161684858,0.18066294372342837,0.1641702378387825,0.22957292393569115,0.08151566826134755,0.24152640624360044,0.0221992855952665,0.05746468206252858,0.00855286776519228,0.21758849479647702,0.013917338579899125,0.2553946340114656,0.24433360386680977,0.22236245984157443,0.5523664860071004,0.43598939022854316,0.5482326511353713,0.01782669502273951,0.4019102325894099,0.42302413421077845
2023-04-30 08:00:00,0.2723652472291758,0.3080929867276378,0.07427410554238706,0.5727610562234223,0.079827308930629,0.04719102572607301,0.27420347545828777,0.42453184990846277,0.13318084102622557,0.3580565943025168,0.31157879584775255,0.4542364248989623,0.14971910555680085,0.49136478373625386,0.07489103918570754,0.10205169033437311,0.020595948319416656,0.3814647588853706,0.05914983893040906,0.5465442074751222,0.4979221063850819,0.42689222674647165,0.7148856141266706,0.6184506551089081,0.713788665087231,0.05469374352446063,0.5536855202898542,0.6023070749100513
2023-04-30 09:00:00,0.3607445981828813,0.43491865435916005,0.10313294501306397,0.7002219173093857,0.16828996367445528,0.1093930921063548,0.2680761192634239,0.4582091135127488,0.2042493684326232,0.45258223158976557,0.36444027086300956,0.6562294621802897,0.21267162633795356,0.5363282012208885,0.15472370343395822,0.12185256376469959,0.10647624159609617,0.5167982542931174,0.13734484926595883,0.6177835492323153,0.5479009586600494,0.5549283128474531,0.785794254241039,0.7221221582731503,0.8031231350766294,0.13554821692995067,0.6605888199931758,0.7033010625053654
2023-04-30 10:00:00,0.42143484834779155,0.5593754605604818,0.11627112699790408,0.7106516375494657,0.24898537037789545,0.21885951750413143,0.3062908335722036,0.5212874001235364,0.26888409127265245,0.44515423038772534,0.395842524148074,0.7661933084055074,0.29238578215106353,0.6091014817981618,0.21636922983442236,0.16939276652776109,0.19539325087836926,0.5492543869137968,0.17213370334794778,0.6714713509277653,0.6177833109362185,0.5945725523128712,0.8221984894982646,0.7775513590924029,0.8409507249735108,0.24108153279686592,0.7344688508633053,0.7605346301147441
2023-04-30 11:00:00,0.45981958587237726,0.6161824821913169,0.11642875732167325,0.7095031353862785,0.3193513721678474,0.28749510946009765,0.2401314612008577,0.475239594957279,0.3321585843459263,0.4252393676259184,0.3425063568165113,0.7850259917476798,0.338384165752876,0.5816675321592792,0.28750031127443687,0.20266663529054207,0.28588071163179324,0.601275449879552,0.23533189363685683,0.6969082289706016,0.5964202684662444,0.6048448580124025,0.8443787337163897,0.8118347261796619,0.8628015682801131,0.32552490169974924,0.7667754814531444,0.7932120728704031
2023-04-30 12:00:00,0.40085377484403634,0.6607676815761416,0.24390764086356956,0.5362402402766185,0.3515200733865708,0.33041614732436814,0.2567708281508679,0.30021554329523914,0.2333568625832971,0.3787615158684162,0.2883443557403861,0.674680252709853,0.2185551290468538,0.31069787605102145,0.44920588173096426,0.18444817203804253,0.26212598324288,0.44681426886953174,0.1947107701686985,0.37733126935015016,0.31643486928013964,0.5395692399156111,0.8553851249552269,0.7350314624384674,0.8722755522080223,0.43247569312199063,0.790397155175827,0.7045047355106695
2023-04-30 13:00:00,0.4368968648972869,0.6435181380854171,0.369429811645906,0.4580116847482405,0.40382042565716375,0.31552338859186413,0.3952220560424937,0.4614345784183445,0.26292026732504864,0.40656888318904966,0.3756356569257011,0.52819211017715,0.2392679331357184,0.5196456814456374,0.4068084395528243,0.1747102908898864,0.28954829336992916,0.4998315053720479,0.1927375471820678,0.5249023968962994,0.5233696197337405,0.5213478644808233,0.8563231086804722,0.7274558277762705,0.8738216580034925,0.40475134576393634,0.809530736839252,0.6889088854126724
2023-04-30 14:00:00,0.3975969780382688,0.6584062860719428,0.4641660956286143,0.4984800899238672,0.4115952782499864,0.36246411788073984,0.5103451632675821,0.4514049738229791,0.30174200037823634,0.3696689785984638,0.40853175646744677,0.4397027204250613,0.27745773603995577,0.47370957013767245,0.39381394015437643,0.19934404701236794,0.3666449003037143,0.34245303419001766,0.24029555838280114,0.33182924608373277,0.4728917599507371,0.3968890690250155,0.8508937649515816,0.7543592442209893,0.8685355847611592,0.4430499779594469,0.8132324027975217,0.7036425563120204
2023-04-30 15:00:00,0.41911872029991243,0.5066512622799306,0.577789435727384,0.47748146464594077,0.42044819046490683,0.3546068590749032,0.493438922932847,0.43510185739349366,0.3491452102423535,0.3858866652995808,0.42230956287401034,0.3776009432796471,0.29177368149088473,0.4789504537984323,0.3382821019351105,0.19303064584589985,0.3822548982874986,0.37412195845746393,0.22192218735226896,0.4156290750214521,0.4850695301486824,0.37995041091769804,0.834932465287191,0.6826911567485197,0.8582512778557767,0.4077960080572668,0.8112226694377292,0.6365162644578319
2023-04-30 16:00:00,0.3766506421982422,0.3978466194339375,0.5994716060295792,0.4427260567138871,0.3881062085350451,0.35021757490278926,0.4984353784601254,0.40266310898741303,0.3485379846422095,0.3863480198685598,0.4348202736700657,0.2804076512956583,0.3113274339461142,0.3783600301638381,0.3377550683006157,0.2217826773920694,0.36644749050503994,0.26441700248748173,0.2864966941786007,0.30775827254814997,0.37513975156560847,0.2926284880456031,0.8110685018483161,0.6711093931591515,0.8387900443505231,0.4105516778599372,0.7865295189769096,0.6409713978085223
2023-04-30 17:00:00,0.3378121159894467,0.26887760272048183,0.5788663783101382,0.3264958536222254,0.33241984283079606,0.2594735853333257,0.47240112853542643,0.28047071154041747,0.26769891032153575,0.2910606699835171,0.3622132980252154,0.20973010058552538,0.2228282782406877,0.1911029420615366,0.2666333291281792,0.1586679195865391,0.28792084847236504,0.16381628426581177,0.2301633713449956,0.14874167981284275,0.1819499638085058,0.19630701184480484,0.7663732019758799,0.6227319281541436,0.79637970036561,0.32733031127168144,0.7155547136044864,0.5725947311787246
2023-04-30 18:00:00,0.33324155302083275,0.2724433576826072,0.5071062164361223,0.29133682631102503,0.3086595440560107,0.21804832594406648,0.4488044045654857,0.3183119507899883,0.28121901946323186,0.36979696690932673,0.3997775389691064,0.20999167707578464,0.2555351840490214,0.24762127523105676,0.2983212439147138,0.1618968667979777,0.28256434001627023,0.22003395717755594,0.1879679011365076,0.2267562153797019,0.24474511394377532,0.23404125365518633,0.6941753707616695,0.6094482972739057,0.7365399666073792,0.3150763844834481,0.6365915656453285,0.58410977922436
2023-04-30 19:00:00,0.25911661909372513,0.1702133920979734,0.4703803264338362,0.21426092133837235,0.22855533848330822,0.166648558139448,0.28367377811530564,0.13758051939705696,0.15258034679768565,0.2792478107524472,0.28940904809414353,0.12819801148470972,0.15054025859294703,0.055599820130217664,0.15193821530198448,0.085964394679363,0.27291546493688107,0.09542451351126507,0.15601900880699682,0.06564039675451944,0.054681893430131315,0.1770714163831585,0.5567400511411469,0.48640257049136804,0.608242880810486,0.19479695816086678,0.494494437962969,0.46958065381164776
2023-04-30 20:00:00,0.18688755243218552,0.10592045514956785,0.29723490446148976,0.16363247290375493,0.16906369675762092,0.10747498775377633,0.12822234210061936,0.07833313753953984,0.11200444345690806,0.18915631308543854,0.173803076282812,0.11074802525286558,0.11553202896561278,0.04776718974288471,0.17675467403260206,0.07763294191184301,0.20549172972976246,0.09509348002019473,0.1249638306823171,0.11707287142741941,0.051545206664871,0.13548924611814564,0.36625564713153835,0.27423840486395423,0.3877080350574315,0.1782428480208534,0.2821016795339544,0.28350583906717836
2023-04-30 21:00:00,0.06412818281367384,0.023109117880444372,0.0,0.0,0.08442163830631456,0.05533416217078698,0.0,0.0,0.057900055571664166,0.0,0.0,0.0,0.0629558002616375,0.0,0.12589359083434823,0.05368338342705944,0.11832330883185518,0.0,0.1206802986336044,0.0,0.0,0.0,0.0,0.0,0.0,0.09551115896636661,0.00020350520087133704,0.0
2023-04-30 22:00:00,0.0,0.0,0.0,0.0,0.018421478947164928,0.0,0.0,0.0,0.0,0.0,0.0,0.0,0.0,0.0,0.0,0.0,0.0,0.0,0.0,0.0,0.0,0.0,0.0,0.0,0.0,0.0,0.0,0.0
2023-04-30 23:00:00,0.0,0.0,0.0,0.0,0.0,0.0,0.0,0.0,0.0,0.0,0.0,0.0,0.0,0.0,0.0,0.0,0.0,0.0,0.0,0.0,0.0,0.0,0.0,0.0,0.0,0.0,0.0,0.0
2023-05-01 00:00:00,0.0,0.0,0.0,0.0,0.0,0.0,0.0,0.0,0.0,0.0,0.0,0.0,0.0,0.0,0.0,0.0,0.0,0.0,0.0,0.0,0.0,0.0,0.0,0.0,0.0,0.0,0.0,0.0
2023-05-01 01:00:00,0.0,0.0,0.0,0.0,0.0,0.0,0.0,0.0,0.0,0.0,0.0,0.0,0.0,0.0,0.0,0.0,0.0,0.0,0.0,0.0,0.0,0.0,0.0,0.0,0.0,0.0,0.0,0.0
2023-05-01 02:00:00,0.0,0.0,0.0,0.0,0.0,0.0,0.0,0.0,0.0,0.0,0.0,0.0,0.0,0.0,0.0,0.0,0.0,0.0,0.0,0.0,0.0,0.0,0.0,0.0,0.0,0.0,0.0,0.0
2023-05-01 03:00:00,0.0,0.0,0.0,0.0,0.0,0.0,0.0,0.0,0.0,0.0,0.0,0.0,0.0,0.0,0.0,0.0,0.0,0.0,0.0,0.0,0.0,0.0,0.0,0.0,0.0,0.0,0.0,0.0
2023-05-01 04:00:00,0.0,0.0,0.0,0.0,0.0,0.0,0.0,0.0,0.0,0.0,0.0,0.0,0.0,0.0,0.0,0.0,0.0,0.0,0.0,0.0,0.0,0.0,0.0,0.0,0.0,0.0,0.0,0.0
2023-05-01 05:00:00,0.0,0.0,0.0,0.0,0.0,0.0,0.0,0.0,0.0,0.0,0.0,0.0,0.0,0.0,0.0,0.0,0.0,0.0,0.0,0.0,0.0,0.0,0.0,0.0,0.0,0.0,0.0,0.0
2023-05-01 06:00:00,0.0,0.0,0.0,0.0,0.0,0.0,0.0,0.0,0.0,0.0,0.0,0.0,0.0,0.0,0.0,0.0,0.0,0.0,0.0,0.0,0.0,0.0,0.21099016828575853,0.0,0.016876428891282172,0.0,0.0,0.0
2023-05-01 07:00:00,0.10080240016686275,0.07660770090890985,0.2411498264132311,0.07906399448972751,0.11484108616352229,0.02256643571654895,0.19160387881231702,0.12585852167019537,0.025874641132937217,0.12601074821252606,0.14651530040799252,0.07595097801360572,0.03504229335295403,0.0867820728560646,0.03370937235097199,0.023003936836312404,0.1490039953032739,0.0995079181945735,0.07971127344797573,0.07129323303953988,0.08259962404244403,0.09870580023531289,0.44299677932155035,0.13898945349972225,0.29492372395292915,0.060081652872455926,0.13145436256137238,0.13145081138768705
2023-05-01 08:00:00,0.16392202340811782,0.13799998104360248,0.3800132097462485,0.14071366788691156,0.20292576439947377,0.07093582445862086,0.26415572764824996,0.16189144130498379,0.08662801963824522,0.2628675207209953,0.2273542781914058,0.14505971862234546,0.10393425190008694,0.08269829244456184,0.06638683635576001,0.06976478594648176,0.25364138095984723,0.17740051805183465,0.18031533398756605,0.14987860106791503,0.08167069350144587,0.2019028025540056,0.6566250813942544,0.3329464527851008,0.4712104325321619,0.11575489429240648,0.25106481140858755,0.28394798381223774
2023-05-01 09:00:00,0.2741013919082934,0.2577820780124517,0.537178722187657,0.2450194979734275,0.28936264230006736,0.1327460712073046,0.4013147420596983,0.31771658665046115,0.1583365395295283,0.44557972966067466,0.4120942342816795,0.26268457238092024,0.20669888035503026,0.2170065025247432,0.1664454461222108,0.15823631742519742,0.3771796228395701,0.27533155884911337,0.24969360763599796,0.2652681163776835,0.21229815704150196,0.34867224769841343,0.7423007203388935,0.48502882682976955,0.5655702167951868,0.19978380839511292,0.35824432354933483,0.4108802682068463
2023-05-01 10:00:00,0.40560800684695086,0.35868787252329665,0.7028764709959568,0.36012361704552065,0.4866013796664142,0.24106545181493724,0.6270316413654928,0.5073401956264503,0.2654225428381477,0.5868469929641372,0.6015604042904327,0.4881661911170851,0.323192532696671,0.3828941289846887,0.28850950167894834,0.25400712420084737,0.503231863302254,0.45554719795619675,0.39728114440777196,0.39066364868830816,0.3687198049214891,0.5424141525563969,0.786129976052495,0.575989367748838,0.696647088332498,0.3803911569640526,0.5238051167963473,0.5015825648095019
2023-05-01 11:00:00,0.5061012982907045,0.4712973161100246,0.7664334314907566,0.3717527355978056,0.5113013100029495,0.36130752450031217,0.6502594146967878,0.5349118188719296,0.3989629545314676,0.6187802876921227,0.6364873293364604,0.511023996219198,0.4491341988257143,0.4360192815068694,0.489989882924107,0.4310564765932423,0.5756117514732095,0.5726219376249144,0.46557210876543526,0.4087520453515602,0.42565644812940534,0.6078427832536822,0.8043561040918022,0.5901386068025801,0.7437715666146346,0.5364602573461613,0.543920839077367,0.5354027346567937
2023-05-01 12:00:00,0.5553802849951679,0.38996962223592274,0.7435982799729758,0.514670595609643,0.5794575657303697,0.5365501536470597,0.5835253012418412,0.49566264904857166,0.4648554956469949,0.6011526401121106,0.5972219005874139,0.609887372177707,0.48389314201360073,0.3881671934645654,0.5622967830295755,0.45883684219429616,0.6378574710366604,0.599311484923883,0.5647906066413428,0.4261064768327759,0.37891516817744314,0.6473856916157222,0.7816843930676051,0.5886946336940898,0.8210140000908033,0.6523773451765622,0.6337068985981231,0.46111430580772894
2023-05-01 13:00:00,0.6397353779839171,0.4697925015471544,0.6907300702698165,0.4750636736984926,0.6352773862142254,0.6125255174268343,0.5581240849247426,0.5489365226567834,0.572262817356851,0.5841050268410775,0.5719018317744016,0.6338813787376694,0.5634452229325241,0.5205112175777011,0.6896032330925363,0.5465368722223887,0.6510736260044307,0.6182841222473636,0.6033114615655399,0.551814178011891,0.5181797611473696,0.6589959452415824,0.7461961847433924,0.6312328425775875,0.8278870498201688,0.7341901995220678,0.683906962433342,0.5144795204944734
2023-05-01 14:00:00,0.6345648605047828,0.46682643117134026,0.6738095021419557,0.39656965787207366,0.6322126948060268,0.6570461409793735,0.5350712925977607,0.5385022932915988,0.5870029290800725,0.5675434546390815,0.5600274431897917,0.5653979088919715,0.6053521653782816,0.5463814509643804,0.7463889243339497,0.5966600328929579,0.7257819822248842,0.5935437780406562,0.6972907036904634,0.5253973225267581,0.548541500677272,0.6259658698338567,0.6929252546418925,0.5619845671871095,0.79894582339037,0.7672642499195358,0.6848755313460452,0.440985546346495
2023-05-01 15:00:00,0.6066839935303282,0.4140653848315667,0.7351367945784466,0.33040484659331826,0.6011192228319995,0.702554533562959,0.5771341694398053,0.5288219544814655,0.5923714547530732,0.576567536411517,0.5715241525029563,0.48074406908337336,0.6270681204551602,0.4889731989244559,0.7870762925473918,0.6537821645059034,0.735756906994718,0.5312505855347783,0.7219452254197015,0.4814205123281001,0.48747419461903985,0.5791676686727816,0.5961701112968628,0.4959926521566088,0.7325917906009631,0.8011277240036732,0.6901180145179482,0.3802753019308129
2023-05-01 16:00:00,0.5713986033524162,0.34677946931266573,0.655349708014509,0.29807707068003925,0.5810059309215467,0.7121060810274292,0.5128457156744141,0.5062651734695399,0.5484493866021548,0.5364205094809441,0.5217633526617995,0.39640006476888817,0.5884418422242096,0.4698745026322122,0.7634343223638306,0.6213867621134966,0.7638815907170085,0.45877904560560606,0.7357074661576197,0.4733834137457602,0.46752681196139295,0.5220847385175614,0.5060379423944082,0.4201853005457828,0.7323837662364284,0.7635877568669095,0.6510230852666667,0.30537449590581894
2023-05-01 17:00:00,0.5104707471514471,0.2812899861979768,0.5669142230864167,0.2367416752536154,0.5217716680683868,0.6837692882058993,0.4610459959629787,0.4744800210339455,0.5684851640875253,0.49561188228889597,0.4739868669163594,0.3031569772701825,0.6272566060054302,0.46547404948386617,0.7369439778679437,0.6850461601089113,0.7726297825060497,0.45850076592547384,0.7752629965780354,0.45555041430552395,0.4662465940457772,0.460428168082389,0.38996018362259344,0.321453206722792,0.6402290243684167,0.790836374705466,0.5760365164239597,0.2341246824156181
2023-05-01 18:00:00,0.4524083443197421,0.20648982535004828,0.4269702170408327,0.19869842749939248,0.4921277498159365,0.6794791480546307,0.32703273279660383,0.3480413422097808,0.5922534797354121,0.3628862006687197,0.34111814346709785,0.22706443822910832,0.6129585455650682,0.3324880394818874,0.6937677740888987,0.6945651403534109,0.7384661833113226,0.34463940583984853,0.7419741262397536,0.3738724024014274,0.3330548257530051,0.3255456235170037,0.2758355341868838,0.23962800474061458,0.5251278736675954,0.7619476592756449,0.4344296285568972,0.19533594733852777
2023-05-01 19:00:00,0.35480084218728425,0.1628611445439757,0.28021465856399247,0.1793455020625202,0.42529483285235126,0.6465774762323148,0.18351405388845035,0.2463254820397698,0.5470911305325314,0.21812948904437585,0.20533438392371248,0.13267686096024572,0.5662058357421301,0.292937233433147,0.6292985318506789,0.6336493409524827,0.6723775346695186,0.20650339788314143,0.6665747722852027,0.3276547917456385,0.300730303607601,0.18821714983783322,0.2212387833887938,0.1474907952804356,0.3639914599348044,0.7004847565127793,0.23832452108502147,0.1403883036759569
2023-05-01 20:00:00,0.22996549997531704,0.12216778952963972,0.12548792015029245,0.0903631026940672,0.3239104220512997,0.520578992666362,0.0727264573131443,0.11150316661148263,0.3859377502864759,0.09918846796514459,0.0816952385013196,0.06597568032911295,0.387992341365599,0.13472293511788294,0.5080502603948819,0.49243006768088854,0.5515984281972988,0.1196460166994207,0.5341935621338627,0.18913679602279465,0.13977007812668155,0.0896979696238598,0.135458247536749,0.06345328525172278,0.21019101967660578,0.5690197661287736,0.09323585572344976,0.05798029674587974
2023-05-01 21:00:00,0.09914818642851406,0.06741526712121693,0.02739115371849256,0.0,0.1863899258734141,0.2904851634227579,0.0,0.0,0.24852902095759913,0.0,0.0,0.0,0.2791619933688649,0.0,0.32816076657606585,0.3170854783832799,0.3443115724042319,0.0,0.3181281996442448,0.0,0.0,0.0,0.0,0.0,0.0,0.3472589855360877,0.020154833391939235,0.0
2023-05-01 22:00:00,0.0,0.0,0.0,0.0,0.0012133266570826646,0.0,0.0,0.0,0.0,0.0,0.0,0.0,0.0,0.0,0.0,0.0,0.0,0.0,0.0,0.0,0.0,0.0,0.0,0.0,0.0,0.0,0.0,0.0
2023-05-01 23:00:00,0.0,0.0,0.0,0.0,0.0,0.0,0.0,0.0,0.0,0.0,0.0,0.0,0.0,0.0,0.0,0.0,0.0,0.0,0.0,0.0,0.0,0.0,0.0,0.0,0.0,0.0,0.0,0.0
2023-05-02 00:00:00,0.0,0.0,0.0,0.0,0.0,0.0,0.0,0.0,0.0,0.0,0.0,0.0,0.0,0.0,0.0,0.0,0.0,0.0,0.0,0.0,0.0,0.0,0.0,0.0,0.0,0.0,0.0,0.0
2023-05-02 01:00:00,0.0,0.0,0.0,0.0,0.0,0.0,0.0,0.0,0.0,0.0,0.0,0.0,0.0,0.0,0.0,0.0,0.0,0.0,0.0,0.0,0.0,0.0,0.0,0.0,0.0,0.0,0.0,0.0
2023-05-02 02:00:00,0.0,0.0,0.0,0.0,0.0,0.0,0.0,0.0,0.0,0.0,0.0,0.0,0.0,0.0,0.0,0.0,0.0,0.0,0.0,0.0,0.0,0.0,0.0,0.0,0.0,0.0,0.0,0.0
2023-05-02 03:00:00,0.0,0.0,0.0,0.0,0.0,0.0,0.0,0.0,0.0,0.0,0.0,0.0,0.0,0.0,0.0,0.0,0.0,0.0,0.0,0.0,0.0,0.0,0.0,0.0,0.0,0.0,0.0,0.0
2023-05-02 04:00:00,0.0,0.0,0.0,0.0,0.0,0.0,0.0,0.0,0.0,0.0,0.0,0.0,0.0,0.0,0.0,0.0,0.0,0.0,0.0,0.0,0.0,0.0,0.0,0.0,0.0,0.0,0.0,0.0
2023-05-02 05:00:00,0.0,0.0,0.0,0.0,0.0,0.0,0.0,0.0,0.0,0.0,0.0,0.0,0.0,0.0,0.0,0.0,0.0,0.0,0.0,0.0,0.0,0.0,0.0,0.0,0.0,0.0,0.0,0.0
2023-05-02 06:00:00,0.0,0.0,0.0,0.0,0.0,0.0,0.0,0.0,0.0,0.0,0.0,0.0,0.0,0.0,0.0,0.0,0.0,0.0,0.0,0.0,0.0,0.0,0.27676630628523663,0.0,0.12805811891871002,0.0,0.0,0.0
2023-05-02 07:00:00,0.29208055452950155,0.3081330458179394,0.25398685728664017,0.1241055319515103,0.12452520467315507,0.18942169483485397,0.07142664531393923,0.12952436215506571,0.3161142142668521,0.2784088309104493,0.20726603762089274,0.253869370100969,0.3377718240232907,0.08705398219010033,0.3363969275721125,0.339254976365425,0.21113655778917248,0.28344338019718723,0.188254303770592,0.14656667969890222,0.0910191267586931,0.26012284499227434,0.5216647313947298,0.28539949585112534,0.5051755917520141,0.26878340311089655,0.36571939438912004,0.2648459666619557
2023-05-02 08:00:00,0.49467166475593843,0.5283844892324624,0.49212678435349866,0.25179553296197316,0.22946670939890926,0.3738705398445139,0.31228046784846475,0.3111715081497271,0.5401111037066608,0.47974381957483425,0.41653168193302714,0.42273767460207373,0.5519848377779052,0.23819579985074968,0.5514637485936685,0.5472646286098809,0.318408943773515,0.4711177334988042,0.2905770105377376,0.26519775295808784,0.23891394797419296,0.42876239009576705,0.6994642645928087,0.4095328623752349,0.6859409855737668,0.4829855745491893,0.5315047785877975,0.3930107372410056
2023-05-02 09:00:00,0.7082020611619229,0.7076428470722093,0.6382467697224772,0.4364792352897067,0.3203893646511529,0.4245848393928073,0.49063103029186106,0.4861476529708478,0.6730186244998463,0.6181676261940112,0.5679804256999148,0.6635533185195198,0.6866965597493012,0.42915997052318794,0.7161123549517987,0.6884721245955646,0.38885793869073954,0.7236266452272219,0.37636815314956057,0.458257620300906,0.43110135454240006,0.7211355155468362,0.7839228290528111,0.5413877952802358,0.7877476587148543,0.6190651839706961,0.6889734662124001,0.48408790137788654
2023-05-02 10:00:00,0.7817048690910737,0.7867319233604784,0.7065488865230949,0.5532477240695953,0.3804673697331792,0.5259797816220563,0.6039755636661778,0.6171295610221931,0.7638636446445015,0.6966841906545747,0.6564718537413619,0.7283973238724091,0.7786158405571475,0.606857880839293,0.7926000419353196,0.768297550948863,0.4943030035310725,0.789346582051571,0.45164862183906523,0.6169238208524108,0.6121283417917459,0.7894041746868069,0.82144895092615,0.670093589213436,0.8304023519577239,0.6718659925443435,0.7795000091679553,0.5952506542744338
2023-05-02 11:00:00,0.8194102810739,0.8179257916601151,0.7574691471805692,0.6395721465135557,0.4108150500394251,0.6223228210573308,0.7105318483602946,0.7076457746463908,0.7978177043143314,0.7460553515890906,0.7283530560608105,0.7680754779032584,0.8160814819549999,0.7048602814088869,0.8219553601012909,0.8024532478047678,0.5473199145853794,0.8193812847451177,0.5243671681975345,0.683455716345917,0.7071156393920498,0.823605087994543,0.8418000793740121,0.7242557668139235,0.8551374227364643,0.7114012117346837,0.8078134306396454,0.6586875305435599
2023-05-02 12:00:00,0.835923489347215,0.7867888635831892,0.7916804216008635,0.7629514202306212,0.4438780200002763,0.7210329067982251,0.7701410937455924,0.7659856183779813,0.8228788971679917,0.7800897657925815,0.7699396465424242,0.8164373016383444,0.8311775187202854,0.7720034669604616,0.8433938288752155,0.8285959936951484,0.6663842398899423,0.8325066826839186,0.6224101067193974,0.7726100276362778,0.7742124038663976,0.8376681669029086,0.8526858587895902,0.737338579846534,0.864332505160034,0.7852611447033233,0.8095532947960128,0.6961750865337651
2023-05-02 13:00:00,0.8447017147568741,0.8169477663770375,0.8045057006840437,0.8050947491841626,0.45028666907265963,0.718968638370517,0.7948599730240224,0.7817167069028231,0.838071397191208,0.7930155115250359,0.7868062699037818,0.8503279912046555,0.8479958882951721,0.7814630521035757,0.8465587417027888,0.8386339206199827,0.6953690918884282,0.8379807725569449,0.6570900425041499,0.7798309920998513,0.782128900755547,0.8462052872528965,0.8519714045240535,0.7772742054214589,0.8622262415493164,0.7913385871078472,0.8304324279727733,0.7469323130129458
2023-05-02 14:00:00,0.8406082300452976,0.8105222234272562,0.797439088763904,0.8279308098246319,0.4704421459819397,0.7410814368951181,0.7940312296979114,0.7861982038220935,0.8328954301879398,0.792382672065673,0.7840444082597946,0.8640906474973762,0.8460371379777174,0.793041121368602,0.8419422442363016,0.8361176336379846,0.7145250211174181,0.8320788736914461,0.6782330095245147,0.7939175835485032,0.794594086818063,0.8426998867013912,0.8473620193315292,0.7704175193239827,0.8595202101825781,0.8051775071749456,0.8235028353658014,0.7486874175478263
2023-05-02 15:00:00,0.8347526712266028,0.794357205717681,0.7958424172185397,0.8236118375351215,0.4648678540386997,0.7243387198695698,0.7855919651529643,0.776762254385011,0.8280492339383972,0.7845997973270393,0.7760339231013145,0.8628807035205142,0.8395764662826516,0.7825454385858376,0.833883287965642,0.8300529936233606,0.7105865957873907,0.8200226653627337,0.6624924286621457,0.785166924439787,0.7839855275066124,0.8346867428613528,0.836353836799188,0.7539514443566135,0.8485363707296312,0.7892409309291619,0.8003834415104717,0.7442859328506725
2023-05-02 16:00:00,0.8138340092321371,0.784160674120972,0.7744452981149377,0.7999352678408269,0.44439849419177346,0.7010414477332815,0.7679068953689905,0.7569488239766998,0.8062616660547295,0.7645065459834876,0.7569560027429891,0.8400026703082406,0.8128047176628951,0.760139187276109,0.8178582678722582,0.8113961215345095,0.6693139999784233,0.7940988624488717,0.6225649551195349,0.7645812708986125,0.7611848006202139,0.8118793081929949,0.815192688501063,0.7292929475498984,0.8238987038456463,0.7653351946934546,0.75566321659763,0.7285190844254134
2023-05-02 17:00:00,0.7785142537308849,0.7442108370892075,0.73424831138496,0.7649276191859073,0.37201691062801895,0.6580640802768549,0.734146440696586,0.7217714190718777,0.7838385408911982,0.7270414738467095,0.7209027615971504,0.801559913251661,0.7909759689786429,0.7250364127068664,0.7876371728388263,0.7831709917910937,0.5911401035207943,0.7560295433925673,0.5687611646414845,0.7292847130485287,0.7257412698187254,0.7719223626732962,0.7815384853982115,0.6467453132470414,0.7839391625442199,0.7190592764677337,0.6943682536935526,0.6701214116771258
2023-05-02 18:00:00,0.7297752925530564,0.6941639121224387,0.6901825227227874,0.7149440140644423,0.29361714502463193,0.553195534832481,0.6850318599594463,0.6683937373220469,0.73832483193923,0.6749815170614587,0.6693182611362186,0.7485702191115132,0.7478146731989872,0.6667395426115432,0.7455963745456761,0.741262725451763,0.44292158451514974,0.7072386422497559,0.445626729766415,0.6739074232223558,0.6668493263206312,0.7180179998151806,0.7185169872491407,0.5732235598992151,0.7058074141861996,0.6505313378181463,0.5823037206751586,0.6052384913954074
2023-05-02 19:00:00,0.6449923188638027,0.6086658635019466,0.6006865585429191,0.6082775623687932,0.20372352240837607,0.4434296388371558,0.5771684409306804,0.564243112561431,0.6623359007112596,0.5848902161907777,0.5737251015085247,0.6415651311320621,0.666721790361251,0.5574256304523774,0.6723353851934546,0.6617107339820111,0.33429869581333316,0.6186199002581144,0.35388155137266575,0.5697560010833914,0.5571644048366005,0.6243213643680969,0.594048930326141,0.48417608201021395,0.569612917515832,0.5367648381997584,0.4595287158568105,0.5173095999354339
2023-05-02 20:00:00,0.49184994477945987,0.45826455897957813,0.4457259800509278,0.4139539249140474,0.1160508525522148,0.2644925795230699,0.40651858044622863,0.39517204736527506,0.5177724422546213,0.4157208537666391,0.410409806380023,0.4660824579308856,0.518280648557659,0.3907154681859695,0.5363068181635887,0.5232516308894379,0.14940606599935344,0.4698160051325882,0.15759200341987759,0.36329901770529305,0.39077335159092486,0.46827827330935606,0.3773895678318575,0.3439168413080044,0.35412179659719184,0.38110296595172877,0.29310182666993545,0.3562922586541324
2023-05-02 21:00:00,0.18082469565624876,0.14050169143201655,0.07899210876979984,0.0,0.03869000624621516,0.1145606343497572,0.0,0.0,0.32812768219639055,0.0,0.0,0.0,0.31782259297538473,0.0,0.32722729734633454,0.3118863187798627,0.07013559831604765,0.0,0.06198448667826033,0.0,0.0,0.0,0.0,0.0,0.0,0.181720768597195,0.05473002381777827,0.0
2023-05-02 22:00:00,0.0,0.0,0.0,0.0,0.0028021308458971873,0.0,0.0,0.0,0.0,0.0,0.0,0.0,0.0,0.0,0.0,0.0,0.0,0.0,0.0,0.0,0.0,0.0,0.0,0.0,0.0,0.0,0.0,0.0
2023-05-02 23:00:00,0.0,0.0,0.0,0.0,0.0,0.0,0.0,0.0,0.0,0.0,0.0,0.0,0.0,0.0,0.0,0.0,0.0,0.0,0.0,0.0,0.0,0.0,0.0,0.0,0.0,0.0,0.0,0.0
2023-05-03 00:00:00,0.0,0.0,0.0,0.0,0.0,0.0,0.0,0.0,0.0,0.0,0.0,0.0,0.0,0.0,0.0,0.0,0.0,0.0,0.0,0.0,0.0,0.0,0.0,0.0,0.0,0.0,0.0,0.0
2023-05-03 01:00:00,0.0,0.0,0.0,0.0,0.0,0.0,0.0,0.0,0.0,0.0,0.0,0.0,0.0,0.0,0.0,0.0,0.0,0.0,0.0,0.0,0.0,0.0,0.0,0.0,0.0,0.0,0.0,0.0
2023-05-03 02:00:00,0.0,0.0,0.0,0.0,0.0,0.0,0.0,0.0,0.0,0.0,0.0,0.0,0.0,0.0,0.0,0.0,0.0,0.0,0.0,0.0,0.0,0.0,0.0,0.0,0.0,0.0,0.0,0.0
2023-05-03 03:00:00,0.0,0.0,0.0,0.0,0.0,0.0,0.0,0.0,0.0,0.0,0.0,0.0,0.0,0.0,0.0,0.0,0.0,0.0,0.0,0.0,0.0,0.0,0.0,0.0,0.0,0.0,0.0,0.0
2023-05-03 04:00:00,0.0,0.0,0.0,0.0,0.0,0.0,0.0,0.0,0.0,0.0,0.0,0.0,0.0,0.0,0.0,0.0,0.0,0.0,0.0,0.0,0.0,0.0,0.0,0.0,0.0,0.0,0.0,0.0
2023-05-03 05:00:00,0.0,0.0,0.0,0.0,0.0,0.0,0.0,0.0,0.0,0.0,0.0,0.0,0.0,0.0,0.0,0.0,0.0,0.0,0.0,0.0,0.0,0.0,0.0,0.0,0.0,0.0,0.0,0.0
2023-05-03 06:00:00,0.0,0.0,0.0,0.0,0.0,0.0,0.0,0.0,0.0,0.0,0.0,0.0,0.0,0.0,0.0,0.0,0.0,0.0,0.0,0.0,0.0,0.0,0.3394914994247476,0.0,0.1903389502790911,0.0,0.0,0.0
2023-05-03 07:00:00,0.3305697075578279,0.43070396506912695,0.21565969882110517,0.27686028909834826,0.11974008965733961,0.050731406821430236,0.19449712785372156,0.2357878739329515,0.21277733774592839,0.23658219271991238,0.2334892612816955,0.3824338695448859,0.2649690530228806,0.228167839499713,0.21634512189972344,0.22776100926455042,0.0022415058570731537,0.3582581901601565,0.015799633616376162,0.28170692152678517,0.22632659591901608,0.33424029570073494,0.5535766959695007,0.4407365817707305,0.5211821499439692,0.10528110258861613,0.49204200036265666,0.42302907166347475
2023-05-03 08:00:00,0.5154374523727834,0.6278552453534758,0.34214850839484784,0.4667349780090827,0.2681787556976268,0.11810028373759066,0.3872794184972175,0.43944762311855284,0.36528570907012675,0.4530950730107222,0.44548024144699416,0.6027458997801054,0.41374423589550674,0.4053014793156686,0.3426670642418084,0.3405136908374408,0.020550020797174846,0.5435212654663092,0.03336573385260377,0.4663845827262066,0.39923618401553723,0.5381442552998581,0.7064485039112954,0.623687109973297,0.6777001449947256,0.21227771069613308,0.6658032566530738,0.608725831354197
2023-05-03 09:00:00,0.6607059099248928,0.7311902963067908,0.4659445716342453,0.5557858024314194,0.4121021937354721,0.207251710561397,0.43838441093684294,0.466770721513274,0.475892928465774,0.5811493113516494,0.5463993801188979,0.7273798504066333,0.5177655543618261,0.384552084730345,0.43606758683563707,0.3833555477160616,0.04675162640899504,0.6801496116137842,0.06164854455382048,0.46632116779884253,0.3769257048207988,0.6797489621996627,0.7716057875580958,0.7239603197635798,0.7574580797459205,0.3332952436248496,0.7552141246347926,0.7044597107111682
2023-05-03 10:00:00,0.7147216189823561,0.7861740092359326,0.5587636096805588,0.6058592263012726,0.5784020606830473,0.2945184267695606,0.5231855807198592,0.511534385911362,0.5764704568572401,0.5942860177612297,0.5810798398866004,0.7926332729639264,0.6190320067313677,0.4334506117421828,0.5749041233003078,0.528644568135274,0.10621013418498773,0.7097007239623606,0.12584537403240692,0.4696183898186235,0.4247780522038277,0.7194763914083757,0.8079412943358918,0.7631595103331815,0.8105594491132057,0.43102730523028965,0.8024981515923271,0.74421068593787
2023-05-03 11:00:00,0.7759108154332226,0.815233467116215,0.6126450851600922,0.5713796180603459,0.7191641974755456,0.4147723034342154,0.5081484844288027,0.48228963245271644,0.6560141808915269,0.6232869208096137,0.5765550372403776,0.8072973296045506,0.6882412669775345,0.41259079297424406,0.6450855020150604,0.6150114969112161,0.16820562085747548,0.7651020756538861,0.20843996547143745,0.418723284908812,0.4098624457926207,0.7690339749070394,0.8298140404349196,0.7901152736206445,0.8367303620979221,0.5586191339878144,0.8318089048973892,0.7656171704219986
2023-05-03 12:00:00,0.7702254977211288,0.8272140131586848,0.6540098953756213,0.6709514933358464,0.744295289232282,0.5074355492863557,0.6537354604593887,0.646992233384459,0.7399336699676892,0.6840209373295398,0.673709190689485,0.8255010358914417,0.7978638572261779,0.6258572739507371,0.825402523332911,0.8141462616173508,0.21145965425064536,0.7483362432831594,0.24536940637351526,0.5924287240560977,0.6252261334086088,0.7799844316901803,0.8375388927850428,0.7904417220850765,0.8395625507773521,0.5986954689047508,0.8421660373767764,0.7691379233132898
2023-05-03 13:00:00,0.7626362589071436,0.8289173597868504,0.6438985476203762,0.6275055977035364,0.7675429011678818,0.5492977029378707,0.6446523055178793,0.6673257533188609,0.7586368018862358,0.6047321761059659,0.6337578531857302,0.7785392649257555,0.8122630886155623,0.710305329883571,0.8423049676760695,0.8284965291435122,0.29766027745146173,0.7413550703141424,0.38006661671234454,0.55970941093247,0.7116543448282288,0.7452302651319173,0.8262436284074968,0.7654910579050231,0.8445658868482316,0.6122572963431762,0.843541341567725,0.7477486676833981
2023-05-03 14:00:00,0.7580090759331041,0.8223831693322794,0.6944442826840371,0.5998702393326064,0.7867983790189671,0.6174158064144143,0.7143292108787714,0.7088468611701745,0.7604827559956876,0.593617428321333,0.6630027576241312,0.7431652749969373,0.7882221890894447,0.7618663023662022,0.841207559569443,0.8260126954914871,0.3159231963850597,0.7207889419131579,0.4276991108689269,0.6151369012389447,0.7616240692016003,0.7231163696249778,0.8184266390141607,0.727929836983309,0.8474103428737277,0.667026561169495,0.8472005082171394,0.6918014763838602
2023-05-03 15:00:00,0.764004588525376,0.7985148667266776,0.7196151870522909,0.6063861110115837,0.7763432961929375,0.6623927864127689,0.7375889989667702,0.7219563252404476,0.7057733490376471,0.6046220065952235,0.6627169324524497,0.6838489546548915,0.6878564114800388,0.7746874626276203,0.8169006785749903,0.7461125972248739,0.4095274338329706,0.7397687201482976,0.4701194286609396,0.7227102803861831,0.7750556058304495,0.6991534799580962,0.7956366228392584,0.6980789562072106,0.8421202366532591,0.679574733313993,0.841718313816358,0.6511611641730052
2023-05-03 16:00:00,0.7245054397245159,0.7288039182889389,0.7210206807814263,0.6533512229973675,0.7713811238298836,0.6292131388114502,0.7429911131852096,0.7400322879825195,0.6515843216047921,0.7115426331873558,0.7099579685995427,0.6251399516316233,0.6532292244329507,0.764234508404107,0.7301720522136079,0.6632113163202774,0.3756531346943558,0.6902255292872711,0.45977812303907123,0.7623432041967138,0.7658737931591444,0.7059857090200068,0.7440693855413926,0.6166960986185005,0.8143932389455298,0.6664754805273182,0.8190879267876294,0.5698229043063213
2023-05-03 17:00:00,0.7086531488756206,0.6217798900364592,0.6939996789854864,0.6076100983586806,0.7258410039414908,0.6022747001168978,0.7042843091770431,0.7134742528649798,0.6497341642250728,0.7194371610797314,0.7065943993747977,0.5825839702141451,0.6713249857800416,0.7262110181051816,0.5704818093096543,0.6424050580459895,0.325939525648476,0.697600080015876,0.4236677843403852,0.7145028553456468,0.7264660515587039,0.6974374505271793,0.630599082110628,0.49248435711238375,0.7677627711308421,0.612247384767374,0.7805562408122757,0.46321649944936627
2023-05-03 18:00:00,0.6229426702164288,0.45106941318433885,0.6732298176388608,0.66420157712208,0.6911092669848939,0.5439550125390498,0.6713614169708034,0.662774994074493,0.6352165164512776,0.6639280317548113,0.6549722979633551,0.6087398222254303,0.6571446564351606,0.6652800881248915,0.5729387329569299,0.6664666982035234,0.3086919397975853,0.6274454398433139,0.3988810159517268,0.6763715854655409,0.6647789016082684,0.6297766115531851,0.5218491385071652,0.3711238101289982,0.6582285757163155,0.5638744287007543,0.6910932454918464,0.3125387112414994
2023-05-03 19:00:00,0.5418805890972465,0.3279317854956037,0.5409941684071516,0.5727200857672845,0.6342886516052884,0.4655015187358661,0.5341992805890452,0.5560015041669286,0.5559993747826781,0.5610697735699975,0.5490804709082842,0.5804701541393682,0.5711274523774272,0.5512091376161969,0.561867737940762,0.6006052756032452,0.2673133341516463,0.5670578182686439,0.32646440511959407,0.5744443245043741,0.5486629993352303,0.5894679276753719,0.3930784833185365,0.20365665560758328,0.508244894434044,0.48996024901026697,0.5384419607039889,0.17428710996535746
2023-05-03 20:00:00,0.46105021412660563,0.22977045078317948,0.3954470120852099,0.4199249721790759,0.5469150736329198,0.4250844911554981,0.28288141325995697,0.3251274779049508,0.4326483112782595,0.3885780034299542,0.3609090942146273,0.45987502967273525,0.4402182550204115,0.30983439459231554,0.4745551870770091,0.4722064287114131,0.2317952784115491,0.4503724005500825,0.27625236836906164,0.3376275362812923,0.3102011965552601,0.46433067151253055,0.19337888694516323,0.1260944328878077,0.29345389808253325,0.4514552206897324,0.3078537348938252,0.11876685774740633
2023-05-03 21:00:00,0.170374312337405,0.09294705735074327,0.10773319388304431,0.0,0.4449422776107023,0.27010008575687633,0.0,0.0,0.29391357557453207,0.0,0.0,0.0,0.3001954041646149,0.0,0.3028401674382408,0.30409445846158434,0.11789316703186524,0.0,0.19802957074492125,0.0,0.0,0.0,0.0,0.0,0.0,0.3176219842481084,0.03488994240388695,0.0
2023-05-03 22:00:00,0.0,0.0,0.0,0.0,0.15219845144663088,0.0,0.0,0.0,0.0,0.0,0.0,0.0,0.0,0.0,0.0,0.0,0.0,0.0,0.0,0.0,0.0,0.0,0.0,0.0,0.0,0.0,0.0,0.0
2023-05-03 23:00:00,0.0,0.0,0.0,0.0,0.0,0.0,0.0,0.0,0.0,0.0,0.0,0.0,0.0,0.0,0.0,0.0,0.0,0.0,0.0,0.0,0.0,0.0,0.0,0.0,0.0,0.0,0.0,0.0
2023-05-04 00:00:00,0.0,0.0,0.0,0.0,0.0,0.0,0.0,0.0,0.0,0.0,0.0,0.0,0.0,0.0,0.0,0.0,0.0,0.0,0.0,0.0,0.0,0.0,0.0,0.0,0.0,0.0,0.0,0.0
2023-05-04 01:00:00,0.0,0.0,0.0,0.0,0.0,0.0,0.0,0.0,0.0,0.0,0.0,0.0,0.0,0.0,0.0,0.0,0.0,0.0,0.0,0.0,0.0,0.0,0.0,0.0,0.0,0.0,0.0,0.0
2023-05-04 02:00:00,0.0,0.0,0.0,0.0,0.0,0.0,0.0,0.0,0.0,0.0,0.0,0.0,0.0,0.0,0.0,0.0,0.0,0.0,0.0,0.0,0.0,0.0,0.0,0.0,0.0,0.0,0.0,0.0
2023-05-04 03:00:00,0.0,0.0,0.0,0.0,0.0,0.0,0.0,0.0,0.0,0.0,0.0,0.0,0.0,0.0,0.0,0.0,0.0,0.0,0.0,0.0,0.0,0.0,0.0,0.0,0.0,0.0,0.0,0.0
2023-05-04 04:00:00,0.0,0.0,0.0,0.0,0.0,0.0,0.0,0.0,0.0,0.0,0.0,0.0,0.0,0.0,0.0,0.0,0.0,0.0,0.0,0.0,0.0,0.0,0.0,0.0,0.0,0.0,0.0,0.0
2023-05-04 05:00:00,0.0,0.0,0.0,0.0,0.0,0.0,0.0,0.0,0.0,0.0,0.0,0.0,0.0,0.0,0.0,0.0,0.0,0.0,0.0,0.0,0.0,0.0,0.0,0.0,0.0,0.0,0.0,0.0
2023-05-04 06:00:00,0.0,0.0,0.0,0.0,0.0,0.0,0.0,0.0,0.0,0.0,0.0,0.0,0.0,0.0,0.0,0.0,0.0,0.0,0.0,0.0,0.0,0.0,0.2568685390619982,0.0,0.20772737955196277,0.0,0.04446659311712404,0.0
2023-05-04 07:00:00,0.14628055367282813,0.30615687091837573,0.09479926748629783,0.31255633858927817,0.197493027535096,0.20598069185241386,0.184570771783603,0.24583332612582662,0.1434703943285871,0.20374414241101105,0.19410659410457753,0.23563903449056667,0.1341690628309682,0.2712029658548148,0.20857121639644638,0.1586760137540185,0.24061202682113345,0.2361565889522587,0.2081461378682603,0.3280774219308735,0.2733126600646619,0.18585233891374006,0.45815037419731075,0.2591203700412657,0.43541684032561373,0.27469907194191795,0.33010261403227276,0.20990789294857665
2023-05-04 08:00:00,0.2537288779717412,0.4550626784260494,0.1687330243678508,0.48341745597556296,0.30360734536417355,0.33462515738317145,0.3099856151187815,0.3956675689276905,0.2680944583790874,0.37933608011878334,0.35234619292473907,0.38520074125972353,0.2509118549786317,0.4039705032752601,0.390966490058038,0.2622037250202501,0.35126046552438484,0.39541544363759346,0.36085302673879505,0.4966743112759341,0.40462620065151467,0.34420180329064687,0.6641979457736715,0.40985884097409725,0.6201523883441962,0.4401950391671491,0.5255173961116635,0.33005274289342224
2023-05-04 09:00:00,0.39846142731434914,0.6080814785736385,0.2706239635016958,0.5919354695027699,0.43930588161687073,0.5095578482015221,0.47079008575657655,0.5800846787860084,0.4166608868683311,0.5385814224066046,0.526922237544538,0.5755662079335049,0.3620311586700145,0.56231168108949,0.4904495995377159,0.33567848465554484,0.5050453718135026,0.5151486110635454,0.5077925356041841,0.6422010155051905,0.5540051989891059,0.5093062100771676,0.7513032765709992,0.5946883542390107,0.7480470310657344,0.5598219892821349,0.6859587615367418,0.535106117551166
2023-05-04 10:00:00,0.5994753765950371,0.7427165000135255,0.3465198846079403,0.7083237130793845,0.5786946193259096,0.6305654920623619,0.5390630939962956,0.649617346854028,0.5361720292630869,0.6465728622684423,0.6282278357712039,0.7802597123644409,0.46848698461578486,0.6180907703698201,0.6084487101549713,0.43658990670693465,0.6201050749339153,0.7090002356007243,0.6145295658148138,0.7049552257174874,0.6087515913657355,0.726274720634148,0.7949177059165599,0.7049265214082744,0.8100595960680081,0.6439525983386993,0.7404380243143102,0.6581719180301514
2023-05-04 11:00:00,0.6607211432540054,0.7975430742614541,0.389269632280663,0.7568287985688996,0.7002850760880764,0.7327476626320956,0.5030906864785833,0.6428867028678815,0.6400142117401818,0.6336575657745666,0.6000612259440117,0.8455153436834922,0.5792171112068576,0.6313779093515728,0.6255765225493236,0.4968997643350803,0.6501221712075982,0.7466962784253167,0.6671932966681612,0.7390348731806625,0.6241826035597862,0.7580296781749668,0.8209883479467173,0.7761549771322902,0.8343828142422667,0.7097203838332312,0.8145801177270514,0.7402664779694105
2023-05-04 12:00:00,0.6618809000808673,0.8094131922221081,0.41456390413411204,0.6794882726143854,0.7418727155589492,0.6777077932446484,0.26271543250994056,0.29416412255025187,0.6309656604486458,0.4580444855515046,0.35955724537888173,0.8121904289084158,0.6018871504613501,0.23316471271865108,0.7052090459346029,0.5530393044446471,0.6615792628419809,0.6831613219517552,0.6926716130087432,0.3970222441624462,0.23454730975421778,0.6923883235945936,0.8159608764830586,0.78984561728629,0.8359376519933505,0.7197990124904098,0.8270882589787514,0.7668680784252092
2023-05-04 13:00:00,0.6583158297769072,0.8063054096992233,0.38886180318031566,0.7302225391850744,0.8154177661228476,0.6804666939760994,0.3029403591993304,0.39048461601055645,0.6621453729904864,0.4568926794016927,0.38397589094954865,0.8146693297117611,0.6481677375989988,0.40012563002024587,0.7076742098846871,0.5719964735615944,0.6769607467907924,0.6364332521590021,0.7200370455668506,0.5294633411898774,0.40880750645606095,0.6651957369009759,0.8307238729180768,0.7869638340455857,0.8408638218615837,0.7361297705191626,0.8362779286137214,0.7652915197558394
2023-05-04 14:00:00,0.6060946871997466,0.7879473295468661,0.28588315697781097,0.7433788959138979,0.8175352379583788,0.6755534057031967,0.32438662796594586,0.470546213806595,0.655116192249058,0.44826127547674915,0.38730515211936595,0.8035058665799755,0.6430967414257743,0.5412927378938801,0.5926415909716919,0.5598932776272236,0.6724922070158055,0.6146381329381756,0.717726763942616,0.6521286818971601,0.5496349777291654,0.6357271551398949,0.7982344972351275,0.7756949412712116,0.830450634357858,0.7099351867520544,0.8306141085979996,0.7437552477982163
2023-05-04 15:00:00,0.588114379955037,0.7685211083705685,0.2822676581628122,0.751862962272111,0.8136399653870948,0.6802618091109712,0.40458442721955973,0.49680925093359135,0.6741755409057796,0.46976827142748245,0.42370300634841485,0.8106994367134945,0.6621192852208612,0.5090762832727667,0.6576000747647681,0.6531055522245293,0.7169911250178135,0.6063031577991062,0.7011119133980401,0.6364126810505942,0.5082590552699918,0.6348381550896504,0.7362122928271514,0.7630536725478597,0.8194942722558199,0.6328092978803485,0.8211817883042466,0.725354642319586
2023-05-04 16:00:00,0.5198198372355305,0.7218991543104317,0.1952303395311472,0.7175911439959436,0.7815254726266371,0.6647389147023642,0.2534498235717804,0.38514591871937537,0.5989612544953503,0.4266683740815097,0.31732916285723023,0.7710060029215705,0.5800276040109932,0.44709811300994023,0.6642517997364559,0.5705524928033562,0.6508604476762101,0.5611247646217834,0.6323545788703053,0.6111204076451868,0.4622321379991036,0.5992398793126923,0.617177932767348,0.7468540318538801,0.7563396606001747,0.648316159281408,0.7808410001299136,0.7083404325133945
2023-05-04 17:00:00,0.43621770657390624,0.6623562120546325,0.1682042635769344,0.6428989687677723,0.7697454406666402,0.6018308017685332,0.23033274769501497,0.32848051022551195,0.46189065205160934,0.4502974790381854,0.29863539546052986,0.7515295177685933,0.4612257166266602,0.36708321727431836,0.6463875786530895,0.5454386531435546,0.582158491542584,0.5160331493697965,0.6138938381952173,0.5977349285727194,0.3844984878026855,0.5955264116239681,0.6040552396834373,0.6866807566107889,0.7350563423786857,0.6352386589316573,0.7437787627728217,0.6470046026018034
2023-05-04 18:00:00,0.4001979872276002,0.567350214909843,0.14600893933610956,0.46059196352583975,0.7300015176097437,0.42743710365397836,0.166861076001113,0.2348002514710583,0.25619905906190654,0.45730375158706005,0.3006822864944476,0.7062774553028947,0.24112468406519202,0.21399798090795782,0.40321489163610075,0.2743089157696013,0.48373503683750047,0.5292219833810462,0.5215977931089977,0.3696886393470742,0.223449206542022,0.6324633544202731,0.520344703533071,0.5893233286960042,0.612797067211154,0.4836255955476399,0.6585148786906021,0.5558651617207404
2023-05-04 19:00:00,0.3359116519003812,0.3992899370869121,0.08893057044225669,0.24204789275700947,0.6709862431167295,0.27379985827296505,0.07666623169618735,0.13418894011205998,0.11938018144918908,0.3252534464037402,0.21186135058501965,0.5698862474128386,0.09703747864452816,0.08717570957955739,0.19237273442655928,0.12205319551385911,0.35811894740915484,0.5336325144882725,0.3647282859749431,0.1448416534030516,0.09040266067455133,0.5532433408431265,0.4458550081510427,0.35156477951137965,0.5549745409597238,0.3493757361928429,0.5448357129421015,0.33117167726281554
2023-05-04 20:00:00,0.25956812153394176,0.25974842878024756,0.05967564577111094,0.11594775545798751,0.5579876472731174,0.17538767428532326,0.022028180816859158,0.0321990282406562,0.08628528325569389,0.11858189886671355,0.08793636902399116,0.3642830946646175,0.062279059503616625,0.01462022987162733,0.06594519090249905,0.04373991630195805,0.23103378516338988,0.39654400704584836,0.24590503970468447,0.020228875513776785,0.015354081864846722,0.3580209694106607,0.3030769182336713,0.19115965590857095,0.3905692084702588,0.18395137158761096,0.3506980701541223,0.1652592410391137
2023-05-04 21:00:00,0.059830740163674956,0.09227572492009123,0.0,0.0,0.39038224429818985,0.08550262768683956,0.0,0.0,0.05680864588902241,0.0,0.0,0.0,0.04829163181050005,0.0,0.005299340977419522,0.008737245177438254,0.055451995358139945,0.07559232856613923,0.08981030217612491,0.0,0.0,0.0,0.0,0.0,0.0,0.058496602832194045,0.023982510118481105,0.0
2023-05-04 22:00:00,0.0,0.0,0.0,0.0,0.1868493090123073,0.0029793236800936904,0.0,0.0,0.0,0.0,0.0,0.0,0.0,0.0,0.0,0.0,0.0,0.0,0.0,0.0,0.0,0.0,0.0,0.0,0.0,0.0,0.0,0.0
2023-05-04 23:00:00,0.0,0.0,0.0,0.0,0.0,0.0,0.0,0.0,0.0,0.0,0.0,0.0,0.0,0.0,0.0,0.0,0.0,0.0,0.0,0.0,0.0,0.0,0.0,0.0,0.0,0.0,0.0,0.0
2023-05-05 00:00:00,0.0,0.0,0.0,0.0,0.0,0.0,0.0,0.0,0.0,0.0,0.0,0.0,0.0,0.0,0.0,0.0,0.0,0.0,0.0,0.0,0.0,0.0,0.0,0.0,0.0,0.0,0.0,0.0
2023-05-05 01:00:00,0.0,0.0,0.0,0.0,0.0,0.0,0.0,0.0,0.0,0.0,0.0,0.0,0.0,0.0,0.0,0.0,0.0,0.0,0.0,0.0,0.0,0.0,0.0,0.0,0.0,0.0,0.0,0.0
2023-05-05 02:00:00,0.0,0.0,0.0,0.0,0.0,0.0,0.0,0.0,0.0,0.0,0.0,0.0,0.0,0.0,0.0,0.0,0.0,0.0,0.0,0.0,0.0,0.0,0.0,0.0,0.0,0.0,0.0,0.0
2023-05-05 03:00:00,0.0,0.0,0.0,0.0,0.0,0.0,0.0,0.0,0.0,0.0,0.0,0.0,0.0,0.0,0.0,0.0,0.0,0.0,0.0,0.0,0.0,0.0,0.0,0.0,0.0,0.0,0.0,0.0
2023-05-05 04:00:00,0.0,0.0,0.0,0.0,0.0,0.0,0.0,0.0,0.0,0.0,0.0,0.0,0.0,0.0,0.0,0.0,0.0,0.0,0.0,0.0,0.0,0.0,0.0,0.0,0.0,0.0,0.0,0.0
2023-05-05 05:00:00,0.0,0.0,0.0,0.0,0.0,0.0,0.0,0.0,0.0,0.0,0.0,0.0,0.0,0.0,0.0,0.0,0.0,0.0,0.0,0.0,0.0,0.0,0.0,0.0,0.0,0.0,0.0,0.0
2023-05-05 06:00:00,0.0,0.0,0.0,0.0,0.0,0.0,0.0,0.0,0.0,0.0,0.0,0.0,0.0,0.0,0.0,0.0,0.0,0.0,0.0,0.0,0.0,0.0,0.3692812193456738,0.0,0.30166445386243246,0.0,0.09360814280195395,0.009774549580610324
2023-05-05 07:00:00,0.0036234562858095524,0.18287137006743595,8.212851912881556e-05,0.0022501127597904327,0.23270607970614082,0.04669292884532588,0.00015200384235220348,0.0,0.007488830956271192,0.0,0.0,0.005340135800732077,0.0036254574304901187,0.0,0.026266279513646986,0.0028511899938518746,0.02768795890471911,0.0009213453800523533,0.016835168223453878,0.0,0.0,0.0028638848268943955,0.5629291042451329,0.30132273490708905,0.5450293148229653,0.06373109107419317,0.44879674291611615,0.20806566057672504
2023-05-05 08:00:00,0.014781862297280596,0.27576159513612725,0.006577184947391188,0.009187604675723758,0.35127228825107526,0.09042646301103247,0.008314832071362743,0.005204475435532159,0.021378316276432174,0.00316552581122923,0.004664654442364254,0.02514271010950484,0.01377788322709746,0.005882717865925643,0.027166967856141384,0.013018231050581081,0.15715594079885148,0.005415496613913315,0.07877806360739291,0.0015417542258961787,0.005803295078808264,0.013738470448189925,0.7088323260114004,0.450663063726822,0.6995071466224174,0.09696172307383631,0.6078706031499791,0.3483455312100501
2023-05-05 09:00:00,0.03314846079569584,0.36457581014763496,0.019448769901652476,0.04229251917697636,0.48036758663733353,0.17263432823603675,0.024629388684425716,0.021357623177280873,0.051078434521343745,0.014898918993022477,0.01744189462258886,0.04222384751652689,0.030327121179477376,0.024155387333135818,0.05679153789305357,0.027917178899162128,0.33665673300353816,0.01071825542709031,0.19554453552151668,0.017258028924868343,0.0242436358586764,0.025101877528752883,0.7760116099733195,0.5585335924378874,0.7881055786798961,0.1844423317576717,0.746294932322973,0.5032930254264868
2023-05-05 10:00:00,0.04356445052270374,0.4140429042366938,0.05154726225797812,0.08354802971484457,0.5450252175106177,0.2672289352327787,0.0582081931124436,0.05248337604011875,0.054637754248944154,0.04058909463544394,0.0428964545637786,0.0748523774009501,0.043978969304171125,0.06254979419707098,0.07248969596599589,0.05147756660844271,0.3635208520584124,0.011981458463546563,0.283806921495061,0.04524312407482205,0.06371390178755298,0.03252943904379552,0.796229854819296,0.6382507813674213,0.8259713691484826,0.3223994362945895,0.7968280244650716,0.6109846453942437
2023-05-05 11:00:00,0.07788231308229866,0.4593952429529159,0.06737442865760686,0.14248184786098264,0.6002463369731225,0.3323809691692407,0.08879957104472662,0.09114108128248004,0.09697265352611284,0.0798932006025227,0.07754250750688124,0.11625926271991768,0.0692721481883861,0.09489704799002496,0.08425260658573072,0.0687264049956112,0.47792338235596943,0.046369669236144,0.34879674895090146,0.10252698838333615,0.0947479564096359,0.06451791334495588,0.8164110291677432,0.6880920582328612,0.8500091914754968,0.3721792287305285,0.8227810292238364,0.6666942090614418
2023-05-05 12:00:00,0.10578410881472869,0.5614774295678174,0.09722148030916614,0.1444588969544919,0.6381653708342094,0.4031756518320614,0.07336136401451086,0.07738695126949294,0.15740058634122447,0.07103059444090767,0.06497719751831971,0.16832497585167133,0.11853578196643713,0.08532245577110306,0.17511826093436375,0.1571472063869274,0.4849089949938163,0.050303033159650457,0.4072043320147199,0.10027613342830603,0.0859727615302152,0.08335045018508701,0.802353039053076,0.6580350962620606,0.8594565494432111,0.4512710961188066,0.8267803363611834,0.5889997909632664
2023-05-05 13:00:00,0.14583831232416924,0.5536229722864668,0.11476385660716502,0.1595927500697691,0.6798082728713879,0.4200905893213767,0.0960202834779188,0.08923227371861449,0.1461851421596748,0.10345649543381812,0.0929369264648803,0.19617436043297556,0.10752411402647462,0.09024516720311564,0.12258267926691772,0.11088316214357904,0.4650864700315138,0.0934391963314042,0.3884005298642656,0.11334371722023492,0.0914135210406217,0.13710924621585305,0.7830918487340404,0.6128336521894147,0.8602515535809666,0.42190217653349826,0.8301207397824177,0.5507665198585752
2023-05-05 14:00:00,0.16400692675820316,0.4586869674493399,0.11280521890204483,0.17417570187568313,0.7044152589767049,0.40545856002437486,0.09655333398888395,0.10084733419301312,0.15342014767121945,0.09825843427501657,0.08385843602945885,0.21071726861365422,0.11329023710803861,0.11431567923315117,0.08859786414966633,0.10283774862968119,0.43224199179899536,0.12565943725902748,0.376981726007301,0.15536943639175488,0.11637712422427988,0.14815842881130217,0.7847545107584056,0.5847343872303759,0.8622539427207397,0.4343815388015234,0.8234416451233963,0.4923403612059445
2023-05-05 15:00:00,0.2122186899371532,0.4235974822075328,0.10382540244340357,0.236484066049932,0.7201656437888753,0.36287458142338863,0.09210121590524334,0.10699624763056859,0.1834386679316786,0.09837743875676272,0.0841217058915198,0.2714640965072972,0.13883703487786372,0.12437068184574487,0.07303234652562082,0.10445963514176822,0.4053678895091425,0.15384115918886657,0.34137710265495413,0.15001943838375567,0.1259727867295236,0.19721776665771526,0.7765856264415176,0.5306469169992052,0.8297568309148471,0.40160448029046664,0.8182797448909556,0.425806551253385
2023-05-05 16:00:00,0.23079565254844767,0.41130290448292095,0.11629626843050328,0.21769494139911724,0.6896153303559696,0.3537064680864964,0.11683618957285045,0.11852422252310142,0.20679230613613322,0.1176622304750744,0.11148699941507863,0.2914674457354101,0.15424861075315666,0.11633802872845564,0.08240699815074704,0.1197278361914298,0.34660064193868645,0.14929988326260493,0.2805707801528586,0.12608689857343724,0.11511613501754132,0.20622275158627926,0.7183682187921057,0.4551733297600483,0.8331120285191862,0.3550373946596253,0.7831788765314548,0.35107718256374465
2023-05-05 17:00:00,0.2040313973616184,0.33715517879237916,0.07935549473714085,0.18304231013898625,0.6389432612748385,0.254254563184216,0.05318433345593427,0.04853046894223451,0.19926804997849357,0.04912023467133809,0.0427104469033884,0.2647292474941942,0.1591611417336496,0.059422965579150215,0.09835815116216284,0.12161545842862156,0.29458040225679677,0.1100365467126559,0.20958254634089,0.0720123219469736,0.060976666796836124,0.15579834787059502,0.6750383524764999,0.4148871627567794,0.79030653978709,0.2617316026319307,0.7456706728464935,0.32093254334395305
2023-05-05 18:00:00,0.11360362736679194,0.24040645238437536,0.035831912200981905,0.10880184011936098,0.5523102635445769,0.15992590698882012,0.027373592029444515,0.021929682950921094,0.12237742054422639,0.022879839961021258,0.020727584265539528,0.15812699018309745,0.1013656101693915,0.025066094922455956,0.07703933860850434,0.08752230974552717,0.2289103777770354,0.06784983451090174,0.1530415088590773,0.02525608633473923,0.025332962945767097,0.10013611857171308,0.611969893472426,0.4074173241732068,0.7253974803633879,0.18737351202518804,0.679220863215809,0.3009703473180053
2023-05-05 19:00:00,0.06712850230363564,0.17542707152659964,0.015933157299699886,0.08758727024214642,0.4295582766481695,0.08500998412486492,0.014969370181290085,0.02131772590400356,0.07020715759875039,0.015982309428289,0.014708901524701364,0.10467935582750444,0.050151095307299054,0.028926057273221117,0.05220810124005913,0.04568396560356273,0.19691209934404877,0.039826328901915446,0.11429480194644129,0.0313008674439597,0.02961242166742098,0.05551488078839948,0.49968242667537643,0.29538963566098625,0.630635185296333,0.12241922000733334,0.5859759593115533,0.23682406262879463
2023-05-05 20:00:00,0.02331926569330645,0.10234794131907037,0.0070527600389187345,0.016035291692031637,0.2713316310988924,0.042782550716139914,0.003554530488377941,0.002547100027420629,0.027350515717448422,0.002304568766678031,0.0024567440838715064,0.03429955368319255,0.013891595024528408,0.002899957386226048,0.023322314910968554,0.017966893632399325,0.13678118412295168,0.009250988036957735,0.06966172039875518,0.002256690555569216,0.002917373809789817,0.01701095579918179,0.33722607012964123,0.20616587079984236,0.41783188919720726,0.06323892553345083,0.4300556684392905,0.14486168670588748
2023-05-05 21:00:00,0.0021044526444384333,0.015978080618357565,0.0,0.0,0.12252567604175423,0.008702736788126096,0.0,0.0,0.002659693813220547,0.0,0.0,0.0022749412915434746,0.0015023730452060813,0.0,0.005603163233859587,0.005242969764993379,0.0636667007930438,0.0,0.04416083275738947,0.0,0.0,0.0007705290439310558,0.0,0.0,0.0,0.016562182801152212,0.042413713706416924,0.0
2023-05-05 22:00:00,0.0,0.0,0.0,0.0,0.010947316098857412,0.0,0.0,0.0,0.0,0.0,0.0,0.0,0.0,0.0,0.0,0.0,0.0,0.0,0.0,0.0,0.0,0.0,0.0,0.0,0.0,0.0,0.0,0.0
2023-05-05 23:00:00,0.0,0.0,0.0,0.0,0.0,0.0,0.0,0.0,0.0,0.0,0.0,0.0,0.0,0.0,0.0,0.0,0.0,0.0,0.0,0.0,0.0,0.0,0.0,0.0,0.0,0.0,0.0,0.0
2023-05-06 00:00:00,0.0,0.0,0.0,0.0,0.0,0.0,0.0,0.0,0.0,0.0,0.0,0.0,0.0,0.0,0.0,0.0,0.0,0.0,0.0,0.0,0.0,0.0,0.0,0.0,0.0,0.0,0.0,0.0
2023-05-06 01:00:00,0.0,0.0,0.0,0.0,0.0,0.0,0.0,0.0,0.0,0.0,0.0,0.0,0.0,0.0,0.0,0.0,0.0,0.0,0.0,0.0,0.0,0.0,0.0,0.0,0.0,0.0,0.0,0.0
2023-05-06 02:00:00,0.0,0.0,0.0,0.0,0.0,0.0,0.0,0.0,0.0,0.0,0.0,0.0,0.0,0.0,0.0,0.0,0.0,0.0,0.0,0.0,0.0,0.0,0.0,0.0,0.0,0.0,0.0,0.0
2023-05-06 03:00:00,0.0,0.0,0.0,0.0,0.0,0.0,0.0,0.0,0.0,0.0,0.0,0.0,0.0,0.0,0.0,0.0,0.0,0.0,0.0,0.0,0.0,0.0,0.0,0.0,0.0,0.0,0.0,0.0
2023-05-06 04:00:00,0.0,0.0,0.0,0.0,0.0,0.0,0.0,0.0,0.0,0.0,0.0,0.0,0.0,0.0,0.0,0.0,0.0,0.0,0.0,0.0,0.0,0.0,0.0,0.0,0.0,0.0,0.0,0.0
2023-05-06 05:00:00,0.0,0.0,0.0,0.0,0.0,0.0,0.0,0.0,0.0,0.0,0.0,0.0,0.0,0.0,0.0,0.0,0.0,0.0,0.0,0.0,0.0,0.0,0.0,0.0,0.0,0.0,0.0,0.0
2023-05-06 06:00:00,0.0,0.0,0.0,0.0,0.0,0.0,0.0,0.0,0.0,0.0,0.0,0.0,0.0,0.0,0.0,0.0,0.0,0.0,0.0,0.0,0.0,0.0,0.2561951652005193,0.03174621879675414,0.34904158230744425,0.0,0.1983744696845145,0.02370220525281465
2023-05-06 07:00:00,0.053140746713327934,0.10974290742276972,0.05046480710629317,0.01630684814927985,0.12470378733662785,0.039605322991411764,0.04274193946303625,0.03848441478153749,0.04189906929493461,0.01360951356843663,0.026979917733761866,0.03256264240435112,0.03671180140966418,0.04260482059609485,0.041347157246138404,0.05981794676756712,0.0997223833636574,0.014260673920084324,0.04641395830743721,0.026517306984109264,0.0419119661707493,0.02557244073267892,0.3562636660591021,0.10829617717261392,0.4930150654379894,0.030410715644942438,0.31702318175244143,0.13084370432074685
2023-05-06 08:00:00,0.13186190863373196,0.20570948767010652,0.1291705753221695,0.0675329247516109,0.2473367877416793,0.07266478321085923,0.1276915267061827,0.14900382559434974,0.11624733762664413,0.04905899428732419,0.09386928262876104,0.11735820943516839,0.08390099131495624,0.1770256407092678,0.05684570988933969,0.08017802842369783,0.15121991407503418,0.06760500049716636,0.09917311174679218,0.11862702068861714,0.17401878183383257,0.10134223580040815,0.48461250333930717,0.1589333885322505,0.6299108149567224,0.05674496820733958,0.3802803281646742,0.17338062499661994
2023-05-06 09:00:00,0.18939367109853178,0.2978395804345407,0.1985572733310235,0.11315713464190291,0.3628985322182306,0.13125306568506828,0.24964352560616196,0.2150490134641798,0.18279775398795114,0.10347032987977127,0.1822685094873789,0.2521396725474777,0.15928405885565167,0.1993999179251143,0.11193253996126337,0.16099081932057818,0.24983105854163098,0.10785016001788468,0.19891605708424012,0.09575044533735233,0.18759879329998796,0.17344991427768056,0.5844335084349986,0.18621908850712451,0.6622096776477963,0.11644073424749551,0.45891813521476593,0.21962843483850883
2023-05-06 10:00:00,0.2595725097510581,0.35059641807033487,0.3055539679607543,0.1485895960736279,0.46453023269855137,0.21272951347876276,0.3469461260326601,0.2872073789603034,0.2754250790179596,0.14315438794298127,0.23630466952530182,0.33099921998011383,0.2510650636839102,0.27524862085645485,0.15942725682774167,0.26002446971766763,0.335759332803466,0.17789575672926136,0.29093772307258436,0.17307901546215695,0.2619270727968811,0.2523973177475782,0.6087290104961195,0.2613304472909993,0.6819008239670649,0.17312668043697796,0.4778654777775708,0.23240039176807528
2023-05-06 11:00:00,0.3272638874283519,0.4038000061949635,0.43379759404608503,0.18156291088782384,0.5221178081774783,0.3045490596444885,0.440975644537635,0.42674304042871153,0.3110192639826596,0.25530852943575977,0.368017145672655,0.37379977974572015,0.30258810182459134,0.42725109789596677,0.26329103021139005,0.33015287006970284,0.38514595659025014,0.22717093319769577,0.37706087877767575,0.28711609342706124,0.41503992459341316,0.3255594610934625,0.662180841799709,0.2831025777532137,0.6734562603376202,0.23269308549156145,0.5012049511190283,0.24964324965142679
2023-05-06 12:00:00,0.3459473090455162,0.36937992554786125,0.474316344115418,0.26337302289162046,0.5706311587658811,0.36067621279161005,0.5455739357378523,0.5344756809374082,0.311415463232025,0.39687040085745495,0.4671914226961623,0.3800461960091628,0.30289538369384195,0.5509459263661477,0.33806585313920956,0.3332923720004599,0.3958500149211492,0.21752157126913607,0.35813980299388876,0.45229552344453794,0.5430810454515144,0.3659950050923839,0.6464218392011157,0.3305141246803973,0.7150530173065546,0.29162412340954286,0.5577812471182327,0.2655355881683995
2023-05-06 13:00:00,0.3428101857499939,0.3540765487695557,0.4954107275002879,0.3279753676563522,0.6199838128139255,0.4779763738627094,0.4665697831142415,0.46065279532195125,0.3315573770409967,0.4454740892136774,0.41052942947722354,0.33424554596401673,0.3033764546275266,0.49541365398358583,0.4220461257560245,0.3551669480595004,0.4413423870295924,0.22313679457491245,0.3782222569102424,0.4535238113721146,0.5041716248930476,0.35916294973614016,0.6537264862455213,0.28510628473342864,0.6331716443486924,0.382755478766189,0.560745197429451,0.2619579389132162
2023-05-06 14:00:00,0.37827676990447856,0.3703906288078733,0.5875999661600456,0.3411094888909934,0.6921385791976319,0.5190657268166289,0.4916719936763176,0.4750914626604772,0.38979050843264584,0.4496226712161616,0.43031669032035796,0.36985448258781417,0.3794896920438662,0.5250240591511726,0.44830329711755357,0.41419971224303304,0.42872692323623773,0.2325205914138263,0.39650016986828285,0.46778607436083386,0.5366404435708005,0.38525043979127327,0.6019265211622689,0.30687590500452566,0.6384156255706163,0.4579523970641532,0.5294990403622217,0.271673069764545
2023-05-06 15:00:00,0.34449267200090283,0.29962861247555506,0.5860565282708151,0.2727229073381089,0.6946308493407143,0.502457897370631,0.5707810729541729,0.5216623171329223,0.3558001752029312,0.5519111805841301,0.53969174828872,0.2744427958036193,0.3555960658828804,0.4979119190006688,0.4116639088937661,0.38419371126553853,0.4835713299453251,0.22801360577464894,0.41927529952657056,0.4077805462803949,0.5001144605237766,0.388604899337885,0.5922571923835215,0.2490507443591021,0.5942864337931114,0.4138765854106001,0.48536215807862865,0.2282723479156064
2023-05-06 16:00:00,0.30905238656879236,0.25447704774133384,0.5651607836884799,0.2944292292142483,0.7009468133287732,0.4316606640135512,0.581751751624411,0.5159961231608016,0.3107753134388136,0.4192918991791056,0.48861491425427245,0.26362990550258647,0.2866930873419876,0.5160096288890565,0.29864296153615455,0.29089056275543124,0.4144612610628962,0.18166962985340415,0.35318075445268965,0.400150392172936,0.5113671928699965,0.2941281561870512,0.4882667093042637,0.17415460897065035,0.4836275896442876,0.3648333663556843,0.4289870246393432,0.17526855544907166
2023-05-06 17:00:00,0.28367608997405663,0.21478366775416605,0.574766872692404,0.27992300163820677,0.6769744076354132,0.4110242986342008,0.5909163484172861,0.47737240720973695,0.22966257457700906,0.42819775281466965,0.4946279767846281,0.25431291704068204,0.218639834123995,0.4242838833547437,0.32228007633704064,0.2686209514099675,0.3703303892690805,0.18087713536940153,0.29936858532625793,0.33891891360562476,0.41588299266188955,0.2890322376327587,0.3939915713018076,0.14848996714338544,0.4377674141115472,0.32752657974103633,0.33011864921243383,0.1525616194675005
2023-05-06 18:00:00,0.24279809799458563,0.18045922015166568,0.502722289580447,0.15985080447412198,0.6327617421723147,0.3082167772356184,0.5224293847873213,0.3898249254906121,0.1719743263300271,0.3207600860146497,0.40219130891988675,0.1396522158600329,0.14346965736061476,0.3188398043780511,0.21388241286293436,0.1718329348649817,0.3116674564947267,0.1331199794536889,0.25232293181751786,0.2344894550950949,0.305853638377208,0.1844943948678808,0.24580623540199675,0.12009668455217101,0.28560181466302986,0.210866243644274,0.26825524673849505,0.13096351492367295
2023-05-06 19:00:00,0.2073899995509123,0.0966285755845167,0.4640215332909612,0.13702029841756172,0.5992160379707093,0.242770481149155,0.4373395893447125,0.33141396392600075,0.10637141039051617,0.2664816718654702,0.3535758639500703,0.09275128021736628,0.07900410883922356,0.2780074937324784,0.13695932051659124,0.1119734027074649,0.23389480067003018,0.08540634293772154,0.20005474874380233,0.1713606472748452,0.26642530770572526,0.1507697851667985,0.15939322898980782,0.09081872071639567,0.18182039758804677,0.13657732625800656,0.21129316878465218,0.09678627454534092
2023-05-06 20:00:00,0.1274191525408001,0.03783876956865414,0.310989212642099,0.061111135150303725,0.4993021315657917,0.1889569614208998,0.27738511267494254,0.1841235689566281,0.07471865307435939,0.13518133329281173,0.19010631031647654,0.04367429148317733,0.053777715253072324,0.1702416759381629,0.06652823879255973,0.06925871176577256,0.14008104311949446,0.034794899033071404,0.12575986555559196,0.08975002750744085,0.1658302176998914,0.07042635140310395,0.04976557598432445,0.03398898383418081,0.0842998000759848,0.11638680843234975,0.12113355414154006,0.041193577684290425
2023-05-06 21:00:00,0.07259787074190607,0.005114353898453371,0.18232277294355365,0.0,0.36332684016823685,0.07617762170602677,0.0,0.0,0.061528661693297654,0.0746093260767809,0.030546615003891033,0.00032297359073691544,0.029865428535841503,0.0,0.019885996108929067,0.026845984557703907,0.12642234332379293,0.009655468317124834,0.10295599949133614,0.0,0.0,0.029558092438428635,0.0,0.0,0.0,0.0348171326156761,0.037979033409503926,0.0
2023-05-06 22:00:00,0.0,0.0,0.0,0.0,0.19279892976024282,0.00743702069164429,0.0,0.0,0.0,0.0,0.0,0.0,0.0,0.0,0.0,0.0,0.0,0.0,0.0,0.0,0.0,0.0,0.0,0.0,0.0,0.005361517925766494,0.0,0.0
2023-05-06 23:00:00,0.0,0.0,0.0,0.0,0.0,0.0,0.0,0.0,0.0,0.0,0.0,0.0,0.0,0.0,0.0,0.0,0.0,0.0,0.0,0.0,0.0,0.0,0.0,0.0,0.0,0.0,0.0,0.0
2023-05-07 00:00:00,0.0,0.0,0.0,0.0,0.0,0.0,0.0,0.0,0.0,0.0,0.0,0.0,0.0,0.0,0.0,0.0,0.0,0.0,0.0,0.0,0.0,0.0,0.0,0.0,0.0,0.0,0.0,0.0
2023-05-07 01:00:00,0.0,0.0,0.0,0.0,0.0,0.0,0.0,0.0,0.0,0.0,0.0,0.0,0.0,0.0,0.0,0.0,0.0,0.0,0.0,0.0,0.0,0.0,0.0,0.0,0.0,0.0,0.0,0.0
2023-05-07 02:00:00,0.0,0.0,0.0,0.0,0.0,0.0,0.0,0.0,0.0,0.0,0.0,0.0,0.0,0.0,0.0,0.0,0.0,0.0,0.0,0.0,0.0,0.0,0.0,0.0,0.0,0.0,0.0,0.0
2023-05-07 03:00:00,0.0,0.0,0.0,0.0,0.0,0.0,0.0,0.0,0.0,0.0,0.0,0.0,0.0,0.0,0.0,0.0,0.0,0.0,0.0,0.0,0.0,0.0,0.0,0.0,0.0,0.0,0.0,0.0
2023-05-07 04:00:00,0.0,0.0,0.0,0.0,0.0,0.0,0.0,0.0,0.0,0.0,0.0,0.0,0.0,0.0,0.0,0.0,0.0,0.0,0.0,0.0,0.0,0.0,0.0,0.0,0.0,0.0,0.0,0.0
2023-05-07 05:00:00,0.0,0.0,0.0,0.0,0.0,0.0,0.0,0.0,0.0,0.0,0.0,0.0,0.0,0.0,0.0,0.0,0.0,0.0,0.0,0.0,0.0,0.0,0.0,0.0,0.0,0.0,0.0,0.0
2023-05-07 06:00:00,0.0,0.0,0.0,0.0,0.007245896164500716,0.0,0.0,0.0,0.0,0.0,0.0,0.0,0.0,0.0,0.0,0.0,0.0,0.0,0.0,0.0,0.0,0.0,0.053917485734732894,0.00032326687833039453,0.011501391694248596,0.0,0.015124632446521019,0.0
2023-05-07 07:00:00,0.10057401546087455,0.032777266443998594,0.23442718079410843,0.07762023397111796,0.18023456781162428,0.022079370356635902,0.23413644973126777,0.24080327714740432,0.07246885300051975,0.2108205422318723,0.23325675332255674,0.03545559257939941,0.049423277244768096,0.2468215959058145,0.0228459172816661,0.06836848907889415,0.05472159317721164,0.06483460094006911,0.04259083165836164,0.2374524307996298,0.2464108619711302,0.097196905947344,0.09207529284014324,0.009467139208184674,0.03126910907048566,0.03728768470551196,0.02435290147306047,0.007819607932482502
2023-05-07 08:00:00,0.19240433857733624,0.16005573362332062,0.35061174562992803,0.15478071215901779,0.2882896256861946,0.06738127657718558,0.4003388383588595,0.3898793664088922,0.14433370744222618,0.30950603213486755,0.3764707688575031,0.09666071258107285,0.09997823240304901,0.36598099730669276,0.05152974061449534,0.09808327781340373,0.09186145314816961,0.17626496620798904,0.07823790494634791,0.3528228466968609,0.35701827003288633,0.16353758089266893,0.20576104995743116,0.03699561453705512,0.09348522137401157,0.06148789989766187,0.04100287019166429,0.033475146196514885
2023-05-07 09:00:00,0.27720775275477677,0.2170851597123221,0.5231764986043678,0.2604098953174899,0.40486953000750325,0.14898290359583274,0.5511335808929695,0.5242633986708832,0.24573013259598261,0.46925261079123565,0.5495283716734953,0.15681356079649156,0.21423992201135955,0.4642517437794257,0.11489850103176226,0.23148866487028694,0.129764777537297,0.18382780714786015,0.15356532976762796,0.44300854013757357,0.4525492061884516,0.2489452804580795,0.30949390508964814,0.08824565492228698,0.20960858375798389,0.14635150094615257,0.10846640701053643,0.09056024102113441
2023-05-07 10:00:00,0.4152478244066494,0.29434475762829504,0.6426198852893974,0.40293701720622005,0.49318291459632085,0.25050605250743435,0.5694288928226879,0.5715949560960146,0.35693373271307804,0.6074743154562544,0.6101142373665152,0.28144295830819566,0.33434637566516456,0.5338069539364778,0.23008533129777842,0.34811715275371025,0.25599966619097403,0.3616780064504821,0.2919694492813322,0.5561249982146412,0.531649216522013,0.40287516815374275,0.35243610783426954,0.13764686218079192,0.30110782306361616,0.26292665701322315,0.14821847285242784,0.1366845364997442
2023-05-07 11:00:00,0.48667777457118255,0.378369990907961,0.5692080190800142,0.4902141543144737,0.567630443692616,0.3445837076867265,0.44570146311187586,0.47724975582873636,0.39891473232006147,0.5668343106816844,0.5207039976143065,0.48181836504389636,0.35988294750576943,0.45115129120784303,0.35959039053583103,0.34218401466392695,0.3799805272024192,0.503185660124844,0.30672869180965184,0.5357857734005753,0.4544948558983511,0.5490351724940256,0.39559584137455817,0.177507703284178,0.40864024672279026,0.30583444629082174,0.20305876559816335,0.1612641533153865
2023-05-07 12:00:00,0.5216255069403084,0.3851196579823544,0.6388722959735549,0.39838550669932915,0.6317362737254003,0.35466153423966035,0.5104216037740074,0.4460333059509769,0.43823717276508545,0.6200550041148124,0.5450615878946636,0.49576038235677095,0.42124101558309957,0.3522636185661729,0.3410928810827501,0.38752846620207226,0.49931933284628804,0.5449427456340961,0.4324452371733448,0.467794877067036,0.3553919642749414,0.6126465204088932,0.5180561248019233,0.24500463557901153,0.4705260421156227,0.34332003213938384,0.2860320041827063,0.24138449821063415
2023-05-07 13:00:00,0.5178362532458306,0.4099550669519104,0.5905067929923524,0.48476066952030156,0.6575055336580561,0.4983429789955015,0.5364291506842629,0.5866595543147134,0.5569039206700538,0.5655297576804095,0.5502076052316549,0.48998410202050496,0.5877068270348557,0.6166470500677638,0.5188431768814871,0.5853558366847013,0.531792868757516,0.46117951692101816,0.46967521229767994,0.6759127782463401,0.6223851181950462,0.510615018651201,0.5888010874457787,0.28698936023627986,0.5119040432738567,0.45685346921643866,0.37513535797221964,0.27593486547318075
2023-05-07 14:00:00,0.5407935578287497,0.3871476544477026,0.565626042102648,0.5076726704431145,0.6767080960727131,0.48691627113915886,0.5735572225259379,0.6183429942570091,0.5384905538747352,0.5969828451799767,0.5712735832117685,0.5231140640908587,0.6085248540122755,0.6371553190333338,0.49806922589259645,0.6668279336487478,0.5280988930526326,0.5689918563571147,0.45813331474997454,0.684000348613838,0.642095755534017,0.5554082473393392,0.5710966237359496,0.2964340149059125,0.4574820824352581,0.43594062164856967,0.3976593903425169,0.29044369041341633
2023-05-07 15:00:00,0.5769279432109167,0.4330057365372994,0.5486287899898767,0.48523673539983053,0.6807245887867365,0.45946420739369687,0.5364050338794616,0.5502475632519964,0.5354866172773363,0.5676489926742084,0.5326056877576186,0.5565821742266606,0.5843124088292024,0.5520296050374544,0.48621303792514353,0.6178460660482487,0.5384606563774333,0.5419392821239608,0.4867887553058445,0.5602221361491493,0.5579622764451125,0.6028304876992673,0.5989171756067241,0.28325681680196213,0.49428144311390554,0.42292329310051946,0.3591642775362528,0.3204084270137678
2023-05-07 16:00:00,0.5251945378253707,0.39174626783624256,0.48648537246572165,0.39764727719224896,0.6507187133424972,0.4405349512073821,0.4023611929366034,0.43108080325428144,0.5318530825614887,0.4757891597633063,0.40375204996122704,0.4224544119327359,0.6157214628642315,0.4732846680839805,0.4963507031061655,0.645948008401166,0.5450686604823636,0.4715365462622411,0.5002033622110043,0.5683103511144177,0.4883788221158895,0.4830028805839546,0.529002408435023,0.25934905508378,0.4500263569624048,0.38277357427483827,0.315667753202276,0.2942756573804317
2023-05-07 17:00:00,0.4920470959155946,0.3751287414263374,0.4650910392581703,0.3655877356259332,0.6307956743136275,0.4184970623732005,0.39722600059619867,0.41098368233256055,0.5008735269577084,0.47340068820417636,0.3952821770390654,0.38133149661078014,0.5445029448805968,0.44058973729285433,0.4994444200417867,0.555386889056764,0.47686200808959817,0.45677278509662483,0.4241774300489182,0.5690543026693397,0.45733650260620784,0.45552227181238975,0.5564507490983832,0.200264225251689,0.4347673194058758,0.36096249248316326,0.2791501421502232,0.21460593548773885
2023-05-07 18:00:00,0.45672666375547405,0.3667238242308073,0.3955028337060514,0.299874652700685,0.5963516986763818,0.305894359833655,0.3067108735889824,0.3366901436158494,0.44561234286425205,0.36690615386750425,0.30904688380920303,0.3433293388870966,0.5273296926395542,0.4013794414016153,0.3593997600961792,0.48011568498880564,0.4422018188393519,0.4220030789800846,0.4549687173209182,0.4922155779514873,0.4203012853508152,0.40320013445273056,0.43841090359476115,0.17045733849213737,0.3631747076581146,0.30301928246346616,0.2577180649637124,0.18522900855616817
2023-05-07 19:00:00,0.4036958616732774,0.30117274038985176,0.24289130724281424,0.28901463571706126,0.5135292175351867,0.2802425367444124,0.2168883654414668,0.27065148318914006,0.4362309604665857,0.3205404150657797,0.238762716659432,0.30204281014162765,0.47477298796367756,0.32938553923620845,0.39937073148160934,0.4879449790235794,0.30504915460003923,0.42814637837423253,0.40308651424506675,0.49448282636622487,0.34668285297371915,0.36486170361792464,0.3177483751417678,0.13913958083177114,0.30665134168915764,0.31868637859324167,0.1976902770274357,0.13433224535887106
2023-05-07 20:00:00,0.2743247409529267,0.25165085842390417,0.12844038994174178,0.1671012895851281,0.4132875926473834,0.2059158497710985,0.16009655273787754,0.1954040243768522,0.34007380014717836,0.24350754654717727,0.1784264331804881,0.22977061483067507,0.36275739377672517,0.2202696025657922,0.3215553872958916,0.38398239669158163,0.22274282362210385,0.26996964493583847,0.3077293006329084,0.3299422162335164,0.2302505920531749,0.28943600560534866,0.15503311922596263,0.09940631269047624,0.1702550781929243,0.24323857690700473,0.11068411536095779,0.08587095751337649
2023-05-07 21:00:00,0.17880869196658106,0.15597535320866227,0.07241726461921459,0.0,0.31800575643307666,0.10555543772389486,0.0,0.02517380233936412,0.24783524603318136,0.06891136772074577,0.06480864958011932,0.10290763827426025,0.24069619093968753,0.0,0.23834615296739087,0.25430431656535074,0.13427524279437222,0.21902838116415016,0.20641543504619375,0.0,0.0,0.16564485312219587,0.0,0.0,0.0,0.15387906055702974,0.018905193354452354,0.006418000290553782
2023-05-07 22:00:00,0.0,0.0,0.0,0.0,0.1573439202256316,0.00963778270296684,0.0,0.0,0.0,0.0,0.0,0.0,0.0,0.0,0.0,0.0,0.0,0.0,0.0,0.0,0.0,0.0,0.0,0.0,0.0,0.007124962870005523,0.0,0.0
2023-05-07 23:00:00,0.0,0.0,0.0,0.0,0.0,0.0,0.0,0.0,0.0,0.0,0.0,0.0,0.0,0.0,0.0,0.0,0.0,0.0,0.0,0.0,0.0,0.0,0.0,0.0,0.0,0.0,0.0,0.0
2023-05-08 00:00:00,0.0,0.0,0.0,0.0,0.0,0.0,0.0,0.0,0.0,0.0,0.0,0.0,0.0,0.0,0.0,0.0,0.0,0.0,0.0,0.0,0.0,0.0,0.0,0.0,0.0,0.0,0.0,0.0
2023-05-08 01:00:00,0.0,0.0,0.0,0.0,0.0,0.0,0.0,0.0,0.0,0.0,0.0,0.0,0.0,0.0,0.0,0.0,0.0,0.0,0.0,0.0,0.0,0.0,0.0,0.0,0.0,0.0,0.0,0.0
2023-05-08 02:00:00,0.0,0.0,0.0,0.0,0.0,0.0,0.0,0.0,0.0,0.0,0.0,0.0,0.0,0.0,0.0,0.0,0.0,0.0,0.0,0.0,0.0,0.0,0.0,0.0,0.0,0.0,0.0,0.0
2023-05-08 03:00:00,0.0,0.0,0.0,0.0,0.0,0.0,0.0,0.0,0.0,0.0,0.0,0.0,0.0,0.0,0.0,0.0,0.0,0.0,0.0,0.0,0.0,0.0,0.0,0.0,0.0,0.0,0.0,0.0
2023-05-08 04:00:00,0.0,0.0,0.0,0.0,0.0,0.0,0.0,0.0,0.0,0.0,0.0,0.0,0.0,0.0,0.0,0.0,0.0,0.0,0.0,0.0,0.0,0.0,0.0,0.0,0.0,0.0,0.0,0.0
2023-05-08 05:00:00,0.0,0.0,0.0,0.0,0.0,0.0,0.0,0.0,0.0,0.0,0.0,0.0,0.0,0.0,0.0,0.0,0.0,0.0,0.0,0.0,0.0,0.0,0.0,0.0,0.0,0.0,0.0,0.0
2023-05-08 06:00:00,0.0,0.011603623263816486,0.0,0.0,0.005246128395793286,0.0,0.0,0.0,0.0,0.0,0.0,0.0,0.0,0.0,0.0,0.0,0.0,0.0,0.0,0.0,0.0,0.0,0.09419238946447837,0.01108672887284824,0.029449306661007122,0.0,0.05496871540797363,0.0016252918038363372
2023-05-08 07:00:00,0.14277298998762447,0.16293453961789245,0.2044988712985097,0.19516306020961013,0.08902154883026742,0.13930376938016528,0.25132789040658504,0.25001112531363395,0.14899718666807207,0.2903520215039477,0.25807206274779604,0.1150221676011102,0.15780501989476137,0.21447148501533303,0.19305728724958696,0.152856236474926,0.20047730895974,0.166322314737587,0.18559666639944694,0.3131238061366851,0.21215461825865323,0.16161812691395838,0.1648544543431028,0.08384313748926478,0.09705661560118406,0.20701619243706326,0.17524392260063346,0.08568372923254952
2023-05-08 08:00:00,0.2785592459275207,0.3223556900048619,0.4195470353186545,0.3446267369382696,0.1881785485061292,0.22837196142268443,0.41547001231001895,0.37791527088782,0.2981264549864456,0.456016449019052,0.4087111187031581,0.20657359701494846,0.2979643270453101,0.32704237219164606,0.3130679969647676,0.2804850035789964,0.3639524937555991,0.29835919343645395,0.3293600543573717,0.46988398571863915,0.32711434241137993,0.297380289733946,0.2601349287519204,0.18643136634894814,0.20845882494106355,0.3421718777851486,0.3104123972870425,0.17980705332484356
2023-05-08 09:00:00,0.40208015403963576,0.3868269946000895,0.5723975318197256,0.4403426034118434,0.299837785445994,0.330173216207858,0.5232366934703546,0.4960442237918461,0.4403177257885363,0.594226108229056,0.5464941799814024,0.2839623261581456,0.4679175750651076,0.44278830956850457,0.3899862479014929,0.4553111063353346,0.5016283994447698,0.3957156783297404,0.4703537545367588,0.5808902298149414,0.4436109062107815,0.4158560719710269,0.30943531158785964,0.31126332269562085,0.2696546551929815,0.46821047021582163,0.5040306874730046,0.2629165217701306
2023-05-08 10:00:00,0.5053062196795113,0.46354545966358995,0.7075346720521856,0.4895631048392625,0.36448137962359956,0.44796901483918417,0.6385627097252885,0.6011821102100194,0.5258515520099964,0.7170282088962103,0.6827776003646389,0.3628853184728153,0.5683173753154654,0.5213736466501796,0.4923831957107276,0.6033982708252932,0.6396371544655425,0.4876027236858477,0.6241436491558209,0.6579137743688372,0.5179433015986561,0.5215846995166762,0.42273327494277224,0.4322185028374714,0.409080569580823,0.5513429157714989,0.65943313494711,0.324595131631537
2023-05-08 11:00:00,0.58053718707923,0.5040924211077861,0.741531488547338,0.49568105305370175,0.4516491228219416,0.5172630320349992,0.5868821669153191,0.5435027818513598,0.6429694656881496,0.7097251280000585,0.6318426230808789,0.4554054322637259,0.6581727723857873,0.49854833105799234,0.61925535290109,0.7183601907209984,0.6638150945290934,0.5459597948436513,0.6703947401976166,0.5983526724244472,0.507287594640934,0.5889312129411161,0.4776463548845893,0.5089009288489375,0.5445987364652249,0.5936449599604043,0.6933190208121395,0.4229305401556911
2023-05-08 12:00:00,0.6339037445889999,0.5717385843648086,0.6502057414764141,0.5661983203104782,0.4979230930633971,0.5787191871128025,0.5507517310530876,0.5085586902784337,0.6176983615763735,0.5988022847077459,0.5598568385778125,0.6113756178559019,0.5894562643950878,0.45315443712876363,0.6006199272115427,0.6633975712387156,0.653726736135957,0.5945536961549455,0.600741513657082,0.5377667801381563,0.45200998877607795,0.6528988302125759,0.5220921588667617,0.5978233477115297,0.5028942005328848,0.6203861205054777,0.6316228755600065,0.5242360635629841
2023-05-08 13:00:00,0.6539276636304053,0.6156441256171016,0.5642257266857262,0.5130722546075841,0.5041496231526932,0.6123335451530584,0.42863682283916466,0.4405712888284928,0.6357600741298579,0.6373104656753341,0.5218007422946662,0.6298812159626503,0.6090167765763654,0.3935361271275337,0.6524548132891939,0.6876788043314491,0.6713949750094885,0.6351685973341149,0.6408170455021178,0.5014841219933722,0.40015953961783557,0.7004487657598565,0.5525336299648075,0.6063299357114925,0.4653304329799248,0.6355968302633659,0.6028294142087658,0.557187174429756
2023-05-08 14:00:00,0.6304325122003852,0.6131967600516995,0.5656737521802102,0.4988908935826712,0.5232270496665986,0.6573834076414242,0.3975412234319548,0.40710028465622083,0.6481502957731143,0.5897527261044164,0.47609129114851667,0.5653837063973176,0.660879888219003,0.3973975325486538,0.6900176916388674,0.6878154247608311,0.718875149180865,0.5741598798025653,0.6737160900105033,0.4876293372347298,0.4118428883457807,0.6278167260300056,0.5626554020461308,0.5552329899382998,0.3740669808311333,0.6390323869413898,0.5379172534525027,0.5513768414726083
2023-05-08 15:00:00,0.579366217708247,0.6133653351471163,0.5433815263177645,0.5110267101610598,0.5469544019004107,0.676899121945678,0.4762315060124023,0.49992773484246067,0.6454746187205206,0.6126906813411614,0.5314200842157155,0.5499415700938989,0.631272968359516,0.4804998831975131,0.6827996891548415,0.6822543065211149,0.7388438097710549,0.497179272409342,0.638935557750335,0.5522762335072798,0.48598461512811175,0.5807175996257498,0.5203056986500756,0.5512015019447963,0.3799798806714713,0.6617925928045858,0.5523818070882932,0.515050304870001
2023-05-08 16:00:00,0.5662860968960388,0.614628987556355,0.4716708585155342,0.47097091722500223,0.5747304600395519,0.6541692448746774,0.2943774719710633,0.3257180902488535,0.593833450108011,0.4677800681732928,0.3335602147996285,0.5502301797351533,0.5565897718907026,0.3584012384304335,0.562222206540241,0.5881545446483486,0.6650351823094727,0.550302618153574,0.6360359123967494,0.49362478728858283,0.3781426483437495,0.5491823044745043,0.5193181198884581,0.47075073850595817,0.33858507687444656,0.6365290320230914,0.4890668446957747,0.47335211285186135
2023-05-08 17:00:00,0.48517558641576153,0.5384649456168535,0.43413287996741573,0.3983993980193606,0.5191752447356842,0.6014738813284437,0.37681523984817983,0.4296766170339373,0.47934874802297867,0.46200206438775715,0.4118545726479153,0.49244122207453117,0.43466151487303545,0.45423063314665707,0.5537107661235128,0.4774814162011764,0.6560080389740434,0.52228623130737,0.6202301830641586,0.41590574924265944,0.4570039302713873,0.509298951243759,0.45676320257371583,0.3716830400945402,0.26844899866603134,0.5876590259686424,0.3261021742682213,0.3726909918898026
2023-05-08 18:00:00,0.4644749207493505,0.4887960714293647,0.36563483077657977,0.29454119354216873,0.504404601164505,0.6081039999614426,0.2314567162461264,0.33965990768856874,0.48699437252134803,0.3952307419465614,0.3251523925580282,0.3455782802665062,0.44624623914538364,0.43044283426593183,0.6358585118713099,0.5061128754388198,0.6165754792227148,0.45695007971951246,0.5967383198610158,0.3893119114093711,0.4432574985243887,0.4129650655145484,0.4510378776024673,0.26238623398252564,0.27482563462006,0.5428973175637851,0.34189871704260577,0.22848515395338576
2023-05-08 19:00:00,0.43697328186839773,0.4112116588846486,0.320279889522358,0.23000608392838143,0.4272780951659906,0.5992695897240066,0.24630566122806286,0.3406442401085881,0.4353599966284056,0.3233003929943769,0.279804730863137,0.3485905152497875,0.37706836925518666,0.4070959155638689,0.5952360121363531,0.46362631271130034,0.5713147402012851,0.4309791508798668,0.5440826442732123,0.4116439893170162,0.41344313975020547,0.412838222659899,0.29301754474590114,0.1587366616603741,0.18244670025008888,0.5329347024698213,0.25579623892348213,0.11535678751744236
2023-05-08 20:00:00,0.2863238886087253,0.29364209976793515,0.24568748791244158,0.12864833246301588,0.370711688217751,0.5455023633414116,0.17689042209335956,0.2666850820829251,0.35190984147630866,0.31221676602527726,0.2650569685160547,0.13033043338527492,0.31652024609686025,0.28352014060909275,0.5154535103977385,0.3664164782923739,0.4550949515067412,0.17450941733880088,0.4611873456272182,0.29357834237220937,0.2852743205461194,0.2521156938331961,0.18092422466021846,0.11295225080760878,0.10290176198070165,0.4397295575255039,0.2546374826535734,0.07533085645893278
2023-05-08 21:00:00,0.13749034301728483,0.1416668366692316,0.14551284896616495,0.0,0.2885560536817539,0.39592119203317994,0.08441746287530981,0.04972460010745827,0.22139208225402673,0.09347962839332295,0.09595453504831478,0.04604103437739803,0.21967522986922838,0.0,0.3329484267385784,0.30428033208399335,0.3151319299016018,0.056315700783186116,0.3408113781564495,0.0,0.0,0.09684052427277863,0.0,0.0,0.0,0.36711299273033565,0.09326708530097534,0.0001514537306659327
2023-05-08 22:00:00,0.0,0.0,0.0,0.0,0.06445909596500027,0.03998397425268991,0.0,0.0,0.0,0.0,0.0,0.0,0.0,0.0,0.0,0.0,0.0,0.0,0.0,0.0,0.0,0.0,0.0,0.0,0.0,0.008159318501718053,0.0,0.0
2023-05-08 23:00:00,0.0,0.0,0.0,0.0,0.0,0.0,0.0,0.0,0.0,0.0,0.0,0.0,0.0,0.0,0.0,0.0,0.0,0.0,0.0,0.0,0.0,0.0,0.0,0.0,0.0,0.0,0.0,0.0
2023-05-09 00:00:00,0.0,0.0,0.0,0.0,0.0,0.0,0.0,0.0,0.0,0.0,0.0,0.0,0.0,0.0,0.0,0.0,0.0,0.0,0.0,0.0,0.0,0.0,0.0,0.0,0.0,0.0,0.0,0.0
2023-05-09 01:00:00,0.0,0.0,0.0,0.0,0.0,0.0,0.0,0.0,0.0,0.0,0.0,0.0,0.0,0.0,0.0,0.0,0.0,0.0,0.0,0.0,0.0,0.0,0.0,0.0,0.0,0.0,0.0,0.0
2023-05-09 02:00:00,0.0,0.0,0.0,0.0,0.0,0.0,0.0,0.0,0.0,0.0,0.0,0.0,0.0,0.0,0.0,0.0,0.0,0.0,0.0,0.0,0.0,0.0,0.0,0.0,0.0,0.0,0.0,0.0
2023-05-09 03:00:00,0.0,0.0,0.0,0.0,0.0,0.0,0.0,0.0,0.0,0.0,0.0,0.0,0.0,0.0,0.0,0.0,0.0,0.0,0.0,0.0,0.0,0.0,0.0,0.0,0.0,0.0,0.0,0.0
2023-05-09 04:00:00,0.0,0.0,0.0,0.0,0.0,0.0,0.0,0.0,0.0,0.0,0.0,0.0,0.0,0.0,0.0,0.0,0.0,0.0,0.0,0.0,0.0,0.0,0.0,0.0,0.0,0.0,0.0,0.0
2023-05-09 05:00:00,0.0,0.0,0.0,0.0,0.0,0.0,0.0,0.0,0.0,0.0,0.0,0.0,0.0,0.0,0.0,0.0,0.0,0.0,0.0,0.0,0.0,0.0,0.0,0.0,0.0,0.0,0.0,0.0
2023-05-09 06:00:00,0.0,0.04370085473726651,0.0,0.0,0.023544904539180886,0.0,0.0,0.0,0.0,0.0,0.0,0.0,0.0,0.0,0.0,0.0,0.0,0.0,0.0,0.0,0.0,0.0,0.23051284626492186,0.10937170736388366,0.09058174713972257,0.0,0.21732361778606757,0.045834176369131854
2023-05-09 07:00:00,0.17867670710344244,0.19911983320625362,0.19071916823473503,0.09830023117719015,0.20126694944188758,0.27666018934974684,0.20863641545520406,0.2241943574120473,0.24778159115440626,0.18174080659074657,0.1947299822406205,0.09934446647908625,0.2558863794676166,0.24136650657898706,0.3625058841046526,0.3383285264884799,0.3280596975644788,0.11391303479685562,0.31790646051391436,0.2054763129354472,0.23967276052301792,0.1101359423182242,0.33239309847705034,0.12173892627807067,0.15086405068849518,0.36877052254016474,0.35312370820688527,0.13028755088652155
2023-05-09 08:00:00,0.29015795168192593,0.31620097955588905,0.33586332147576137,0.20919961092061518,0.3239133952563199,0.456657896837436,0.29816297873244263,0.3456998281576484,0.38004199491090995,0.2512304793429017,0.27815478794135096,0.14282534450301557,0.38223252251264317,0.397255686148702,0.5640505625369223,0.5360939415759111,0.5356679731442124,0.19949601112805362,0.4979951463170524,0.3719721466772024,0.39616449462403874,0.16609799567914985,0.44135844090299936,0.19060746076204982,0.29943633633775685,0.5652849780662068,0.4742827935873822,0.18443781135500475
2023-05-09 09:00:00,0.33184884987390956,0.42377485939530973,0.45373366757795225,0.2634171568891863,0.4192759201412837,0.5669417355393033,0.5155534643735957,0.527194443119514,0.40276159939021633,0.3758291089912711,0.43571562597618685,0.1955698062862673,0.39655436444365316,0.5756382206987581,0.6675116710825156,0.6204514528312765,0.6687224240251983,0.21469567503076684,0.6506252370205573,0.4845416629504897,0.5714155798176175,0.24825179481168128,0.5690658680885069,0.2913935390636301,0.504691660944482,0.6824925998102656,0.612275472364556,0.27305741511131426
2023-05-09 10:00:00,0.4637361286300471,0.5621331373031299,0.5407461820431395,0.3697965538678211,0.5321542482777064,0.6664228583107192,0.6033278261118477,0.6271246596564676,0.5198811680001508,0.5322113168978067,0.5503695733400401,0.2926187813838883,0.5122586031204766,0.6707752186627476,0.7494813931456806,0.6239951597444522,0.7436389262433544,0.39470019997190525,0.732336529954427,0.6295717675141391,0.6701316508501406,0.4149796899702996,0.6763406142942632,0.4178016694123117,0.5607162096033605,0.7678086458010197,0.664512756927676,0.38485067933375255
2023-05-09 11:00:00,0.5465924550498851,0.6455068014673938,0.6217074865431577,0.4108142556901369,0.6313530494004449,0.7622397679557789,0.7066562170898152,0.681207952546938,0.6018244213862683,0.5636064962071206,0.629634415589089,0.3328887863413694,0.6053535995364339,0.6936437938104051,0.801487017836286,0.7203030096207592,0.7880912776866695,0.4549275684539175,0.7789713244534255,0.594485582458015,0.6886845508833899,0.43977403346057514,0.7042053338193774,0.49184586322920065,0.5600303259044154,0.8286973219135296,0.6569272221958826,0.43524917934634305
2023-05-09 12:00:00,0.610827256673552,0.6730650039672894,0.6844112403612961,0.3988027159735925,0.7136913872243481,0.8279396761855586,0.6672174692096907,0.6909439282942348,0.683219258924726,0.6959245177463746,0.6825584460450889,0.3712356439473463,0.6117924787485782,0.6950816027416473,0.7819344818541862,0.6682864749906031,0.8055583004513182,0.5091534394209914,0.785643767238823,0.6563526518293221,0.696929120583224,0.5479757117922829,0.6431625785460495,0.4837292732475507,0.5587450053462855,0.8641369907459788,0.7125830200813452,0.48572026177326094
2023-05-09 13:00:00,0.5788215901527975,0.5981462608588506,0.662779703809637,0.48993272174027586,0.7470998814791955,0.8376571013734071,0.6304122015178498,0.6334769670927275,0.6645138316893512,0.6341932657176067,0.6145828301500089,0.5027987709538153,0.6234434082014043,0.660306486324795,0.7854212553313223,0.6585688353691274,0.8221800328273119,0.4221114112964915,0.8031262995964247,0.6186471308323627,0.6681916523567594,0.5731626030459577,0.6742234110301055,0.5244540527888052,0.5624352195586795,0.8695901297516795,0.6857629153972097,0.5096274601593256
2023-05-09 14:00:00,0.5642628800570467,0.5980781305227811,0.6878366329059072,0.5328688621437664,0.758869170297876,0.846684142434212,0.6900615297718335,0.6763014782605739,0.6699646810361678,0.6659279839868544,0.6404737147087144,0.5202558817456496,0.6428673751606491,0.690597505855949,0.7250307990781805,0.6150723878897986,0.8215513304758927,0.3599484928195598,0.8059853409548019,0.6585826046487524,0.6976308330667813,0.5335488214859454,0.668556384811444,0.5998809233539754,0.5703020547686444,0.8644478042808885,0.6724111417733903,0.6040100776914997
2023-05-09 15:00:00,0.5858575634712837,0.554280952569745,0.6811988976647851,0.5672532048211867,0.7593907802332759,0.850507451753504,0.6595809844200129,0.6524100713987057,0.6127157320119851,0.6564516504911472,0.6167611416634247,0.5657823562904764,0.6043476208256514,0.6776862314749807,0.6572113020090765,0.6396179626491667,0.8161308581376434,0.491708110785469,0.8016218513680519,0.676352653329807,0.688313081160784,0.5845154673726088,0.6392544906401104,0.5564495539732462,0.564623841609449,0.8510037342512906,0.6846220463416696,0.6066108648815068
2023-05-09 16:00:00,0.6215766682662586,0.5125819133813709,0.6857758110408881,0.5428194444357911,0.753662971868574,0.8228776117066446,0.6533451541833865,0.6486041052904149,0.6570155854717449,0.6409309270905216,0.6245162996644664,0.5728485114365369,0.6461282987019671,0.6763171971271567,0.5435750057442739,0.5775093522661925,0.8020988704224403,0.5608739462854921,0.7711485313830677,0.6846380216546115,0.6856145316142988,0.635022799355626,0.5618724063083743,0.5029919305640027,0.5365826117606917,0.8228553537449813,0.5902121481300121,0.5354709043631225
2023-05-09 17:00:00,0.5474167000516259,0.5127995518314868,0.6554008580929646,0.4261575214884196,0.7237716157582282,0.796974027405245,0.6159746809249028,0.6166710812598163,0.5712877643643164,0.6467373308149963,0.6282620007404905,0.4690683994181591,0.5376690398008901,0.6257712941138736,0.5954959582452805,0.5647862729708932,0.76376890313114,0.49536076519438016,0.7342897503910808,0.5704363996394263,0.6328043357341964,0.5625969815230166,0.5142422379227845,0.47099747529643526,0.586243201597865,0.7908469605173398,0.5684196979029355,0.4614341373593967
2023-05-09 18:00:00,0.4441511243263504,0.4852393102687565,0.5607819605444734,0.3330704563508477,0.6684094793408187,0.7546505241076523,0.5551210315748606,0.5426534031439587,0.5231213968609577,0.5658644984229272,0.5496705138761266,0.38141786694879853,0.47661641760195667,0.5434536672252115,0.5789280803581766,0.5370652382080907,0.711795679607367,0.38724501558747626,0.6706418214732142,0.5619031629395351,0.5503392099738984,0.4645327731403577,0.4668372132458688,0.39110272892484566,0.47486241180382877,0.7443660456558466,0.48108126415736285,0.3862512245093806
2023-05-09 19:00:00,0.34456222912133094,0.3853531081948745,0.4729143890534039,0.32555550444751846,0.5801800408701274,0.6705333976380405,0.34564723223411686,0.3545129598623506,0.4420681619767528,0.42962420920761324,0.35018229686860586,0.3456699472808485,0.4023243425244269,0.4056858831013113,0.5334479026922946,0.4428371653498353,0.6436857586556591,0.2332124189845527,0.5933379849024322,0.49169089528884824,0.4273747079868484,0.3350740146873184,0.2850451443869854,0.3360005907194115,0.36813215946414907,0.6708298111239962,0.3602598200990712,0.29200838975616156
2023-05-09 20:00:00,0.2819051088913206,0.28944073102032947,0.3990302017932239,0.2383825116711675,0.48434668251263147,0.5600855155412354,0.3017277630413089,0.27589235269705265,0.34730868366566875,0.2874237263118034,0.2618634506896669,0.28090657440914674,0.2894462653655817,0.2960754868828881,0.4769598129018165,0.3535109204519439,0.5222353552272996,0.17311093109547707,0.4767355561175815,0.33110032654581933,0.30549235257350654,0.2265333508057399,0.17674841781548561,0.22082633937444385,0.22060499682942272,0.5876089489279631,0.2419139424379096,0.15651408040109518
2023-05-09 21:00:00,0.2314286764765884,0.19409462364452384,0.26714736841939657,0.0,0.32584494608543135,0.36081905969768147,0.26946398181952147,0.07354693353474627,0.23028383609663863,0.19494912890633814,0.14614610694055521,0.16784829999017187,0.18848452073378166,0.0,0.30482459324789424,0.24512181992288892,0.33481009044416654,0.23129150184335942,0.30358475022251424,0.0,0.0,0.21480378525398527,0.0,0.00784259706109378,0.0,0.3971612117154254,0.08090586322053447,0.006616757882874555
2023-05-09 22:00:00,0.0,0.0,0.0,0.0,0.059716452224977935,0.010541136924138899,0.0,0.0,0.0,0.0,0.0,0.0,0.0,0.0,0.0,0.0,0.0,0.0,0.0,0.0,0.0,0.0,0.0,0.0,0.0,0.008384457760428263,0.0,0.0
2023-05-09 23:00:00,0.0,0.0,0.0,0.0,0.0,0.0,0.0,0.0,0.0,0.0,0.0,0.0,0.0,0.0,0.0,0.0,0.0,0.0,0.0,0.0,0.0,0.0,0.0,0.0,0.0,0.0,0.0,0.0
2023-05-10 00:00:00,0.0,0.0,0.0,0.0,0.0,0.0,0.0,0.0,0.0,0.0,0.0,0.0,0.0,0.0,0.0,0.0,0.0,0.0,0.0,0.0,0.0,0.0,0.0,0.0,0.0,0.0,0.0,0.0
2023-05-10 01:00:00,0.0,0.0,0.0,0.0,0.0,0.0,0.0,0.0,0.0,0.0,0.0,0.0,0.0,0.0,0.0,0.0,0.0,0.0,0.0,0.0,0.0,0.0,0.0,0.0,0.0,0.0,0.0,0.0
2023-05-10 02:00:00,0.0,0.0,0.0,0.0,0.0,0.0,0.0,0.0,0.0,0.0,0.0,0.0,0.0,0.0,0.0,0.0,0.0,0.0,0.0,0.0,0.0,0.0,0.0,0.0,0.0,0.0,0.0,0.0
2023-05-10 03:00:00,0.0,0.0,0.0,0.0,0.0,0.0,0.0,0.0,0.0,0.0,0.0,0.0,0.0,0.0,0.0,0.0,0.0,0.0,0.0,0.0,0.0,0.0,0.0,0.0,0.0,0.0,0.0,0.0
2023-05-10 04:00:00,0.0,0.0,0.0,0.0,0.0,0.0,0.0,0.0,0.0,0.0,0.0,0.0,0.0,0.0,0.0,0.0,0.0,0.0,0.0,0.0,0.0,0.0,0.0,0.0,0.0,0.0,0.0,0.0
2023-05-10 05:00:00,0.0,0.0,0.0,0.0,0.0,0.0,0.0,0.0,0.0,0.0,0.0,0.0,0.0,0.0,0.0,0.0,0.0,0.0,0.0,0.0,0.0,0.0,0.0,0.0,0.0,0.0,0.0,0.0
2023-05-10 06:00:00,0.0,0.03597789290241389,0.0,0.0,0.04975135251370183,0.0,0.0,0.0,0.0,0.0,0.0,0.0,0.0,0.0,0.0,0.0,0.0,0.0,0.0,0.0,0.0,0.0,0.26969325937805183,0.054338378921312415,0.12595231334338505,0.0,0.21275831741396553,0.028866912026592494
2023-05-10 07:00:00,0.24538133528900796,0.39296303660974047,0.34715396938327103,0.3540501208482109,0.2953919865343979,0.3148031539154125,0.3709739761427588,0.3759131367642578,0.22756006306604593,0.3328166218554699,0.3489396392232407,0.2687585172312592,0.252603340986653,0.3830771610389287,0.2956767735529733,0.2731982781218682,0.19075435161256388,0.2366098993931999,0.2055147494284021,0.39039537091882476,0.38308469386438265,0.23974740321284424,0.436938589326963,0.2875450085548628,0.23446372209718944,0.35254075151981423,0.4019292150834825,0.3166402331516984
2023-05-10 08:00:00,0.4269293230578849,0.5422206440527428,0.5539241392950458,0.5617347016997716,0.4768045505731899,0.5349744379313928,0.5551260333292669,0.570251302051653,0.3964981452367938,0.5448946108002239,0.5520770018261132,0.42625247399893557,0.41857152141664783,0.569836626382676,0.4657368813457352,0.438492833462199,0.344286707182969,0.4511707169846841,0.35950116031184304,0.5707868961248664,0.5696978179277878,0.44319831638537693,0.5499490223653623,0.4214522356640002,0.35410989978787116,0.5457494112070719,0.5516393368073724,0.44870144001379647
2023-05-10 09:00:00,0.5541374495223581,0.6615451530034812,0.6877992985046141,0.7154565517372796,0.6108896864457063,0.672892485121746,0.6740645812889641,0.680715387837949,0.5427142606584029,0.6818527181192794,0.6879424189345611,0.5979195720891329,0.5614317483094263,0.6744029365184749,0.6216696299680549,0.6331321547296893,0.49583404588318536,0.572105959453559,0.53185541052121,0.6604293207216307,0.6738587042228188,0.578891078387156,0.6444266922118005,0.5655626795454133,0.5083878585614424,0.6874794348892942,0.6509247569617312,0.5676932676745422
2023-05-10 10:00:00,0.7328005494616951,0.735728624400644,0.7536634613072348,0.8052798406931231,0.6667127708797,0.7606986945263763,0.7289527178954267,0.747679233086826,0.6999389629259726,0.7449245529119595,0.749096163016963,0.8108036533824738,0.7360187768966788,0.7480938081015321,0.7598223205813233,0.7356675894685549,0.5610505740149947,0.7602050488639703,0.5983950444743585,0.7419118505087309,0.7482975742229875,0.760855509253528,0.7259289167662724,0.6357550978591643,0.6027408676273889,0.7754116704080255,0.7057137312640558,0.6344233536928845
2023-05-10 11:00:00,0.7823237459756425,0.7278272093988603,0.7793422337884255,0.8118908430767139,0.7172632664221106,0.7974601923507216,0.7766822084135946,0.7804519944763412,0.7616803135039937,0.7769376551157404,0.7806277423883939,0.8746848307133556,0.786899089021409,0.7835768409666203,0.784459785196579,0.7551103426451424,0.6359222943144162,0.8345965354894576,0.6412186859099017,0.7760731730647333,0.7839810059898196,0.8439639139431931,0.7876560343877893,0.6332943594743672,0.6731322983246583,0.8033196957327794,0.7370852444219687,0.5931540714481549
2023-05-10 12:00:00,0.766302320279541,0.7766774580765993,0.7383369805445562,0.8045262889155275,0.7203865144080515,0.814114982089732,0.5578957337700922,0.5826643824918557,0.7384282753054432,0.693640210120875,0.5840997332196709,0.8782653331182708,0.7674336971658924,0.6394623834422333,0.7661487108547537,0.6772331440617393,0.6155057986561434,0.6744389088750747,0.6564558049353034,0.7341707031817915,0.6622512970474177,0.8015778451527297,0.8118415945838048,0.7153340495836933,0.7914146809817434,0.8323360400359286,0.7734804347433728,0.7091276185789329
2023-05-10 13:00:00,0.8075648730011645,0.7654878365483218,0.7238625379753171,0.7976191052647728,0.7593953811326676,0.823295251184802,0.47227901878465145,0.4958362934290607,0.731122512031862,0.6577261400053176,0.5139237870775558,0.8752319202263856,0.7575969048211755,0.5739665592421587,0.7362815357426753,0.679810510657249,0.6096693730171284,0.8308347956468952,0.66563493480803,0.7284110786123377,0.6077447711476731,0.8243962971504132,0.7374195121206819,0.7546766804369159,0.7619796233826194,0.8194374871517356,0.7662775554544308,0.7454674945661239
2023-05-10 14:00:00,0.753791814402992,0.7325376263491434,0.759684698767753,0.7697985565440998,0.7907691766560101,0.7732199802173522,0.6648635612679602,0.6574942111030723,0.6806986930152965,0.683044669419177,0.6404498725005582,0.8332687875536842,0.6989660827064599,0.7054130682703204,0.6609537264267983,0.645243834750746,0.6161823093238556,0.7051979309103465,0.6422717273939537,0.7324157570130213,0.7198668722863195,0.7684186786110917,0.6954925623571795,0.7142878011272596,0.704355062383178,0.7647584802939954,0.7094144125636073,0.7303184519842388
2023-05-10 15:00:00,0.7043809767850766,0.6865129430912517,0.7663348135097565,0.7193051639261403,0.791771018447569,0.7264632749369223,0.7557987832834524,0.7417768164746165,0.6436779435978827,0.7272174665683155,0.7152352656945532,0.7840567081824581,0.6631579492913824,0.7490567719483124,0.6288476306867162,0.6444640129567778,0.5326823808369441,0.6627603772355276,0.5717596697837781,0.7596709319563135,0.7520111210942435,0.7268064267483728,0.6117656008561706,0.6566879351056698,0.6857845750875268,0.7257702642434599,0.6788546383368259,0.6573159684079216
2023-05-10 16:00:00,0.6902311901104541,0.6455538834452905,0.7498118962625495,0.6977318369327837,0.7913022179562637,0.6748171060118447,0.7525638318655498,0.7354866628284981,0.5830800760721584,0.7352888592604594,0.7300277670340232,0.7601091579934139,0.6231900129509969,0.7193244036822121,0.5094932345303186,0.583656508271997,0.505719968994304,0.7074806372610464,0.5518557632530038,0.7726805206764451,0.7187554962775526,0.7487603786353567,0.6040577755820398,0.6546444914144104,0.6353143596973861,0.6909931931161568,0.605412813634055,0.639300515122415
2023-05-10 17:00:00,0.594692575251454,0.5834206305356071,0.6645096636884589,0.6837690135583586,0.7793809257850328,0.624789469385804,0.6999329370659074,0.689926083181168,0.5081923695931054,0.7036942018036703,0.6876996304586342,0.712648583225473,0.5551494308175675,0.6813396331750394,0.49157341625049406,0.49892090088707197,0.44544459758005533,0.5932018536902564,0.46267696902167743,0.733906705374895,0.6833703585253177,0.6819720462653356,0.5272454447720828,0.5695248073220921,0.5581708680723008,0.6491504297599937,0.5343494186943573,0.5934810901860598
2023-05-10 18:00:00,0.5370239658452494,0.4793354356474084,0.6001000282724038,0.6040642197471057,0.7105424653809027,0.5420200602430923,0.5947886735381184,0.5888979732976259,0.41945766272123125,0.638321448753297,0.6059850835884086,0.6547821592783885,0.4527463792453106,0.5903365698547292,0.37919338315776646,0.40799626265716765,0.30792174231557784,0.5293381511228706,0.3256261540376434,0.6666600876734434,0.5981696381323794,0.6295015942639121,0.4386318812966053,0.49454990985188524,0.4628182662514158,0.5775005004407621,0.3760688313434841,0.5115869974533404
2023-05-10 19:00:00,0.44714831076611683,0.4048363718503099,0.4636741887107265,0.5742423233606605,0.6404047126004166,0.45016554270337694,0.5429421316980797,0.5522186066013169,0.3407938904970271,0.5669428048659836,0.5468209104841145,0.5859134911165255,0.3556665250934883,0.561678468390499,0.33248469894239807,0.3099350411611615,0.22180898138539487,0.5006952192240188,0.21577266289160918,0.5824597447474618,0.5650090342484204,0.5502412987234323,0.35086158233160925,0.3669955393249203,0.36322059855747485,0.4828308255619533,0.27843846655869314,0.36122849033491666
2023-05-10 20:00:00,0.3526685790084013,0.2302209953721479,0.36131315685010146,0.3815316203263935,0.526408014954791,0.33612682362508983,0.4173527952992359,0.41206739357451155,0.28034699855999756,0.42488883991863324,0.4199678755492679,0.403920873910688,0.21882760934519077,0.3876876843728362,0.17089725023806998,0.17489848407706493,0.1176031539007107,0.3539427389236102,0.1225341354335479,0.4157056282395277,0.3855049558163252,0.39228935049749075,0.27517098344456326,0.245605697819802,0.2607126077806613,0.3453071038647359,0.2140416337374054,0.21967857425403098
2023-05-10 21:00:00,0.167991534300075,0.1054472206607744,0.17133949084953426,0.02206510148316609,0.38950181536388556,0.16456741373699257,0.13320828171858137,0.11059452927529483,0.12322299897666074,0.1495113812256838,0.14756029631354423,0.13645987124357506,0.07514711206613774,0.04355215030872292,0.02399297030814954,0.062294568395011046,0.02505730301917499,0.10747422400319899,0.028398013475943756,0.05056987999611871,0.025592745270263683,0.1317446920938938,0.0,0.02679502964740352,0.0,0.17956590829633748,0.05718778456704072,0.01756569755296683
2023-05-10 22:00:00,0.0,0.0,0.0,0.0,0.1552055886533495,0.037244660413446394,0.0,0.0,0.0,0.0,0.0,0.0,0.0,0.0,0.0,0.0,0.0,0.0,0.0,0.0,0.0,0.0,0.0,0.0,0.0,0.024851785601711633,0.0,0.0
2023-05-10 23:00:00,0.0,0.0,0.0,0.0,0.0,0.0,0.0,0.0,0.0,0.0,0.0,0.0,0.0,0.0,0.0,0.0,0.0,0.0,0.0,0.0,0.0,0.0,0.0,0.0,0.0,0.0,0.0,0.0
2023-05-11 00:00:00,0.0,0.0,0.0,0.0,0.0,0.0,0.0,0.0,0.0,0.0,0.0,0.0,0.0,0.0,0.0,0.0,0.0,0.0,0.0,0.0,0.0,0.0,0.0,0.0,0.0,0.0,0.0,0.0
2023-05-11 01:00:00,0.0,0.0,0.0,0.0,0.0,0.0,0.0,0.0,0.0,0.0,0.0,0.0,0.0,0.0,0.0,0.0,0.0,0.0,0.0,0.0,0.0,0.0,0.0,0.0,0.0,0.0,0.0,0.0
2023-05-11 02:00:00,0.0,0.0,0.0,0.0,0.0,0.0,0.0,0.0,0.0,0.0,0.0,0.0,0.0,0.0,0.0,0.0,0.0,0.0,0.0,0.0,0.0,0.0,0.0,0.0,0.0,0.0,0.0,0.0
2023-05-11 03:00:00,0.0,0.0,0.0,0.0,0.0,0.0,0.0,0.0,0.0,0.0,0.0,0.0,0.0,0.0,0.0,0.0,0.0,0.0,0.0,0.0,0.0,0.0,0.0,0.0,0.0,0.0,0.0,0.0
2023-05-11 04:00:00,0.0,0.0,0.0,0.0,0.0,0.0,0.0,0.0,0.0,0.0,0.0,0.0,0.0,0.0,0.0,0.0,0.0,0.0,0.0,0.0,0.0,0.0,0.0,0.0,0.0,0.0,0.0,0.0
2023-05-11 05:00:00,0.0,0.0,0.0,0.0,0.0,0.0,0.0,0.0,0.0,0.0,0.0,0.0,0.0,0.0,0.0,0.0,0.0,0.0,0.0,0.0,0.0,0.0,0.0,0.0,0.0,0.0,0.0,0.0
2023-05-11 06:00:00,0.0,0.03538793827685948,0.0,0.0,0.02901262358356441,0.0,0.0,0.0,0.0,0.0,0.0,0.0,0.0,0.0,0.0,0.0,0.0,0.0,0.0,0.0,0.0,0.0,0.2806619298860574,0.14359585933754862,0.2467053470007839,0.0,0.2703482682729767,0.08216654870620368
2023-05-11 07:00:00,0.2449462068087827,0.4083859327691512,0.23923761546580208,0.41445987178911636,0.15556813819509852,0.08803780274714487,0.26439722234613483,0.19999428632286906,0.17465788423733297,0.23488623682761464,0.22805627410470947,0.44614241648918784,0.19466642635045506,0.15801068587985262,0.09131094167354815,0.12244989790627174,0.010782661064259609,0.3333981865513785,0.007235183895065766,0.21095736695412393,0.15472925138227803,0.33361168868910224,0.5155393110765512,0.4442998011142501,0.4703397902877693,0.13784878704568046,0.4858242168951175,0.4388583313737066
2023-05-11 08:00:00,0.40142820950934366,0.5816947572096092,0.4271676774559756,0.5910041755062087,0.28694247761473274,0.14952344745907928,0.5476843386385508,0.5489937223217384,0.31573141571746854,0.5405041225992712,0.5477131708918679,0.6097811423114645,0.3348682719290707,0.5292251207322002,0.18610540373303067,0.2738797157609673,0.029785883844563415,0.5478255380103244,0.03054829758021268,0.5163472538007805,0.5246897441742832,0.5584057325974906,0.6914532693879923,0.608500680170079,0.612164088293731,0.22281472935779595,0.6402952006462317,0.6164983144806023
2023-05-11 09:00:00,0.55170111142122,0.6961663507485243,0.5989242375682421,0.71001492271785,0.4137745499877387,0.26116501146190696,0.6892775122794167,0.6869113848592852,0.48820436519688953,0.6746895006530697,0.6821135644090967,0.725286190897319,0.5575274701620864,0.6853288890319579,0.33837919086716944,0.5039939187187139,0.13583577634756,0.6614026003961136,0.11543298542228984,0.6883504152288502,0.6846622523600256,0.6738136702152745,0.7911300998063951,0.7195797815922059,0.7600027855838847,0.33922412738276186,0.7490067289541179,0.7218283616673576
2023-05-11 10:00:00,0.6819586368933601,0.7541011172028323,0.7098066738978326,0.7949396404956296,0.5346036838026245,0.3307144998320834,0.744176081380994,0.744984078599345,0.5452950866090237,0.7392413499102863,0.7434033426736951,0.8336136174969281,0.5887686972336243,0.7492634071240633,0.4109855078807409,0.4876865346720705,0.16275184894312542,0.7757609871764831,0.21363212282056102,0.7428216935899566,0.7490819908409435,0.7899700812572464,0.8379492235910486,0.7582163309292625,0.8011384754310117,0.42887263359213934,0.7810171514116876,0.769843780604748
2023-05-11 11:00:00,0.7455881884368785,0.7842974747106134,0.7784902047075962,0.8364866202922769,0.591737667793661,0.36355155543712203,0.7900296533678146,0.7809970983385015,0.5948883221206565,0.7779446136323274,0.7823913887594771,0.8742433339978487,0.5967865826231593,0.7828981345680879,0.4695528848338492,0.501188022485528,0.2502623937753037,0.8140788263706712,0.34360432281386905,0.7764585812786897,0.7831375999363838,0.8327031197326434,0.8330760482694549,0.7838585149431007,0.8107668561411532,0.4815837915979181,0.808360755373199,0.7900296865011462
2023-05-11 12:00:00,0.7249062731381177,0.7675783616181182,0.7634395032354653,0.8521601009681287,0.5982428169235793,0.48645227805563235,0.7868685677990759,0.7760723281129143,0.5507808536343349,0.7499624126814912,0.7628123460873054,0.8625385858801593,0.5093227338890296,0.7862906708672316,0.6314926553492399,0.5388168864712279,0.2819110668345951,0.7192773991440543,0.3601937210891628,0.7846168603563904,0.7867276632215341,0.7887106736111701,0.8471630529014736,0.7907034819438702,0.8455004039529327,0.6197419041335935,0.7776122604206962,0.7986849175312836
2023-05-11 13:00:00,0.7574583593760358,0.7975146052627604,0.7843861539156796,0.8446991245547164,0.6786259686299443,0.5789525198571431,0.7995628139583025,0.793548578433681,0.5747147327446275,0.7860055757423737,0.7877973794173303,0.8760729652851627,0.5736641188565419,0.796658926137204,0.6531214572106563,0.602984840372937,0.3681872846324854,0.7778691016360323,0.4349398147556144,0.7858952898221085,0.7970220027121072,0.8244051410002043,0.8371414996983999,0.7987400451182131,0.8259379986238508,0.6712854341711654,0.761102487305867,0.8053763727137788
2023-05-11 14:00:00,0.7040462207583282,0.758036542565451,0.7509452357998603,0.8097606578846439,0.6862141355390289,0.5358914852434863,0.801479223554281,0.7892782729899345,0.5218543334849258,0.7957629285894061,0.8004209049367572,0.8435997640070203,0.5392177398206656,0.7739544678623311,0.5391797303164318,0.5329704543334267,0.3452309862618323,0.75361778225529,0.3865048768580751,0.751982506246246,0.7716932891145636,0.8096696263565685,0.7820813987759284,0.7613589997239039,0.8031369962842558,0.5971166491027159,0.790166438420395,0.7935272857907899
2023-05-11 15:00:00,0.6565849869815573,0.7347889539061372,0.7534422508384608,0.8105036989721409,0.710278235215103,0.5173541182089196,0.8021687215094818,0.7899270419169016,0.5026615072521899,0.7954459857656546,0.7963874180544804,0.8558298800499629,0.5536118801895369,0.7863616742227937,0.5253315596630993,0.5482410099407934,0.3204409924337667,0.7713394333287674,0.3302284030949521,0.7718045611404863,0.7862481924742102,0.8219122389325322,0.7183850980200525,0.7599707578980388,0.7777072084620618,0.5576182326424132,0.7699533195916551,0.7798096957864666
2023-05-11 16:00:00,0.6273124972179047,0.7147506714624879,0.7506481374556834,0.7697143422247101,0.7135420330462273,0.4872234782900024,0.7751552438363224,0.7580149239821394,0.41420000298472426,0.7627965381083066,0.768120176152382,0.8460190129065298,0.44031938548989435,0.7482330061762831,0.4218083463204235,0.3984365160243555,0.2382792551261493,0.7547144827751443,0.23640491351863752,0.7487884186328174,0.7468636055470708,0.7942867116385903,0.7062444527932046,0.7014709531129784,0.7658309659959177,0.499928611551227,0.7584276070613585,0.7424732777055529
2023-05-11 17:00:00,0.5832822503578586,0.6284711332472626,0.579006401416213,0.7207378152258997,0.7081298785194448,0.3806775093955487,0.7609356049277104,0.7354305096734128,0.337329496422677,0.7337936536153324,0.7435695327772207,0.8039719300908678,0.3002001760347303,0.723974551736511,0.23554797253567378,0.19781698565852526,0.16782926884025734,0.7467956211526059,0.10777960504656021,0.7404514950776295,0.7219628958327811,0.7572502571039168,0.6675795450957542,0.6460318269302291,0.7359421380101311,0.42748495800366576,0.7093217502044527,0.6879463166083962
2023-05-11 18:00:00,0.46721279740304056,0.5214045100704648,0.365888306783573,0.7222922027120698,0.7007351031771897,0.30777416522739465,0.6408200568262715,0.6739142483524726,0.30837691365119513,0.6138816849013753,0.6112150808381562,0.7669998910314851,0.26727204837483104,0.6863412614311859,0.17320987035367927,0.19674330774899657,0.08325495111577329,0.524212709611967,0.08217342894878354,0.7039479819994541,0.6843538061039148,0.6445984365904621,0.6254975865032583,0.5759164351209899,0.6687298105421902,0.34910199973952716,0.6538483346328847,0.6065071646932656
2023-05-11 19:00:00,0.2756337242989103,0.39800030969791794,0.16621427389183002,0.6618914993418604,0.6009458825999017,0.19605568264109863,0.32576017641618293,0.42360109879373337,0.1989187108255004,0.29134814033540646,0.29619258837360646,0.59987874148912,0.21661903982946137,0.5282595208158671,0.1339951895833739,0.22170606160456485,0.04559802913007993,0.2798044308563071,0.09149194424377832,0.5464989736187964,0.5365334382641174,0.34290628873445034,0.5299080914431548,0.5438982390866227,0.5812308869643549,0.26159830947467444,0.5754126269892746,0.5692896973049453
2023-05-11 20:00:00,0.11991994875711905,0.2179736778822023,0.10486457382345389,0.4000366791939283,0.4147354230305298,0.11506230569893486,0.07274970143660842,0.125791408235495,0.11651183852997615,0.07359961099823631,0.06660807051062237,0.2318819736127478,0.16739450813928577,0.19376496392269404,0.16392649366559542,0.18457252613955202,0.0431767075504577,0.07726634675430566,0.0700714366530908,0.21242187379463548,0.20265550439395405,0.09621310523558713,0.3741301485186963,0.40125446123461667,0.41439479589798833,0.18276507807849066,0.3968555343522752,0.436483235596084
2023-05-11 21:00:00,0.028483723445659748,0.0797633700770104,0.029545528909242575,0.01267819878814738,0.20086031171832835,0.04967738839810769,0.015213943808435992,0.007996417144504641,0.06017736678291241,0.004083347979546814,0.005847913326070726,0.02609819931667434,0.05742877640198535,0.00667308840169172,0.14385515875150462,0.09419978345749883,0.009117541804063253,0.0049998555304379055,0.022117831513515773,0.001226025791775137,0.005954460892257629,0.007877282320943214,0.0,0.06747273345742698,0.0,0.07892279093556513,0.18799222006871696,0.04625186463115973
2023-05-11 22:00:00,0.0,0.0,0.0,0.0,0.02161118965067618,0.0006792505117542793,0.0,0.0,0.0,0.0,0.0,0.0,0.0,0.0,0.0,0.0,0.0,0.0,0.0,0.0,0.0,0.0,0.0,0.0,0.0,0.0004179590375708801,0.0,0.0
2023-05-11 23:00:00,0.0,0.0,0.0,0.0,0.0,0.0,0.0,0.0,0.0,0.0,0.0,0.0,0.0,0.0,0.0,0.0,0.0,0.0,0.0,0.0,0.0,0.0,0.0,0.0,0.0,0.0,0.0,0.0
2023-05-12 00:00:00,0.0,0.0,0.0,0.0,0.0,0.0,0.0,0.0,0.0,0.0,0.0,0.0,0.0,0.0,0.0,0.0,0.0,0.0,0.0,0.0,0.0,0.0,0.0,0.0,0.0,0.0,0.0,0.0
2023-05-12 01:00:00,0.0,0.0,0.0,0.0,0.0,0.0,0.0,0.0,0.0,0.0,0.0,0.0,0.0,0.0,0.0,0.0,0.0,0.0,0.0,0.0,0.0,0.0,0.0,0.0,0.0,0.0,0.0,0.0
2023-05-12 02:00:00,0.0,0.0,0.0,0.0,0.0,0.0,0.0,0.0,0.0,0.0,0.0,0.0,0.0,0.0,0.0,0.0,0.0,0.0,0.0,0.0,0.0,0.0,0.0,0.0,0.0,0.0,0.0,0.0
2023-05-12 03:00:00,0.0,0.0,0.0,0.0,0.0,0.0,0.0,0.0,0.0,0.0,0.0,0.0,0.0,0.0,0.0,0.0,0.0,0.0,0.0,0.0,0.0,0.0,0.0,0.0,0.0,0.0,0.0,0.0
2023-05-12 04:00:00,0.0,0.0,0.0,0.0,0.0,0.0,0.0,0.0,0.0,0.0,0.0,0.0,0.0,0.0,0.0,0.0,0.0,0.0,0.0,0.0,0.0,0.0,0.0,0.0,0.0,0.0,0.0,0.0
2023-05-12 05:00:00,0.0,0.0,0.0,0.0,0.0,0.0,0.0,0.0,0.0,0.0,0.0,0.0,0.0,0.0,0.0,0.0,0.0,0.0,0.0,0.0,0.0,0.0,0.0,0.0,0.0,0.0,0.0,0.0
2023-05-12 06:00:00,0.0,0.04556364204460549,0.0,0.0,0.002613218464131436,0.0,0.0,0.0,0.0,0.0,0.0,0.0,0.0,0.0,0.0,0.0,0.0,0.0,0.0,0.0,0.0,0.0,0.3776459806615699,0.1751367089865601,0.346354757597555,0.0,0.2990638949267174,0.1078103914645108
2023-05-12 07:00:00,0.3158242771049661,0.42522664114594694,0.3079885792511318,0.42771127599592035,0.036048018495541505,0.013038866112100414,0.32518125487707567,0.34683617797363714,0.19673606100465998,0.3252561214688028,0.32175338145038124,0.39442821025224356,0.2458805932322639,0.3665022246966818,0.09718926684426277,0.17909834523517296,0.0013282985356623705,0.3736329230719613,0.002787376310666165,0.3851542777185657,0.36865223982291756,0.37783476432838886,0.606111628386938,0.489572901264416,0.5652750395138533,0.03122389413201319,0.5329823005731025,0.4892442519548526
2023-05-12 08:00:00,0.5509473002641133,0.6236156600887733,0.543425732547207,0.6013422356729546,0.10787907087077145,0.06738952232372793,0.5483328217911925,0.5546136327254949,0.39111966145041427,0.5517553322137683,0.5479316265514887,0.5944803116961948,0.4847061441933553,0.5639396459306011,0.3095697922879222,0.39366896874901064,0.01876579963184042,0.6230261593790475,0.030723509055957724,0.5793382882649919,0.565293212908572,0.6153150265025985,0.738652602258805,0.6510590718183256,0.715214493698661,0.1546622614975195,0.688715881863627,0.650674355174471
2023-05-12 09:00:00,0.6913204620059294,0.7180572594372977,0.6587230220610848,0.7320326788949921,0.19279500815992567,0.13404342944373954,0.6693188421366726,0.6701248890136563,0.521352095539225,0.6671677693868103,0.6655347466245186,0.7658318250449104,0.599541049180872,0.6754651630951006,0.49171211843410567,0.538211792930195,0.0498953479694177,0.7314310947281156,0.06498406390860315,0.6752293741088109,0.6757483827153095,0.7326508970113009,0.8061392750024716,0.749398504606189,0.8055042717935965,0.2590649047184417,0.7762055857032868,0.7385441065319385
2023-05-12 10:00:00,0.7639134980727262,0.7695231340512556,0.7274169953319513,0.7908926162848555,0.2588519041921454,0.2087679327332172,0.7321861120201261,0.7312487873138128,0.598711225129707,0.7306600965868177,0.7294298738951297,0.8329770773823649,0.6694466110695089,0.7358626713068586,0.5831300220559147,0.6049222251234594,0.0859946132752172,0.7847167180810413,0.10312176918924508,0.7326407569917238,0.7364021817867553,0.7925891489849016,0.8298986009040186,0.7927447812714715,0.8449254460223472,0.34812214787441553,0.8173589508641831,0.778265941368517
2023-05-12 11:00:00,0.7958342494619549,0.7901730680047342,0.7570995868293735,0.8148641385595824,0.33521388530866697,0.2784476892302253,0.7638894888134279,0.7592812615197726,0.6676658154744168,0.7498183845476292,0.748502286951349,0.8578771491275217,0.7191902768504621,0.767556798314556,0.6017231556180173,0.6489765072094025,0.11615439103963446,0.8037999809172982,0.19832961340163063,0.7579743990650322,0.7684566896271381,0.8119632112260865,0.8395877340268603,0.8159273269741387,0.8629502238868106,0.3924168575755011,0.8348086124914713,0.8002404182872903
2023-05-12 12:00:00,0.7926582535272497,0.7777250140103368,0.7764520748136853,0.8270980990068723,0.396280676174701,0.26044575620159666,0.764265700718997,0.7585441985230901,0.641725597780096,0.7673774008672765,0.7580807586653956,0.8626315599613902,0.7031829417838168,0.7658691316322029,0.5539218975426594,0.5818573321720174,0.13649280428876115,0.8109598196320164,0.15268835899196764,0.7691751534826639,0.7676660933925137,0.8220244220559393,0.8554559527444788,0.8276139411739327,0.8671037015832662,0.37017114342662255,0.8372191786215712,0.8149416093140143
2023-05-12 13:00:00,0.786940088161346,0.7812959233549778,0.789852895970123,0.8264014418608294,0.4243791078950544,0.2761236654831427,0.7859709099094853,0.7800760362990194,0.6291782337202445,0.7833307467352351,0.7768990035151127,0.8629035068557858,0.6955466710863828,0.7885472280237997,0.5372547737883351,0.5506332832469825,0.13037613502731002,0.8138191972983774,0.12098218689020325,0.7837197019560925,0.7899870424146542,0.8278514979650341,0.851371194536926,0.8280662809487661,0.8645664740036086,0.3761514828549023,0.8361689002555452,0.8135709326711722
2023-05-12 14:00:00,0.7929933646909122,0.7762442930920558,0.7859449191970305,0.8275913837351823,0.44777247292391964,0.23363922077200383,0.7877333928121432,0.7815003973219272,0.6592089586248208,0.7839140441823977,0.7770361196814097,0.8648888849807782,0.6949641952358406,0.791755687737468,0.5694760625014398,0.5930756310809253,0.156300064672448,0.8183153396390281,0.1640632808704583,0.7860442112178649,0.7934261728157235,0.8313588448698033,0.8376944349276916,0.8237958592757997,0.8545170637762954,0.3595068419466778,0.8326759370008401,0.8118526268371508
2023-05-12 15:00:00,0.7821209708128456,0.752969899713103,0.7840527692934366,0.8186183611584397,0.3670024283512402,0.25910768049959165,0.7772986163475871,0.7721998972657059,0.6570538965336905,0.7784557166058358,0.7691131279222665,0.849910373735701,0.6873070031946643,0.7822002444211165,0.5779067717027535,0.6103938090491126,0.12723369540215587,0.8090156735056545,0.15424330738709782,0.7799783155165507,0.7841516472898212,0.8225309733016458,0.8029803064383112,0.8051656989433239,0.8249783867965662,0.3459972678244585,0.8171030666310737,0.7986811190236425
2023-05-12 16:00:00,0.7617869348674411,0.7376980254845826,0.7586337226827129,0.8032704977459296,0.2858318284487752,0.257552610509476,0.7561575094576868,0.7488059200123841,0.6358942502925162,0.762717762939753,0.7538547732747184,0.829257133317616,0.6687556984406612,0.7394845731092736,0.6125047493930521,0.6031018532445118,0.17006397462299236,0.7819400602036416,0.17236852088166477,0.7653067055149313,0.7389383457993388,0.7969264987423926,0.7759069944819654,0.7835286166571772,0.809503821756329,0.3219493057674906,0.7918016640263893,0.7763827661198465
2023-05-12 17:00:00,0.7258040964488692,0.6802956228122593,0.7118639708587694,0.7741218822992173,0.21675444965465102,0.24491401421007838,0.729085316529747,0.7227415428766338,0.6148258395656361,0.7304145996857796,0.7203448814923095,0.8055130394328794,0.636824315944442,0.7306029095257832,0.48847554609435984,0.5575002934643288,0.08414587773914937,0.754076648129966,0.08397566648480737,0.7314308776282226,0.7323222877382903,0.7696859212223544,0.7534061424604057,0.7441964219225462,0.7869573171552637,0.290037575764226,0.7376091883007725,0.7375393849683718
2023-05-12 18:00:00,0.6641886874083138,0.6078236792497597,0.6690821047078026,0.7228713186133903,0.1796177605709087,0.22073175819654156,0.6779944713071112,0.6711901628846685,0.507718680881308,0.6751485076088335,0.665985385845277,0.7511449223915285,0.5576833196475992,0.6788648345338459,0.5028046398271615,0.5108865908660678,0.06159633213263624,0.6862869476247391,0.09314383978072922,0.6823035263345537,0.680465314278564,0.7058730657524056,0.7043544955379328,0.6709153523379144,0.7212786950418341,0.31935105044290435,0.6760338328910932,0.6832394300501529
2023-05-12 19:00:00,0.563824997012498,0.523744716638978,0.5839236197401232,0.6393373123339343,0.16449468490195776,0.11804013096463914,0.5954869543353437,0.590475552116252,0.3983276337285061,0.5910023020407232,0.5870898600820413,0.6522256822678685,0.45646765626927327,0.5957703690650706,0.3451676676403486,0.38924982487706505,0.04940985996826406,0.5755052494956356,0.10391016333864452,0.5972137969526217,0.5969234319326924,0.5975117057348748,0.6196189803431015,0.6243086719865856,0.648798241381844,0.24807197834424052,0.61881890468628,0.6125371943467747
2023-05-12 20:00:00,0.43874966680527194,0.3973081591003516,0.4443800561897662,0.4801658876929167,0.14558065969694223,0.07785959095800526,0.43846105735076896,0.43973325570160066,0.2704055600259319,0.44103537172233254,0.43898831063786964,0.507149368360305,0.31715999311570925,0.4408324417330981,0.2987680603405719,0.2683159700861715,0.03233392230221628,0.46743775530504417,0.05937184100475217,0.4466720575391956,0.4413712816773298,0.4687956738650314,0.41209954937188337,0.47408967542851427,0.46877291207672855,0.2336428825397437,0.47782505021403915,0.4652453346518953
2023-05-12 21:00:00,0.21843074866641882,0.21869210248633464,0.24570915460306145,0.19800325192483115,0.10795678473585,0.02969222743444646,0.2632591229323338,0.28042599273222146,0.07656599970482376,0.25247354217305906,0.25433539306676645,0.325579794738845,0.09348232383300895,0.3088381520925936,0.11268936925458327,0.07721813644773892,0.008987970451830219,0.2646097131948108,0.015770105821266894,0.3076707641959718,0.31204042042953894,0.2723068626524306,0.0,0.16961060949302323,0.0,0.09918323239486393,0.20777232259248857,0.1344942594145127
2023-05-12 22:00:00,0.0,0.0,0.0,0.0,0.047647027496281115,0.0002312350108008596,0.0,0.0,0.0,0.0,0.0,0.0,0.0,0.0,0.0,0.0,0.0,0.0,0.0,0.0,0.0,0.0,0.0,0.0,0.0,0.002167544100252762,0.0,0.0
2023-05-12 23:00:00,0.0,0.0,0.0,0.0,0.0,0.0,0.0,0.0,0.0,0.0,0.0,0.0,0.0,0.0,0.0,0.0,0.0,0.0,0.0,0.0,0.0,0.0,0.0,0.0,0.0,0.0,0.0,0.0
2023-05-13 00:00:00,0.0,0.0,0.0,0.0,0.0,0.0,0.0,0.0,0.0,0.0,0.0,0.0,0.0,0.0,0.0,0.0,0.0,0.0,0.0,0.0,0.0,0.0,0.0,0.0,0.0,0.0,0.0,0.0
2023-05-13 01:00:00,0.0,0.0,0.0,0.0,0.0,0.0,0.0,0.0,0.0,0.0,0.0,0.0,0.0,0.0,0.0,0.0,0.0,0.0,0.0,0.0,0.0,0.0,0.0,0.0,0.0,0.0,0.0,0.0
2023-05-13 02:00:00,0.0,0.0,0.0,0.0,0.0,0.0,0.0,0.0,0.0,0.0,0.0,0.0,0.0,0.0,0.0,0.0,0.0,0.0,0.0,0.0,0.0,0.0,0.0,0.0,0.0,0.0,0.0,0.0
2023-05-13 03:00:00,0.0,0.0,0.0,0.0,0.0,0.0,0.0,0.0,0.0,0.0,0.0,0.0,0.0,0.0,0.0,0.0,0.0,0.0,0.0,0.0,0.0,0.0,0.0,0.0,0.0,0.0,0.0,0.0
2023-05-13 04:00:00,0.0,0.0,0.0,0.0,0.0,0.0,0.0,0.0,0.0,0.0,0.0,0.0,0.0,0.0,0.0,0.0,0.0,0.0,0.0,0.0,0.0,0.0,0.0,0.0,0.0,0.0,0.0,0.0
2023-05-13 05:00:00,0.0,0.0,0.0,0.0,0.0,0.0,0.0,0.0,0.0,0.0,0.0,0.0,0.0,0.0,0.0,0.0,0.0,0.0,0.0,0.0,0.0,0.0,0.0,0.0,0.0,0.0,0.0,0.0
2023-05-13 06:00:00,0.0,0.01661486247592048,0.0,0.0,0.0076174169879444,0.0,0.0,0.0,0.0,0.0,0.0,0.0,0.0,0.0,0.0,0.0,0.0,0.0,0.0,0.0,0.0,0.0,0.3783885182652787,0.1493437106345275,0.37669176283353756,0.0,0.16916399930897816,0.10949003598226725
2023-05-13 07:00:00,0.34395296993346014,0.23776065036166602,0.35760987674067124,0.38276899775271533,0.0813557156821363,0.014238341540464028,0.37465948987116665,0.3771826005099415,0.31532424435372985,0.3730174374543328,0.37277610789911036,0.3502496227904812,0.34685241419683216,0.3795062305296272,0.0778655255243823,0.23113171292583193,0.0020266162654660217,0.3751484968816132,0.0019041111463017433,0.3789990562484903,0.3792976311912442,0.35577447274658675,0.6060923347033309,0.43420339900064553,0.5962656867799797,0.020040280178725473,0.3463622811303422,0.4229989146572591
2023-05-13 08:00:00,0.5874124854773571,0.43740200816275604,0.5404228984485644,0.6000551146969741,0.19012407086570804,0.0704649807443096,0.5672990072062287,0.5651627343272261,0.49913540709766085,0.5623441588838445,0.5620030883767677,0.6338414605558848,0.5521867342714828,0.5696059538157358,0.29089416228030185,0.4407861031918333,0.0076827148614391745,0.6044831792288688,0.005644309574756779,0.5728477981421469,0.569942033017746,0.6091575657365137,0.7354035218520419,0.5999378710421837,0.7352117002637627,0.08835433503488253,0.549045051096222,0.5803455685260804
2023-05-13 09:00:00,0.6815149343709856,0.6042655743680914,0.6594443173731378,0.708115266574114,0.3233965478760997,0.13075320111293248,0.6679639732825652,0.6640574909561131,0.638824897306099,0.6544993678596251,0.6556300230613672,0.7300593697517253,0.6766607104476258,0.672801747000888,0.4919170211286809,0.5848184044561062,0.02431077291382264,0.6870754890559772,0.026411483193605322,0.6710642754420358,0.6736413244085115,0.6800550201081319,0.7983032205166639,0.7067308454902704,0.800112929761957,0.15246024336528305,0.6556643564694866,0.6860495733362701
2023-05-13 10:00:00,0.75570390339882,0.7039930687001233,0.7197504979674533,0.775355410945242,0.426077934035218,0.1955747070279513,0.7214379084337049,0.7175765151018062,0.706306120885136,0.7082992999082871,0.7100388306407143,0.808153960353809,0.7447084298035326,0.7288123865964453,0.588024265806442,0.6823381327957156,0.05949303486944501,0.7563244568629859,0.05878014202339589,0.723450075549468,0.7300328657423403,0.7617032162008597,0.8303829596041323,0.754346398696384,0.8334283591983854,0.21984857714404962,0.708735728052795,0.7434873795406073
2023-05-13 11:00:00,0.7994297748349259,0.7639732284494347,0.7579282700266385,0.8000369257767951,0.5123101504190252,0.24332184512060806,0.7530838928751818,0.7535100229001946,0.752589755912781,0.7569201104315733,0.7499846060300415,0.8426951879250392,0.7863475945807165,0.7622714982463776,0.644283680087927,0.7388045881678194,0.0935917913218325,0.7956522141982504,0.09651499544178331,0.7598655272959408,0.763895064858747,0.8072589744397067,0.843708203638361,0.7876673300308892,0.8505411209375395,0.24804439906590048,0.7492602551745471,0.775905508835384
2023-05-13 12:00:00,0.8186355575655574,0.8004600262381527,0.7781092665040916,0.8118296024670442,0.5051162775371716,0.2624763603024437,0.7669904597342795,0.7677537145453526,0.7649533917271579,0.7744764067384642,0.7650170371020893,0.8548637696281347,0.7956993650381827,0.7778129906520248,0.6824571131016427,0.7361713744248961,0.11515366069012076,0.8108352198874419,0.11357719228971049,0.7750910729869673,0.7797793359594679,0.8239487507376718,0.8543410425440129,0.8073428320331193,0.85532238789281,0.2804769389415302,0.8101891415826847,0.7948808381554103
2023-05-13 13:00:00,0.8243670382488404,0.7977719711491141,0.7887637378524951,0.8135566292748456,0.5593996859999998,0.36299198833436624,0.776882888367561,0.7755173344650048,0.7766691752527304,0.782795638435859,0.7725632081416328,0.8559470222275299,0.8013166187573146,0.7859714247155084,0.6980223075137139,0.744504832406489,0.11767087613170298,0.8146699888076941,0.11748455414727965,0.7826408967576004,0.7880349819842101,0.82924568823486,0.8345621749522034,0.8058182727756864,0.849868859160539,0.42448442711847684,0.8037467973821182,0.7943908732541568
2023-05-13 14:00:00,0.8224111038237588,0.7923935077997392,0.788894209378635,0.8099790487711498,0.6305765133020679,0.4256325232109973,0.7773460008775325,0.7739096634507829,0.779309850199812,0.7819141982373525,0.770797827557388,0.8522910199939346,0.8016155027220873,0.784835856601299,0.7069314131917095,0.739653714509883,0.14375974607736197,0.8114358325791251,0.13119833360857305,0.7817950221435006,0.786967984344769,0.8270751497124259,0.8151841917675631,0.8007421870451348,0.8504074600645478,0.4843254124388903,0.8046869269162544,0.7897538032985051
2023-05-13 15:00:00,0.8135948831808015,0.7756958029746098,0.7820539589632046,0.8015566335672424,0.6017333225036067,0.38186266558498594,0.7696890740901825,0.7659121003195765,0.7686888717687171,0.7756389698111668,0.7636061990274611,0.8442137318394329,0.7893219676237948,0.7763931887443021,0.71655431255996,0.743898074217858,0.13236474066233733,0.8041840701866261,0.14205031454370112,0.7741798732881678,0.7784140945771103,0.8207456996126749,0.7989351129284927,0.780829087472144,0.8342770567707014,0.4755087005908537,0.7731324224726245,0.7705589435899557
2023-05-13 16:00:00,0.7992798441070931,0.7648171233835864,0.7657106846473577,0.7850745358639396,0.6048552109832879,0.3387020536656931,0.7542939382495563,0.7485665757320502,0.757779498379639,0.7586009788131848,0.7467313679834542,0.8294763841245173,0.7770848385593343,0.7583278899163072,0.7207938732681702,0.7474829390204579,0.11975780938101513,0.7881773885006038,0.13554594288055943,0.7568287591384069,0.7601968494799121,0.805755175114608,0.776959883302384,0.7599212686505824,0.8152820684085832,0.5028381785640129,0.7410521231123157,0.7486756809911584
2023-05-13 17:00:00,0.7706287075342034,0.7388836283612239,0.7370322781145843,0.7521358303259553,0.5837508739742066,0.294273465122838,0.725731027490588,0.7201936941486619,0.7081927724360624,0.7301921827970765,0.7191101948840302,0.8040483045850866,0.7294160038916517,0.7282996946135933,0.7044337370879318,0.7107312853929916,0.12896302299357365,0.7623089507301694,0.14961041511893966,0.7276204434025001,0.7298847960417479,0.77990130798094,0.7473228881219779,0.7158834292778953,0.7766287350981838,0.47149959164883876,0.716226368865256,0.7114847955502118
2023-05-13 18:00:00,0.7266362317483082,0.6925396313756302,0.6905334292153582,0.7110027499249306,0.5669606812387444,0.2512455169179687,0.6804588472055242,0.6753799531064609,0.6582695373369579,0.6851659402780339,0.6756549037719545,0.7645574511818274,0.679898961789094,0.6800171452227723,0.6503419336410168,0.6728003949107596,0.16633469309138452,0.7227904489182833,0.17099513118626772,0.6802176232148627,0.6811224923963958,0.7388615807348172,0.6920701026476775,0.6603603826124539,0.71846408064282,0.4288515157071127,0.6694560127442288,0.6492804293122861
2023-05-13 19:00:00,0.6409495982149774,0.6174211743422957,0.61296698981336,0.6281303096119075,0.4747457960147376,0.21009580501579833,0.6045561414422712,0.5984379128459861,0.5719785081896605,0.6081727946137769,0.6009035072068102,0.6861100037184139,0.6042842190251148,0.5997335390186893,0.5959746848392341,0.6054995727938884,0.10749720676090224,0.6517635735280203,0.15504544533134168,0.5992875198816998,0.6002358830781346,0.6627100977388287,0.6165461058409533,0.568894142039227,0.6131839811995297,0.3595274932606645,0.5657032209889475,0.5632225493159881
2023-05-13 20:00:00,0.5109672432238717,0.48394271582779375,0.47717790487035916,0.4745309322938733,0.3946102842866472,0.14522758102388056,0.4617936437108729,0.45826573152610256,0.43630855595696355,0.4692741082649437,0.46714760782714654,0.5367741272163983,0.45544294592643564,0.45229778341008614,0.4753278802409505,0.4613861874898636,0.04151114025155425,0.5180737270084746,0.09107574515911099,0.450334897703009,0.45170282716179416,0.5212844691207128,0.41635435274619337,0.41813050915174843,0.40912854463726395,0.2724848317036241,0.4306639258034864,0.4197404166968579
2023-05-13 21:00:00,0.3094864487161824,0.29618012160698226,0.28678509847962863,0.278263531010055,0.30946552836747193,0.0902932934422131,0.29151900602352065,0.2964831963703933,0.25779129633114023,0.2869430771447327,0.28921443228711907,0.3404980256879145,0.2586612078482485,0.30712834125941674,0.2771310456427248,0.24735780051993944,0.04642181467560947,0.3144191906031393,0.09707627381627894,0.298436503871462,0.3080877432473841,0.3155806028950794,0.0,0.19856666614684063,0.0,0.16959033343597432,0.24536889230335007,0.17404265831268226
2023-05-13 22:00:00,0.0,0.0,0.0,0.0,0.15043833248474925,0.00012455225990225236,0.0,0.0,0.0,0.0,0.0,0.0,0.0,0.0,0.0,0.0,0.0,0.0,0.0,0.0,0.0,0.0,0.0,0.0,0.0,0.00012116036175215911,0.0,0.0
2023-05-13 23:00:00,0.0,0.0,0.0,0.0,0.0,0.0,0.0,0.0,0.0,0.0,0.0,0.0,0.0,0.0,0.0,0.0,0.0,0.0,0.0,0.0,0.0,0.0,0.0,0.0,0.0,0.0,0.0,0.0
2023-05-14 00:00:00,0.0,0.0,0.0,0.0,0.0,0.0,0.0,0.0,0.0,0.0,0.0,0.0,0.0,0.0,0.0,0.0,0.0,0.0,0.0,0.0,0.0,0.0,0.0,0.0,0.0,0.0,0.0,0.0
2023-05-14 01:00:00,0.0,0.0,0.0,0.0,0.0,0.0,0.0,0.0,0.0,0.0,0.0,0.0,0.0,0.0,0.0,0.0,0.0,0.0,0.0,0.0,0.0,0.0,0.0,0.0,0.0,0.0,0.0,0.0
2023-05-14 02:00:00,0.0,0.0,0.0,0.0,0.0,0.0,0.0,0.0,0.0,0.0,0.0,0.0,0.0,0.0,0.0,0.0,0.0,0.0,0.0,0.0,0.0,0.0,0.0,0.0,0.0,0.0,0.0,0.0
2023-05-14 03:00:00,0.0,0.0,0.0,0.0,0.0,0.0,0.0,0.0,0.0,0.0,0.0,0.0,0.0,0.0,0.0,0.0,0.0,0.0,0.0,0.0,0.0,0.0,0.0,0.0,0.0,0.0,0.0,0.0
2023-05-14 04:00:00,0.0,0.0,0.0,0.0,0.0,0.0,0.0,0.0,0.0,0.0,0.0,0.0,0.0,0.0,0.0,0.0,0.0,0.0,0.0,0.0,0.0,0.0,0.0,0.0,0.0,0.0,0.0,0.0
2023-05-14 05:00:00,0.0,0.0,0.0,0.0,0.0,0.0,0.0,0.0,0.0,0.0,0.0,0.0,0.0,0.0,0.0,0.0,0.0,0.0,0.0,0.0,0.0,0.0,0.0,0.0,0.0,0.0,0.0,0.0
2023-05-14 06:00:00,0.0,0.06646554153017652,0.0,0.0,0.028320488043312716,0.0,0.0,0.0,0.0,0.0,0.0,0.0,0.0,0.0,0.0,0.0,0.0,0.0,0.0,0.0,0.0,0.0,0.38489575118091546,0.2645292348004797,0.3804487729091022,0.0,0.3042080914759782,0.21754198486532342
2023-05-14 07:00:00,0.41473206383908634,0.4681283302270944,0.37132673971360625,0.4439893287694051,0.11560636906921049,0.14524677191355564,0.3885056955137621,0.39043850442184297,0.381953409506732,0.3878393503918154,0.38719677653554485,0.4392245939483218,0.3940213851642771,0.3940042014323434,0.38411231933305556,0.37837098308046296,0.2008058662512583,0.4347929068795213,0.1565518605670544,0.4054781023735973,0.39432832892142333,0.43845536270711155,0.6084706253761997,0.5262904145305504,0.6031437345986203,0.19473669152608974,0.5297717478171966,0.507688970481894
2023-05-14 08:00:00,0.613106221529358,0.6392201067662229,0.564870963377714,0.6317129931995787,0.21813134888053207,0.27241436858417,0.5748951270590856,0.5719969821354495,0.5784931763495408,0.5721749883024686,0.5703491869397435,0.6537085475815683,0.5935304088957964,0.5771458517819683,0.5800084724143,0.5736469766202275,0.3982390571655781,0.6260701186182275,0.3249632670421042,0.5821398596496447,0.5778571323908467,0.6344799786936541,0.7268338156873116,0.6765886864228771,0.7324419593182795,0.33416079599644005,0.6825723561952197,0.6565929210487546
2023-05-14 09:00:00,0.720163781129475,0.7274385800251806,0.6707002392873074,0.7326013558037654,0.30533932218521387,0.4081188131252912,0.6726543948311234,0.668880541727598,0.6883874772042133,0.6714891302552805,0.6685069986614485,0.7737599936855116,0.7026360477586356,0.6744979348029351,0.6855714007093425,0.6826155934488881,0.5439616205687454,0.7235570046225291,0.4760838892812682,0.6746145968753517,0.6756354894342936,0.7378581148984574,0.7782357761555382,0.752039268971982,0.7957130683796833,0.4592881649628162,0.7565870296891075,0.7327804785739375
2023-05-14 10:00:00,0.772605613423555,0.7701583824638903,0.7271199312543623,0.7801396160953228,0.43211595169585004,0.5373025904361703,0.7245275418789955,0.7211663907436239,0.7424358223155231,0.7259868437272587,0.7201345031338919,0.8214853042116204,0.7569055702702615,0.7282677765574497,0.7345819270922235,0.7364814863607936,0.6452083234368314,0.769976176959593,0.6180164696398398,0.7272205223511521,0.7298619898026212,0.7859039080509759,0.8047889123144584,0.7874327053467851,0.825720924706691,0.5617833505038785,0.7936474919492505,0.769963094092384
2023-05-14 11:00:00,0.8008238221034812,0.7940268316441919,0.7524372649380435,0.8017990993728634,0.543997355925899,0.6601798176358273,0.7531891809477959,0.7494522647828066,0.7757408673782034,0.7567986036154555,0.7477471762788583,0.8440402175468006,0.7884245901321535,0.7589727797883854,0.7651302257839154,0.7669920631722846,0.7390281963041189,0.7945744550915882,0.7178618445129661,0.7559304890565195,0.7609553274971914,0.812774309942634,0.7888220316632122,0.8045531663203978,0.8395092290355906,0.6632989589184657,0.8119240146588194,0.7885869860361076
2023-05-14 12:00:00,0.8133972466342705,0.805045844545524,0.7701599624456068,0.8155211899631897,0.6318048058238541,0.7171666051250942,0.7716992770348531,0.7688560637763509,0.7950702981446142,0.7767762676764394,0.7657031556228812,0.8579638811568369,0.8043602706491985,0.7800308037763761,0.7764589660427698,0.7881828300367828,0.6858387333737135,0.8064499371375375,0.7400596730581104,0.7781959279927889,0.7822251362684277,0.8271020398865804,0.8382191880177717,0.8136289906619475,0.8477237198461026,0.7166689183408391,0.8215281289828736,0.7987761446576518
2023-05-14 13:00:00,0.8182356779919369,0.8058899825133076,0.7828753600735215,0.8160685345985216,0.6471421568012146,0.7526706647163856,0.7798865170344212,0.77532298945547,0.801818443769355,0.7840518781543004,0.7720435684649798,0.8587864464060526,0.8100489145410377,0.7870620697806386,0.7785824108023794,0.7944706896972802,0.7290034238700341,0.8081978899806525,0.7505111764261932,0.7848873190586958,0.7892948602048143,0.8308238956235742,0.827861048643741,0.8144337813559979,0.8456741684547581,0.7426125696385273,0.8230790263210338,0.800136128017797
2023-05-14 14:00:00,0.8190252815897304,0.8022677453615935,0.7876583747301203,0.8118592994769469,0.6745303652864928,0.7849104942168431,0.7798045952580038,0.7731273581402599,0.8022021479740066,0.7826563295282647,0.7709361326808462,0.8550440087272004,0.8108297063913021,0.7837783698534112,0.777094361687045,0.7949846711356621,0.7340988569850123,0.8059638595012558,0.7813557037522266,0.7812131887046925,0.7858153907673957,0.8284744665440144,0.8310632403915844,0.8109712309735094,0.8390512445087162,0.7720393589352471,0.8202594945122526,0.7964380922242487
2023-05-14 15:00:00,0.8118340372890911,0.7912502620865725,0.7824643330115268,0.8021970651812244,0.6770253663485604,0.7753443067014442,0.7725439322403026,0.7627047458231618,0.7937982870886342,0.7728705784961889,0.7618185953704093,0.8478331043259485,0.8026177298926988,0.7732217406537694,0.7654622356548815,0.7839983678237853,0.7503952021541892,0.7981601129509639,0.7652339494668109,0.7695181435074456,0.7752050855434846,0.8210265729447571,0.798817646346668,0.800420086617421,0.8293190877609391,0.7540683222552469,0.8076714816168596,0.7866385544406701
2023-05-14 16:00:00,0.7964573310801818,0.7746643072918398,0.7656961606954444,0.7826253367842977,0.6560414699943028,0.7669479398632304,0.7524050589362736,0.7410914497488731,0.7789226085094011,0.7521923710191653,0.7411035006267528,0.8291213986247723,0.7875430584620143,0.7519028623057444,0.7500543427477735,0.769227333350077,0.7481475525386445,0.782522815803275,0.7518864361646567,0.7497563640825686,0.7539522268994466,0.8045328286389997,0.7762895957777541,0.7802580533335814,0.8103386661887462,0.7398530218982522,0.7886118373845175,0.7685837767391945
2023-05-14 17:00:00,0.7714927159992107,0.7496706522053498,0.7367130139840523,0.7534892889248723,0.6388809698114933,0.7675221979061666,0.7205012027550121,0.7095241262148141,0.7550519263733974,0.7215235479105326,0.7101744133721473,0.8041199303138178,0.764240099482518,0.7193530460765761,0.7262300180141124,0.7457454108331619,0.7156969117985194,0.7557035124728588,0.7201076620807885,0.718614125738158,0.7212617881308054,0.7791900320720826,0.7255188319475551,0.7511623513134834,0.777009575281525,0.7381246473307126,0.7595920679498397,0.7398597278028247
2023-05-14 18:00:00,0.7307536729066422,0.7108997676027987,0.6899278897638256,0.7063449011265327,0.6671637725360677,0.7437409336472713,0.672469750120431,0.6623439121445241,0.713901826826739,0.6741856310430202,0.6642273003413977,0.7631462044967592,0.7245367200066353,0.6694200003169526,0.6893144778531868,0.7067339820180619,0.6871831927243164,0.7130705861608142,0.6800798970826856,0.6696811270635633,0.6709973576044211,0.7363768694627612,0.654164982655975,0.7048063905380252,0.7267975675634344,0.7149335059225369,0.7152894178736189,0.693425871163276
2023-05-14 19:00:00,0.6590018877845838,0.6428459344727783,0.6123099191647144,0.6270719116348185,0.6385702735928244,0.6941859227283413,0.5959542611896006,0.5860062824188058,0.6402361295140472,0.5969941981646837,0.5899546231184374,0.6863905199154506,0.6594270784262725,0.5884129360669672,0.6270531653339835,0.6405045699511808,0.6080374209363633,0.6430719845533647,0.6155280304075447,0.5900420252564071,0.589305107679942,0.6602925209907293,0.5508713781627792,0.6278397861256414,0.6381464165867814,0.6659563981641934,0.6398979221972714,0.6174318273459876
2023-05-14 20:00:00,0.5290573851285252,0.521325832395886,0.47728421249790576,0.47517688221574517,0.5766374942617865,0.5819027826115809,0.45860222088580427,0.44788623961791635,0.5325833269295943,0.46030794324054936,0.457570352693442,0.539359193842565,0.5426826145060982,0.4427501440564462,0.5258629635050541,0.5331638325589138,0.521077100951251,0.5153881845952322,0.5173927541648717,0.44465728761948503,0.4424886088342645,0.520849652462219,0.3688097476068432,0.48002785068901643,0.46509399186436656,0.5639109385215038,0.5007504947062593,0.4719488549398733
2023-05-14 21:00:00,0.3224041968893276,0.32925114459786714,0.2822756750237261,0.26359705261014277,0.464770995223363,0.389425254538723,0.2773153033935322,0.27878511412412393,0.33385196995795413,0.27462123988060083,0.2764035609608425,0.33691509433727557,0.34037823241093235,0.2847346750672496,0.3377443741911254,0.33050489782805736,0.35344804772453103,0.3132019086100471,0.3695303785506131,0.281256852759709,0.285413149826604,0.31335365117943453,0.0,0.23375893306152096,0.0,0.3860230103697125,0.26465335719892324,0.2537943271874649
2023-05-14 22:00:00,0.0,0.0,0.0,0.0,0.23612838931075347,0.06203698372590859,0.0,0.0,0.0,0.0,0.0,0.0,0.0,0.0,0.0,0.0,0.006629676985660993,0.0,0.011480187589346175,0.0,0.0,0.0,0.0,0.0,0.0,0.045951354378068056,0.0,0.0
2023-05-14 23:00:00,0.0,0.0,0.0,0.0,0.0,0.0,0.0,0.0,0.0,0.0,0.0,0.0,0.0,0.0,0.0,0.0,0.0,0.0,0.0,0.0,0.0,0.0,0.0,0.0,0.0,0.0,0.0,0.0
2023-05-15 00:00:00,0.0,0.0,0.0,0.0,0.0,0.0,0.0,0.0,0.0,0.0,0.0,0.0,0.0,0.0,0.0,0.0,0.0,0.0,0.0,0.0,0.0,0.0,0.0,0.0,0.0,0.0,0.0,0.0
2023-05-15 01:00:00,0.0,0.0,0.0,0.0,0.0,0.0,0.0,0.0,0.0,0.0,0.0,0.0,0.0,0.0,0.0,0.0,0.0,0.0,0.0,0.0,0.0,0.0,0.0,0.0,0.0,0.0,0.0,0.0
2023-05-15 02:00:00,0.0,0.0,0.0,0.0,0.0,0.0,0.0,0.0,0.0,0.0,0.0,0.0,0.0,0.0,0.0,0.0,0.0,0.0,0.0,0.0,0.0,0.0,0.0,0.0,0.0,0.0,0.0,0.0
2023-05-15 03:00:00,0.0,0.0,0.0,0.0,0.0,0.0,0.0,0.0,0.0,0.0,0.0,0.0,0.0,0.0,0.0,0.0,0.0,0.0,0.0,0.0,0.0,0.0,0.0,0.0,0.0,0.0,0.0,0.0
2023-05-15 04:00:00,0.0,0.0,0.0,0.0,0.0,0.0,0.0,0.0,0.0,0.0,0.0,0.0,0.0,0.0,0.0,0.0,0.0,0.0,0.0,0.0,0.0,0.0,0.0,0.0,0.0,0.0,0.0,0.0
2023-05-15 05:00:00,0.0,0.0,0.0,0.0,0.0,0.0,0.0,0.0,0.0,0.0,0.0,0.0,0.0,0.0,0.0,0.0,0.0,0.0,0.0,0.0,0.0,0.0,0.0,0.0,0.0,0.0,0.0,0.0
2023-05-15 06:00:00,0.0,0.1017048017588917,0.0,0.0,0.06296010069465251,0.0,0.0,0.0,0.0,0.0,0.0,0.0,0.0,0.0,0.0,0.0,0.0,0.0,0.0,0.0,0.0,0.0,0.32906246614681295,0.26072065687898716,0.34551358649295627,0.0028157551778434883,0.3337537776458449,0.25803506882026367
2023-05-15 07:00:00,0.41321915032873785,0.48154920248352423,0.35829610155332065,0.4585494012536735,0.26510376031339916,0.23281608801321016,0.37126205462320067,0.37248691062658495,0.3823643598930384,0.3738057271451391,0.37122275497852975,0.4847753466893652,0.39672407310965063,0.3754335182866646,0.39804271275089576,0.38357234632779225,0.3231853724173707,0.4330952297237088,0.32833408890093274,0.38393428592833556,0.37565806965450943,0.437530045809346,0.5197883125584818,0.512183304332394,0.5727323583904463,0.26673959595188546,0.5551858038658386,0.4954911790247937
2023-05-15 08:00:00,0.605831854939211,0.6445627023841948,0.5462243513564519,0.6279641973831749,0.4112004798952647,0.39020654661379184,0.5539035638490156,0.5508057995368573,0.5746566250793974,0.5547521382977882,0.5505817115757873,0.671222159274497,0.5916814133355738,0.5556408361342167,0.5818446227869797,0.5765502485755004,0.5195472936893228,0.6171403514032385,0.5237506879834576,0.5607303696694905,0.5562696917883881,0.628369647278804,0.6649545017255997,0.6568631048891092,0.7095543471597602,0.4336810438481457,0.6912649028067087,0.6397291633610028
2023-05-15 09:00:00,0.7050810721823576,0.7229969669993166,0.6458420898075633,0.7123889926366833,0.5626376126962046,0.5320640274117641,0.6516727895436113,0.6483508664605944,0.6796730253631755,0.6531730709449988,0.648256029103004,0.763559215710313,0.6930992191925218,0.6535071405671373,0.670950616710097,0.6792987861122314,0.643293989429906,0.7056159952155343,0.6393570608687105,0.656634773685236,0.6546182670348082,0.7240495947950851,0.7662806346487686,0.7310719432881821,0.7745342773830068,0.5574729563995757,0.7590755168615191,0.7156710219617576
2023-05-15 10:00:00,0.7559784557652447,0.7652695774547227,0.6991755789531254,0.7544549670653822,0.6756287999478525,0.6714883298264273,0.7056244402483172,0.7016841814487469,0.7339017729438024,0.7073939987639898,0.701650336756421,0.806132873347917,0.7450965752348659,0.7064981392590433,0.7250830156254493,0.732501918437771,0.7145211177238255,0.7520712068893904,0.7087464034168403,0.7087169808317331,0.7077572272906296,0.7732608841345079,0.8068726517968203,0.7655184670078681,0.8052015138264025,0.6655681213340872,0.7913342140847875,0.7525378686552698
2023-05-15 11:00:00,0.7859005468912379,0.787873884774583,0.7332203035239435,0.7700839203295093,0.7662705136259147,0.7614691765713951,0.7362947147826868,0.7365301496636975,0.7680578478842572,0.7402720923211892,0.7346156121423614,0.8280424163899157,0.7766403550257188,0.7377140305561309,0.7563742412065023,0.7663547145998812,0.7582538954682556,0.7776929782468405,0.7511658464530143,0.7404843195914925,0.7384147675855719,0.8005086192484421,0.8263043164924205,0.7852549146425716,0.8216384363510953,0.76203516244784,0.8103676156655923,0.772584115632986
2023-05-15 12:00:00,0.8018270518720161,0.7973079365482905,0.7561211860677748,0.7741260947432564,0.798781280327538,0.7910798708699603,0.7486869032435992,0.7527275397527754,0.7857985321297808,0.7592919841983331,0.752194148623065,0.8371225434062322,0.7932762255150966,0.7496818791846697,0.7690798638836834,0.7839659007848696,0.7796649634391585,0.7898829380413094,0.7731489598557151,0.760212542711951,0.7499496651992011,0.8129010559652938,0.8357241185473019,0.7944523435715232,0.8280406958824859,0.7768552196412783,0.817290035713153,0.7828303851190289
2023-05-15 13:00:00,0.8070159693219358,0.7984839807293671,0.7708547547265793,0.7508388363660338,0.8175650597243016,0.8149101250342766,0.755814471921787,0.7585902463530695,0.7939345675443424,0.76905700881896,0.76040419552298,0.8342862750997171,0.7998049499667608,0.7489914548900344,0.7748278563711337,0.7921239352342619,0.79220833995006,0.7921603814031474,0.7866095884839239,0.766884384255433,0.7483895681765453,0.8151564273433202,0.8376252455656799,0.7937269581029801,0.8282447424097964,0.7973525333699126,0.8168413360927587,0.7827802567468995
2023-05-15 14:00:00,0.8028731069625422,0.7938813836134999,0.7551153017182158,0.7326051624872508,0.8205925362296155,0.8174151678802698,0.6869526206049336,0.689633512273507,0.7915264582621958,0.7437127496678876,0.702830368063632,0.8265698808977018,0.7968694944043435,0.6962809853862364,0.7729095318739496,0.7905472263758261,0.7968112170245467,0.7891407646238231,0.7919835548479695,0.7344346820153524,0.7024144405575078,0.808930175877765,0.8300480130241688,0.7876395040356581,0.8233974601336912,0.7953279480040699,0.8117625538420801,0.7740028079127956
2023-05-15 15:00:00,0.7937290769220852,0.7834198895288851,0.7216253338432327,0.7432693041179204,0.8366572294763667,0.8166465045204353,0.6782169771688712,0.6796691298660709,0.7854980151528357,0.7294490519800019,0.6881822029904796,0.8161782798459052,0.7903249907985914,0.6911528862945368,0.7670579921380979,0.7851581987458255,0.7933180623984017,0.7817166957189512,0.7882673690122902,0.734927573554796,0.6966057460863361,0.8004735021757168,0.8181898944526734,0.7584634906179073,0.8037317689534437,0.7962179813643181,0.7991787421464549,0.748054703739063
2023-05-15 16:00:00,0.7703401536356488,0.7649090955180647,0.6496560211824041,0.7211388180573134,0.8196421693719799,0.8061522338629442,0.6301620103633443,0.6656809748818425,0.76823848694882,0.7190459773872212,0.6800079462694427,0.7930298095482639,0.772873866194196,0.6694782340640989,0.7503956039847426,0.7595260544639443,0.7802821534913144,0.7646317821928438,0.7749778785778453,0.7089935491173025,0.6725139447647493,0.7883121259512991,0.7486312981897093,0.7303159412987313,0.7630226585332118,0.7854689866861025,0.7801673865479325,0.7191314837736675
2023-05-15 17:00:00,0.7505623647875509,0.7419312178444465,0.6372427172023165,0.5844699132674399,0.8144426585244612,0.7730901954498286,0.5823560966789976,0.5889895040262579,0.7425523273360625,0.6702332837771006,0.6213988266781247,0.7390268983979777,0.7479188729964459,0.5956367281779671,0.7306898958679862,0.7314558430176623,0.7604656748446983,0.7301277633590234,0.7576756754657848,0.6009414170608921,0.6024115439303068,0.7576583514550793,0.7395266800722322,0.6980808646741373,0.7536377621677034,0.7672091786508857,0.7512186224991935,0.687904715851232
2023-05-15 18:00:00,0.7035625141512671,0.6979058463607565,0.6004382876664986,0.5248769549380017,0.7947622945311935,0.7355983101968,0.5863420227719958,0.6223569878817228,0.704808232989475,0.6448390529125082,0.633273391022347,0.6937257766161811,0.7114178132222129,0.6178036242751003,0.6894856436579824,0.7072002805106878,0.7237774748557017,0.6987053706815871,0.7220691310712435,0.5643826253411582,0.6166194441043437,0.7219331169111496,0.6667997502426823,0.6566928054602197,0.6981991195110316,0.7316934911774986,0.7058081189476116,0.6333180080410724
2023-05-15 19:00:00,0.6233225375220784,0.6160446170954743,0.5679457788407296,0.46131065606106875,0.7422946651116553,0.6708411891696303,0.5405797342145747,0.569599304238376,0.6327340632391252,0.5824896609884775,0.5785742760010082,0.6078024154604474,0.6402019866816783,0.5615551491823807,0.6284491869671931,0.6422950852024824,0.6673973855538725,0.5894582233458546,0.6672616630032815,0.5262293113932458,0.5607992076082012,0.6279636937590206,0.5520890622805791,0.5570045928515869,0.6139314060195789,0.6747809590716967,0.6249131991044325,0.5142379058226795
2023-05-15 20:00:00,0.5029471479498845,0.5135439268393915,0.4499358022274418,0.2974176223884774,0.6603256435691215,0.57525375679146,0.3770318558176118,0.3920013498865497,0.5191390801420922,0.43518092047401036,0.4214054089594355,0.45967196188707404,0.5261748184717535,0.36871407493252467,0.5297302910821976,0.5322272331480224,0.5756586959883042,0.4433556031086965,0.5776962195295824,0.3573252857090004,0.36821712154006114,0.4824216696185826,0.35675987183899754,0.4028632239628173,0.44280835112072947,0.583063332858208,0.49176811726158187,0.36622974763362276
2023-05-15 21:00:00,0.3050253263252594,0.321933281463306,0.26250657085024387,0.16927926667770207,0.5332334881105095,0.41040804258019953,0.20837925945286714,0.23126607437359462,0.32739578986695883,0.2495882591310237,0.242736472378345,0.2926105500306658,0.3308707403682893,0.22907075294080562,0.3420062494698268,0.33950250398127535,0.4052643353266896,0.2879309274382394,0.41032955532101606,0.2302676405497603,0.23067185499034565,0.29635913152190757,0.0,0.21812514410057393,0.0,0.41398110227239704,0.29028444298703227,0.24293908565554237
2023-05-15 22:00:00,0.0,0.0,0.0,0.0,0.30499141530042084,0.11355061594148982,0.0,0.0,0.0,0.0,0.0,0.0,0.0,0.0,0.0,0.0,0.012133706497376611,0.0,0.037892747453419355,0.0,0.0,0.0,0.0,0.0,0.0,0.09259762254426322,0.0,0.0
2023-05-15 23:00:00,0.0,0.0,0.0,0.0,0.0,0.0,0.0,0.0,0.0,0.0,0.0,0.0,0.0,0.0,0.0,0.0,0.0,0.0,0.0,0.0,0.0,0.0,0.0,0.0,0.0,0.0,0.0,0.0
2023-05-16 00:00:00,0.0,0.0,0.0,0.0,0.0,0.0,0.0,0.0,0.0,0.0,0.0,0.0,0.0,0.0,0.0,0.0,0.0,0.0,0.0,0.0,0.0,0.0,0.0,0.0,0.0,0.0,0.0,0.0
2023-05-16 01:00:00,0.0,0.0,0.0,0.0,0.0,0.0,0.0,0.0,0.0,0.0,0.0,0.0,0.0,0.0,0.0,0.0,0.0,0.0,0.0,0.0,0.0,0.0,0.0,0.0,0.0,0.0,0.0,0.0
2023-05-16 02:00:00,0.0,0.0,0.0,0.0,0.0,0.0,0.0,0.0,0.0,0.0,0.0,0.0,0.0,0.0,0.0,0.0,0.0,0.0,0.0,0.0,0.0,0.0,0.0,0.0,0.0,0.0,0.0,0.0
2023-05-16 03:00:00,0.0,0.0,0.0,0.0,0.0,0.0,0.0,0.0,0.0,0.0,0.0,0.0,0.0,0.0,0.0,0.0,0.0,0.0,0.0,0.0,0.0,0.0,0.0,0.0,0.0,0.0,0.0,0.0
2023-05-16 04:00:00,0.0,0.0,0.0,0.0,0.0,0.0,0.0,0.0,0.0,0.0,0.0,0.0,0.0,0.0,0.0,0.0,0.0,0.0,0.0,0.0,0.0,0.0,0.0,0.0,0.0,0.0,0.0,0.0
2023-05-16 05:00:00,0.0,0.0,0.0,0.0,0.0,0.0,0.0,0.0,0.0,0.0,0.0,0.0,0.0,0.0,0.0,0.0,0.0,0.0,0.0,0.0,0.0,0.0,0.0,0.0,0.0,0.0,0.0,0.0
2023-05-16 06:00:00,0.0,0.10351342999665657,0.0,0.0,0.09533770762753792,0.0018434923465960094,0.0,0.0,0.0,0.0,0.0,0.0,0.0,0.0,0.0,0.0,0.0,0.0,0.0,0.0,0.0,0.0,0.3111073093660844,0.2624006016982058,0.30214492113385794,0.005838521105688166,0.3256903015319476,0.2635079538518058
2023-05-16 07:00:00,0.3389326637043203,0.444217530848392,0.12401829950442786,0.35522969726595777,0.37356622757033847,0.24725298620615313,0.22733672965037433,0.3211758464762642,0.3743388435888882,0.3159862732036752,0.2918472386975785,0.38949291366881444,0.3719843090212391,0.3430167303535372,0.34337304592625595,0.2833568060780968,0.34720675771296056,0.4158963500159045,0.34728573175459737,0.38918441349722444,0.344733361277129,0.4063889285822131,0.5137070981858878,0.4610541141687608,0.5223310072534962,0.3139370631896804,0.5367732152989383,0.45059681967456006
2023-05-16 08:00:00,0.49587014286836356,0.6144663430988578,0.2709488029814694,0.5288850948977767,0.5931493995437954,0.4489236554154497,0.38654092847677646,0.5011127886547037,0.5483342109231749,0.5107043329330285,0.4869733517746921,0.5717524553173794,0.5641393695616,0.51255263858975,0.5546862471128049,0.5509350775490115,0.5423587168072456,0.5925670367343735,0.5353839932453319,0.5527727600461652,0.5128908355238343,0.6062483393588988,0.6376088693729851,0.6035865130652831,0.6046932356500867,0.501664719827859,0.6604881807388427,0.601503320181881
2023-05-16 09:00:00,0.6109144076148045,0.7086525061686657,0.4536174871238267,0.6384939501116581,0.7105675176099182,0.5564002435209243,0.577053199870076,0.6442761974928172,0.6528386700531087,0.6410986700129818,0.6422872258808896,0.687771304959256,0.6637576259592515,0.6318317539295295,0.6525863451766852,0.6545022012977336,0.6586694044716779,0.6896070159832087,0.6558845454867874,0.6532115298970895,0.629651066538033,0.707782717682402,0.7159166479122362,0.6819455288728767,0.6953325289690259,0.6121323839428067,0.7327139526342336,0.6785410972431997
2023-05-16 10:00:00,0.6676551425675653,0.7520629240430311,0.4963311320937853,0.7242742461697176,0.7883411472483042,0.670560714258495,0.5918829573956904,0.6967742281139069,0.6741993619936273,0.6721939023708297,0.6721827477088234,0.7677787877489816,0.7075689180576624,0.7284606534029939,0.7129593688881423,0.7163641349062368,0.7236196303599968,0.7465077621443833,0.7126591954721124,0.6974599345537316,0.7281379509921693,0.7593633271535206,0.7345111059391677,0.7394984921510918,0.7163992658637207,0.7120988559606592,0.7711997289291074,0.7299646862878153
2023-05-16 11:00:00,0.7027184951314538,0.7747139019683339,0.5484149550420225,0.7734168773205602,0.8261393188422058,0.7500675620892224,0.6450146567715093,0.7281819538542836,0.6988036914612317,0.7095422178953763,0.7084583068476324,0.8112204166455642,0.7491434175918926,0.7611396100374205,0.7491865571382762,0.7530972797498765,0.7645916153132797,0.7780232142648781,0.7431278965515855,0.7382323658875172,0.763012415515875,0.787665627599435,0.7752923538076872,0.7621716917828002,0.7550291841438906,0.7556839718532335,0.7943146213328433,0.7550355738255915
2023-05-16 12:00:00,0.731296139426626,0.78066000892535,0.64935463252074,0.7799044851818228,0.8561457270211054,0.8055745527737264,0.7294122122455606,0.7691692517283958,0.7171183881151142,0.7639034967026206,0.7633217008400506,0.7972025046467659,0.7678656159519438,0.7782525144584926,0.7728554201534896,0.7580458958919527,0.788361310591047,0.7670166573117739,0.7571913601818531,0.7582179409271713,0.7792068258362221,0.7794164575299724,0.7965429999005312,0.7836230908570558,0.7954627407383075,0.799237791279465,0.7982130378903834,0.7753181111188139
2023-05-16 13:00:00,0.7678467352394458,0.7742228093129169,0.689522497529508,0.7647366695442621,0.8640746900057392,0.8157598261391497,0.7366891752796745,0.7619299294616263,0.7415543481375308,0.7730380319386407,0.7657245262229124,0.8063527800289297,0.7800662425568391,0.7565903607700166,0.779556999383158,0.76120306536895,0.7974971125572131,0.7993037454314923,0.7700272258978609,0.7747948929366405,0.7554669211758145,0.8127033915509351,0.8050406717613446,0.7534996965511263,0.7654175418267305,0.8091583852914646,0.7783194905010652,0.7386527040300397
2023-05-16 14:00:00,0.7490120580516672,0.7785159855336812,0.6749561324233568,0.7825163268369093,0.8645052317779229,0.8150532682463321,0.7528646210462854,0.773075847293004,0.7467777247663511,0.778701747803854,0.7729596239481844,0.8052638077037924,0.7813740692907247,0.7739440929643742,0.7773406704557627,0.7603225824757198,0.7973210176826039,0.7930085817817778,0.7815931926635428,0.7782890478357636,0.7744636197846168,0.8058292411704527,0.7637122484277533,0.7522603077400194,0.7438005424010986,0.8156942242102235,0.7835557648578191,0.745556405323251
2023-05-16 15:00:00,0.7360643250960868,0.7432261785562835,0.6695357752302679,0.7625587730726271,0.8634227876222229,0.8171616731176058,0.7384519221303503,0.7574430465924836,0.7428776819733276,0.7673135514935091,0.7577027377734469,0.7695523668984465,0.7785670278430508,0.761434260272154,0.7691614112447237,0.7657206542833601,0.7919530376321227,0.7656337558192882,0.7688386934475858,0.7707217318676924,0.7617403827187499,0.7791158665182297,0.7455994378591553,0.6790899138120978,0.6912859470184638,0.8092225488930267,0.7467306540764542,0.6792461902267136
2023-05-16 16:00:00,0.7158526040722802,0.7355244357110311,0.6242763911080536,0.7281049454251228,0.8507231062730198,0.7950162219823508,0.7392996993172419,0.7495012207977068,0.7007825475690699,0.7518581074361156,0.7459855709909262,0.7606619961104379,0.753269610084056,0.7590011954850697,0.7566035119301346,0.737936047480274,0.7691485210870386,0.7399087204784527,0.7390076982315023,0.759181132788839,0.7606472474795675,0.7757356793099132,0.6770959948555039,0.6334161079302781,0.5622444052945096,0.7947191045062826,0.7193719853423216,0.6274519639545176
2023-05-16 17:00:00,0.7048363131214253,0.6789949389397186,0.6171774952629949,0.6728895098952622,0.8308593752209491,0.7636015116228505,0.7174840761905982,0.7212323672865654,0.6793344387913699,0.7229073887634229,0.7170175221243674,0.7517695980809934,0.7196916432410605,0.7337919516670616,0.7285517686299195,0.6867736579094375,0.7232129105370445,0.7406070774447482,0.7006897995142018,0.7261551183209001,0.7357559713748512,0.7653826968010732,0.5934524481746669,0.5063674047683967,0.4846176103122527,0.7763607800606239,0.6748864346627143,0.5352265828413856
2023-05-16 18:00:00,0.657603769292163,0.5313467829243373,0.5764377432030883,0.5766521602358451,0.7993914192390308,0.7149450533089386,0.6859161440620934,0.6738245179122738,0.5997616703370459,0.6740378838504583,0.6750423879959564,0.6884831963554431,0.6720721412285088,0.679225014053826,0.6851955198245592,0.6516707359394975,0.6971065203291308,0.7102462497689266,0.6534953507209497,0.6560068225014605,0.6803097062162523,0.7258057320351131,0.4980295613238528,0.4423214972775088,0.3451511084036963,0.7356483084129186,0.610407558046971,0.4436074800834584
2023-05-16 19:00:00,0.543341700840014,0.5481319917696174,0.4868937456131065,0.466026703000739,0.7487838976631456,0.6441377886324812,0.6033607754148245,0.5954133161059069,0.50343646375061,0.5976941787721926,0.5966606260635816,0.5572488189580469,0.584718445087963,0.5970376513655187,0.5877104977154248,0.5563124949146916,0.6099111628899704,0.6272555212126257,0.5684313466405798,0.5875346233981813,0.5975443609251883,0.6257032869090025,0.4052683949599157,0.4587541065874548,0.295867418690118,0.6792055382608854,0.5937014092933137,0.4380398086945879
2023-05-16 20:00:00,0.38137039585668026,0.46502264691179385,0.39188203520173315,0.2908053046807508,0.6711719826763735,0.5345128799095636,0.4525467448405464,0.4282781282179518,0.37324627797121007,0.4328649096920822,0.4419802692599597,0.3491557089225342,0.4502308911068966,0.4217356352529997,0.49309059595010946,0.4413584715360594,0.49601290256226355,0.4534783248717793,0.4747858496865612,0.3977527181103065,0.4212315714228632,0.4260210503355899,0.23073552685518217,0.3717845290379109,0.2295187610519593,0.5773438347472906,0.4913244670978548,0.3564215443122145
2023-05-16 21:00:00,0.19639963410889932,0.28859643994308104,0.2499531454483133,0.15167878441956542,0.5369450788702199,0.36728267873828174,0.2693992612991422,0.2542438229775144,0.167169979890776,0.2504939171133061,0.26035806535876677,0.17530368875318472,0.21154796530214592,0.24617054381984507,0.2939670908818228,0.23002797239489498,0.31962561056161737,0.21822035573678167,0.309617554012552,0.23314158447170197,0.24445631219534014,0.21132185524901637,0.0,0.2226748242248283,0.020032684875232697,0.4122975635579567,0.2923409421159477,0.23644905885823736
2023-05-16 22:00:00,0.0,0.0,0.0,0.0,0.3145894622262655,0.13497036508641985,0.0,0.0,0.0,0.0,0.0,0.0,0.0,0.0,0.0,0.0,0.016863215513938892,0.0,0.0571577546287753,0.0,0.0,0.0,0.0,0.0,0.0,0.10921331706471038,0.0,0.0
2023-05-16 23:00:00,0.0,0.0,0.0,0.0,0.005305544761533877,0.0,0.0,0.0,0.0,0.0,0.0,0.0,0.0,0.0,0.0,0.0,0.0,0.0,0.0,0.0,0.0,0.0,0.0,0.0,0.0,0.0,0.0,0.0
2023-05-17 00:00:00,0.0,0.0,0.0,0.0,0.0,0.0,0.0,0.0,0.0,0.0,0.0,0.0,0.0,0.0,0.0,0.0,0.0,0.0,0.0,0.0,0.0,0.0,0.0,0.0,0.0,0.0,0.0,0.0
2023-05-17 01:00:00,0.0,0.0,0.0,0.0,0.0,0.0,0.0,0.0,0.0,0.0,0.0,0.0,0.0,0.0,0.0,0.0,0.0,0.0,0.0,0.0,0.0,0.0,0.0,0.0,0.0,0.0,0.0,0.0
2023-05-17 02:00:00,0.0,0.0,0.0,0.0,0.0,0.0,0.0,0.0,0.0,0.0,0.0,0.0,0.0,0.0,0.0,0.0,0.0,0.0,0.0,0.0,0.0,0.0,0.0,0.0,0.0,0.0,0.0,0.0
2023-05-17 03:00:00,0.0,0.0,0.0,0.0,0.0,0.0,0.0,0.0,0.0,0.0,0.0,0.0,0.0,0.0,0.0,0.0,0.0,0.0,0.0,0.0,0.0,0.0,0.0,0.0,0.0,0.0,0.0,0.0
2023-05-17 04:00:00,0.0,0.0,0.0,0.0,0.0,0.0,0.0,0.0,0.0,0.0,0.0,0.0,0.0,0.0,0.0,0.0,0.0,0.0,0.0,0.0,0.0,0.0,0.0,0.0,0.0,0.0,0.0,0.0
2023-05-17 05:00:00,0.0,0.0,0.0,0.0,0.0,0.0,0.0,0.0,0.0,0.0,0.0,0.0,0.0,0.0,0.0,0.0,0.0,0.0,0.0,0.0,0.0,0.0,0.0,0.0,0.0,0.0,0.0,0.0
2023-05-17 06:00:00,0.0,0.14119092186548587,0.0,0.0,0.122025184327347,0.004467155485831349,0.0,0.0,0.0,0.0,0.0,0.0,0.0,0.0,0.0,0.0,0.0,0.0,0.0,0.0,0.0,0.0,0.28888721752923735,0.29117166783626186,0.331454441665301,0.02764929748752828,0.35085377943168367,0.3009843410128627
2023-05-17 07:00:00,0.3155727650277099,0.4752165283246641,0.23934563706368062,0.3380320901208869,0.44878591338955354,0.24611373095441144,0.30278271031258974,0.36490415570541995,0.2370891225922581,0.3401931253854241,0.35037430203917747,0.32466421082718955,0.2733905080257218,0.3723459807051163,0.3215838381618015,0.2086376973455692,0.03199613678787512,0.33250839314120345,0.03625579598502866,0.3072528055456284,0.3711200646654362,0.3403234917412263,0.4361301058942447,0.5115770180903861,0.5260798786897563,0.3374108506449433,0.563392980939213,0.5018959121022241
2023-05-17 08:00:00,0.4929197412643284,0.6443347749689633,0.40095484359596717,0.5060513998900542,0.6354576120863717,0.43204789797243875,0.4828929848429142,0.5572032371115282,0.3878612016866844,0.5398272507038951,0.551099839026161,0.5024850925211052,0.42705007941530265,0.5615953610311046,0.5021843840207509,0.3795974975147978,0.13100737067266924,0.5019322473569,0.16649129279312955,0.5160236130013038,0.5613675858576648,0.5540006062786952,0.5979655186166924,0.6538230740564289,0.6526235761322895,0.5241457749418372,0.6981974675886026,0.6495903743319243
2023-05-17 09:00:00,0.6612427270039409,0.7291315154044221,0.49445768012216285,0.6742167347487171,0.7456909101797911,0.5583293240890487,0.5701246432789304,0.6553290954480899,0.4790071067681132,0.6438989352148629,0.6421198423274774,0.7056297577117662,0.5189667140874963,0.6732041012858675,0.6089057606405645,0.45923768825168293,0.26242041727583804,0.7097635345146521,0.28143203199113626,0.6590799343587403,0.6742334794309343,0.7293887405465087,0.7009152935550577,0.730024900576252,0.7343890715500766,0.637721359393054,0.7648893868495261,0.7238223194270056
2023-05-17 10:00:00,0.7134663164659283,0.775434797623919,0.5949881865755989,0.7595751039795432,0.8066361553377696,0.6699052057072555,0.6780844618949535,0.717170151303001,0.5983096867591473,0.7128414490218986,0.7154056519243295,0.8092871519137671,0.6646657567206489,0.7216780781965966,0.714317173017871,0.6279715165916129,0.40484871060278665,0.7539153208198447,0.47481943993134285,0.7128758010249833,0.7227694942241596,0.7802182407468109,0.7262172966303879,0.7724963551915973,0.7786696747208821,0.7434681819418953,0.7972707672243757,0.7657237398482574
2023-05-17 11:00:00,0.767800290331153,0.7973742640128036,0.6196789578691138,0.7875482848100723,0.8406152086426188,0.7599897480203757,0.6926002594419485,0.7400483837973244,0.6422059791400293,0.7344409849927492,0.7282446118485268,0.8351114492731111,0.6861467315418831,0.7604565613906913,0.7436135764288944,0.6693844982043695,0.5380164708544497,0.7812878397998396,0.6279444516900701,0.7481045050288246,0.7618017106840479,0.8073634673792012,0.7079861343898838,0.7907309001175908,0.769317197573331,0.7883228689901043,0.8112425765082545,0.7828548898721032
2023-05-17 12:00:00,0.7550783680187493,0.8088857878742832,0.6793352893206825,0.801461967584725,0.8570649932563754,0.7840099833232047,0.7530459682327285,0.7632838151621272,0.7009756440657118,0.7601875235839776,0.7543359941070091,0.8460176294297909,0.7559488478246195,0.7770022091448874,0.7488797971551377,0.717123466294867,0.6471942091503045,0.7554927232213532,0.6667481792169287,0.7678175928454922,0.7788230738766054,0.8136340647092625,0.7160104173965918,0.7948589923754837,0.7075131145108311,0.8010454621436719,0.8193795806795293,0.7974220501826655
2023-05-17 13:00:00,0.7789316102077837,0.8091730593972624,0.7107654527699836,0.804326847880408,0.8626959211434142,0.7998853897907728,0.7635831507196147,0.7689669073352037,0.6988834061867284,0.7677138473048857,0.7604310162719887,0.8484154985377415,0.7583725768591536,0.7839833299276832,0.7704174085876871,0.7494398596154737,0.7045229419484266,0.7638367557736191,0.6910186601469953,0.7752358012019799,0.7860490611388957,0.8197327608708743,0.6886321695988078,0.7976747599444082,0.6938237003397151,0.8085542253705594,0.8174566742225402,0.7974989272079985
2023-05-17 14:00:00,0.7754046386778037,0.8033302624179651,0.7216114510864441,0.755785123882585,0.8621722582320042,0.8042074624959952,0.7368470407419562,0.7584047421987182,0.7338242101748399,0.7587386730312297,0.750319662122228,0.8315016573008882,0.768040761351352,0.7790239043145046,0.770319795436506,0.7110086326532673,0.7099873487230184,0.7808999229912629,0.7006724103321547,0.7293671827744697,0.7806446992922945,0.8219629072610709,0.6440761086839022,0.782253399747511,0.6756750030580024,0.8071820326364264,0.8100283512309598,0.7864366535441798
2023-05-17 15:00:00,0.7788737488987094,0.7898891043891237,0.7332071988312703,0.734880084394597,0.8575584883453834,0.7961880852912998,0.7424780031601649,0.7518286016836967,0.727724002755427,0.7531016443444328,0.75183497838836,0.8178950661050869,0.7659332636136461,0.7656041341892964,0.7542705381388258,0.7258622464735967,0.724347009082502,0.7802221097172016,0.7030600972243713,0.6948494263526945,0.7667459549743629,0.8125858665042491,0.5880525090714842,0.7613763916869538,0.6209366774394819,0.7987161536062343,0.782335405779183,0.7692068704032653
2023-05-17 16:00:00,0.7683410181673045,0.7770854355845047,0.6703430451809339,0.7228197219865926,0.8485321609204116,0.7842550477656441,0.7007909058510955,0.7355204561703816,0.7061719514321734,0.7351771770181164,0.7270700051602575,0.8089968726682006,0.7393452087371659,0.7552190469927591,0.743783741969273,0.6961724269625473,0.7022006372978538,0.7698062482656772,0.6927301414948741,0.722503527362284,0.7568201016355625,0.7979186037016994,0.6054397824989066,0.7396480366169812,0.5910959485732193,0.7861013560137634,0.7474309908497686,0.7447526861340665
2023-05-17 17:00:00,0.7247256446665408,0.7503280685082663,0.6327356082728246,0.6841330610537664,0.8310493286027476,0.7547005967027666,0.6762580170521736,0.7000203029743273,0.6613243153279729,0.7015435020144632,0.6975531701271716,0.7668957691158262,0.7181045444394847,0.7086727595194069,0.7149738855333185,0.6922527893171165,0.6946762769059438,0.7187681233429283,0.6680813137163437,0.6683113730435462,0.7088908055079152,0.7566490293324556,0.6223617107430975,0.6954873657510355,0.5611112155241115,0.7634539613874711,0.699731733519901,0.7081449390403369
2023-05-17 18:00:00,0.6995044889121362,0.6990087710768603,0.6009188338732508,0.6162179462950573,0.8030894296764721,0.6960001033232709,0.6183543407511033,0.6412820494382179,0.6162514904301087,0.6283770625767283,0.6351683586752329,0.7291621611665159,0.6775441817276547,0.6600040448526758,0.6750708512917762,0.6521275477740017,0.6082783340996784,0.689282453566847,0.6016861958576447,0.5955287985762694,0.6594627837815844,0.7118802596264092,0.5143891843614655,0.5583775930465552,0.38959126664417737,0.7254915981331834,0.5571880309620666,0.6113085430578412
2023-05-17 19:00:00,0.6110381269813967,0.633884587674625,0.5427504488898633,0.5628831053448604,0.7560564176074007,0.6394622720519443,0.565923600488443,0.5884266675663906,0.5335073019720674,0.5910527116521975,0.5859946531239968,0.6747111427544286,0.5995835378686571,0.5999767837063801,0.6159687011841426,0.5903579548757275,0.5735133158616451,0.638874163988609,0.5668498463113781,0.5696862603867693,0.6003869985617902,0.6620307840684089,0.4748469869508309,0.4788290755645303,0.34004765613690036,0.6742753077342075,0.4727056507933338,0.5381733796218371
2023-05-17 20:00:00,0.47894586345477447,0.5163754524596493,0.40674713710343374,0.43881699878263364,0.6781531554951495,0.5442124902210734,0.4326029838507098,0.4484997786812221,0.4163651668913281,0.4593640501903308,0.4597306135244983,0.5368683886873098,0.49142550088369424,0.44130745348659567,0.5181830467250046,0.4655539422961931,0.49609318526958257,0.5129201360035117,0.48377102533392957,0.4104490418100909,0.4401559746127154,0.5264521923025852,0.3113070692486381,0.40209519092450896,0.1755128178620826,0.5827982245416268,0.38390768294930927,0.42808395704514834
2023-05-17 21:00:00,0.2902451809013425,0.3212294008292428,0.2569052351942374,0.23700510722956156,0.5454792680917002,0.39141472946905026,0.247783022293853,0.265193270338374,0.2541022548623884,0.2614087909090538,0.2642879948458989,0.3300053853526762,0.30659329087236686,0.27055317408205215,0.33817170470181424,0.2945395638038973,0.34634809262221444,0.3069807941144925,0.3250428198494695,0.25274195320929327,0.2704314753452556,0.311804258885249,0.0,0.192537501418973,0.021129757173177874,0.42122101653864397,0.21190675766018363,0.23504702516904943
2023-05-17 22:00:00,0.0,0.0,0.0,0.0,0.33345266539372814,0.16532270331026783,0.0,0.0,0.0,0.0,0.0,0.0,0.0,0.0,0.0,0.0,0.05805119782417179,0.0,0.06057517489903313,0.0,0.0,0.0,0.0,0.0,0.0,0.12098529283714028,0.0,0.0
2023-05-17 23:00:00,0.0,0.0,0.0,0.0,0.013098633097748504,0.0,0.0,0.0,0.0,0.0,0.0,0.0,0.0,0.0,0.0,0.0,0.0,0.0,0.0,0.0,0.0,0.0,0.0,0.0,0.0,0.0,0.0,0.0
2023-05-18 00:00:00,0.0,0.0,0.0,0.0,0.0,0.0,0.0,0.0,0.0,0.0,0.0,0.0,0.0,0.0,0.0,0.0,0.0,0.0,0.0,0.0,0.0,0.0,0.0,0.0,0.0,0.0,0.0,0.0
2023-05-18 01:00:00,0.0,0.0,0.0,0.0,0.0,0.0,0.0,0.0,0.0,0.0,0.0,0.0,0.0,0.0,0.0,0.0,0.0,0.0,0.0,0.0,0.0,0.0,0.0,0.0,0.0,0.0,0.0,0.0
2023-05-18 02:00:00,0.0,0.0,0.0,0.0,0.0,0.0,0.0,0.0,0.0,0.0,0.0,0.0,0.0,0.0,0.0,0.0,0.0,0.0,0.0,0.0,0.0,0.0,0.0,0.0,0.0,0.0,0.0,0.0
2023-05-18 03:00:00,0.0,0.0,0.0,0.0,0.0,0.0,0.0,0.0,0.0,0.0,0.0,0.0,0.0,0.0,0.0,0.0,0.0,0.0,0.0,0.0,0.0,0.0,0.0,0.0,0.0,0.0,0.0,0.0
2023-05-18 04:00:00,0.0,0.0,0.0,0.0,0.0,0.0,0.0,0.0,0.0,0.0,0.0,0.0,0.0,0.0,0.0,0.0,0.0,0.0,0.0,0.0,0.0,0.0,0.0,0.0,0.0,0.0,0.0,0.0
2023-05-18 05:00:00,0.0,0.0,0.0,0.0,0.0,0.0,0.0,0.0,0.0,0.0,0.0,0.0,0.0,0.0,0.0,0.0,0.0,0.0,0.0,0.0,0.0,0.0,0.0,0.0,0.0,0.0,0.0,0.0
2023-05-18 06:00:00,0.0,0.1755822135131533,0.0,0.03249294367211712,0.1290690497460838,0.004422924134588957,0.0,0.0,0.0,0.0,0.0,0.0,0.0,0.0,0.0,0.0,0.0,0.0,0.0,0.0,0.0,0.0,0.36871239464148114,0.27900127108887574,0.3258962821839569,0.03638273572641103,0.33550258511070286,0.3066303575028631
2023-05-18 07:00:00,0.3230815972513709,0.4880795630396162,0.24877330047170684,0.4259740694268757,0.4581574240709279,0.3433334066330338,0.26254037962821275,0.36721880630654774,0.21987052399248552,0.34191967228266185,0.3341300370780963,0.38784392287566416,0.2826043649432511,0.3910732484587379,0.3336697974271604,0.2206642290992788,0.27206739919654604,0.3768847133471966,0.2646772324165568,0.4131119352654836,0.3908211358987391,0.40497021600003064,0.5829082988440586,0.499053752177603,0.5135625886024568,0.4002402817153073,0.5450617336502983,0.49537453953436694
2023-05-18 08:00:00,0.4705226688546539,0.6432334964431323,0.2808575430778572,0.5837524561195138,0.6427624633285155,0.49982550458742747,0.3870752801225408,0.5360434245994312,0.3768069757215678,0.5096763577017887,0.49293462267484695,0.5861681428729504,0.4594472785345818,0.5731956099711744,0.5120679692931599,0.35737340175787186,0.4386261959045861,0.5958596750984096,0.38346853583397417,0.5862618188703306,0.5731358621548334,0.6096045504270265,0.7116830135118746,0.6248282635591699,0.6412290014340816,0.5655455321410336,0.6678959099228778,0.6203749189476807
2023-05-18 09:00:00,0.578903952045964,0.7231700955656255,0.3807229326377948,0.6732831659913969,0.7496508575031245,0.6306563697339559,0.5007541023389761,0.6405476459003707,0.47628309914083466,0.6352244386543295,0.6196656892821248,0.6877156415200053,0.5599647504934195,0.6650155993220932,0.6276123595791784,0.5155355782075812,0.5509103820821556,0.7018824677881383,0.502528964765637,0.6813404265606521,0.6645493700945724,0.7225740316479475,0.7732496678955814,0.6786787534127713,0.7338206426132475,0.6693282385537592,0.7307053234931292,0.6695201021967476
2023-05-18 10:00:00,0.6735962444623936,0.7695985905381351,0.5157573429068685,0.7593913399541967,0.8083072471168887,0.7143978034400046,0.6012957584932134,0.7007793908972348,0.5714092844220899,0.6938731291740593,0.6842386877904205,0.7996825852215921,0.6446208246804755,0.723451329539054,0.7060248431506895,0.5710704484071282,0.5948186113918872,0.7518428109363243,0.5758919683006646,0.7216809859688266,0.7239846080511996,0.7734082416547791,0.812372949198461,0.7397662637418037,0.7960025667171947,0.7412175822144376,0.7688304598752618,0.7026586941419249
2023-05-18 11:00:00,0.6951576735683263,0.7833921703197035,0.6361346332183716,0.784797315044057,0.8398069629549689,0.7550660701228649,0.7114512438898647,0.7500288937526234,0.6289882559352492,0.7442486105193566,0.7469294336022727,0.8274825002003584,0.7117619170024762,0.7577062678078279,0.7415588007254843,0.6677525080255771,0.5949635139674289,0.7795171544800659,0.6317088116879926,0.747063843917822,0.7595366395344811,0.7994090460601472,0.8326045044950201,0.771331060295527,0.8137938896221226,0.7775723730152733,0.7980344091959208,0.7549556580803777
2023-05-18 12:00:00,0.7053203293271179,0.7917237273456695,0.5942825505912794,0.7780732572385546,0.8552785205646947,0.7661564333060294,0.6744209378163469,0.751624184256012,0.6685618252514304,0.7486535665501282,0.7414146364762234,0.8105564587259777,0.7390855079572576,0.7667391892045121,0.7495750689572761,0.6951556108935316,0.6163786485105479,0.7740195608150477,0.6474963381599746,0.7718695537426716,0.7676574411213106,0.8044397329779068,0.8346672777775438,0.7763537449716822,0.7899448026998251,0.788282188620265,0.7733072736098278,0.7625237573425806
2023-05-18 13:00:00,0.7183768649337938,0.7835919300684203,0.6262681512126227,0.785531794594924,0.8597470959036365,0.779066082642335,0.6887658467110667,0.7538645702525427,0.6512071812290013,0.7542776403455365,0.7433429580124872,0.8172277108390565,0.723762577718491,0.7722172951079914,0.7407495579638003,0.6773379932082857,0.6035023558391465,0.7834963363998931,0.6624080359812295,0.778948380573093,0.7733046594527362,0.8113036545013292,0.8392117550298885,0.7598273833341399,0.7863339946223911,0.7969367135620671,0.787069242701917,0.7560660509206353
2023-05-18 14:00:00,0.6771924987119545,0.7576635242231873,0.5910250727180154,0.7722911813933859,0.8619653292470036,0.7815728242731058,0.6512496577814212,0.7288603632085998,0.6510715017797528,0.7479446120223274,0.7255390393675343,0.7792551138931272,0.7064760881223975,0.7433727127511125,0.7163217404813059,0.6630720841598255,0.6228069839694936,0.7325534931888825,0.6887153543416756,0.7775346712068373,0.7445453855046351,0.759257480265004,0.8242553149065549,0.7271362974288214,0.7140294443544992,0.799466719594472,0.7449680324604188,0.7335359040803301
2023-05-18 15:00:00,0.6455205069867584,0.6915672801241021,0.6145394609722038,0.7204489119402522,0.8589265269752251,0.7719976218895457,0.6430899322132525,0.6767591027885671,0.6369903283961754,0.7163482830863962,0.6826810086935297,0.7306124069048407,0.6961910676309532,0.6829747623374639,0.6383981407224942,0.6604342197488884,0.6056749521892861,0.6936587061324503,0.6784302112204196,0.7537423272574308,0.6869416185471696,0.7200955464203355,0.8010679653171052,0.6758925267099635,0.7048383544342666,0.7693879397089265,0.6860672179915364,0.6713854529799789
2023-05-18 16:00:00,0.5898178816731662,0.6734965780931009,0.5570201236243605,0.6350170093463654,0.8471174475677146,0.7268235600333139,0.5810294589695922,0.602835283132142,0.5482183036862781,0.6425821150210673,0.6166805677616012,0.6675327379752672,0.6037332433348732,0.5971345803202017,0.5124805395393328,0.5698638134228625,0.5614529068255506,0.6462767805281607,0.6492446407593752,0.6804539773876151,0.5977285879859684,0.6506813650186188,0.7770622278363991,0.6102081676820047,0.6891747268697063,0.6958830572041603,0.7134245242530967,0.6036750250194065
2023-05-18 17:00:00,0.5695559270682276,0.6180386166229398,0.5224728308503942,0.6132659942818887,0.8290010869339529,0.7001434657480498,0.5818681660084059,0.6111039805217586,0.4888352204185708,0.6259690912271052,0.6409625646131667,0.6648673377553458,0.5395126640602301,0.5534474766162849,0.4880306188501015,0.5519560981149768,0.5367129035744952,0.5921692109336517,0.6099110399629015,0.5806374273351442,0.5428595587401424,0.6261598936642668,0.7457612114130273,0.5168682633357524,0.6266700759041837,0.6661567466408118,0.6467385634729977,0.5376353759325979
2023-05-18 18:00:00,0.49586789715013346,0.5528057489376923,0.4860493352730207,0.40756163351287156,0.799677363780471,0.6286612744157652,0.5257650530142262,0.5524797945734256,0.37247057046397364,0.6279744985589133,0.6177324191077044,0.4912963318115238,0.4192664685566808,0.48922263983235503,0.43633249687641673,0.4444780069212336,0.41956518389870545,0.4769196897204216,0.5310061019050529,0.4566009781174374,0.4836804606921545,0.5655911647047659,0.6870419788934271,0.46861886972704137,0.49222064571388774,0.5876669069050865,0.5679026372022212,0.46685961119845476
2023-05-18 19:00:00,0.4207721452494459,0.5033152226376723,0.33151216839903236,0.3038898972307708,0.7523164733280765,0.5470067868738681,0.38890058663932026,0.5326397251070146,0.3264156588158588,0.5536080724918183,0.5195083987462239,0.38582231985746124,0.34556342507591564,0.5567016095752105,0.2881431311263415,0.248179896188961,0.33825017123999457,0.4897555269448876,0.37345510481684824,0.5613717336098989,0.5583922574116712,0.49837551498558,0.5433443603816421,0.4015988265703456,0.3071793828352854,0.5449579743327275,0.41314943402895893,0.4229446324274322
2023-05-18 20:00:00,0.30357437589696734,0.37801163898645695,0.2371641458826073,0.2545505835319426,0.6731014468476464,0.4439285010073329,0.3036051785172791,0.41050000186254354,0.2339350953072897,0.4403303925354942,0.4112680825134285,0.30531294510663776,0.2522271618611618,0.42298916324561653,0.15916186960852421,0.1660059825844137,0.25882923121550977,0.3949984487129228,0.2746470994587603,0.4504544851134602,0.4231295513597475,0.3940584131352396,0.33248445554773337,0.32495470413014355,0.16025321801450676,0.45357007894165446,0.28771139300488835,0.3374942919073009
2023-05-18 21:00:00,0.17941829631011746,0.23678850816615285,0.12242561790590341,0.13585456524156847,0.5371459471652843,0.2573320596811531,0.1302695584350777,0.1685704011814708,0.11720214356413997,0.21895563519104327,0.19362828833142331,0.18724859852015657,0.13014004234253826,0.16456810014168335,0.043225164452726235,0.04795265424252304,0.08433823798423179,0.2508154946685898,0.08087945059260143,0.19014376541414646,0.16600681929853825,0.23795513829860737,0.0,0.18068856167498673,0.012991129311693089,0.27822516004879233,0.17354923401304323,0.21363882944407217
2023-05-18 22:00:00,0.0,0.0,0.0,0.0,0.3266564038056847,0.12124658123033942,0.0,0.0,0.0,0.0,0.0,0.0,0.0,0.0,0.0,0.0,0.03078740395715054,0.0,0.023433415883442103,0.0,0.0,0.0,0.0,0.0,0.0,0.11010886776458866,0.0,0.0
2023-05-18 23:00:00,0.0,0.0,0.0,0.0,0.019066105365928496,0.0,0.0,0.0,0.0,0.0,0.0,0.0,0.0,0.0,0.0,0.0,0.0,0.0,0.0,0.0,0.0,0.0,0.0,0.0,0.0,0.0,0.0,0.0
2023-05-19 00:00:00,0.0,0.0,0.0,0.0,0.0,0.0,0.0,0.0,0.0,0.0,0.0,0.0,0.0,0.0,0.0,0.0,0.0,0.0,0.0,0.0,0.0,0.0,0.0,0.0,0.0,0.0,0.0,0.0
2023-05-19 01:00:00,0.0,0.0,0.0,0.0,0.0,0.0,0.0,0.0,0.0,0.0,0.0,0.0,0.0,0.0,0.0,0.0,0.0,0.0,0.0,0.0,0.0,0.0,0.0,0.0,0.0,0.0,0.0,0.0
2023-05-19 02:00:00,0.0,0.0,0.0,0.0,0.0,0.0,0.0,0.0,0.0,0.0,0.0,0.0,0.0,0.0,0.0,0.0,0.0,0.0,0.0,0.0,0.0,0.0,0.0,0.0,0.0,0.0,0.0,0.0
2023-05-19 03:00:00,0.0,0.0,0.0,0.0,0.0,0.0,0.0,0.0,0.0,0.0,0.0,0.0,0.0,0.0,0.0,0.0,0.0,0.0,0.0,0.0,0.0,0.0,0.0,0.0,0.0,0.0,0.0,0.0
2023-05-19 04:00:00,0.0,0.0,0.0,0.0,0.0,0.0,0.0,0.0,0.0,0.0,0.0,0.0,0.0,0.0,0.0,0.0,0.0,0.0,0.0,0.0,0.0,0.0,0.0,0.0,0.0,0.0,0.0,0.0
2023-05-19 05:00:00,0.0,0.0,0.0,0.0,0.0,0.0,0.0,0.0,0.0,0.0,0.0,0.0,0.0,0.0,0.0,0.0,0.0,0.0,0.0,0.0,0.0,0.0,0.0,0.0,0.0,0.0,0.0,0.0
2023-05-19 06:00:00,0.0,0.151477000510969,0.0,0.08537470368223231,0.11718577945292011,0.003520852288102491,0.0,0.0,0.0,0.0,0.0,0.0,0.0,0.0,0.0,0.0,0.0,0.0,0.0,0.0,0.0,0.0,0.3635141440061974,0.21984466844263637,0.24974995584805948,0.03758277419211226,0.22248237673022747,0.24815246734799726
2023-05-19 07:00:00,0.1826857396243437,0.3084662981785228,0.23052041986269345,0.33641008993728083,0.3221144106756773,0.06967931249544641,0.2572586399150259,0.3215963449323957,0.16098527092153078,0.32040734089062384,0.3173475562346506,0.11889258782253123,0.18963010743803319,0.32227303554409464,0.1350590130011405,0.17956341075939783,0.04704483709457685,0.18578815935429252,0.033197051227285855,0.3484892458308413,0.3207708208977138,0.1852523711733991,0.5798432025634593,0.34694691172859415,0.3778825105429227,0.13390146223368207,0.33736713407045105,0.3970574798265491
2023-05-19 08:00:00,0.2937920379040085,0.4401202854342544,0.35271526933305364,0.4100512750512557,0.3961741573303963,0.12330765624571367,0.3030910143992241,0.42714248548509776,0.22573260791002814,0.4066375239375532,0.40628446861901474,0.19435075031066373,0.26881748042683556,0.47394867557895015,0.20788186819426707,0.23994275069070672,0.0856544179019263,0.32062647634662145,0.08252391758096402,0.4977711238026118,0.4766051442190347,0.2856357155141327,0.7027107707355652,0.4663534234011406,0.5121385334487184,0.20089883265444103,0.44056327157961317,0.5232581003224378
2023-05-19 09:00:00,0.4521756628989794,0.5534066174923996,0.500740105236727,0.562161902256057,0.43083525376284404,0.2793300905009107,0.4675658947005133,0.5666605088874741,0.3936924678954606,0.5947123716827755,0.5694572547272246,0.3807285475006914,0.43996935031623075,0.5894569213925845,0.3995241816889301,0.42325910038161346,0.19000754640396936,0.5216423155844617,0.1591240886294442,0.6108544681185096,0.591753273999722,0.4939415167174526,0.766139368343995,0.6037139639685274,0.5979465384905432,0.33725797221076936,0.5547907156875078,0.6311991133651078
2023-05-19 10:00:00,0.5864652740728229,0.6627730859264731,0.5682113019342441,0.7077903496423995,0.4755568992637273,0.3155223440388552,0.5454938680405838,0.6398383130446033,0.46764872320510276,0.6224940624397761,0.6316254880659338,0.6290915524242942,0.5292991970932511,0.6666876926980347,0.48005974976717086,0.49864043363791477,0.25515170641908214,0.648682776541694,0.21727663372277253,0.6602925933746089,0.6665845847327125,0.6253065348174631,0.7961703674676542,0.6732294605072962,0.7071180022169937,0.4483795354440317,0.645931209928875,0.698203208449238
2023-05-19 11:00:00,0.6828272553889152,0.7101154059270088,0.6903889533033399,0.7702997248735843,0.4636802028213275,0.4206172747215403,0.6720523759656065,0.7168588319202672,0.5453937341554895,0.694532902558055,0.7103226884068307,0.7601105272210973,0.6157360277196698,0.7344771708832578,0.6282036599177093,0.6433297064303536,0.28553867498802493,0.6960320137889777,0.26404254819006484,0.715867557677205,0.7349717366374249,0.7213933490700949,0.8095220800945973,0.7152578463241971,0.6800405178688181,0.565640721606698,0.7243045122949974,0.725550535386946
2023-05-19 12:00:00,0.6902181595752341,0.7125534764276136,0.7232703692728045,0.7130487878186406,0.5045698152717872,0.45423332503213176,0.6924653917535469,0.7030988882716489,0.6137109089386689,0.7055733815497305,0.7173548255513138,0.6937194772505784,0.6706435791637467,0.6865808382650853,0.6406978740995901,0.6316881833511969,0.3227728086640425,0.6433129677350935,0.31173661564031013,0.715358128523413,0.6860328716253998,0.7050132331092801,0.8152142534315123,0.740521613060317,0.7062309024097172,0.5725601321547249,0.7309290935182167,0.7418671192886613
2023-05-19 13:00:00,0.7037047620838863,0.6522884868736094,0.7478181691526865,0.7561789761308106,0.5242078572613885,0.4327737831238868,0.7082417327604812,0.699185933687605,0.6472698258217648,0.7068374658118102,0.7013458091414813,0.7254098531157624,0.6770218870957162,0.7118384751913901,0.5507878062411227,0.6468422804782584,0.3571630398195534,0.5939500656593696,0.35638674030155393,0.7407567184283071,0.7168735942602223,0.6906129864362209,0.7987218910764883,0.6939505648649549,0.7048911374976576,0.5471948337395577,0.7158424652798793,0.7165271192064822
2023-05-19 14:00:00,0.7236274309375423,0.6489131716451223,0.7483518243116726,0.7062557850287713,0.4850123118337654,0.4464793450842912,0.6763118759212147,0.6568362897728379,0.6812388516820572,0.6668413056417855,0.6581123069189698,0.7067044274203295,0.7164090057799989,0.6908588173860726,0.5146014294903546,0.6639101762763921,0.3443670306660706,0.6627571764324688,0.35248484269506003,0.7299699648663001,0.699095739991132,0.6911142846243877,0.7974868380420727,0.6526826953879833,0.7177676729490913,0.577758983281302,0.6867840393322339,0.689472080314795
2023-05-19 15:00:00,0.7113621646881647,0.6775059117865382,0.7490467991087146,0.7024089382596305,0.49640070053777197,0.4559965205612994,0.6573057038319804,0.6415920963572452,0.7167568001543166,0.6921323124511244,0.6513663829290015,0.6914833982696601,0.747757265469483,0.6745352204476909,0.674536613139086,0.7357892388626738,0.4025082967877866,0.6579115744630407,0.3809144009444429,0.7179456553624936,0.6866540742759488,0.6974297308111259,0.7797612904279533,0.705080955740673,0.6933728070297644,0.5828001188919372,0.6697029406022174,0.7071758551654854
2023-05-19 16:00:00,0.675486780042899,0.604136527614532,0.7383827024459588,0.6706990187107204,0.44342381538595366,0.44864845719311636,0.6024872129860152,0.5903537219001775,0.6982082931351488,0.6684476442789541,0.6135056151030103,0.6711374132822197,0.7281944627412577,0.6286554131415989,0.5996618871691398,0.7165634089303238,0.39254644962179336,0.6470253329228393,0.3992759132165222,0.6832333420808538,0.6436558438314972,0.6828553596887046,0.7326726674013845,0.6467437417649634,0.7095180779446345,0.5541642572521606,0.6369079726366835,0.6551074371434454
2023-05-19 17:00:00,0.6299949459384253,0.5685538901173485,0.7363003994854856,0.6409082843479328,0.42318846591423154,0.4122501158527744,0.7335363022723068,0.7124579901685965,0.6455371968096806,0.7080378886176635,0.7103063125479449,0.5930133676338757,0.6686599577637693,0.7099500954466129,0.5895459534108746,0.6816431343824375,0.3413783834912573,0.5613832865173217,0.3551663200165521,0.705352413468608,0.7098886297994781,0.6155553010167976,0.6407896027430375,0.635827337006565,0.6517440292621772,0.5344847189542137,0.5975092312387797,0.6410335617410583
2023-05-19 18:00:00,0.6089713993952619,0.5168588890265876,0.7016869558169744,0.6595115072832917,0.35575913020423194,0.39433832727949425,0.6879908086365467,0.6601302283982673,0.6111296576972453,0.6684605376334646,0.6674422567490808,0.6378461777412588,0.6434607921622776,0.6518712897028466,0.5939615736645453,0.6413051402962321,0.3295929780214492,0.5775219240411725,0.37897129238872024,0.6613765512552268,0.6509485935343509,0.6246707543021944,0.5626812741782006,0.5534010088273371,0.5473008680336563,0.5480019651146452,0.5154752391793378,0.5480345499101872
2023-05-19 19:00:00,0.5901902156587866,0.5036319387737206,0.6213252474884748,0.6076351898353427,0.315976624833725,0.36871225299797195,0.6065491244619489,0.5944479683556246,0.5596345646625336,0.5908581876563233,0.5907017877818007,0.5954844347865028,0.5813574099727878,0.5990226631022533,0.5906500381017458,0.5804687399175181,0.2640458344163583,0.5715168930844922,0.3169096350742722,0.5968707040559038,0.5997444466370112,0.5966782586679377,0.4002279746473032,0.5192254350855098,0.38744728869438044,0.5333023705007001,0.44198215741406127,0.4950592391536242
2023-05-19 20:00:00,0.43581497593586915,0.41172631801824233,0.5009398444652228,0.460665270735511,0.24065792961189103,0.2639680849837505,0.4784770470489319,0.4603617746554199,0.41955299439640487,0.4622339696208934,0.4686560394966943,0.435925379898264,0.4423311823586719,0.4536633511126316,0.5189726268937553,0.4852025317686442,0.20708590068125765,0.4055249120301377,0.25233534310423916,0.45916884689459964,0.45328815036076847,0.45038693026007026,0.33705896176953887,0.3998588871551561,0.3238197519352531,0.4261016275853056,0.3734095828156666,0.39519061550740925
2023-05-19 21:00:00,0.2770502160400985,0.25671032276548184,0.294365069053083,0.27899377908253437,0.14704722899393746,0.14302684599206716,0.2765053059105474,0.2610174930151273,0.22543576368532228,0.2715072165559732,0.27384738698940253,0.26263471296795005,0.21644231137206846,0.2496856736694573,0.2551172004482619,0.21458048769515076,0.15519038408535812,0.27372818370595836,0.13851797484482498,0.2568440792792177,0.24872109209659457,0.28134813062712577,0.0,0.23285027136572561,0.13079819065934936,0.24310010330496268,0.24611388239027351,0.24881705375598706
2023-05-19 22:00:00,0.0,0.0,0.0,0.0,0.05827433179820202,0.03763174122190776,0.0,0.0,0.0,0.0,0.0,0.0,0.0,0.0,0.0,0.0,0.022102292948316834,0.0,0.03218119016372473,0.0,0.0,0.0,0.0,0.0,0.0,0.03706376794493416,0.0,0.0
2023-05-19 23:00:00,0.0,0.0,0.0,0.0,0.00020315751746733738,0.0,0.0,0.0,0.0,0.0,0.0,0.0,0.0,0.0,0.0,0.0,0.0,0.0,0.0,0.0,0.0,0.0,0.0,0.0,0.0,0.0,0.0,0.0
2023-05-20 00:00:00,0.0,0.0,0.0,0.0,0.0,0.0,0.0,0.0,0.0,0.0,0.0,0.0,0.0,0.0,0.0,0.0,0.0,0.0,0.0,0.0,0.0,0.0,0.0,0.0,0.0,0.0,0.0,0.0
2023-05-20 01:00:00,0.0,0.0,0.0,0.0,0.0,0.0,0.0,0.0,0.0,0.0,0.0,0.0,0.0,0.0,0.0,0.0,0.0,0.0,0.0,0.0,0.0,0.0,0.0,0.0,0.0,0.0,0.0,0.0
2023-05-20 02:00:00,0.0,0.0,0.0,0.0,0.0,0.0,0.0,0.0,0.0,0.0,0.0,0.0,0.0,0.0,0.0,0.0,0.0,0.0,0.0,0.0,0.0,0.0,0.0,0.0,0.0,0.0,0.0,0.0
2023-05-20 03:00:00,0.0,0.0,0.0,0.0,0.0,0.0,0.0,0.0,0.0,0.0,0.0,0.0,0.0,0.0,0.0,0.0,0.0,0.0,0.0,0.0,0.0,0.0,0.0,0.0,0.0,0.0,0.0,0.0
2023-05-20 04:00:00,0.0,0.0,0.0,0.0,0.0,0.0,0.0,0.0,0.0,0.0,0.0,0.0,0.0,0.0,0.0,0.0,0.0,0.0,0.0,0.0,0.0,0.0,0.0,0.0,0.0,0.0,0.0,0.0
2023-05-20 05:00:00,0.0,0.0,0.0,0.0,0.0,0.0,0.0,0.0,0.0,0.0,0.0,0.0,0.0,0.0,0.0,0.0,0.0,0.0,0.0,0.0,0.0,0.0,0.0,0.0,0.0,0.0,0.0,0.0
2023-05-20 06:00:00,0.0,0.09739112037372356,0.0,0.13184751742399947,0.017649748736979123,0.0006810707948003166,0.0,0.0,0.0,0.0,0.0,0.04227900329075406,0.0,0.0,0.0,0.0,0.0,0.0,0.0,0.0,0.0,0.0,0.35188622890193055,0.21283003659920566,0.2954577925830055,0.007069598538904951,0.21436830230632192,0.2191568902461396
2023-05-20 07:00:00,0.16819367514780095,0.2633884004242901,0.18749581722911923,0.38004027014684977,0.050269658812051074,0.09584852207472679,0.13354786467706323,0.23351865649017503,0.06155743333773386,0.1947106361147405,0.1941430262794089,0.16563910816929855,0.0630543088532596,0.28642550669637834,0.16376124980805923,0.05100721023407167,0.07202908378389203,0.13581377134115133,0.05989065970752532,0.27630292731245565,0.2911510738518619,0.13503092410471548,0.5615270217686105,0.3992409033566076,0.48537881887053724,0.17499331829982004,0.33429325858632497,0.422943839257377
2023-05-20 08:00:00,0.33691591042141067,0.4236837950115417,0.2960034121762752,0.5215112923436498,0.1119259428799506,0.1632831178246972,0.1965211811735665,0.30403596623109114,0.16642662606536104,0.2938720801734492,0.29396600985974847,0.3357727537851515,0.15170073551561716,0.3599187121994797,0.28040791725707626,0.12103597709215265,0.12829190950703911,0.36642844815518344,0.11001565693796826,0.3689766605829703,0.36588009586445663,0.3090623997928152,0.6918541013258761,0.5560525280292268,0.5935684657985724,0.2911489404152063,0.46460062486037407,0.573432922254736
2023-05-20 09:00:00,0.5265206085371139,0.5386711766696739,0.41226225397820165,0.5935915695813503,0.20439726117868365,0.262481235410265,0.33366407826109196,0.44802879784571875,0.328937189654967,0.4893420329550621,0.4649748069013714,0.5314888818419768,0.3102522525752878,0.4794742812462979,0.4201421566863869,0.2526464713388088,0.2834260281503974,0.5985285608239159,0.24716537628315768,0.5201822475221781,0.4840067686968366,0.5633128969480146,0.7430547901448125,0.6229039951181944,0.6907153146671319,0.4076920054748748,0.5849348459907809,0.6419172078570392
2023-05-20 10:00:00,0.6629497147190128,0.6779941563912533,0.5524389986940638,0.6540696089571041,0.26804760778646747,0.3745283349002589,0.4890391773630906,0.5643893930475864,0.5070377008344898,0.6093678227091617,0.5930524637838248,0.6541665880832684,0.47076663518250805,0.5596349351682428,0.5589101998541822,0.3972605640325538,0.45238115502793874,0.7057743256558632,0.4249419630287608,0.5901960128811619,0.557908746273544,0.6839904069510968,0.7815606246303586,0.6796528469581783,0.7313421223176235,0.5153562496284748,0.6599583939331608,0.6903660646045391
2023-05-20 11:00:00,0.7308905350190641,0.725235403625613,0.6076380636579928,0.7183119310808226,0.3519454629788273,0.4456498727418065,0.5799009492767179,0.6508766457372679,0.5240877052828086,0.699479314484325,0.6794208007423772,0.7691476208882413,0.5240838428917637,0.6326725454943244,0.6429461169544477,0.49106132673670994,0.44439669798933795,0.7773918113346245,0.47740504242375886,0.6773545663921858,0.6309746008614122,0.7781357783057485,0.7775944018292968,0.7022903410874144,0.7182175424299561,0.6036821930578233,0.665780878077189,0.7017882777082474
2023-05-20 12:00:00,0.7340918927692258,0.74436754412494,0.6787593806006974,0.6613588070273394,0.40406835784616957,0.4540303198121943,0.6597756014014082,0.6741611497842461,0.5433603991349825,0.719985469903863,0.7045002911430998,0.762937147600093,0.567318369440018,0.6630059398943229,0.6431105650080384,0.551803315861241,0.4749503200901164,0.783168257022067,0.472923802143053,0.6691981333859266,0.6631447955438206,0.7996061995513767,0.7793732823654123,0.6579029241967139,0.7076648815653196,0.6165303866877929,0.6519556952480854,0.6788997552893271
2023-05-20 13:00:00,0.7237373912223045,0.7349374611000733,0.6903873616362998,0.6877628624625616,0.4227107567484055,0.4660158005025944,0.7074126276073285,0.7252711204010053,0.5620799911655446,0.729868975314306,0.739190842696211,0.7417121733295355,0.5943401062141683,0.7219831607029163,0.6010903467043873,0.5402131912990639,0.5622336137613431,0.7302537368108227,0.5029990477735263,0.704633973647792,0.7212174897038361,0.769420343456059,0.7928881723171726,0.6922289867508629,0.7307970187569993,0.6223922115689637,0.6711875258376072,0.6963739494249784
2023-05-20 14:00:00,0.7074431564351299,0.7043852358867704,0.7586726027683852,0.6313837934221282,0.48876145045003955,0.5060522041509188,0.7528679637528496,0.7524519838488258,0.5965922447005926,0.7614348172858885,0.759625607149421,0.6929242829300785,0.6067647832797037,0.7429183294808137,0.6035489300517585,0.5534102925523603,0.5583596287759381,0.7134778667299603,0.562690317667854,0.7496450923956277,0.7426170747777752,0.7411505112677844,0.7816381020278909,0.6581897770178508,0.7283383120899739,0.6147726520576422,0.6361841226104272,0.6613417676629783
2023-05-20 15:00:00,0.7069795776765437,0.7039071711782652,0.7327492815952846,0.6543121271930977,0.4745780495210243,0.5125436977365431,0.7311735416900386,0.7369942369369854,0.5826583363372022,0.7533558860559817,0.7538423341748212,0.6889660169932685,0.6049746451378281,0.7306111231965535,0.611482004189316,0.5807305729717299,0.5647528068118948,0.7018020112910529,0.5837078146598651,0.7417339175853394,0.7309986519451369,0.7272208578387325,0.7776887451874842,0.6494500674296033,0.7178146104486343,0.6202372785176484,0.6220566290103281,0.6442150124200354
2023-05-20 16:00:00,0.6691469250068233,0.6888826438596799,0.6980095347707234,0.649838366438243,0.47253514078502373,0.47853718099904174,0.6793981542629729,0.6948395618261413,0.5605182857172339,0.7391689686627707,0.7255206827487591,0.7169394768629669,0.5899677536654185,0.672589065508567,0.5328172138158583,0.49607604890586565,0.5573857632556254,0.6913455163642362,0.5641163185892272,0.6878601686639705,0.6700523066715871,0.7283694848120311,0.7395701942303677,0.6003781773652204,0.6857160239288241,0.5773685866024687,0.6080852448128278,0.5951781665080222
2023-05-20 17:00:00,0.6007527602629713,0.6242918381681045,0.6553727913562432,0.5782417290444287,0.4404427025651432,0.49530403246343563,0.6799258969076094,0.697860020121956,0.4960612482638532,0.7269131219028626,0.7266239789892059,0.6355508640087499,0.5237955634095016,0.6675112071094005,0.4612636076499716,0.44731062824615103,0.5427718030569911,0.6202657165930265,0.5443727656691923,0.6658079463701736,0.6641747655195122,0.6789690403237968,0.6510936967527535,0.5261606933913819,0.5922571304028706,0.5026661979907748,0.5414718001848081,0.49904081662355537
2023-05-20 18:00:00,0.5784302647270816,0.5485101753265754,0.5901972177214375,0.541878787608302,0.40326108762809926,0.4256794286830143,0.6259000011339718,0.6819328365117056,0.42714853157996263,0.691914275373708,0.685643488234366,0.6322091160857519,0.4639212644281805,0.6789030461356941,0.38748033889342587,0.4172088344880999,0.5216546128760492,0.6079579124581086,0.5327411036354925,0.6841963131242783,0.67913467281498,0.6707108946301196,0.5622432496629002,0.40604494408694775,0.42326981780410816,0.47279050632406466,0.44861794112914627,0.3399110964645498
2023-05-20 19:00:00,0.5137408952986565,0.47755194756018643,0.5098465160442541,0.5226410583475725,0.3865205934325848,0.4306385161437612,0.5523562952260458,0.5945405395369522,0.3447203405584773,0.6182900910848848,0.6108319986807405,0.6205113168487402,0.39151267299214776,0.5756299098632384,0.3424671734700813,0.3257958769370147,0.45694972680839185,0.5555360885794286,0.4480676177423462,0.5817244349176212,0.5730306280391562,0.6201111838509891,0.38455265016309514,0.30852664309523364,0.2036694508996832,0.4756686290087685,0.365322967096664,0.28215068870128446
2023-05-20 20:00:00,0.3743605917892749,0.3868023244931929,0.3440772962433651,0.40391298933942393,0.3354050361021995,0.36477575219708436,0.39528002889688124,0.4713434683613921,0.2516515063444183,0.4690027721964256,0.46287027319530555,0.45934047267792794,0.28860784021196584,0.470510319242235,0.2943208295643128,0.2663383297816818,0.3145421685584827,0.4216069961438456,0.34642085511127,0.47856422774160706,0.46820688669332955,0.4644731733781513,0.24328056960413094,0.19822153425394282,0.055973688319789335,0.4334202086852186,0.2955707670758353,0.2039209625695498
2023-05-20 21:00:00,0.18818485807791038,0.2418224723806278,0.15741463632375552,0.2608258400789932,0.25446216625991214,0.210600759636264,0.21678587392889478,0.2611546766986866,0.10972337632436292,0.262286008793419,0.2567037531608337,0.3079208689748543,0.11825716524450704,0.24679995902257346,0.10830643611959595,0.0951191308902075,0.11467896572614998,0.2118496253428994,0.16915680192457316,0.26526380487502177,0.24290908045981674,0.2757646593307361,0.0,0.13093530383528335,0.001847537193880635,0.2928510759612229,0.17778386552828015,0.12679477737018416
2023-05-20 22:00:00,0.0,0.0,0.0,0.0,0.16078652804013566,0.08006461404985825,0.0,0.0,0.0,0.0,0.0,0.0,0.0,0.0,0.0,0.0,0.013234707462139174,0.0,0.020426446700849837,0.0,0.0,0.0,0.0,0.0,0.0,0.09522742228374874,0.0,0.0
2023-05-20 23:00:00,0.0,0.0,0.0,0.0,0.00011304151186663044,0.0,0.0,0.0,0.0,0.0,0.0,0.0,0.0,0.0,0.0,0.0,0.0,0.0,0.0,0.0,0.0,0.0,0.0,0.0,0.0,0.0,0.0,0.0
2023-05-21 00:00:00,0.0,0.0,0.0,0.0,0.0,0.0,0.0,0.0,0.0,0.0,0.0,0.0,0.0,0.0,0.0,0.0,0.0,0.0,0.0,0.0,0.0,0.0,0.0,0.0,0.0,0.0,0.0,0.0
2023-05-21 01:00:00,0.0,0.0,0.0,0.0,0.0,0.0,0.0,0.0,0.0,0.0,0.0,0.0,0.0,0.0,0.0,0.0,0.0,0.0,0.0,0.0,0.0,0.0,0.0,0.0,0.0,0.0,0.0,0.0
2023-05-21 02:00:00,0.0,0.0,0.0,0.0,0.0,0.0,0.0,0.0,0.0,0.0,0.0,0.0,0.0,0.0,0.0,0.0,0.0,0.0,0.0,0.0,0.0,0.0,0.0,0.0,0.0,0.0,0.0,0.0
2023-05-21 03:00:00,0.0,0.0,0.0,0.0,0.0,0.0,0.0,0.0,0.0,0.0,0.0,0.0,0.0,0.0,0.0,0.0,0.0,0.0,0.0,0.0,0.0,0.0,0.0,0.0,0.0,0.0,0.0,0.0
2023-05-21 04:00:00,0.0,0.0,0.0,0.0,0.0,0.0,0.0,0.0,0.0,0.0,0.0,0.0,0.0,0.0,0.0,0.0,0.0,0.0,0.0,0.0,0.0,0.0,0.0,0.0,0.0,0.0,0.0,0.0
2023-05-21 05:00:00,0.0,0.0,0.0,0.0,0.0,0.0,0.0,0.0,0.0,0.0,0.0,0.0,0.0,0.0,0.0,0.0,0.0,0.0,0.0,0.0,0.0,0.0,0.0,0.0,0.0,0.0,0.0,0.0
2023-05-21 06:00:00,0.0,0.16255298476917293,0.0,0.032765152503017266,0.1163080398294887,0.0027564804511015623,0.0,0.0,0.0,0.0,0.0,0.009223682792449549,0.0,0.0,0.0,0.0,0.0,0.0,0.0,0.0,0.0,0.0,0.29983291685098723,0.22212315963333265,0.3188615801661085,0.02796024350700837,0.2732836074867099,0.2224651490879457
2023-05-21 07:00:00,0.06977683098664964,0.2777513112276242,0.0452100612920226,0.05665076514010943,0.20567827571299052,0.0135204761614321,0.10229662798654858,0.10685915196678362,0.020486414836914088,0.08711611498305963,0.1051536842320862,0.08844209740362202,0.011186831836987496,0.10646130270116505,0.007748637639718873,0.006004928135756295,0.1001610059092181,0.12179112895375717,0.04308862693072785,0.06619707101791736,0.10313851846133645,0.0893916472857479,0.5216345717100427,0.3674698575514821,0.5211859776101172,0.07019115159830677,0.45485749089763267,0.3356740141488386
2023-05-21 08:00:00,0.12922571618486361,0.33782374750189653,0.07036120884660628,0.16704151258538144,0.31210917534374644,0.0529227369587432,0.20345309746627938,0.25166945979612887,0.0603432500762838,0.17979352529008436,0.19928408357731853,0.20434447932109173,0.034804100331400314,0.2687615249222204,0.028223508379759347,0.027855183284594503,0.20040062488351146,0.23390013169043875,0.11691811014908489,0.2588847367271387,0.2644356777796986,0.18049075711798065,0.6278158617309996,0.48314637391900445,0.6223252284945344,0.13096442912054923,0.5331102801513544,0.4723496675697971
2023-05-21 09:00:00,0.23683155144767828,0.4392438591380597,0.13177129683051025,0.36215803411049885,0.37963824135231045,0.1075692991090708,0.2611308224806549,0.33554361323480614,0.11469600359061012,0.23503232492726892,0.24066154255258213,0.4040834563845949,0.08365442706512043,0.3960957552505768,0.07790293568487855,0.06890016395765332,0.3222158339425221,0.30199937657206216,0.21310406394290354,0.4499176229365972,0.39733483935706665,0.2852986894146267,0.731373827337164,0.544474304006267,0.7211055626687236,0.18029932928734346,0.6123770117245679,0.507984214575046
2023-05-21 10:00:00,0.32174456202623175,0.46785929853009717,0.28130380759010837,0.5065932298268961,0.4350083275833344,0.17620432919954412,0.23565743970287178,0.3410508784122442,0.17429587465984647,0.27050365177491115,0.2234167079201639,0.5413916915256517,0.1781312549359059,0.46578321355322444,0.1375247817280784,0.17712422585010484,0.43077257169340144,0.38395472122928087,0.3237767821831776,0.5736410571556187,0.4837619923370623,0.3704257941789488,0.7798597481530699,0.5973577189582945,0.7469745150127881,0.2429625671107413,0.599828703189105,0.5603060002089402
2023-05-21 11:00:00,0.3639729446924638,0.5033988962714945,0.3650678724011161,0.5953927080860436,0.47930883718485773,0.21911862906406465,0.32548232520880366,0.4286632292734271,0.20148216733048924,0.297786764407263,0.3061768338436666,0.6098899110496422,0.2157542495003355,0.5357123839723825,0.2074536837632587,0.26309791426219864,0.468336641449639,0.3980019482418193,0.3940780778505961,0.5595379709322601,0.5447759411285434,0.398969850509683,0.7758172399099904,0.5997999885648823,0.7453238335835334,0.28785273536554484,0.584994155789944,0.5803177039293759
2023-05-21 12:00:00,0.4218707633337616,0.4921643804241706,0.3874531625758868,0.5277317689982408,0.4557363495549708,0.2458293297442914,0.4389869027998288,0.5087729375600024,0.283805130699513,0.2895151627938742,0.365621295808598,0.546559778698532,0.31491237660402055,0.6080895270439709,0.2815351152464093,0.3316715338874642,0.4581377557149627,0.5177613453758875,0.4092238531303468,0.49778098226453504,0.6102766810630581,0.4293007874706885,0.7001562793850987,0.5312513434500581,0.6605801463162748,0.348516365854971,0.5445692040401301,0.5127059658721027
2023-05-21 13:00:00,0.4620738919039553,0.5051958132471782,0.4049461637008974,0.5279496557370051,0.5048155944713137,0.3156362711060861,0.5165490953057877,0.5488690401957559,0.36196663761549697,0.3771932948241055,0.4508867167809123,0.5902388716291223,0.39138673008955116,0.599938591663512,0.37878151783112546,0.4763443917829605,0.502850835898623,0.46071715554695153,0.4797904389702494,0.47235571383152464,0.5954122022199867,0.4991512275574553,0.6787967737558942,0.5542523092347654,0.5597927509382908,0.40866459045386616,0.5194216870234809,0.545763615300892
2023-05-21 14:00:00,0.5464359228792841,0.5245976248499421,0.5506145803034054,0.5297954949155128,0.5180847724740899,0.36004118241880356,0.5889958653602849,0.6343972177588102,0.4849193863438646,0.41851004093057725,0.508943130672143,0.5859432882748705,0.4602592344695678,0.7131722734469113,0.48536301382126984,0.5452531865082738,0.5133104190726748,0.5536241530404772,0.5172412259193416,0.5203756631871999,0.7096428542317382,0.5084952623970772,0.6372862516418383,0.5331239865162641,0.47545810973714997,0.4455456387234571,0.4671896659600718,0.5560768151857748
2023-05-21 15:00:00,0.6432860847727172,0.48195177924506977,0.5756051049032074,0.5776706922986947,0.537052792947718,0.40834917195747883,0.5645553448060515,0.6526012451692886,0.5520946931762909,0.5277186877266976,0.5702783496081258,0.6453468630783574,0.5008761583436292,0.7234790501732208,0.4588337531990173,0.5796952957088831,0.5370177830264483,0.6393108423300838,0.5176687205894069,0.5253462309547364,0.7213105481657556,0.6257700770009585,0.5907496144700204,0.520472373887273,0.38446773458459077,0.48016003351655356,0.423589606651977,0.5716282354988927
2023-05-21 16:00:00,0.561968110808796,0.4221037926337141,0.5320514991770832,0.5471472504220879,0.5112804577833933,0.395229497833624,0.5402036427887206,0.649703234492258,0.5270823184589881,0.4832292378407562,0.5510982236180356,0.5692487409698694,0.47890733824325,0.7356396868986201,0.5103613061347574,0.6042816229518306,0.5773965895795972,0.464624579806939,0.5433513896479087,0.5172905424658831,0.7315989189660208,0.5364568784544939,0.5989620301547801,0.5051498402932907,0.4188525784716303,0.40815263903523485,0.37909276016428345,0.5522573769783445
2023-05-21 17:00:00,0.5808572691436926,0.47345007682608414,0.535910485830012,0.5132194334082145,0.46856616683902286,0.37699070880430907,0.5564097871353454,0.661250899295898,0.49221391136304793,0.5468100823527621,0.5918282503011187,0.546017516586921,0.4218937489828111,0.7096026516309624,0.5397988344636772,0.5345123178814809,0.5185526013546172,0.5004474451064153,0.4981877798129501,0.5271771774706713,0.7030712815059299,0.5738079592939928,0.5898643295003196,0.4037985441739225,0.33950665523789786,0.4045526414218994,0.302610444122626,0.4823451563304867
2023-05-21 18:00:00,0.5085733232200339,0.4389407757295751,0.4795674959396672,0.38128149208864276,0.43473384931416953,0.35951191390942094,0.5336131990764631,0.6093300975185396,0.44677586547971443,0.4965462435573868,0.5308922772080371,0.4187932001704041,0.4015561745968257,0.6229706657115006,0.5263555290542571,0.5234653979407453,0.5069590576907439,0.4671983816103907,0.5177720013027729,0.48842925279346755,0.6139113383494753,0.46564760164056906,0.4678523247992466,0.3988774826852621,0.17545924502895913,0.36335689206472477,0.24716125765138086,0.4434390880850617
2023-05-21 19:00:00,0.48277610688246453,0.31384301735023784,0.4347447555700664,0.28829336963592345,0.3808707658771834,0.32066499315950814,0.410985574629793,0.511177990572988,0.4166095305781173,0.44636851690350976,0.4601847022916736,0.39337107326527554,0.3922490755981552,0.53512121313871,0.44030137978167505,0.4645841367648803,0.4427700678942552,0.4138144275003106,0.5274295262746879,0.4588420731248537,0.529203678899793,0.4373585610713114,0.19857907243282086,0.3039167932989044,0.07435158037571207,0.33276802289831325,0.16976966529898843,0.35587942811969014
2023-05-21 20:00:00,0.3717349583334463,0.29634517300188895,0.30925974773236153,0.23458720321097637,0.3255040821498319,0.23690423450720402,0.3183573272136895,0.3632098715961906,0.389211922115625,0.2431522845502217,0.2867156215487315,0.35224894629391035,0.4021454781123372,0.3772204730315122,0.33498886802524247,0.4356775138201876,0.3801203475567066,0.26920119663448844,0.421231983481381,0.34948561559960056,0.3697393192876324,0.28714482410385694,0.04967032532963191,0.2226649277493129,0.04832600109500973,0.25755803761000273,0.1095161499678794,0.25650605788147535
2023-05-21 21:00:00,0.267943673042233,0.16532967299351367,0.22441963197324968,0.10536649756083176,0.2129869686490602,0.1438892551811842,0.20745883243957833,0.22911520003930794,0.24867559207811576,0.21718869672308222,0.236954305463807,0.23087243959185225,0.24179852706046207,0.1974745823284277,0.25873315709672945,0.28367360643456274,0.2459100849843148,0.24631523342938233,0.28029425476255576,0.16526160001366072,0.18920811308301763,0.25634637470936794,0.0,0.12998837544125857,0.03583090942345225,0.19234402099077497,0.047747065187443365,0.126843429474063
2023-05-21 22:00:00,0.0,0.0,0.0,0.0,0.11091697236685147,0.022833191897079153,0.0,0.0,0.0,0.0,0.0,0.0,0.0,0.0,0.0,0.0,0.11249140752469942,0.0,0.13183421834720643,0.0,0.0,0.0,0.0,0.0,0.0,0.005436086131604151,0.0,0.0
2023-05-21 23:00:00,0.0,0.0,0.0,0.0,0.01936451559297631,0.0,0.0,0.0,0.0,0.0,0.0,0.0,0.0,0.0,0.0,0.0,0.0,0.0,0.0,0.0,0.0,0.0,0.0,0.0,0.0,0.0,0.0,0.0
2023-05-22 00:00:00,0.0,0.0,0.0,0.0,0.0,0.0,0.0,0.0,0.0,0.0,0.0,0.0,0.0,0.0,0.0,0.0,0.0,0.0,0.0,0.0,0.0,0.0,0.0,0.0,0.0,0.0,0.0,0.0
2023-05-22 01:00:00,0.0,0.0,0.0,0.0,0.0,0.0,0.0,0.0,0.0,0.0,0.0,0.0,0.0,0.0,0.0,0.0,0.0,0.0,0.0,0.0,0.0,0.0,0.0,0.0,0.0,0.0,0.0,0.0
2023-05-22 02:00:00,0.0,0.0,0.0,0.0,0.0,0.0,0.0,0.0,0.0,0.0,0.0,0.0,0.0,0.0,0.0,0.0,0.0,0.0,0.0,0.0,0.0,0.0,0.0,0.0,0.0,0.0,0.0,0.0
2023-05-22 03:00:00,0.0,0.0,0.0,0.0,0.0,0.0,0.0,0.0,0.0,0.0,0.0,0.0,0.0,0.0,0.0,0.0,0.0,0.0,0.0,0.0,0.0,0.0,0.0,0.0,0.0,0.0,0.0,0.0
2023-05-22 04:00:00,0.0,0.0,0.0,0.0,0.0,0.0,0.0,0.0,0.0,0.0,0.0,0.0,0.0,0.0,0.0,0.0,0.0,0.0,0.0,0.0,0.0,0.0,0.0,0.0,0.0,0.0,0.0,0.0
2023-05-22 05:00:00,0.0,0.0,0.0,0.0,0.0,0.0,0.0,0.0,0.0,0.0,0.0,0.0,0.0,0.0,0.0,0.0,0.0,0.0,0.0,0.0,0.0,0.0,0.0,0.0,0.0,0.0,0.0,0.0
2023-05-22 06:00:00,0.0021614571322096346,0.05731251852697227,0.0,0.0006682615840591133,0.01073149129585545,0.00127633078191717,0.0,0.0,0.0,0.0,0.0,0.0064442680475077655,0.0,0.0,0.0,0.0,0.0,0.0,0.0,0.0,0.0,0.0,0.02610412827319472,0.0048483047669068205,0.015106691985392995,0.004403614558062981,0.013119953979527312,0.008382048645466367
2023-05-22 07:00:00,0.15858565196080807,0.13937851877438046,0.27967565437339376,0.009371344766329122,0.05007125969753812,0.10283113433532191,0.09073867202780732,0.11249975052216005,0.14583987585542882,0.2744477189870271,0.19583488652178593,0.02352073444397569,0.14295633330199803,0.06478681149938975,0.07290906994557722,0.08153982357442845,0.2686197673351791,0.09422393159981708,0.22515534733593173,0.08602247926348092,0.0681948627732066,0.1615417848685836,0.07207782534326322,0.020978585156224236,0.06322723220547811,0.08539287898887712,0.022446888865810984,0.019235465398534542
2023-05-22 08:00:00,0.26449827893162003,0.21438847123147853,0.40811153590373495,0.045770894372054366,0.14500906713138995,0.20416376543791065,0.18051862001840802,0.22417998858233154,0.26350510486502804,0.3898509759311694,0.30231930524940676,0.10187785361173753,0.28625439298231886,0.1813534487678755,0.13698355607548174,0.19091529722069564,0.4219971109936215,0.09899838175007793,0.4018971100353145,0.17617515517167803,0.18315521219069295,0.25470106542446463,0.2059811321879739,0.0438935392537097,0.12126013238131637,0.17747292560417155,0.038099533358627244,0.049173445642368724
2023-05-22 09:00:00,0.3556009752591784,0.3033114741860428,0.5221407634232179,0.07216461348666113,0.26013129737237595,0.26287236226665717,0.31234656459928384,0.29482459069462624,0.3487955108014148,0.4280559419630042,0.37769168397668657,0.1732375184657823,0.37517025887453287,0.2747483367770999,0.20434896895050544,0.34187869645239166,0.5229233771339122,0.16906029726067395,0.4784907621447263,0.18801824845897758,0.27601227158506286,0.33883945658824866,0.29050687225693206,0.09012919600339353,0.20659461245966615,0.26602173678204355,0.0849373899087295,0.09587481546909343
2023-05-22 10:00:00,0.502058502597146,0.39774331441997446,0.5963505263517663,0.16315012618335215,0.3669795365826275,0.3807453667737769,0.41875915015256715,0.4414186863801381,0.47498620941798203,0.49595689078658467,0.4727490687101896,0.3020249161748695,0.5000017688635637,0.45570697529931603,0.2654362929414167,0.38903067740736363,0.558872744845806,0.3395698462211816,0.5298864885322071,0.38950176271793957,0.4575265196678462,0.44744148303116166,0.41328013827869015,0.11649254939679707,0.27912904790606025,0.3648517165485631,0.1522761672969124,0.13333547600133694
2023-05-22 11:00:00,0.5091258000658928,0.456562146325827,0.5634736566189001,0.2090137462609135,0.45177256356406204,0.4139391326282305,0.34281944083077803,0.3726457905472338,0.44836418305717984,0.4052856383931598,0.3800602033307529,0.3620312771492183,0.47110950759297954,0.4255138771617109,0.3121695803228131,0.4176641639929509,0.6033365188893313,0.32347881776416193,0.5802111994704697,0.3458566945463203,0.4325181854458101,0.44071556428980757,0.5217762411912583,0.16716951005805433,0.4022934257976175,0.4167981530766072,0.19095436219052145,0.16922217347618593
2023-05-22 12:00:00,0.5674294000256614,0.4169906950376205,0.6326980821281754,0.20472958470711705,0.4716754757563151,0.49628245477169997,0.4854457462306974,0.42585223302579145,0.458334400631752,0.4973212147055588,0.48253284388830703,0.43399707071009935,0.4602256662157869,0.36767321071675424,0.3080406517454203,0.4329345348945459,0.6124887648900332,0.38310726884156515,0.5695447801940356,0.2981837338634889,0.36122045869673897,0.5536213722970359,0.653960215162345,0.3949309411120133,0.4402578816986013,0.43273804386396475,0.20575553632233998,0.3617522358413771
2023-05-22 13:00:00,0.5796730276043423,0.39800666540929047,0.7339899071897003,0.24301218592363769,0.5348996880198236,0.5689250114693422,0.6519556433209733,0.5953298874440976,0.49947544732240906,0.6769443841536784,0.6731237308859648,0.4256550058156501,0.48442927517941814,0.4993443166431357,0.3157410105941658,0.47597021916096405,0.6890554038957066,0.41752935403496455,0.6449196290823902,0.3614449026665872,0.4872498254722886,0.5909057999058446,0.5590925502056925,0.3637174036053673,0.40884378617756273,0.48419705335893837,0.21918651013936086,0.40465531271081484
2023-05-22 14:00:00,0.5965888130120974,0.38022915380380334,0.7203592073088816,0.2945236857672389,0.5596171306684906,0.5880029878155136,0.43287225166113535,0.3981974924171492,0.5591493247954836,0.5889761098969429,0.5116575478379036,0.47404686451762584,0.5638717031505424,0.3660490067308458,0.3484904515890535,0.47670229106801804,0.6817694840705351,0.4240800801335429,0.6411256550515431,0.369154774311441,0.3770146827506483,0.5716183144239556,0.7228811386753113,0.38989232837028076,0.479774800419084,0.49197030239925044,0.2164148327512133,0.4200632882468705
2023-05-22 15:00:00,0.6118240354489164,0.3871290991690562,0.7242268212967408,0.31277092790999217,0.5500338433382216,0.6028139128885037,0.5509561775095512,0.48542691192041604,0.5686160833751713,0.5802425605665469,0.555066811279697,0.46784064691981936,0.5514045759332561,0.43655662963737896,0.2933766922792684,0.4738975522325993,0.6890706530097591,0.394462330056224,0.6588435384315714,0.4257266702010658,0.4370555026574599,0.535105108312056,0.6268893771099853,0.3624030707938681,0.34611104895267125,0.4748860886735653,0.1936200200921384,0.3850476145765495
2023-05-22 16:00:00,0.6055455882784524,0.3178676056162333,0.7134980015520873,0.262879562543155,0.5502187973389513,0.616469220545473,0.5081989319341298,0.44525508279468706,0.5435696322345578,0.6520121683402951,0.5583684238214863,0.4322782026833179,0.5073186163334726,0.3897284513948074,0.30240119631950996,0.46513458597165896,0.6997909102372908,0.45358063777800356,0.6759922298550426,0.43834287577761205,0.3992413567192868,0.5774211197589054,0.5889669346122668,0.35737529336529533,0.3452808911864645,0.49713762451137633,0.18772292877694696,0.3964560381318622
2023-05-22 17:00:00,0.5538020683337356,0.29402796056899705,0.6675805106583179,0.23366510674944604,0.5399482200649269,0.6196269766809483,0.49019837379826514,0.4481099015249977,0.5157783363475854,0.6229132935892598,0.5452274714878657,0.3398482957561248,0.45003930213311594,0.38420961688311905,0.3330571377212103,0.37880585036243586,0.6652588578829508,0.4207758348607357,0.6353551264857401,0.4293052962625267,0.3883938633285707,0.5232393400739587,0.5792754838500062,0.3237062153394844,0.30427760820344135,0.4595554626332655,0.16820247902476557,0.3469830182784776
2023-05-22 18:00:00,0.4748432480847387,0.2031014936733861,0.6031607208991944,0.1872933223056281,0.5803683652069586,0.6228666943641595,0.39612385877002204,0.32527354645240775,0.46764867493718043,0.5562327808033847,0.4477434883973498,0.3040984973430163,0.426802076672201,0.24682918513103524,0.19506463046377837,0.35762672389949496,0.6579947372546691,0.32286598294045066,0.6233331390446561,0.28674006138578534,0.25639807253211566,0.46806964529521594,0.5628257634221148,0.2668073484769206,0.23124216543540302,0.4163880614489914,0.11394295015949514,0.2844064097255184
2023-05-22 19:00:00,0.3871117130212154,0.12825315902059473,0.5577274615131365,0.15965552125126717,0.5583266159275724,0.5550415830298013,0.3868797017814652,0.3386208115986755,0.43680758497933686,0.4550062243715321,0.3910741524771135,0.23936550872077575,0.4165415354511474,0.31319252202054837,0.13295337467725502,0.3104570104214103,0.6327681657932507,0.1926141881173753,0.6347134282875219,0.38021381018998296,0.3230397993214868,0.34299767950389054,0.45453549789568876,0.16190777095553502,0.18959808415806306,0.3968993254511989,0.0486959067545991,0.17933844033681842
2023-05-22 20:00:00,0.352425986934096,0.06790449074811523,0.4152275680215313,0.06561057181913613,0.5188755759474862,0.557393709532788,0.233000590010458,0.24705178338533107,0.34897153037502787,0.360570938879681,0.2786237397490281,0.1858450653917256,0.3079101641011583,0.25014367455059944,0.08621120083258908,0.22207319897099634,0.5822980728838182,0.2983777841653296,0.5779979044349571,0.27601443844951384,0.2622768168071421,0.33275897977123153,0.31701704166940614,0.11096493922081284,0.06704506358246448,0.3902734468201958,0.02131019892761979,0.13298793117137755
2023-05-22 21:00:00,0.20493090728575342,0.034753457717326186,0.30737712879683693,0.052543583517315536,0.4387289181890873,0.4319643288312828,0.23534882451095682,0.22782468773237727,0.19926602589972067,0.24889927946451884,0.2460731547197077,0.14586937106666886,0.19720771237858106,0.2262437405690013,0.05867961704265585,0.15375883988140848,0.43384847686336786,0.161652210327793,0.4193778622088762,0.19370867721509033,0.227900340820302,0.22369014065832135,0.0,0.040837388736360766,0.001214843180352076,0.30347365375094004,0.000775029599796453,0.05557855413331928
2023-05-22 22:00:00,0.0,0.0,0.0,0.0,0.2829057020958707,0.237994773308394,0.0,0.0,0.0,0.0,0.0,0.0,0.0,0.0,0.0,0.0,0.2286296870307703,0.0,0.19095822919944397,0.0,0.0,0.0,0.0,0.0,0.0,0.14170795373076933,0.0,0.0
2023-05-22 23:00:00,0.0,0.0,0.0,0.0,0.0465791089296136,0.0,0.0,0.0,0.0,0.0,0.0,0.0,0.0,0.0,0.0,0.0,0.0,0.0,0.0,0.0,0.0,0.0,0.0,0.0,0.0,0.0,0.0,0.0
2023-05-23 00:00:00,0.0,0.0,0.0,0.0,0.0,0.0,0.0,0.0,0.0,0.0,0.0,0.0,0.0,0.0,0.0,0.0,0.0,0.0,0.0,0.0,0.0,0.0,0.0,0.0,0.0,0.0,0.0,0.0
2023-05-23 01:00:00,0.0,0.0,0.0,0.0,0.0,0.0,0.0,0.0,0.0,0.0,0.0,0.0,0.0,0.0,0.0,0.0,0.0,0.0,0.0,0.0,0.0,0.0,0.0,0.0,0.0,0.0,0.0,0.0
2023-05-23 02:00:00,0.0,0.0,0.0,0.0,0.0,0.0,0.0,0.0,0.0,0.0,0.0,0.0,0.0,0.0,0.0,0.0,0.0,0.0,0.0,0.0,0.0,0.0,0.0,0.0,0.0,0.0,0.0,0.0
2023-05-23 03:00:00,0.0,0.0,0.0,0.0,0.0,0.0,0.0,0.0,0.0,0.0,0.0,0.0,0.0,0.0,0.0,0.0,0.0,0.0,0.0,0.0,0.0,0.0,0.0,0.0,0.0,0.0,0.0,0.0
2023-05-23 04:00:00,0.0,0.0,0.0,0.0,0.0,0.0,0.0,0.0,0.0,0.0,0.0,0.0,0.0,0.0,0.0,0.0,0.0,0.0,0.0,0.0,0.0,0.0,0.0,0.0,0.0,0.0,0.0,0.0
2023-05-23 05:00:00,0.0,0.0,0.0,0.0,0.0,0.0,0.0,0.0,0.0,0.0,0.0,0.0,0.0,0.0,0.0,0.0,0.0,0.0,0.0,0.0,0.0,0.0,0.0,0.0,0.0,0.0,0.0,0.0
2023-05-23 06:00:00,0.0,0.0004890795756071781,0.0,0.005202345978414318,0.07611593548572353,0.0470519343010837,0.0,0.0,0.0,0.0,0.0,0.0006044539784719668,0.0,0.0,0.0,0.0,0.0,0.0,0.0,0.0,0.0,0.0,0.13134566570982073,0.0003560785169444327,0.0015654111656091786,0.08973865938809357,0.004099853583336844,0.0006179444279496067
2023-05-23 07:00:00,0.1723037657291227,0.008150532483986743,0.2658268089218337,0.0482641113879002,0.17150423159732772,0.3705215310134583,0.1721022885606509,0.19113182008811283,0.17783188881343598,0.24180773378982645,0.20394991345549773,0.025962598808638975,0.17379527557033378,0.20868562932176682,0.19916411890383895,0.2769001864258974,0.2939000290881405,0.18701711068859106,0.24538188700289404,0.1742394667533329,0.2145043023395228,0.1587438759021628,0.22986523459958086,0.01181203527774146,0.020201329929621994,0.3550587790310182,0.022507871221686168,0.01388048687706345
2023-05-23 08:00:00,0.2699734687236258,0.02869635836222039,0.4732560919275712,0.1063805337018774,0.2753546545349789,0.5692289637122412,0.3144419033890307,0.305126850255957,0.31491328945986824,0.3378234690417619,0.3280624922709182,0.056106290140117095,0.3304851285557821,0.3350993456278367,0.2809603198239221,0.4360511277029986,0.4369123548359666,0.22014924018706253,0.36202220338201746,0.24086929313303035,0.3412713103015871,0.2271850562843226,0.30504420557867923,0.027882799253298632,0.07087257383788678,0.5281484309497456,0.06074559183359421,0.027547743719559235
2023-05-23 09:00:00,0.29160084269899894,0.0560156694330366,0.6161629981681042,0.13376988691699074,0.3992420940370223,0.6685448824744076,0.46879646443740136,0.3721050123759508,0.3073931406562391,0.38965785725972696,0.41539515653703657,0.0813657509053314,0.34635706843874214,0.3711850520149751,0.37929138679381386,0.47919038319873314,0.5951089143376346,0.2431858696627743,0.5026558246156757,0.2181871172872645,0.3753680134850996,0.25513470935898513,0.39683364276497524,0.06846934398428518,0.16567245202116385,0.6411524801426662,0.10113247207959013,0.053656690107657765
2023-05-23 10:00:00,0.3633717878690073,0.11560112155537924,0.6186619896081692,0.12306865166132054,0.5234979405534779,0.7174530270489212,0.423886711278243,0.3364514374062111,0.39607294151864714,0.3473293006520205,0.3641858378096586,0.09135356157051679,0.4345241983516646,0.36646295261786915,0.5361839070644573,0.5784386966040029,0.674571843888062,0.3131777955499207,0.5786836259672465,0.24616081689479652,0.37424766738895404,0.26070205988637585,0.5285478708213804,0.0952241424485383,0.26479661699316487,0.7169506873986432,0.19282655490097914,0.084347599088748
2023-05-23 11:00:00,0.3996812412238759,0.16663262193238204,0.6002602972385593,0.2073342160386887,0.6636107882724638,0.7481538991729443,0.365862094566165,0.2943265640046543,0.4857714719144039,0.28062930789364016,0.29232747986394486,0.16447070272564374,0.5296193759480264,0.3482169171770633,0.6393903000822488,0.654573670699875,0.7306088941725338,0.2944920308954979,0.6849096212520074,0.2779348348799021,0.3602031489749753,0.2521441557911512,0.6032499104978996,0.1330776289582613,0.3341976627504297,0.7784610757267373,0.22747565907508133,0.10286064149235755
2023-05-23 12:00:00,0.40062987804277234,0.1868069902842926,0.5010117799081462,0.24695070192057234,0.7518815255010608,0.7614790741391114,0.33006324861605957,0.3373908103741617,0.3669276579547101,0.33142999725886535,0.2894555792640478,0.292714477184921,0.40194944431014895,0.4125473419064787,0.5555874706022526,0.555337158275166,0.7733465495657625,0.3074096960201255,0.7690174572642654,0.32444296252749183,0.42788832811692545,0.3668863105649738,0.6811307183865795,0.21444913070696697,0.4241595663050976,0.7285624204395958,0.3036352694274728,0.19973335127932257
2023-05-23 13:00:00,0.45076287220369604,0.20160048135808223,0.6314723266970512,0.2782981260559578,0.7782386694729798,0.7667953433754567,0.3601246357329277,0.2977587632420137,0.41046181624630157,0.36648804577581484,0.3372703754478442,0.28860984760244607,0.37744525651434657,0.31725586777316317,0.5517283058043316,0.5399734220374809,0.7986414089529225,0.3024685727678909,0.7971982471951198,0.27961717617365256,0.33021736030853294,0.3705678668923875,0.7256531678783963,0.2606788442818983,0.466292078343754,0.7042434547748163,0.30389811225085084,0.2292427907471386
2023-05-23 14:00:00,0.4337338307851593,0.23792007306556578,0.5951764354640178,0.3098161685699637,0.7502256289705347,0.7532395727438425,0.345613105553816,0.265665106305172,0.4225879873200111,0.3681541218068882,0.3113881508945379,0.3139151732238076,0.37261136416745694,0.2688053676810502,0.4894451817276095,0.5340255288148663,0.8044519852738834,0.29771822657183494,0.7998162201757729,0.2729738482805229,0.2816252864757258,0.3590528205803612,0.7317422887329359,0.2567227676185892,0.4641178680103986,0.6632630595247566,0.3020161044597436,0.23613373106934926
2023-05-23 15:00:00,0.41756763430234456,0.2098942983894622,0.584956712863542,0.33343870300835204,0.7279015259867392,0.7299996209104315,0.3984092464164775,0.26895428697835805,0.45930792515591373,0.2927632893370961,0.2924860651575688,0.32227810023531644,0.4158233280327842,0.2626017840221831,0.37201418538191355,0.5320391328823453,0.793428650513347,0.2943017804417092,0.793157380619176,0.21992283764779297,0.2694923242015408,0.3288739371202118,0.715879499200229,0.24902988916713442,0.4332525063276948,0.6249408650861835,0.25889930133700606,0.2131701233919448
2023-05-23 16:00:00,0.4266362599253891,0.18172599876000306,0.5895383963477185,0.3266605503685833,0.726345745254897,0.6782182172984673,0.40498426847522867,0.298467948738761,0.44504694463245853,0.348463052804403,0.33010511017565886,0.3027981225665159,0.4454491663090584,0.3044710973290343,0.34256537731014575,0.520228283407298,0.7694583636864075,0.28891619698493015,0.7674741741375957,0.2832926820435769,0.3149320891333516,0.34777474094083033,0.6989668917998472,0.19712837785294485,0.43036858563452823,0.5545124466921986,0.23818661820832135,0.18293504840684072
2023-05-23 17:00:00,0.3556284810098214,0.13120814917229498,0.46405273536889324,0.23612649521403242,0.7039685533083423,0.664307518784065,0.3566889069903927,0.2968362388968206,0.4004660626518395,0.324922546261824,0.2926609711922895,0.19459100339371233,0.3930707864339397,0.30839865870869965,0.3632777812455645,0.519700734991846,0.7696935444645716,0.23634226752173657,0.7627837773985237,0.2927484000637094,0.3178143663578669,0.2716084482719724,0.6076540619989282,0.1631013874866338,0.40816838910214365,0.5427706076445225,0.17982897350354068,0.14901214673997296
2023-05-23 18:00:00,0.2639165215150596,0.08292521246566055,0.43531243472971753,0.21612107875430722,0.6590151081131194,0.6353787760409444,0.3190973525026866,0.2287930696080619,0.3491188916312024,0.2544911578315015,0.24181433694054288,0.13534216180173908,0.3090500822905053,0.2490372378718218,0.2785755720801351,0.4382684270166349,0.7397349790088902,0.12381234489662024,0.731104572658255,0.23539829295929754,0.26199895237797227,0.17736093773851827,0.6121255131044264,0.11649226905911778,0.40584332868429573,0.4809575140382589,0.1678605737557955,0.1004110689347067
2023-05-23 19:00:00,0.3225017742846298,0.05622125513682536,0.36826212849788686,0.17964386820278727,0.5985866245077306,0.5925049263422194,0.2670187453891883,0.20608596641558516,0.3422443847214543,0.17410760930685293,0.18032087335447888,0.10751517511320346,0.2876760412897632,0.25828234975649333,0.23727955919834226,0.37656456881458444,0.6867590710635859,0.2711749764586411,0.6838527175363208,0.25173956097674094,0.2714628528881797,0.15877087739587956,0.5459370539875571,0.07695693232691601,0.31417077141307304,0.43753656100813565,0.10776420017585511,0.07811890906547993
2023-05-23 20:00:00,0.2329483340862375,0.028238327495556815,0.2753012485878704,0.12800480080597088,0.49337548669198406,0.5626333918389087,0.24011489986658296,0.17990749219991398,0.314916922508678,0.09859551026222833,0.1365347019472743,0.0449290048636867,0.29607022634817726,0.22138888686828045,0.26036415337525637,0.35400450076987716,0.5954453237651807,0.13899812480121285,0.5961070086974865,0.16166653888980267,0.22570326112734054,0.0673507791983312,0.4374753616960644,0.02992148029705993,0.25663445405192215,0.39732148119342375,0.05880752654509662,0.03303437044233453
2023-05-23 21:00:00,0.16951511249733903,0.04520966097569636,0.1780317992073646,0.09156251878559173,0.32871023539712,0.4441115784586702,0.10241769571606378,0.0804318761127049,0.22616330365150505,0.07661770409824668,0.08888086526082434,0.037993178657102125,0.21792645275551964,0.10880434301306259,0.21749509775230574,0.2850029789969789,0.4304724681504172,0.09345293410914547,0.4102768150598918,0.06580338652267573,0.11431871920231916,0.06338300603402623,0.0,0.01222596798405644,0.05920675845410854,0.34070123043738154,0.009955101795749117,0.009300103856940148
2023-05-23 22:00:00,0.0,0.0,0.0,0.0,0.16734306221749945,0.2222785123727723,0.0,0.0,0.0,0.0,0.0,0.0,0.0,0.0,0.0,0.0,0.20290308922451178,0.0,0.16755825247729653,0.0,0.0,0.0,0.0,0.0,0.0,0.1025704352741604,0.0,0.0
2023-05-23 23:00:00,0.0,0.0,0.0,0.0,0.020587564274266123,0.0,0.0,0.0,0.0,0.0,0.0,0.0,0.0,0.0,0.0,0.0,0.0,0.0,0.0,0.0,0.0,0.0,0.0,0.0,0.0,0.0,0.0,0.0
2023-05-24 00:00:00,0.0,0.0,0.0,0.0,0.0,0.0,0.0,0.0,0.0,0.0,0.0,0.0,0.0,0.0,0.0,0.0,0.0,0.0,0.0,0.0,0.0,0.0,0.0,0.0,0.0,0.0,0.0,0.0
2023-05-24 01:00:00,0.0,0.0,0.0,0.0,0.0,0.0,0.0,0.0,0.0,0.0,0.0,0.0,0.0,0.0,0.0,0.0,0.0,0.0,0.0,0.0,0.0,0.0,0.0,0.0,0.0,0.0,0.0,0.0
2023-05-24 02:00:00,0.0,0.0,0.0,0.0,0.0,0.0,0.0,0.0,0.0,0.0,0.0,0.0,0.0,0.0,0.0,0.0,0.0,0.0,0.0,0.0,0.0,0.0,0.0,0.0,0.0,0.0,0.0,0.0
2023-05-24 03:00:00,0.0,0.0,0.0,0.0,0.0,0.0,0.0,0.0,0.0,0.0,0.0,0.0,0.0,0.0,0.0,0.0,0.0,0.0,0.0,0.0,0.0,0.0,0.0,0.0,0.0,0.0,0.0,0.0
2023-05-24 04:00:00,0.0,0.0,0.0,0.0,0.0,0.0,0.0,0.0,0.0,0.0,0.0,0.0,0.0,0.0,0.0,0.0,0.0,0.0,0.0,0.0,0.0,0.0,0.0,0.0,0.0,0.0,0.0,0.0
2023-05-24 05:00:00,0.0,0.0,0.0,0.0,0.0,0.0,0.0,0.0,0.0,0.0,0.0,0.0,0.0,0.0,0.0,0.0,0.0,0.0,0.0,0.0,0.0,0.0,0.0,0.0,0.0,0.0,0.0,0.0
2023-05-24 06:00:00,0.013406680802991008,0.05785809642067323,0.0,0.08430080859533132,0.08831795737306167,0.07345504024363825,0.0,0.0,0.0,0.0,0.0,0.07496907141222281,0.0,0.0,0.0,0.0,0.0,0.0,0.0,0.0,0.0,0.03725425474840101,0.22488373569900738,0.05659323626073661,0.0726764434597761,0.07971683425121252,0.06252906890990384,0.06815375483432361
2023-05-24 07:00:00,0.26552090696229075,0.11537494628750228,0.39151939847550055,0.21309639387826024,0.17290322669323507,0.3386319049741463,0.3923505159576442,0.402533888775607,0.20943270424475446,0.38278068869996007,0.4041062264473765,0.16690141192871769,0.18756097644808867,0.40252694218146995,0.2379480094266878,0.24959731350735498,0.1852521321771711,0.26964811384123083,0.13841787588108656,0.3352003781655117,0.40098588106924515,0.2710914783743092,0.4517293314800949,0.10544808682140913,0.15422241060152797,0.3532761104690372,0.12424343838220979,0.12067523302102205
2023-05-24 08:00:00,0.4369294008514754,0.24157151997640708,0.5679051680412727,0.4083801490320856,0.25812287032270687,0.4611682840804559,0.5592466553559349,0.5764721016485413,0.33961326587645074,0.5753270469618857,0.5856739438365863,0.29601123045989464,0.3003874561090416,0.5620505048837169,0.3771753260523071,0.39018739388118684,0.22478020961856446,0.41678276968352224,0.15685590955781342,0.5385969237413963,0.5595865897717944,0.4287580725223652,0.6501241322862128,0.21264343992062074,0.31069925134549,0.49241271170567996,0.17604368736981874,0.233052587816595
2023-05-24 09:00:00,0.6204977135469355,0.3630767567246111,0.6707543528264289,0.5205954262043986,0.36188669051538686,0.5688542891432187,0.6695387385578823,0.671185616168054,0.48151843865311544,0.6775785075059315,0.6828547198896182,0.4778023801939494,0.42434558740208184,0.6599729294801344,0.5944913289573918,0.5384407215129738,0.3257746757684474,0.6536708636332761,0.2652936614819685,0.6402783904340922,0.6582040661777728,0.6073487328797152,0.7349075865374363,0.3155250809309655,0.4750275573935456,0.5765491494048587,0.27096180790427604,0.3413071121028599
2023-05-24 10:00:00,0.7317609309375743,0.5142841804959842,0.7382481016823593,0.5574678020685295,0.48590238509988515,0.6296229516277599,0.741697537761449,0.7400521576157592,0.6434079488003314,0.7386939927938945,0.7409384189021556,0.6076465040366428,0.6045275666050072,0.7347647268813073,0.6624414966786996,0.6878399722552297,0.4276524721789213,0.7482242974514167,0.3656654974269823,0.7257673048927459,0.7339064621293001,0.7214141894030156,0.7864971688170123,0.38502466214271075,0.5700890913637515,0.6314017274695216,0.39055620701077515,0.3883953960647258
2023-05-24 11:00:00,0.7884557316592404,0.6036059097086729,0.764536815289635,0.6218376332319333,0.5344985385498279,0.7019326290231298,0.7145526331807646,0.7207023068395474,0.7108558412257585,0.7468642087867494,0.7314656385405928,0.7116867783680102,0.6886909312342432,0.7274097333768389,0.7243599317316187,0.7447909607097383,0.48738040499061897,0.8026307655819157,0.41059022252467553,0.6935370890547484,0.7311589162816494,0.7874527472746594,0.8095335803497399,0.4036729384322569,0.5688458887672814,0.7113562049349387,0.47836231839404136,0.3855490550150168
2023-05-24 12:00:00,0.6964925407324706,0.59451336693492,0.6993586819735976,0.3823777238742276,0.5487827509880544,0.6343624108252179,0.5011321807918159,0.5358625305952508,0.7397789397431913,0.6253989351035183,0.5527965949660443,0.4013077222912953,0.7347191316855606,0.5855767458504224,0.6821526671791303,0.7520746590438205,0.5851126688004951,0.5922688586374546,0.5464333306568214,0.5389321703399113,0.604163398094101,0.5975873121343824,0.7492092801297456,0.3543331133401957,0.45765994152605194,0.6740845301287671,0.5387181863761697,0.33000462482566856
2023-05-24 13:00:00,0.6537833265502446,0.5886506489420851,0.6980862301811439,0.47992892806309195,0.5412660438548079,0.6852172498858149,0.5457185809452613,0.5828339248028052,0.7333253223179805,0.66508830949281,0.5842009594052213,0.44077128495697776,0.7582693598883897,0.6241813253505613,0.7197553419233441,0.7842075577170236,0.6539857289553177,0.5188532940259384,0.5895569731267735,0.6405436901388164,0.6424293022617276,0.5895338475276432,0.6918136963645389,0.38005970088474983,0.5679063467662591,0.7088517429425044,0.5532224893242421,0.3675939863323287
2023-05-24 14:00:00,0.5987587536906579,0.55325260618506,0.7084869786324705,0.49831955986757115,0.5408935572358181,0.6153773944575996,0.5173730712600467,0.538768335947507,0.7284087508998318,0.6678277777380185,0.5564523298339474,0.4267078732708343,0.7467996815267731,0.5557301934947602,0.6728263908153037,0.7800580051675836,0.6290325439596218,0.35227754000038036,0.5604363757545865,0.6520759066887263,0.5755963363201967,0.5053772398401177,0.6453769051181166,0.4103436634136224,0.5108089247466471,0.6301420598573034,0.5255139344500287,0.3695171695501307
2023-05-24 15:00:00,0.6192920827241244,0.5097449140107574,0.7091256190510976,0.47406781349009725,0.5310662451193989,0.58255505057356,0.6640983444907488,0.661072632668872,0.7171816692856074,0.7024748536158865,0.6600714535624017,0.5513155178982698,0.7258696995453048,0.6606631878851179,0.5779547253754612,0.7422461650100671,0.6736367330885116,0.48271417040581266,0.6015597630125001,0.6359026648410795,0.667132031808568,0.6032299777659051,0.6213397973470279,0.40119156799618516,0.4782458023428381,0.4980162193320502,0.526602445472678,0.3835638139522968
2023-05-24 16:00:00,0.6416729639872221,0.44759528449603964,0.7261575410405903,0.5092622037647702,0.4786307712371833,0.5169377780933566,0.6453860882535558,0.6507174468452337,0.6856334910410704,0.6971284633521951,0.6514407022593952,0.5264389057734917,0.6595457676569485,0.6666128780951092,0.499349245818726,0.6689258086118709,0.6506248812739513,0.5528100514938664,0.5947751739794527,0.6791342261403117,0.67669258845785,0.5999134180511754,0.5259728527724876,0.3239684916350645,0.4389993718979936,0.49706558507861187,0.425260204964304,0.36062193015662153
2023-05-24 17:00:00,0.6047901336523878,0.4132988423663485,0.6800351996775631,0.4826795135353954,0.4095360152357612,0.46964204995922454,0.564740407187597,0.5789758457846835,0.6462632390747644,0.6319847366856457,0.5630981974309315,0.5249114264496589,0.6224164441504765,0.623161898115041,0.4577990745052851,0.6446508752754204,0.6045215736211214,0.5343804797905322,0.551090087528293,0.6303458364910537,0.6395199272256732,0.5709304696740889,0.5500566951854651,0.3522587411907981,0.4505092128393233,0.4437942115369242,0.3550358166791852,0.3730826562689341
2023-05-24 18:00:00,0.5500425468420315,0.38863307041532497,0.6965147005596686,0.4869252286250202,0.36410753919424116,0.4390714458654381,0.7068923155114307,0.7052390399357696,0.6339382108611338,0.6709835625146133,0.6855056892078486,0.45238513809816977,0.6283743060053929,0.7017586616883975,0.430478951619233,0.6392537904142176,0.5497431904101446,0.4523496987706826,0.5157258230988749,0.6428087496810655,0.7011547078303632,0.5180192309498896,0.5182573981760297,0.3228411273556755,0.3828075298486175,0.40707849097215887,0.32370916337841776,0.36457806941868837
2023-05-24 19:00:00,0.538633742482037,0.2814601893248856,0.6351296213145632,0.44279807389973214,0.2923113322996543,0.43418121860626796,0.6262090693137282,0.6244426245433214,0.612790001986572,0.6044066872750806,0.6152964251074737,0.40065504345769287,0.6118675504784595,0.626263291105897,0.414067540871545,0.6205073320118709,0.5067442816328942,0.5049370476643225,0.48664031361964,0.5993309805148386,0.6260920700325175,0.4912501615850724,0.438383440550735,0.23200031783141295,0.36673775826113303,0.3991560564566347,0.24077310214667239,0.24486776662203388
2023-05-24 20:00:00,0.48556639207738106,0.34375212149990614,0.5107502808245779,0.32754206331649216,0.26479929794776974,0.43340045362026436,0.4806154745393374,0.46997140363379436,0.5226470473331268,0.48554306078616827,0.48526638360861774,0.3596600462942662,0.5111794494149023,0.46284192693092685,0.3856384180795574,0.5204337027238047,0.40211312258908416,0.47699726887999133,0.3916376124044579,0.43896119062051786,0.4632374127241839,0.472943767650267,0.21432436901244767,0.31783158056076904,0.2206348409566017,0.36710825781013023,0.29969242594426604,0.30676322753747765
2023-05-24 21:00:00,0.3180376636663717,0.21725846935748314,0.31034851112457384,0.15304583630866506,0.1932332407419992,0.32086098982676686,0.2894575251871726,0.26621167171253585,0.35116371243199884,0.29001877706338647,0.2920998603405186,0.2530977278173427,0.35373094127255894,0.24280007220946478,0.337207211161777,0.37005150933203335,0.3041172706263829,0.3259204029504636,0.3042917353412584,0.21899077138056505,0.2400755532900598,0.3166869565445169,0.0,0.18302972331508255,0.1275343996742054,0.32500365282649485,0.20524084685384283,0.18848532217523856
2023-05-24 22:00:00,0.0,0.0,0.0,0.0,0.11997314124530817,0.16773574397123134,0.0,0.0,0.0,0.0,0.0,0.0,0.0,0.0,0.0,0.0,0.17101143438420802,0.0,0.18880241500027103,0.0,0.0,0.0,0.0,0.0,0.0,0.11322815002960686,0.0,0.0
2023-05-24 23:00:00,0.0,0.0,0.0,0.0,0.004461766102560783,0.0,0.0,0.0,0.0,0.0,0.0,0.0,0.0,0.0,0.0,0.0,0.0,0.0,0.0,0.0,0.0,0.0,0.0,0.0,0.0,0.0,0.0,0.0
2023-05-25 00:00:00,0.0,0.0,0.0,0.0,0.0,0.0,0.0,0.0,0.0,0.0,0.0,0.0,0.0,0.0,0.0,0.0,0.0,0.0,0.0,0.0,0.0,0.0,0.0,0.0,0.0,0.0,0.0,0.0
2023-05-25 01:00:00,0.0,0.0,0.0,0.0,0.0,0.0,0.0,0.0,0.0,0.0,0.0,0.0,0.0,0.0,0.0,0.0,0.0,0.0,0.0,0.0,0.0,0.0,0.0,0.0,0.0,0.0,0.0,0.0
2023-05-25 02:00:00,0.0,0.0,0.0,0.0,0.0,0.0,0.0,0.0,0.0,0.0,0.0,0.0,0.0,0.0,0.0,0.0,0.0,0.0,0.0,0.0,0.0,0.0,0.0,0.0,0.0,0.0,0.0,0.0
2023-05-25 03:00:00,0.0,0.0,0.0,0.0,0.0,0.0,0.0,0.0,0.0,0.0,0.0,0.0,0.0,0.0,0.0,0.0,0.0,0.0,0.0,0.0,0.0,0.0,0.0,0.0,0.0,0.0,0.0,0.0
2023-05-25 04:00:00,0.0,0.0,0.0,0.0,0.0,0.0,0.0,0.0,0.0,0.0,0.0,0.0,0.0,0.0,0.0,0.0,0.0,0.0,0.0,0.0,0.0,0.0,0.0,0.0,0.0,0.0,0.0,0.0
2023-05-25 05:00:00,0.0,0.0,0.0,0.0,0.0,0.0,0.0,0.0,0.0,0.0,0.0,0.0,0.0,0.0,0.0,0.0,0.0,0.0,0.0,0.0,0.0,0.0,0.0,0.0,0.0,0.0,0.0,0.0
2023-05-25 06:00:00,0.027311964712760907,0.2488124598643587,0.0,0.24165532106220855,0.12133437963565674,0.0478474757222735,0.0,0.0,0.0,0.0,0.0,0.0854217417407573,0.0,0.0,0.01588051525500057,0.0,0.0,0.006223208944395499,0.0,0.0,0.0,0.027295036679680345,0.05235469812716832,0.23124800635963216,0.194683032157426,0.09153011883533867,0.2806005005235888,0.2456721600839501
2023-05-25 07:00:00,0.30487354660459326,0.4496899766479473,0.39508808605036627,0.4270423673374118,0.2425852622163972,0.27206667170197457,0.4113143835003827,0.41887363494286406,0.3002978591305521,0.411590219999121,0.4198568589355509,0.21937907584037644,0.3745166753363705,0.4149996301726025,0.4235648668905313,0.39588397598742503,0.18116101715572325,0.24587456719219306,0.17107755974940167,0.42388616548989366,0.41496966150697323,0.27485675590988856,0.11692545656177963,0.4651429871748234,0.3842777080505357,0.35868027614385944,0.45663417073261225,0.4748174111407553
2023-05-25 08:00:00,0.4631342614322219,0.5845401423622341,0.579307129888359,0.5831502231379591,0.35084478459946933,0.38740854911349104,0.5839026816377276,0.5869900650142095,0.4000844766536523,0.5823045648778851,0.5874744474217722,0.3762016091795222,0.4814646354464044,0.5853226890693537,0.5965595846972328,0.5458427086881352,0.24650504483264976,0.4243923001299715,0.2399222766335115,0.5967715120657795,0.5856052739895308,0.4262991521628652,0.21088882269595494,0.6208347274099346,0.5292213351300091,0.4867161477294645,0.5940817553354635,0.6207737237459763
2023-05-25 09:00:00,0.6468746085561667,0.6827148496279569,0.6766634156694467,0.6635773000444133,0.4521193024007491,0.4976018846237686,0.6752774110269614,0.67580688006584,0.5321045068654929,0.6733571092377808,0.6754495580479077,0.5878917921507892,0.5872524808225913,0.6777475831028725,0.6885455932428565,0.6451409091433847,0.36300371568093187,0.6675035961550079,0.3402468575708544,0.6838701255738369,0.677905193738838,0.6452167463276427,0.19325819117316814,0.7138139465747165,0.5978845556485358,0.5905113844769931,0.6558698200198598,0.7067049129789016
2023-05-25 10:00:00,0.7119436294012493,0.7074347754433873,0.7285047642193694,0.6894784860820959,0.5070585989207889,0.5819346866799388,0.7269609183192979,0.7266592928294981,0.5906302527207877,0.7250147776047302,0.7257845893678279,0.685886744782237,0.6462506228522582,0.730392654291136,0.7411097071801213,0.7042650362323593,0.3911671054419497,0.7376875659780531,0.3955202054993229,0.7311604287289566,0.7307084850607208,0.7278918479595197,0.3175437521197248,0.730965057553337,0.6865493819461269,0.670027229305842,0.7110203243107015,0.6982867638767086
2023-05-25 11:00:00,0.7421629526908144,0.6691097816897315,0.7691953235059594,0.6779557338373526,0.5131338174591882,0.6530708202831654,0.763331070942312,0.7586117996390941,0.7047240270944206,0.7575527056783835,0.7591821745721584,0.7356987313117401,0.7614684325136691,0.7614587846501014,0.772402721512759,0.7593192824453504,0.45355593144475237,0.7521908842185686,0.48618156635225374,0.742282206942487,0.7617509715361341,0.7436817796512635,0.40435517588979364,0.6978993256659571,0.6893932019025428,0.724370109745225,0.7191827722346759,0.6810498566763528
2023-05-25 12:00:00,0.7554262911215701,0.6458113136240737,0.7880725581993785,0.614456484481935,0.4623043545315939,0.6832336153146952,0.78157957418328,0.7806240702669515,0.7106066117308385,0.7769670290687307,0.777808522379947,0.672202930943051,0.7589713426431035,0.783860859560026,0.7716562341070178,0.7591039857563525,0.5655545724462352,0.759398685686396,0.5769383553477994,0.7562142233364196,0.7842768727239413,0.7502560746483393,0.3732490461322552,0.6609506976741699,0.5313036042906818,0.7436654689276261,0.6995086817760858,0.6200138980990119
2023-05-25 13:00:00,0.7518193761842844,0.6960819277291614,0.7916623215478944,0.6503476087054886,0.43668031520790823,0.6636345584915113,0.7789050923897124,0.7771109772938871,0.7311505052851536,0.7747050581681589,0.7803271435779151,0.698545730438479,0.782329148441201,0.7766583743931958,0.7821372549967889,0.7657605934919027,0.5667142895568817,0.7399847147510753,0.5680499105026208,0.6984298666283593,0.7760604079469499,0.7515809226411819,0.4919468664999751,0.6748740626504793,0.5726783760193258,0.7600125440815447,0.6592310349549357,0.6724913354192162
2023-05-25 14:00:00,0.7172729556857609,0.7000057660278519,0.7846637952067818,0.687342278364664,0.43000442685477913,0.6617630621711218,0.7542384956978561,0.7361852391511574,0.7174145136536866,0.760849181169843,0.754245814191028,0.7082695621831827,0.7682561765273491,0.727711733077839,0.7841657427004597,0.7712769500433512,0.5981596932576051,0.697652565784673,0.5785847350194028,0.671522986632732,0.7276916833617096,0.7130146550080333,0.5059109948117072,0.680033492965723,0.6332235680756217,0.75640927169699,0.6694010459376334,0.6312580539271455
2023-05-25 15:00:00,0.7027845721472954,0.6783139792323926,0.7771530413528412,0.6425942765145923,0.4340958191140806,0.6182504956864223,0.7819180800702531,0.7509932015859286,0.6847464394743188,0.7680110170219325,0.7681536487972426,0.6863741814536607,0.7495980222468451,0.73620239867726,0.773711958422859,0.751406790121647,0.5850207426357746,0.6906052343996999,0.5460137836383196,0.7157468596962278,0.7347598708146292,0.7002928779355249,0.5209683859093562,0.6904603454969425,0.6508434587109867,0.7212593558826447,0.6332487315563796,0.6640519004296692
2023-05-25 16:00:00,0.7092426925399935,0.6281007267875247,0.7382590696699212,0.6175176289656824,0.4198675140719896,0.5743345784432954,0.7518279752619946,0.7456460222858583,0.6282471017075423,0.7577575266760448,0.7495471674904512,0.7213913634235649,0.7049546501092384,0.7512707311057149,0.7297078563593209,0.7111513216004751,0.5321931370296902,0.6874236753225055,0.4944285432145579,0.7406545284582247,0.753208384928977,0.7341056693700577,0.5098630531306633,0.5583008354103954,0.5666639264074415,0.6848799073877595,0.5530010515123714,0.5388557717465791
2023-05-25 17:00:00,0.6626946295935484,0.601887688062479,0.7334301042644344,0.5956973018000128,0.3751345026376644,0.4904010798235738,0.6885874818209642,0.6801759354557068,0.559237732020138,0.6946084189430974,0.6781808422731059,0.6701372688861924,0.6224243843041882,0.699562370957892,0.6600385157507448,0.6278709857628637,0.5058676842931984,0.6288160022335365,0.4488582354717144,0.7012136704359512,0.7051350138949966,0.680318266701922,0.5005530088184946,0.5865403957636846,0.5737359799247624,0.6093830718440447,0.5148679728296468,0.5797014667787505
2023-05-25 18:00:00,0.6086730087708143,0.5451495550467916,0.6902300224727438,0.5215820296979709,0.3015894893246451,0.3790193082561813,0.6695118667847467,0.657147966199118,0.4829621143374217,0.662194763777228,0.6630218946450801,0.5725860660912484,0.5314342594879973,0.6512981926911097,0.5894216025114289,0.5625500589520035,0.43496882657224306,0.6007400066761853,0.37127203504624307,0.6309364639610928,0.6513468208856588,0.6231811295731295,0.39549590452258465,0.5321641592745624,0.4844390829804208,0.5153508712606636,0.4353454186150721,0.5197277569776152
2023-05-25 19:00:00,0.5640898627410897,0.5114447550511882,0.6083047049256236,0.44109158865007364,0.2426443383510672,0.3161010345015104,0.5989999638333077,0.6016167989407135,0.436608420760824,0.6046193510974044,0.6042071691148703,0.5500293398799736,0.4499868460369613,0.5965012620023145,0.5413972849452579,0.4715333673336491,0.33904330892571255,0.5588853982074512,0.3484237011962568,0.5457304540928265,0.5950824358722882,0.5987441148752976,0.3429291566831362,0.41273237028617565,0.4089108018519017,0.4497115601411367,0.41064422691860425,0.40366655959896863
2023-05-25 20:00:00,0.4799095840076121,0.4562095491617481,0.49870767640042946,0.371274653386582,0.16590985899918095,0.2278857765229622,0.48813070165674505,0.4693448541988387,0.3461219841949045,0.4737824891861564,0.48485532031116874,0.48671164427672137,0.3886113996110374,0.4577155463467505,0.5053768757020597,0.3987312067847137,0.2449731725182537,0.5157558525706329,0.25254033625457234,0.4048438358251893,0.45552970317907604,0.5153435904603761,0.25194979362960934,0.2916155810069229,0.28011280356894014,0.33652824269585624,0.3165783462305466,0.27528918898782767
2023-05-25 21:00:00,0.30840120917079206,0.31856646190431487,0.2958997189152608,0.23855595759464335,0.12073993506840135,0.11470555497975302,0.29421790061952896,0.2850886661233061,0.2716051540732525,0.28722432977570334,0.29240302188014206,0.31757805745767836,0.3152985937965898,0.2793667959532811,0.36012864585951626,0.3084228862539296,0.10035081365901688,0.3051152916324648,0.14517162343469442,0.2658668480558021,0.278377301588505,0.3200198669407318,0.0,0.17793317162985564,0.13737955533525498,0.1878482044779652,0.24283438774237906,0.19223554959062847
2023-05-25 22:00:00,0.0,0.0,0.0,0.0,0.05936190834667332,0.023159540578273484,0.0,0.0,0.0,0.0,0.0,0.0,0.0,0.0,0.0,0.0,0.036725937815377196,0.0,0.06287668252307105,0.0,0.0,0.0,0.0,0.0,0.0,0.025994223131195576,0.0,0.0
2023-05-25 23:00:00,0.0,0.0,0.0,0.0,7.785415353984217e-05,0.0,0.0,0.0,0.0,0.0,0.0,0.0,0.0,0.0,0.0,0.0,0.0,0.0,0.0,0.0,0.0,0.0,0.0,0.0,0.0,0.0,0.0,0.0
2023-05-26 00:00:00,0.0,0.0,0.0,0.0,0.0,0.0,0.0,0.0,0.0,0.0,0.0,0.0,0.0,0.0,0.0,0.0,0.0,0.0,0.0,0.0,0.0,0.0,0.0,0.0,0.0,0.0,0.0,0.0
2023-05-26 01:00:00,0.0,0.0,0.0,0.0,0.0,0.0,0.0,0.0,0.0,0.0,0.0,0.0,0.0,0.0,0.0,0.0,0.0,0.0,0.0,0.0,0.0,0.0,0.0,0.0,0.0,0.0,0.0,0.0
2023-05-26 02:00:00,0.0,0.0,0.0,0.0,0.0,0.0,0.0,0.0,0.0,0.0,0.0,0.0,0.0,0.0,0.0,0.0,0.0,0.0,0.0,0.0,0.0,0.0,0.0,0.0,0.0,0.0,0.0,0.0
2023-05-26 03:00:00,0.0,0.0,0.0,0.0,0.0,0.0,0.0,0.0,0.0,0.0,0.0,0.0,0.0,0.0,0.0,0.0,0.0,0.0,0.0,0.0,0.0,0.0,0.0,0.0,0.0,0.0,0.0,0.0
2023-05-26 04:00:00,0.0,0.0,0.0,0.0,0.0,0.0,0.0,0.0,0.0,0.0,0.0,0.0,0.0,0.0,0.0,0.0,0.0,0.0,0.0,0.0,0.0,0.0,0.0,0.0,0.0,0.0,0.0,0.0
2023-05-26 05:00:00,0.0,0.0,0.0,0.0,0.0,0.0,0.0,0.0,0.0,0.0,0.0,0.0,0.0,0.0,0.0,0.0,0.0,0.0,0.0,0.0,0.0,0.0,0.0,0.0,0.0,0.0,0.0,0.0
2023-05-26 06:00:00,0.12723831917614326,0.3102137792106119,0.0,0.31755941758609735,0.028334954628516547,0.00017919797165704015,0.0,0.0,0.019133201903586184,0.0,0.0,0.33923694257965525,0.0,0.0,0.04539910576903751,0.0,0.0,0.1844064306142625,0.0,0.0,0.0,0.180961352525184,0.3437034454612278,0.29454605190817124,0.2889088354134813,0.016773908375819033,0.26061094675016194,0.28990854347519207
2023-05-26 07:00:00,0.38976948661690664,0.49226852172045943,0.37215083481727856,0.4919093067430625,0.0605064559338487,0.0166724281241502,0.3858094250212607,0.4200167022735058,0.1506081349759186,0.4145115871716523,0.41851905531771316,0.5079345809316018,0.17460829199137315,0.4205611584119362,0.1957337540636257,0.10785759189511988,0.06657418330958698,0.46218614164499394,0.08142020166310936,0.4215710791196695,0.4206177034735033,0.4658382789149142,0.5275840227725872,0.47917811188891796,0.43970964345222296,0.09229246446515298,0.4080563676201827,0.477996072008426
2023-05-26 08:00:00,0.5235285767740119,0.6326953781199746,0.5327592407382857,0.6418509382595395,0.09922203497890608,0.034380828973597816,0.5400880766968404,0.5870302993426975,0.23833206864259585,0.5825645421749093,0.5867385141631271,0.660848731894435,0.2635358819985002,0.5874622466977415,0.2474779207308518,0.1510389239296655,0.12699932888580215,0.6239891331639983,0.136462275498154,0.5837486042386357,0.5879178810808886,0.6284007821741858,0.6593443603217942,0.6257130101213325,0.5965216618914163,0.1083701865298943,0.5562307852352726,0.6199203511763205
2023-05-26 09:00:00,0.6207021325382837,0.7105206338965311,0.6488152076095519,0.7194515691132326,0.13980234466408092,0.06782225375670678,0.6261509916558731,0.6758881441744996,0.3408636652555137,0.6716656198496133,0.675733218589739,0.740869027195231,0.36180183847467207,0.6772394362687657,0.31775122743304934,0.2217010750870999,0.23512194208418427,0.7049980064604076,0.2099892588483795,0.6720631093467737,0.6781261312233005,0.7113792463652832,0.7262031348651456,0.7227679849710001,0.7377712776221969,0.11099182910361471,0.7260764488581515,0.7211545690272015
2023-05-26 10:00:00,0.694950496033959,0.7385749442456911,0.711560200604279,0.7612659770529144,0.24767865424786636,0.12281074346116495,0.693436113311016,0.7268875569947976,0.4167280014699461,0.7223948165633515,0.725989055961064,0.7841514225200608,0.4011030061835991,0.73145182371763,0.28306139855906726,0.2650212900841164,0.2942145080134037,0.7549726175076281,0.2378160729808816,0.723677913560933,0.7328570219203651,0.7597832179545575,0.7118973723990821,0.7436919599343194,0.7908247044301784,0.12483230241026808,0.774122803563235,0.7526530178640551
2023-05-26 11:00:00,0.7218301498274586,0.7453537371926104,0.7501585608579643,0.7376434537847311,0.31471423484266875,0.1779368555486142,0.732450010022705,0.7595893860842642,0.4532937312618815,0.7514481336002575,0.754463421343464,0.7906647844509277,0.45791443133653137,0.7654372252193373,0.2950528255428686,0.3272511072190638,0.3991802566801487,0.7849928092041103,0.3517452362022423,0.7416261176349732,0.7667480891360736,0.7863869297570883,0.6914478552153591,0.7310874975299227,0.7432250534061726,0.1693841215454363,0.7603388174939487,0.7549558753401531
2023-05-26 12:00:00,0.7474083827680233,0.7241324152513223,0.6982176216628312,0.7770312117954294,0.4270040470350972,0.3096533205052506,0.6377234415019096,0.6928687478285523,0.5664353052006867,0.7132202605544606,0.6816453892604211,0.8204182635031008,0.5359204046661573,0.7307802400716622,0.2740161494465752,0.3719235435184453,0.5523862566688159,0.7916267676405666,0.5178204914155567,0.7538257312595572,0.7370740754941647,0.787006815293119,0.597074732600877,0.7504796313923159,0.7490821727975244,0.23444928505269771,0.7551871249492413,0.7590101428817445
2023-05-26 13:00:00,0.7296342686217345,0.6991754663373857,0.7381551928522554,0.7555599710456008,0.4890824773477296,0.42348836508449433,0.7266543596399266,0.7616583191389736,0.5470380414888593,0.741603015024492,0.7347027803582283,0.7650726737115581,0.5490038559124691,0.7802156518084183,0.3211060999205366,0.4467327754316615,0.5839581317924339,0.7281789671719215,0.56952944745619,0.783493398008162,0.7826576069786887,0.7555317919240934,0.6697275116275327,0.72139432477327,0.7691517601888033,0.33740669881541613,0.717877038735428,0.7462275431946576
2023-05-26 14:00:00,0.7066467734173416,0.6294252513709229,0.7121035208771188,0.7055267928090101,0.5667940345441517,0.47378548307032564,0.6378496093421547,0.6829044600592377,0.5911881799491485,0.7069592727136256,0.6617589881594144,0.668884075158018,0.5731606744371819,0.7238204633244976,0.3402552596968218,0.4465530784078754,0.6075903362279228,0.6788543414500783,0.5821526223822387,0.744799074332145,0.7335229347886837,0.6799921913920666,0.6405472061215218,0.7248965905897851,0.7838437161768571,0.4329629217782864,0.7036392266694079,0.7470077893332832
2023-05-26 15:00:00,0.6718025706591498,0.550128545488884,0.7207058033458663,0.7168875144609462,0.5837009889517433,0.5324065810251869,0.6771416538344005,0.6981551814316632,0.5409577731553604,0.7078692026074362,0.6764035739355174,0.6720278220815659,0.5144809531240915,0.7231390235226355,0.3498191750956,0.4393774080046084,0.6495571503670751,0.6815199339066215,0.6364340415528126,0.748348502740631,0.7294041618754971,0.6717494611479077,0.6073429986625637,0.6631068939039204,0.7537528233842906,0.5494972938710782,0.6021935989552331,0.6836966365214041
2023-05-26 16:00:00,0.6186940639542795,0.4624416733126849,0.6373604644334941,0.6905885375593481,0.6000080078383558,0.5415072168492805,0.6507762490490115,0.6575319639514938,0.5493324428095816,0.6305957818173017,0.5924765780900967,0.634932112372369,0.527344713612558,0.7079107270078263,0.37805422530971927,0.440905833014447,0.6554771268636481,0.6129070924948317,0.6525919387927894,0.7340124467352918,0.7173769770916956,0.6124380583757406,0.5726326766309622,0.6331332927057592,0.6713905079097093,0.5869110286601906,0.5355246046918127,0.6889055461581581
2023-05-26 17:00:00,0.5405281209660441,0.4586451957813742,0.6020721735617698,0.6152300683232489,0.5977358673589414,0.5434430279161233,0.6218231663722006,0.6289198378665003,0.4870909194286863,0.6063519701578552,0.5724420920503469,0.5421403026673238,0.4221934307234605,0.6686133403507795,0.3483045369255279,0.3702092401004388,0.6128615520105714,0.5157714099304951,0.6379739744269927,0.7005432962049518,0.6783946655245953,0.5255986489197638,0.5443361673216881,0.5741783449394157,0.5784901812202671,0.6342415129455452,0.49060153437817156,0.634433409563253
2023-05-26 18:00:00,0.4444753161714415,0.3275819827342619,0.5147257312657555,0.5297327799003967,0.511465535162646,0.5105788832783426,0.5694155325090161,0.5982343126664647,0.43146926697353716,0.5314766928059163,0.5077501526144178,0.5049559308492849,0.36765375287282903,0.6471775309716443,0.2921775792485188,0.3111077796528144,0.6275074959630705,0.3752866054729161,0.6581378933245553,0.6224249736613289,0.6535535169562459,0.4573530085323932,0.4642430617721538,0.5259614502349459,0.4444388150275552,0.5833105331748909,0.38180617188581095,0.5490035449075845
2023-05-26 19:00:00,0.38194201596863353,0.31032272274282385,0.4873093294361429,0.5422523588709186,0.4546366851090994,0.5202438088304965,0.5379229447540489,0.5602608986441592,0.39972556668497833,0.4933209827837616,0.48435009886158387,0.5142272353276952,0.33563078726889556,0.596896330310787,0.363020489603836,0.33321283158941456,0.5898120121185625,0.336915355502734,0.6414739402862133,0.5877386992949761,0.6011181690168731,0.44725074716755603,0.3536495968455747,0.481613343074201,0.42013231474863627,0.6106205470458037,0.4191971388644129,0.49426153632889913
2023-05-26 20:00:00,0.2506114209633953,0.30783379823322204,0.22188289966798663,0.3918411676573705,0.35505238333295525,0.4421608010052477,0.3301509618242773,0.3748979606964628,0.3071622590663445,0.2896810243097617,0.2704817842437931,0.36495596278015235,0.2447915527899099,0.4372451056248946,0.33748829325429675,0.2565460967486551,0.5201751458007781,0.2210194112205546,0.5527272257414394,0.4510808406356851,0.4425814725208889,0.2882503691365274,0.24668640745543527,0.4162985912191363,0.3461079323175596,0.5055195738786515,0.41281751964154545,0.4262584462464082
2023-05-26 21:00:00,0.09337913661805543,0.14640822525455705,0.03884621821269749,0.2318955711744821,0.265704394269062,0.3080415425432962,0.14476526966044465,0.20327725042792819,0.14703831919190266,0.15826878949784057,0.14114694153544305,0.187772569478982,0.09370077050051405,0.24507678396329244,0.19827625578592536,0.13724174858966542,0.41657025462924163,0.093159252410351,0.39191102958869845,0.2547967300642427,0.24940734662414674,0.1332238507990656,0.009984428245673624,0.24845165599669547,0.22032857297234906,0.36417063589326404,0.2768702912831967,0.249521637623474
2023-05-26 22:00:00,0.0,0.0,0.0,0.0,0.1674635917807357,0.13996699754482633,0.0,0.0,0.0,0.0,0.0,0.0,0.0,0.0,0.0,0.0,0.2608513474073074,0.0,0.24108272818717533,0.0,0.0,0.0,0.0,0.0,0.0,0.16690415416191423,0.0,0.0
2023-05-26 23:00:00,0.0,0.0,0.0,0.0,0.0034283198491047735,0.0,0.0,0.0,0.0,0.0,0.0,0.0,0.0,0.0,0.0,0.0,0.0,0.0,0.0,0.0,0.0,0.0,0.0,0.0,0.0,0.0,0.0,0.0
2023-05-27 00:00:00,0.0,0.0,0.0,0.0,0.0,0.0,0.0,0.0,0.0,0.0,0.0,0.0,0.0,0.0,0.0,0.0,0.0,0.0,0.0,0.0,0.0,0.0,0.0,0.0,0.0,0.0,0.0,0.0
2023-05-27 01:00:00,0.0,0.0,0.0,0.0,0.0,0.0,0.0,0.0,0.0,0.0,0.0,0.0,0.0,0.0,0.0,0.0,0.0,0.0,0.0,0.0,0.0,0.0,0.0,0.0,0.0,0.0,0.0,0.0
2023-05-27 02:00:00,0.0,0.0,0.0,0.0,0.0,0.0,0.0,0.0,0.0,0.0,0.0,0.0,0.0,0.0,0.0,0.0,0.0,0.0,0.0,0.0,0.0,0.0,0.0,0.0,0.0,0.0,0.0,0.0
2023-05-27 03:00:00,0.0,0.0,0.0,0.0,0.0,0.0,0.0,0.0,0.0,0.0,0.0,0.0,0.0,0.0,0.0,0.0,0.0,0.0,0.0,0.0,0.0,0.0,0.0,0.0,0.0,0.0,0.0,0.0
2023-05-27 04:00:00,0.0,0.0,0.0,0.0,0.0,0.0,0.0,0.0,0.0,0.0,0.0,0.0,0.0,0.0,0.0,0.0,0.0,0.0,0.0,0.0,0.0,0.0,0.0,0.0,0.0,0.0,0.0,0.0
2023-05-27 05:00:00,0.0,0.0,0.0,0.0,0.0,0.0,0.0,0.0,0.0,0.0,0.0,0.0,0.0,0.0,0.0,0.0,0.0,0.0,0.0,0.0,0.0,0.0,0.0,0.0,0.0,0.0,0.0,0.0
2023-05-27 06:00:00,0.03510270912126233,0.15622723113101383,0.0,0.26018565898449814,0.1317619769843656,0.06512292582619518,0.0,0.0,0.004262879768102106,0.0,0.0,0.18310194556510717,0.004398545409534995,0.0,0.011459138448950098,0.0,0.0,0.024150400629473785,0.0,0.0630985676512949,0.0,0.05005502512439075,0.3091704060403336,0.2777797604710856,0.3643394601012645,0.1384963764637781,0.28006305021719474,0.26374512034091463
2023-05-27 07:00:00,0.15126807119086028,0.2876390816301713,0.09128909649373398,0.4526816257666501,0.22168731733726774,0.2766549266268805,0.016527616270565735,0.053931426572860125,0.16986711998631088,0.03243316972334585,0.021501546380427054,0.27681012105915437,0.14334239183703773,0.09746337697678964,0.2915509158841691,0.2112196427482852,0.2705260750669758,0.033638765986374886,0.25933221386046307,0.18463691909096383,0.10432126399124776,0.05759181410489187,0.4834382883493653,0.47989052331338056,0.5855395359072556,0.3419925963211688,0.4801119370401993,0.4542204720810415
2023-05-27 08:00:00,0.30190452622632225,0.4524565042456103,0.22707803297608076,0.5860205481906177,0.3233930383452025,0.37199862666735173,0.09816644869421437,0.14847537143574532,0.30082843057771697,0.10081834947074067,0.09393645853632,0.4586874276589094,0.2741813027696445,0.20476863655299782,0.4363722866491021,0.37344798382230243,0.32965763629042877,0.11870448972432002,0.37213377992910224,0.29261449548565027,0.21049167227484125,0.17932742379794941,0.6122535115701778,0.6321680900353185,0.7043039424718451,0.4792978632912325,0.6040841159002025,0.6205290426220711
2023-05-27 09:00:00,0.41957863643124826,0.5731655557705064,0.359381294500083,0.6926109967163473,0.35393778456135466,0.4599691990000278,0.120287683257434,0.19301759734973145,0.3974404505772406,0.13894724263112881,0.11338855364262587,0.5848267431520848,0.4061118745188779,0.28897727995750466,0.5362771133545455,0.5008157322776674,0.5394744877924097,0.19435015610263742,0.5271191208478545,0.3786995975086165,0.3017514293150083,0.26442680046882927,0.7105538573552331,0.721210767730815,0.7626234436742663,0.579899555500932,0.6976676854797179,0.7041697565472252
2023-05-27 10:00:00,0.5480999542112693,0.6399761741579777,0.5255851302567813,0.7377788108430287,0.4143209241272259,0.5744985214514504,0.27968699162138894,0.3386712237334182,0.45935451114030945,0.38209264646733443,0.31254300765343723,0.7113262161049684,0.4591901353061997,0.3985435710365079,0.6041555214670756,0.5602272993582486,0.517100358861386,0.4243013414894626,0.4960831877574444,0.5261733232094283,0.41347749094750635,0.5010950143213678,0.7155427602744965,0.7239047641679459,0.6864213079772175,0.6875332048463594,0.7313448859041902,0.7393339441917687
2023-05-27 11:00:00,0.6424445225122833,0.6801570336248538,0.6285245871249754,0.7253635328322873,0.4467501101752181,0.5641524009957121,0.5463533107413439,0.6019132187644708,0.5976485044057748,0.6226319302559332,0.5842222234718586,0.6428927187139517,0.607834961648379,0.6341023571619423,0.6528187205928704,0.6716299004840461,0.5596954944313512,0.5576960290543106,0.537887647548519,0.6598719415079057,0.6382465391300755,0.6046288961643066,0.7363895178822953,0.7303077987361313,0.7149878162048261,0.7154460449831416,0.7015357518457224,0.7463641700520761
2023-05-27 12:00:00,0.681976743883836,0.7011393411510823,0.679129762195207,0.6053759927046003,0.4490765959952279,0.5265775072986066,0.6269923538481564,0.6745982411466578,0.6457165952217223,0.6547169981348899,0.6603975601854867,0.6251455365803269,0.6509402217684768,0.68897881455251,0.7748526427859171,0.7271150873780565,0.4828811252224244,0.6224169397491287,0.44042035134184526,0.6646461780112828,0.6863290554071994,0.6166088925783345,0.6292236620931788,0.7252933219717107,0.6983840212317706,0.6855632621209482,0.7170577589311566,0.7517742986994508
2023-05-27 13:00:00,0.7020373204292774,0.7011740851791525,0.7364483239490875,0.5511337010158986,0.45293985056434416,0.5018862697147733,0.6511246199714066,0.680482155998034,0.690663554627088,0.6861311381724784,0.681438351249713,0.523660935591193,0.7202553293337516,0.680369200242735,0.7609669695630931,0.7651173427107891,0.5216276074360632,0.6098794484259981,0.4272689955620573,0.6720177583802533,0.6822435999790877,0.6024291471636367,0.6479174594540797,0.7224016360606936,0.7589123373499418,0.6490952969479337,0.7281189636383755,0.725868192337299
2023-05-27 14:00:00,0.7042155579843218,0.6946110878789571,0.7175868050711315,0.5362625888681944,0.4396671975316587,0.46330680492648174,0.6500343656396863,0.6972182885150118,0.7513397065888501,0.6542552761336164,0.6742230029044238,0.5071384624421039,0.7653157080239353,0.7114548476932383,0.7725537513814066,0.774674002700282,0.45613779360850826,0.6370547625844488,0.3955156680335447,0.6439078102542226,0.7102994644529387,0.6008579840787375,0.6437615800500254,0.6731388625237281,0.7386776698899727,0.5978233153539904,0.733351258031139,0.6818247108931501
2023-05-27 15:00:00,0.6758489083992512,0.6628688229147278,0.7332915954699829,0.5185305111494988,0.39502721787493683,0.4638261577373845,0.6909354621640708,0.7172783017875465,0.7475019906177798,0.7146395627477016,0.7223033340645264,0.4919398573004653,0.7602768643009546,0.7171441918440229,0.7438699552043061,0.7340119917311514,0.39237821794079825,0.5887442664681926,0.3321531409190681,0.6500488806516259,0.71572105789919,0.5820598499435998,0.5994811733772124,0.6545647931582423,0.716665153942193,0.5576540877932328,0.6925300375172537,0.6447756993115967
2023-05-27 16:00:00,0.6670062688999595,0.5956221745705168,0.7561750537121352,0.4751464552265535,0.379551920119523,0.3892638308942562,0.7412375518121938,0.751599947507669,0.743942224248726,0.7550834789844321,0.7647408338649992,0.41300993077916764,0.7652846758884759,0.728599846202002,0.6833541975649036,0.7276984249805021,0.3665573794318411,0.5791194992328045,0.33269487184335306,0.704400959824251,0.7255221546542149,0.578417597374846,0.5746813988839635,0.5844818407407358,0.6988415772001034,0.47317508519229967,0.6499845532099993,0.6109596250670006
2023-05-27 17:00:00,0.6468955464402304,0.5646728475693572,0.7206923546509056,0.4802752865545562,0.29486459616587696,0.32864453407767674,0.6554315505943749,0.6590627027123912,0.6908850727031879,0.6567079037579254,0.6582239996995758,0.44589503636200484,0.704672519465268,0.6602379772223352,0.5970135544787486,0.6333447462944788,0.3693997206321677,0.5700339472529966,0.2874229996742871,0.6067322362229074,0.6620448581270975,0.5599727275118965,0.43064897604229746,0.5202514839150352,0.5838816701704074,0.4109785220945846,0.5540140656386614,0.5156455677463762
2023-05-27 18:00:00,0.5990246121876297,0.4755679345109057,0.6325098090386745,0.44346254445359146,0.22172843305009016,0.24883229213495728,0.6016911884892343,0.6187131568144458,0.5676207744349305,0.6131646549031333,0.6145768636068808,0.4766948499159774,0.57660064804575,0.6253431124734146,0.48667452638426745,0.5171422373880945,0.33340166472406596,0.5786436016126992,0.2143904980524683,0.5926967064015779,0.6267692998429724,0.559296659800343,0.2994559598358314,0.43903061367797513,0.4212699059319214,0.293539973883603,0.48355950491216737,0.441262481368077
2023-05-27 19:00:00,0.4771012677698554,0.40144119598420064,0.5340746719258884,0.4200984430158016,0.18816459227337495,0.21273449965557997,0.5917115238605989,0.5602460226731075,0.4295732169535178,0.5451259968878254,0.552748007570015,0.39276205110426454,0.4435009028024942,0.547602541252269,0.42806799613462915,0.44041812444154305,0.28885392425273454,0.48337826385762056,0.2300374247846161,0.54181749465102,0.5457926610056152,0.45760670728923575,0.22876380647494327,0.34685556574407383,0.35314626588482906,0.2562289785805009,0.44403861725721944,0.3211818602108655
2023-05-27 20:00:00,0.3712822881457495,0.3115076469474916,0.4185713598746687,0.294900145512897,0.12711837026257297,0.19608912579230953,0.5056826926512733,0.45571741564273965,0.3165384246154616,0.45413942892651793,0.46648090539218673,0.2959879372151122,0.3413008177609189,0.42395567180447874,0.4253922161555743,0.39494633134575674,0.15970858852814115,0.4218108852530713,0.1750383191091536,0.3730930750075343,0.4190284004050192,0.39839886139711544,0.10112818485405295,0.3030190986287132,0.22392797646789217,0.24966060495465275,0.35984830916834315,0.2922611041023472
2023-05-27 21:00:00,0.1891711280957564,0.19480161677175226,0.1931793010628481,0.20146161314217392,0.07222444251247756,0.08127234063966277,0.3006013416727656,0.2755720629586818,0.134827311191571,0.26580029112580034,0.2739219798220004,0.23619308883861,0.15296742131106908,0.2588814227051346,0.2683781231956707,0.22080091635201682,0.05446516891447526,0.24471372802637617,0.0598944951416624,0.23042947584282963,0.25603773766674526,0.26577876959743757,0.0023139510874840303,0.23299290319645372,0.10599675563493989,0.14809122138958447,0.23173003666160624,0.2375514972220653
2023-05-27 22:00:00,0.0,0.0,0.0,0.0,0.03534418392634164,0.006178987299977573,0.0,0.0,0.0,0.0,0.0,0.0,0.0,0.0,0.0,0.0,0.010996056917147796,0.0,0.011336216216278143,0.0,0.0,0.0,0.0,0.0,0.0,0.01635565239608376,0.0,0.0
2023-05-27 23:00:00,0.0,0.0,0.0,0.0,0.0006933493930532514,0.0,0.0,0.0,0.0,0.0,0.0,0.0,0.0,0.0,0.0,0.0,0.0,0.0,0.0,0.0,0.0,0.0,0.0,0.0,0.0,0.0,0.0,0.0
2023-05-28 00:00:00,0.0,0.0,0.0,0.0,0.0,0.0,0.0,0.0,0.0,0.0,0.0,0.0,0.0,0.0,0.0,0.0,0.0,0.0,0.0,0.0,0.0,0.0,0.0,0.0,0.0,0.0,0.0,0.0
2023-05-28 01:00:00,0.0,0.0,0.0,0.0,0.0,0.0,0.0,0.0,0.0,0.0,0.0,0.0,0.0,0.0,0.0,0.0,0.0,0.0,0.0,0.0,0.0,0.0,0.0,0.0,0.0,0.0,0.0,0.0
2023-05-28 02:00:00,0.0,0.0,0.0,0.0,0.0,0.0,0.0,0.0,0.0,0.0,0.0,0.0,0.0,0.0,0.0,0.0,0.0,0.0,0.0,0.0,0.0,0.0,0.0,0.0,0.0,0.0,0.0,0.0
2023-05-28 03:00:00,0.0,0.0,0.0,0.0,0.0,0.0,0.0,0.0,0.0,0.0,0.0,0.0,0.0,0.0,0.0,0.0,0.0,0.0,0.0,0.0,0.0,0.0,0.0,0.0,0.0,0.0,0.0,0.0
2023-05-28 04:00:00,0.0,0.0,0.0,0.0,0.0,0.0,0.0,0.0,0.0,0.0,0.0,0.0,0.0,0.0,0.0,0.0,0.0,0.0,0.0,0.0,0.0,0.0,0.0,0.0,0.0,0.0,0.0,0.0
2023-05-28 05:00:00,0.0,0.0,0.0,0.0,0.0,0.0,0.0,0.0,0.0,0.0,0.0,0.0,0.0,0.0,0.0,0.0,0.0,0.0,0.0,0.0,0.0,0.0,0.0,0.0,0.0,0.0,0.0,0.0
2023-05-28 06:00:00,0.008420767499261543,0.12730875534369548,0.0,0.05519682090195333,0.005359946740091316,0.008154986652126134,0.0,0.0,0.023384360432473373,0.0,0.0,0.017045259696710915,0.030234174270875463,0.03802957265541071,0.0915840151814327,0.029100715905538494,0.0,0.0070253057276144495,0.0,0.13721012392436172,0.04278326923733705,0.004060076738694356,0.19536518760486982,0.22387699787000973,0.34321214251366744,0.042194658012486855,0.2085423520379368,0.2281671867749277
2023-05-28 07:00:00,0.18094085883181,0.3337811465921664,0.061503153395508776,0.09984316349928819,0.04188274591669653,0.04128379903100291,0.042656625497693855,0.10694960761949811,0.2619497987932869,0.052312249059177494,0.04913031440716288,0.0412871053241246,0.3160816099645154,0.1784683185601546,0.29166718239721023,0.3293598984069631,0.03033017836719292,0.09921600962598003,0.01759040498044962,0.160390823786275,0.1858656984521786,0.058751434889409704,0.3672185889330733,0.31493575219244946,0.5508383218545565,0.09622530601046088,0.362241790100456,0.3361408158032663
2023-05-28 08:00:00,0.3969001934948948,0.5306925769062228,0.20577461119330132,0.1211046583717092,0.08878970146911636,0.053244471966080203,0.12950227223298563,0.2033394780311477,0.4239082561514421,0.1425103332299663,0.14945181694723586,0.14976044092776347,0.498957506695387,0.27947596394930296,0.3343970959359484,0.3860942021749295,0.06252114631538847,0.36679429319312534,0.03266477020320737,0.20926566844237823,0.2867319495605865,0.2340067461197978,0.5083959597044378,0.3974030296951012,0.6567178811983371,0.12250592440365089,0.4871585793206714,0.388971263073802
2023-05-28 09:00:00,0.616855642806885,0.6478773830374925,0.48126708656106426,0.2388023789007655,0.13671216969718805,0.08528854464720306,0.19953077916807158,0.23081948991966975,0.5093017204974631,0.30152574629596,0.2917342438479666,0.40505920912715043,0.5853826637198656,0.25811688920878145,0.37141098669201733,0.43711668059553865,0.14466365836081863,0.6211356051495861,0.081409314816783,0.178980329986361,0.2644860054991489,0.5160833974119805,0.6695902660170864,0.4574043894346448,0.7174973608945371,0.20495699394771652,0.5273508254720821,0.44259452487340517
2023-05-28 10:00:00,0.7126648203095367,0.7316572879625192,0.6304619394576922,0.3631548500048012,0.2534478493240027,0.14103609532159173,0.4045667617003204,0.43110808568707104,0.5751072008704553,0.5012181109724363,0.49936813419376136,0.5645999798180238,0.6541110925918584,0.4277628242384641,0.54593292699975,0.5715846456857173,0.1818347881683687,0.7546309071453718,0.12671508346461022,0.3290951802144167,0.42758505984418516,0.6885986473083877,0.7041548172020867,0.5420758221450306,0.6386560789251923,0.2849469414669338,0.5660924802188617,0.5403150698965333
2023-05-28 11:00:00,0.7646101627851247,0.7746397234479416,0.720263253387942,0.36204063128812186,0.3009916524010518,0.15421531303622252,0.5855055599372206,0.5604575257600859,0.6498923380826316,0.6309256259756957,0.6328115985578757,0.6257513298293381,0.7181631821969143,0.5140495604338076,0.5698358389736847,0.5977640450529959,0.1938493410863785,0.7950103016105269,0.1516058364295085,0.3862495193928819,0.5085507421820841,0.7611900401876454,0.6929647345790343,0.6077479407810953,0.6644851221691941,0.25176362556355175,0.6743912557634352,0.6081316915174562
2023-05-28 12:00:00,0.7901550906708326,0.7752873727618046,0.6826783376441152,0.42420489773779124,0.36392114301432366,0.18347339642837582,0.5823267334523053,0.6399171699379935,0.6734607066678983,0.6219995173848226,0.6345318365936723,0.6740506461720561,0.733193390120054,0.6733253401390814,0.5513482474230696,0.6079999453641522,0.1766510102441479,0.8128158367597712,0.21434524546404302,0.5491945535377157,0.6713999258416976,0.7676521288286825,0.6706669817153293,0.6256041249419625,0.6117074875572341,0.2566280685763394,0.6329751433198064,0.6375168179237442
2023-05-28 13:00:00,0.797976069004843,0.7328228293833968,0.7085549196697681,0.5758176577586828,0.411974557945088,0.19878807513328844,0.5861170743990795,0.6196507574191368,0.6974686770858467,0.6560662488345421,0.6294977379113808,0.7654615535207916,0.7561266459165794,0.6488243100097133,0.5532962116766599,0.6161691981034269,0.18168114190796078,0.82379667336398,0.23122612439711424,0.6301267940646121,0.6531527560318869,0.7874299927202312,0.6838354574314462,0.6925180227870884,0.650872434152692,0.3119505591425093,0.6448316075129844,0.6802045857722313
2023-05-28 14:00:00,0.7975746053884393,0.6328118019283614,0.7793758370281206,0.5337392025686936,0.4502395613758272,0.220209615923375,0.7065014674102428,0.6952528410639776,0.6777155337718321,0.7579084095037558,0.7395485152318846,0.7502392331383496,0.6898656711405519,0.659554429131764,0.46104188074388536,0.5036796314738627,0.22626361108271967,0.8284544339808545,0.24956768555792525,0.6456910371452521,0.6572171677552219,0.8217281785028435,0.6713712110296564,0.6657490196394792,0.6277037663259661,0.32312128193634915,0.6238436036852243,0.657070884907658
2023-05-28 15:00:00,0.7880826485542582,0.6312352326352838,0.8011408988903524,0.5926626511665618,0.49429635323987053,0.24052150181593251,0.773524630385119,0.7521347053602868,0.6839309517216108,0.7654820694802591,0.7751959172654929,0.769712739519337,0.7004360494657866,0.7276991183062709,0.5175149292417899,0.5236939257361218,0.23268589913602195,0.8172845538074194,0.23018037280308973,0.5941870486385551,0.722821524064046,0.814368369051356,0.6455372983184535,0.6742802973512653,0.6299473413470031,0.31483516677143397,0.6356643601835623,0.6664856771937661
2023-05-28 16:00:00,0.7441205953237717,0.5868873050608754,0.7891795850995436,0.5513045783073506,0.470639175978283,0.20505990496861065,0.7714449727090186,0.7717569637617546,0.6728553085937965,0.7671606641133205,0.7729260123927615,0.696847851085438,0.6879488608020062,0.7699607597906533,0.46677534426701844,0.48030634674135847,0.27850894537004767,0.7676449424089525,0.21892875846626217,0.6844007540862279,0.7688156605231771,0.7572935171067331,0.5255280543595927,0.630710108313678,0.5668517542843581,0.24824423114073474,0.5565372803143503,0.6334189715678191
2023-05-28 17:00:00,0.6969284265349573,0.5526456111913735,0.7628988686574572,0.5048299322617029,0.4875950029490626,0.17524870124115494,0.7502833736909706,0.744567639934643,0.649044333421803,0.7343963187526896,0.7460273560377104,0.6236740007226103,0.677141663448592,0.7455907208384817,0.3493859417206226,0.4404762559941671,0.3134168270432323,0.6960209161998208,0.21777245574389853,0.6127863059941746,0.7443799115664003,0.6839770858698362,0.40706178710014224,0.6123628857069074,0.5276106895198381,0.23562455798835377,0.48455048737168765,0.58834809862704
2023-05-28 18:00:00,0.6350903842939061,0.4615892070216337,0.7177805947093042,0.4524897268813261,0.45564251896064767,0.18871855791868122,0.7001512641883977,0.6959671756095959,0.5649492848379303,0.6875903331618256,0.6986878267999543,0.5589025368629237,0.6137200341200477,0.6946883203224467,0.3353293846493171,0.4088477654665547,0.26772054347951185,0.6361895917111396,0.21533164548432127,0.5781088212418362,0.6933540301316631,0.6047081341492878,0.34933945167992186,0.561688379160432,0.504752868548661,0.24825047929473934,0.4837806410580059,0.5228125096731652
2023-05-28 19:00:00,0.5999337770024417,0.45879175424093466,0.6476896633870859,0.534876021918433,0.4347618014135831,0.18622923616918516,0.6406396561029091,0.6237046979462691,0.5018735888207064,0.6241202556688863,0.6283083290587325,0.5566077952277706,0.5510549345539684,0.6207709195026764,0.22972623839391157,0.3089692896517549,0.2186388127707415,0.5853284286848215,0.19990138686613038,0.5764874999381266,0.6196887434948634,0.5550778534540709,0.21851095047743527,0.568191059941256,0.4321900996062538,0.18800648683172141,0.471068601892211,0.5325247184589113
2023-05-28 20:00:00,0.5524422587633196,0.4598767236260168,0.5134640315483064,0.4043495050083817,0.37783234691960355,0.17129853361406314,0.5093868025197212,0.4910969867725381,0.42823477139380073,0.4942247388541655,0.5040167602896684,0.5205930944832742,0.48260651426753887,0.4849571888173604,0.15095095019187435,0.26507771267792357,0.1806665795600831,0.5363675677297215,0.15066640881803667,0.40300339233172844,0.48328962496461214,0.5329720600167428,0.14591953935120308,0.4653620172750754,0.3647163920403001,0.20088244146190848,0.4211777689871236,0.46135339832363226
2023-05-28 21:00:00,0.34773034635574146,0.30545576893889737,0.30998011653974383,0.27342864331852196,0.28851128918614805,0.15025752701902081,0.2879382342395467,0.29413056020960604,0.24545339331958657,0.29723368380469856,0.2991123360256287,0.3462922605586315,0.26400883233352535,0.29274794413539945,0.07043785001722098,0.11667249958051554,0.1803024838400179,0.3477952168117209,0.1605926832442675,0.26623576726450277,0.29153563159577284,0.34419491432855526,0.037049475586124744,0.2880831885570343,0.23456750649380484,0.167759830153806,0.28991982935756866,0.28547200489694996
2023-05-28 22:00:00,0.0,0.0,0.0,0.0,0.14535653862426615,0.08949983412450069,0.0,0.0,0.0,0.0,0.0,0.0,0.0,0.0,0.0,0.0,0.07551036386440796,0.0,0.06704828224112432,0.0,0.0,0.0,0.0,0.0,0.0,0.08644898815038937,0.0,0.0
2023-05-28 23:00:00,0.0,0.0,0.0,0.0,0.021092738392201403,0.0,0.0,0.0,0.0,0.0,0.0,0.0,0.0,0.0,0.0,0.0,0.0,0.0,0.0,0.0,0.0,0.0,0.0,0.0,0.0,0.0,0.0,0.0
2023-05-29 00:00:00,0.0,0.0,0.0,0.0,0.0,0.0,0.0,0.0,0.0,0.0,0.0,0.0,0.0,0.0,0.0,0.0,0.0,0.0,0.0,0.0,0.0,0.0,0.0,0.0,0.0,0.0,0.0,0.0
2023-05-29 01:00:00,0.0,0.0,0.0,0.0,0.0,0.0,0.0,0.0,0.0,0.0,0.0,0.0,0.0,0.0,0.0,0.0,0.0,0.0,0.0,0.0,0.0,0.0,0.0,0.0,0.0,0.0,0.0,0.0
2023-05-29 02:00:00,0.0,0.0,0.0,0.0,0.0,0.0,0.0,0.0,0.0,0.0,0.0,0.0,0.0,0.0,0.0,0.0,0.0,0.0,0.0,0.0,0.0,0.0,0.0,0.0,0.0,0.0,0.0,0.0
2023-05-29 03:00:00,0.0,0.0,0.0,0.0,0.0,0.0,0.0,0.0,0.0,0.0,0.0,0.0,0.0,0.0,0.0,0.0,0.0,0.0,0.0,0.0,0.0,0.0,0.0,0.0,0.0,0.0,0.0,0.0
2023-05-29 04:00:00,0.0,0.0,0.0,0.0,0.0,0.0,0.0,0.0,0.0,0.0,0.0,0.0,0.0,0.0,0.0,0.0,0.0,0.0,0.0,0.0,0.0,0.0,0.0,0.0,0.0,0.0,0.0,0.0
2023-05-29 05:00:00,0.0,0.0,0.0,0.0,0.0,0.0,0.0,0.0,0.0,0.0,0.0,0.0,0.0,0.0,0.0,0.0,0.0,0.0,0.0,0.0,0.0,0.0,0.0,0.0,0.0,0.0,0.0,0.0
2023-05-29 06:00:00,0.1481075155892439,0.26170003172223716,0.0,0.12506488945648456,0.12617916627415948,0.08159495246894478,0.0,0.0,0.025599618316947653,0.0,0.0,0.2627004149939292,0.02471059520486537,0.05764755633253501,0.030247411618756194,0.002691588272441369,0.005640873641048158,0.23552769484097325,0.0,0.19238508490737047,0.06485350087410188,0.1766821473994983,0.19692711405621333,0.23807418516132958,0.2537476726657914,0.09334186533681983,0.236515088035447,0.2562989586358738
2023-05-29 07:00:00,0.3465233793450051,0.43550422533922206,0.2852124069646391,0.27163156143254424,0.2331173159057004,0.16833680972771065,0.24408461513156213,0.341796844096409,0.15009096203209069,0.324392561416458,0.3161900486677143,0.4477704819293607,0.10001018083004733,0.36619614161208497,0.11210070001861075,0.06945149025786927,0.21866518183971015,0.46964520162359014,0.2355692817055255,0.38499928656499227,0.3651140431390336,0.444339612813613,0.25436060479408756,0.392779664534151,0.40988730319941596,0.26708009046511116,0.41284415816688746,0.42654079518291665
2023-05-29 08:00:00,0.5045088895813994,0.5536362760001188,0.46721561679949886,0.36747179044419354,0.3255773320224403,0.31630062620692373,0.3575549193073458,0.48588932627041675,0.23600173965213356,0.46366522672119054,0.4612545058893426,0.5930119914823269,0.19537546232337372,0.5201205485299409,0.32618541896645825,0.23940227839611414,0.38763152626184266,0.6235773625765563,0.40448137655736965,0.5152966105999197,0.5181150801245289,0.5991415219737973,0.40138880266686877,0.5217717993421757,0.5649063341566278,0.4584577442076261,0.5528251407850131,0.52394375177869
2023-05-29 09:00:00,0.6069142337961706,0.621438027060124,0.5797479815394668,0.5489129774284534,0.39377999200199787,0.43664669924918764,0.44512186197770126,0.5615123429417741,0.3807106250200165,0.5095051149423695,0.5301247384719003,0.6950888520899701,0.32067987870425746,0.6231046860163771,0.5034253521442984,0.36634122703769617,0.4670427674272272,0.7274505252414709,0.4683528533806488,0.5329359441600009,0.6241426472608573,0.6722488147206825,0.532353642113848,0.5989566741681558,0.5840983441025934,0.5274845581446255,0.5894341983265668,0.6282058226554047
2023-05-29 10:00:00,0.6434743880008325,0.5825454956457135,0.6319328513467188,0.6798164195982809,0.4461847258928487,0.5060599220688345,0.5600119176798174,0.6220371700940165,0.502249527578827,0.5226995979591502,0.5669488070713796,0.7748165063370898,0.5042944763538653,0.6685898298390214,0.5291240087799343,0.49408959581827955,0.5643940217815906,0.7357479039949344,0.5601249164357488,0.6339994355326832,0.6660560888038125,0.6767778414411922,0.6017149291707051,0.6722023408151347,0.6547874127800039,0.5627058309761438,0.6783321877685111,0.6493895280019055
2023-05-29 11:00:00,0.7259659743332422,0.6286714924302437,0.6957854087979093,0.7185786397636387,0.4943325159577502,0.51859258798432,0.6298586588327043,0.661144185110485,0.6030167972506266,0.5902839837655873,0.6186910372349012,0.8033572547524415,0.609906768124874,0.7149643831756824,0.47600595623640746,0.5162025622539571,0.5885822682211876,0.7872022765662918,0.5356650090369809,0.7074742215008312,0.716498168818288,0.7277912562463467,0.6644665338402971,0.6844237832780078,0.6660015834532248,0.5311943325372004,0.706453363493777,0.6621613344999137
2023-05-29 12:00:00,0.6578230944334401,0.6252467046179471,0.6178723093661787,0.5483430319385157,0.5270694425737906,0.5865471773640293,0.6370384004111099,0.6310653051687467,0.6023547165555443,0.4364636354795366,0.5523434079374424,0.6405582813717617,0.5811258812211234,0.6471283048138432,0.473289721095634,0.5151370079689543,0.5909474420221337,0.6780110207390964,0.6023351862110237,0.498673210104263,0.6339951745537308,0.5565236785686373,0.6913217492980133,0.6249816060498555,0.6557087472545398,0.5409088202152179,0.7203615148439646,0.6244723281437852
2023-05-29 13:00:00,0.7493804210494819,0.7001965566335163,0.7202943176231548,0.6194205689383094,0.5661395573543342,0.6298774330546367,0.7313510917900166,0.7069285212323418,0.612661667471353,0.633536230727254,0.6786164153312031,0.7119305443861178,0.6055581919745975,0.7078163802296195,0.5975481101809432,0.5781249466856664,0.6312508158071684,0.7114606352561751,0.6130221812160636,0.5948792203442315,0.7014937383058519,0.6951335635169453,0.7099078331086743,0.7064519613734059,0.6885218815976258,0.5767908255727328,0.7557288975271853,0.6882371599299103
2023-05-29 14:00:00,0.7345623489075818,0.6398037511642464,0.7276209366557227,0.6293405602157969,0.586222088173053,0.6274063027583651,0.7472568734303873,0.7201884441911949,0.6512415065199275,0.6443706595621611,0.6986477690069218,0.6741052707138642,0.6521298720494735,0.720301510282069,0.584761650958067,0.6126494246224234,0.6557781944675537,0.6970285084666722,0.5964748972121688,0.6001666439973345,0.7130158479696986,0.6624543991642979,0.7330848905254975,0.6624541150851991,0.6417059411218141,0.573384022084698,0.6860633298406167,0.6711402600152305
2023-05-29 15:00:00,0.7107960277583759,0.6187260180808752,0.7605312363562402,0.6222819195223901,0.6148293203434674,0.6060646277889835,0.7756014933485504,0.7456301159647749,0.6792482071260671,0.6504539183459688,0.7011703821987225,0.6612128671120415,0.6612195970515015,0.7545330214813638,0.5129708866616949,0.5509734013397349,0.6740973733493358,0.6340264690735227,0.6108112263773335,0.6498633242848938,0.7504211825820176,0.6096147918853168,0.6749338706772242,0.6835285234096263,0.6014680565266279,0.5441514338979188,0.6763827802110884,0.6863595647398613
2023-05-29 16:00:00,0.7550565684643378,0.6332002171428719,0.792326074047771,0.6352238080103738,0.6184270838203326,0.6051698206260416,0.7717724207609636,0.7555981783349613,0.6970542512418632,0.7501240996787846,0.770578129642319,0.6866279196554956,0.6970666914834128,0.7405741219914636,0.5734020577850033,0.6187702354097011,0.6645880711841743,0.7099159487320971,0.6339872226535176,0.6716127963633458,0.736493454492958,0.7294025133316898,0.67822011375946,0.6701799048770527,0.5011741034107647,0.5917714800572861,0.6194600600916834,0.689988252475682
2023-05-29 17:00:00,0.7224300744364021,0.5850620293486791,0.7697043383706631,0.6405634745841569,0.5727645039068633,0.5426483922420922,0.7622958977356173,0.7358362356475988,0.6556359726724702,0.7074579959429776,0.7319698275908784,0.7012296666762186,0.6439839778578874,0.7306105719828768,0.5320355693778231,0.6249236553936023,0.661260642578532,0.6394531185070952,0.5777405446819166,0.6548926569798761,0.7271540140047247,0.6803138214707909,0.5511944242166396,0.6441021185155092,0.5007678914757056,0.4984048677190175,0.5754215638651454,0.6486807160970874
2023-05-29 18:00:00,0.6879327148203217,0.5641534082868506,0.7292494843860529,0.6318194903494321,0.5296226948869043,0.469572425385664,0.700012204445518,0.689749345818003,0.6940460152287138,0.6586707956967764,0.6878209957752621,0.6119771690097261,0.7007023504144272,0.6865513948102482,0.48515332202622996,0.6372742224586606,0.6124703286295382,0.5633129453085385,0.5797143812800257,0.6388318476471566,0.6832089395596617,0.6029310683329369,0.4384503050086408,0.5853956251163347,0.4304559324592873,0.46379506403896836,0.46627324913267326,0.6037176884400567
2023-05-29 19:00:00,0.6701649671507093,0.5263675670524097,0.6678291578021454,0.6033825102081929,0.4427358799397863,0.4126753624104759,0.6585722848174888,0.6343782304932611,0.6405995964611776,0.6394801265075691,0.6496974308160541,0.6073833403269912,0.647744118833987,0.6143163456769271,0.5558030113167479,0.6181137163194435,0.550515416045464,0.5720593411759344,0.5351301152051412,0.6357713631437489,0.6110304046259402,0.6193136168234218,0.39334031959274646,0.5206124726213824,0.37011183338735504,0.44992493396805827,0.47509660496027784,0.5392949744791
2023-05-29 20:00:00,0.5388863355602923,0.4885367250939717,0.5593297078133186,0.4706393555434227,0.3749905474458608,0.3361743074865066,0.5380710553141426,0.5125615100235718,0.5030998204922547,0.5162072099690717,0.5268714998548876,0.48962957605253793,0.4969872797623065,0.49396143844387885,0.4996237342679415,0.46993213526908456,0.41977681767851577,0.4099537162734232,0.4024574049165596,0.49083682577194965,0.4907921962823256,0.4745781152471573,0.33599692236463785,0.44612371561845027,0.31442893769630964,0.34215417640794626,0.46603579913980525,0.46518317297668665
2023-05-29 21:00:00,0.35319393839896085,0.3291384218766873,0.3534513139656732,0.30746483229030336,0.31067584384709174,0.21582334996227676,0.3295672978387234,0.3183462568809459,0.3321450867454476,0.3111872202131813,0.3229537146455877,0.32441002242288614,0.3331768639360084,0.3069877829907969,0.3385361736977144,0.258213982528752,0.29550208734995054,0.24218718843009776,0.30917428030223876,0.3006695804391597,0.3046239830951995,0.30809028296413926,0.09268038566030112,0.297266248417977,0.22021702637456697,0.31768566537989473,0.32559084986354164,0.3053307125981471
2023-05-29 22:00:00,0.0,0.0,0.0,0.0,0.2294938545373868,0.10707300056446842,0.0,0.0,0.0,0.0,0.0,0.0,0.0,0.0,0.0,0.0,0.17758339081547092,0.0,0.16999732232530618,0.0,0.0,0.0,0.0,0.0,0.0,0.17201331696943167,0.0,0.0
2023-05-29 23:00:00,0.0,0.0,0.0,0.0,0.045746421980135954,0.0,0.0,0.0,0.0,0.0,0.0,0.0,0.0,0.0,0.0,0.0,0.0,0.0,0.0,0.0,0.0,0.0,0.0,0.0,0.0,0.0,0.0,0.0
2023-05-30 00:00:00,0.0,0.0,0.0,0.0,0.0,0.0,0.0,0.0,0.0,0.0,0.0,0.0,0.0,0.0,0.0,0.0,0.0,0.0,0.0,0.0,0.0,0.0,0.0,0.0,0.0,0.0,0.0,0.0
2023-05-30 01:00:00,0.0,0.0,0.0,0.0,0.0,0.0,0.0,0.0,0.0,0.0,0.0,0.0,0.0,0.0,0.0,0.0,0.0,0.0,0.0,0.0,0.0,0.0,0.0,0.0,0.0,0.0,0.0,0.0
2023-05-30 02:00:00,0.0,0.0,0.0,0.0,0.0,0.0,0.0,0.0,0.0,0.0,0.0,0.0,0.0,0.0,0.0,0.0,0.0,0.0,0.0,0.0,0.0,0.0,0.0,0.0,0.0,0.0,0.0,0.0
2023-05-30 03:00:00,0.0,0.0,0.0,0.0,0.0,0.0,0.0,0.0,0.0,0.0,0.0,0.0,0.0,0.0,0.0,0.0,0.0,0.0,0.0,0.0,0.0,0.0,0.0,0.0,0.0,0.0,0.0,0.0
2023-05-30 04:00:00,0.0,0.0,0.0,0.0,0.0,0.0,0.0,0.0,0.0,0.0,0.0,0.0,0.0,0.0,0.0,0.0,0.0,0.0,0.0,0.0,0.0,0.0,0.0,0.0,0.0,0.0,0.0,0.0
2023-05-30 05:00:00,0.0,0.0,0.0,0.0,0.0,0.0,0.0,0.0,0.0,0.0,0.0,0.0,0.0,0.0,0.0,0.0,0.0,0.0,0.0,0.0,0.0,0.0,0.0,0.0,0.0,0.0,0.0,0.0
2023-05-30 06:00:00,0.045760556340074136,0.2064631995535448,0.0,0.06477044991668818,0.055339669209391075,0.05387674914021723,0.00609442701858047,0.024817977873414592,0.013169408587378023,0.009141640527870705,0.0,0.15652778266984071,0.017024577379003935,0.10294574047151714,0.04542312942372215,0.016045684171883165,0.028884328159936534,0.09225046079984818,0.014110384484671234,0.14375582118975946,0.11581395803045678,0.09177911677563289,0.2830058335249513,0.20465723367953806,0.26602343256947897,0.07648966448984315,0.21027455108094803,0.22476275120049596
2023-05-30 07:00:00,0.24904260043065302,0.3059270727471879,0.21548358620361074,0.13543792281765293,0.13419957105271582,0.16491838805791023,0.10254104363990639,0.18448471186726556,0.1762290272158831,0.1213676370424612,0.12673868104551295,0.23097394126700005,0.15139115450144902,0.30952133860492137,0.169922025718321,0.15991980807292433,0.1619210629177975,0.24106520460239292,0.1618848846405927,0.25795908205600687,0.3211631000561012,0.21755519734988096,0.45795559712115524,0.35771784688828445,0.4202672104191986,0.20950403754458277,0.34666858122904826,0.3824252652899184
2023-05-30 08:00:00,0.37630411578485934,0.47375219424359694,0.315067042468496,0.23090885620234528,0.24981275441939482,0.28176933004676136,0.2621754139415431,0.3204813747565432,0.35654256538176476,0.15279678201006797,0.193871876041906,0.37424336774867817,0.3779906873461254,0.46445322102458597,0.3267037557943134,0.39330691688172853,0.2594463347357943,0.3539082523776586,0.2546795195980922,0.44474691104115127,0.47450988462138316,0.3418431852621011,0.6167897406685472,0.47595278522352386,0.5189979363492007,0.3673189368089502,0.4767912564098082,0.5154017882420869
2023-05-30 09:00:00,0.4336510379914135,0.5362569120585503,0.44417192925740945,0.40723177294251284,0.37336084183028667,0.38741968449703423,0.4481742591180893,0.5098477020666811,0.4496298965124764,0.27635132921906574,0.3811518478053413,0.3357390755911407,0.4460556202451929,0.613277277621474,0.5350998440413385,0.5017622195708563,0.4023904271478338,0.40911016395780525,0.4090789976535532,0.5857366392962466,0.6108202527420091,0.33378768806054154,0.7115724473453874,0.553451825313958,0.6473093354537488,0.47648512611093957,0.5829027788538073,0.6095129098107833
2023-05-30 10:00:00,0.5297821880414322,0.5304400397577502,0.5767305248729471,0.5014340333504397,0.46774848126427443,0.4575378702186552,0.551262513567719,0.5557711415841707,0.48496911647196894,0.3617538845079555,0.445627706937592,0.45621595593893155,0.49484116478923773,0.6638106648125235,0.5779217197039932,0.5997885820564681,0.4950600716195181,0.5214083216183582,0.4935763535432901,0.6477546056620138,0.6669863000782769,0.4615566640719091,0.7608107408335222,0.5386578135961029,0.7245425959235541,0.5431266522025687,0.5831644880291058,0.6117964232061954
2023-05-30 11:00:00,0.6249458512554161,0.6153304317442881,0.6220715904331534,0.5375902191418108,0.5614771058563577,0.5155495834844259,0.5980930027642302,0.6164653931646276,0.5619995990919855,0.38152045904082654,0.5020246407491681,0.48805091790381644,0.5558816824851623,0.7170210927228869,0.592836621738147,0.597366046953272,0.596971067667367,0.5631097907790074,0.5794117452850766,0.6465385198420744,0.7161278096741739,0.4733450356998394,0.7460239464301694,0.6307022024945699,0.7311159352582819,0.5462382280188969,0.5914682049084429,0.6642473657611192
2023-05-30 12:00:00,0.5891075629848691,0.5549188370384526,0.643395775759881,0.5511940015043133,0.6047107777582594,0.5087859405608811,0.6684120091489704,0.650918168454349,0.5755365803943988,0.34583884247328167,0.5058488508662472,0.4910564606875308,0.572716351336884,0.7353951942906334,0.5775260079665728,0.5869948549863947,0.5517025699517152,0.5449074400311706,0.5589195408172997,0.6212518497403798,0.7306287453136942,0.44373764797360865,0.752427488342799,0.6139295614926683,0.7597198642901023,0.5598402283642688,0.6279607588563472,0.6138516744342472
2023-05-30 13:00:00,0.6340581025214138,0.5987266072537066,0.7361952790199562,0.6811665061922612,0.6714996700354076,0.5436988850024237,0.6958379794217123,0.7161642196784744,0.6140936198263564,0.5203795224379436,0.6375276576061116,0.5796364935888316,0.6185736849646809,0.7705828633428982,0.6323978652285931,0.6235150642696927,0.5732874122204621,0.5507387693832485,0.5717890798168497,0.7157489375405296,0.7672423125181116,0.5445150559291833,0.7475373792854674,0.6658238414752423,0.7784715270586965,0.5953199368114166,0.6721853853501193,0.6394615759077571
2023-05-30 14:00:00,0.648618449650607,0.6860941140267744,0.7245237411337876,0.6501196647505226,0.6682927364224888,0.5298731783934411,0.7344663633262454,0.7242858613100132,0.6415707978144115,0.5057375816101229,0.6207704359209975,0.5756997390426967,0.6378786253928059,0.782132727568499,0.6351547130314339,0.630972780857976,0.575653425230487,0.5352817124712671,0.5744056317019711,0.6861351901878202,0.7780021733657844,0.506351815647874,0.7638800587396691,0.7159263463514637,0.7784501587197685,0.6088937912825723,0.6705979559934662,0.7223037888221929
2023-05-30 15:00:00,0.650580466014382,0.6816813175577853,0.764003897383981,0.7013763778179135,0.6404455972371511,0.5287165233303518,0.660476544543585,0.6504789033853936,0.6361645841113921,0.5359366044330937,0.6001741042712609,0.6392362720158216,0.6116526897765945,0.7219979414109086,0.5978184488197102,0.6434116918429035,0.5813697153936775,0.6065713548771803,0.5956667617641616,0.6613446496127282,0.7269055811805162,0.5917874913051092,0.732702513508241,0.7159089041000046,0.764957459682131,0.5722957344819054,0.6904290385426488,0.7358548352571123
2023-05-30 16:00:00,0.6922500834994902,0.657521306214645,0.7389176847779946,0.6468298184768213,0.6256811774450063,0.5098842684815981,0.6214543958622208,0.5953942395637167,0.6595758885619772,0.5234334029346016,0.5720058785269124,0.5926567842050956,0.6338238133421769,0.6674856147185761,0.5434769340176252,0.6426138952965867,0.5748205449829582,0.6955007950673592,0.5778273267445946,0.6185610875139342,0.6748128979307986,0.6178379761331941,0.7199750346963841,0.7095798524229375,0.7493056515878734,0.5317816709264018,0.6498647892932254,0.7304807764348967
2023-05-30 17:00:00,0.6263742123085967,0.6160582153171889,0.6609032440209921,0.6687914303907294,0.5904406094640356,0.46766664986421447,0.5840081272244998,0.53737260971877,0.6206533029454605,0.4403287626638126,0.4642422499368324,0.5972269177372227,0.568895283329758,0.6110557827261824,0.4856299291625861,0.5574755273172871,0.49737375606927575,0.5936694293719256,0.5241352517738461,0.5651677400286276,0.6208013726692282,0.5262689366024365,0.6753716500501528,0.7032779028781296,0.7277025381677361,0.4395006152827085,0.6289009925962853,0.7126511728720499
2023-05-30 18:00:00,0.6564300305058106,0.5484132251519543,0.6699156232037755,0.6238522551401744,0.5396843924707374,0.41259190469121104,0.524512650230328,0.5073438213464858,0.6273227576347686,0.5527954505898107,0.5135433989970675,0.5846930716401352,0.6119956164866065,0.557073599601864,0.5032034640988591,0.5822091361388221,0.49811326120255706,0.6162765409713574,0.5295025759561215,0.5605228638799178,0.5714653050057297,0.5930443263957682,0.5632419909711668,0.5822141601415349,0.6886484632685212,0.4324065497826889,0.5694659098359136,0.637202944460875
2023-05-30 19:00:00,0.5680675806472941,0.47216868113124694,0.6197700950367009,0.5756627765135092,0.4196763827866462,0.3183940028458433,0.5374526058492944,0.4957414004143424,0.5323473546156572,0.5380612642475271,0.5064388024561818,0.5065478132366746,0.49218869969829815,0.4979556306863795,0.4435981030393436,0.5109029416733816,0.3760294908525377,0.5166775322204339,0.3825575638104053,0.4974323139940624,0.5041112549515846,0.5172219076712171,0.4880259228787241,0.5171978490897694,0.6042513815805722,0.3219643183845666,0.44246020684061166,0.5643178416043927
2023-05-30 20:00:00,0.4558342969230266,0.4578912992886512,0.5066857254338295,0.466711700631885,0.3258425587056126,0.2876819162643191,0.48544501963735104,0.4479348757928426,0.4737129141615683,0.4339417839799686,0.43613689296872515,0.4182630554716545,0.4239592450416861,0.4513397416057486,0.4034352423455875,0.42130303814777226,0.3623873910352058,0.4124608100882669,0.3945507285828594,0.45468084309935203,0.4521059029419066,0.41516986454694016,0.4185942612176088,0.42524564823491384,0.5024780958696601,0.3134808432555373,0.40335416597968926,0.4335802692491792
2023-05-30 21:00:00,0.31136421311589213,0.3054040220055276,0.3294383388442596,0.30732904196592864,0.21581025171629317,0.17870613630377571,0.27040128123752843,0.25526527661883464,0.3237550755304756,0.29391824646350806,0.27750475452339163,0.3007009800093226,0.2948261538002257,0.24875072814971155,0.25824322018487905,0.2963432363949331,0.2438748929470691,0.2632607079612003,0.25667909953557055,0.26212892774066887,0.25175395837311076,0.29240527742150685,0.1307072380734836,0.2463300377401735,0.30894643914446934,0.22167281740773634,0.24855849797464918,0.2551576782625305
2023-05-30 22:00:00,0.0,0.0,0.0,0.0,0.11245107896293492,0.09634105965465804,0.0,0.0,0.0,0.0,0.0,0.0,0.0,0.0,0.0,0.0,0.14005856423405913,0.0,0.15583557802451778,0.0,0.0,0.0,0.0,0.0,0.0,0.10857928689695275,0.0011780654592899041,0.0
2023-05-30 23:00:00,0.0,0.0,0.0,0.0,0.03503893610395046,0.0,0.0,0.0,0.0,0.0,0.0,0.0,0.0,0.0,0.0,0.0,0.0,0.0,0.0,0.0,0.0,0.0,0.0,0.0,0.0,0.0,0.0,0.0
2023-05-31 00:00:00,0.0,0.0,0.0,0.0,0.0,0.0,0.0,0.0,0.0,0.0,0.0,0.0,0.0,0.0,0.0,0.0,0.0,0.0,0.0,0.0,0.0,0.0,0.0,0.0,0.0,0.0,0.0,0.0
2023-05-31 01:00:00,0.0,0.0,0.0,0.0,0.0,0.0,0.0,0.0,0.0,0.0,0.0,0.0,0.0,0.0,0.0,0.0,0.0,0.0,0.0,0.0,0.0,0.0,0.0,0.0,0.0,0.0,0.0,0.0
2023-05-31 02:00:00,0.0,0.0,0.0,0.0,0.0,0.0,0.0,0.0,0.0,0.0,0.0,0.0,0.0,0.0,0.0,0.0,0.0,0.0,0.0,0.0,0.0,0.0,0.0,0.0,0.0,0.0,0.0,0.0
2023-05-31 03:00:00,0.0,0.0,0.0,0.0,0.0,0.0,0.0,0.0,0.0,0.0,0.0,0.0,0.0,0.0,0.0,0.0,0.0,0.0,0.0,0.0,0.0,0.0,0.0,0.0,0.0,0.0,0.0,0.0
2023-05-31 04:00:00,0.0,0.0,0.0,0.0,0.0,0.0,0.0,0.0,0.0,0.0,0.0,0.0,0.0,0.0,0.0,0.0,0.0,0.0,0.0,0.0,0.0,0.0,0.0,0.0,0.0,0.0,0.0,0.0
2023-05-31 05:00:00,0.0,0.0,0.0,0.0,0.0,0.0,0.0,0.0,0.0,0.0,0.0,0.0,0.0,0.0,0.0,0.0,0.0,0.0,0.0,0.0,0.0,0.0,0.0,0.0,0.0,0.0,0.0,0.0
2023-05-31 06:00:00,0.14753948608434583,0.19722775986445937,0.0,0.08872614640724942,0.10364978933528135,0.03418293373308644,0.030891843577538353,0.0383933048268472,0.08399265243077589,0.09721257296264406,0.027437918292878213,0.20585572916316675,0.07308835202206283,0.03195037993451401,0.03269401788551983,0.026351958331438434,0.0003203743797017057,0.25792022765838946,0.0,0.11465709671691114,0.03594417742632826,0.20333519374855766,0.40869453872617634,0.26743796540418574,0.34698983783675463,0.03750328039740301,0.31821107785341685,0.24833264009470535
2023-05-31 07:00:00,0.33850504532746706,0.3025307782106376,0.2892829205641994,0.16462796715956116,0.1934591123060328,0.10214070480460735,0.14144348988954558,0.14122405637345223,0.22095550217100057,0.24510529835754774,0.18028135744095564,0.2784688955024125,0.2068102943519799,0.1510456945271911,0.13986681755707164,0.1560695172449876,0.14222088410462008,0.3386281416410138,0.14867908513182085,0.21081020572909526,0.1608385057338435,0.33909646913747754,0.6016237192290822,0.3895129846420341,0.5019042881933632,0.09719024812990136,0.4994245652583222,0.35657111463691876
2023-05-31 08:00:00,0.5453555417265256,0.4669865648098863,0.468579977136776,0.27683467093048897,0.2860876322038969,0.19034475083134017,0.2591175844805323,0.2542969331081692,0.4176270255691705,0.42453441796740177,0.34137228660252644,0.4407743535250467,0.3939559080721594,0.22950426045314978,0.22056124888975664,0.2996431031738676,0.2481908516170222,0.5787493010200365,0.2580875678773713,0.2620574495135752,0.237412369435404,0.5331255635678764,0.6888312221802586,0.5178163763629917,0.6063710374379473,0.16358879825948788,0.5822507273700813,0.4921433165547926
2023-05-31 09:00:00,0.621869437077988,0.5619529261323231,0.5023686737369363,0.35582318951196723,0.38529896314126927,0.2984894254233022,0.3236181969674189,0.3306716177415319,0.5391675709063336,0.40428265575748223,0.3369202506159118,0.537331463872525,0.539903553346267,0.36719331421609036,0.31243447281149794,0.4053630567631002,0.3616696502231789,0.655506816350527,0.3787887018905872,0.4665463386011567,0.3776416871192297,0.5682183639245909,0.7414575529322837,0.5489011593145062,0.6304890276069941,0.2917247534932671,0.5880234483400162,0.5407915285913101
2023-05-31 10:00:00,0.6457195233238775,0.604018046003859,0.5996503101513064,0.46358286557928585,0.465336401529741,0.3869115290273488,0.49237118353084286,0.455158630436253,0.608540412838436,0.5392539583178191,0.49546078871280136,0.5952623189992873,0.6025923271704621,0.42726604295692155,0.4799935190455737,0.566183871936668,0.4860209286717136,0.6679127419382508,0.5138414294215751,0.4115743847298467,0.4273837331741107,0.6369337720560423,0.7822011656707987,0.6387176829671048,0.7057709919673324,0.42442087665392414,0.6771470837642057,0.5992359631472739
2023-05-31 11:00:00,0.6398521532452456,0.5869078134912397,0.6265860247954821,0.4674399177888376,0.538077798819105,0.4567289011813034,0.5645317050745753,0.5046333603998759,0.5996122404885559,0.5583930450484201,0.5181887666573642,0.535065487780946,0.5646837451632487,0.47465804288843966,0.5376680077715472,0.5527232329927807,0.5398854098410515,0.635383066339968,0.5484101453024808,0.459159793333234,0.4749370436486935,0.5994438161195265,0.7853012178035407,0.6551996144770197,0.7238799967467868,0.5016507730903742,0.6439405013383341,0.599705625602795
2023-05-31 12:00:00,0.5630170978285302,0.48407590952095425,0.6443467081752635,0.41547938247860294,0.6879987399736927,0.5503072700360611,0.5715143534330216,0.5596534494844243,0.5729617437952652,0.6259035934738055,0.5754365819912641,0.4108168611618349,0.5336338166827261,0.5636344497722318,0.5686156873192362,0.598222930107015,0.619145963215027,0.5817741223469669,0.599467275609495,0.5177395112738724,0.5696188290721507,0.5713486350152662,0.6677587095557984,0.5049442271063806,0.6704124436259004,0.566340275432206,0.6189742231571392,0.4828086379696801
2023-05-31 13:00:00,0.6846596275836069,0.5835366429833286,0.6820553607916892,0.6229625876485024,0.694736386418812,0.6096390239906865,0.5809008033000106,0.5819591925016627,0.6342550794212964,0.6544210419826326,0.5943375130007021,0.6687370591639106,0.6348723056917422,0.6010620357577664,0.6769145734823411,0.6958507431959726,0.6530220499354353,0.6876680145200739,0.6255261157152651,0.5968777690355602,0.6122613787843068,0.6991376043924143,0.6867952660146808,0.595467895531686,0.7072788586605273,0.6275604179569445,0.6429616710869073,0.5985954171725072
2023-05-31 14:00:00,0.6264324906435286,0.5833772377915994,0.6990281018932326,0.5725597540151509,0.6981843756523421,0.605519045049811,0.5901148885125596,0.5704849602253859,0.5900278484811876,0.6291018902186227,0.5862990372421746,0.6265530306223588,0.609041290478796,0.5709644918480726,0.5891570207452856,0.6479479351173907,0.5710591840118365,0.5896447382769124,0.5443114773220004,0.6032727415792981,0.57878063491964,0.6352089958439716,0.652517872769817,0.5814205247466503,0.6552472022707353,0.5990058862353681,0.5677717088723996,0.5837642429900454
2023-05-31 15:00:00,0.6305084491289322,0.6213686679444301,0.7420727033043609,0.5515151731579517,0.7013780914930775,0.6570929480147654,0.6370960791892516,0.5864069612442635,0.6242842601453434,0.6615987755092132,0.6126824352607173,0.5759916744070466,0.6432940323279365,0.563923183592183,0.6490736417832591,0.7024549911243645,0.6737440290012136,0.5766778974224865,0.6249034178291218,0.6098501781737103,0.5714272223187818,0.6193366991808766,0.6744936364417606,0.6163635563421739,0.6687969414407477,0.6254683064044567,0.5661271721729091,0.605183639271381
2023-05-31 16:00:00,0.6457165500654012,0.5954096307537686,0.7343750207430919,0.5451014351837072,0.6617214143345392,0.6018933586624665,0.619840329825953,0.5579867659799852,0.6179814696861042,0.6655394943603904,0.6064999262558507,0.6122221962317771,0.6213576136887319,0.5223277043219904,0.5194542239427545,0.6075641239055971,0.6118466199995263,0.5226238570179577,0.5951050677181311,0.5608961821136565,0.5290114854482615,0.6400007614359031,0.6668045757145395,0.5285751079799393,0.6722019424904375,0.550759857975456,0.5481244089867586,0.5068474090692071
2023-05-31 17:00:00,0.6128096494392016,0.5478674563723185,0.7374687051977897,0.5275482970852953,0.6543944805418243,0.604570028903634,0.6704302116929283,0.6090494080847578,0.6023495978428459,0.6809055936226808,0.6499145820328016,0.5431016795696556,0.6013274209403119,0.5591108893478394,0.5408536841801573,0.6188717307251993,0.5844448206488776,0.4652537545729674,0.5738549298130695,0.5850117040560399,0.5601465143416148,0.5731197481701941,0.628071752376599,0.5210671998101574,0.5763312582420411,0.5680163998183614,0.49489141775248974,0.5023792491996535
2023-05-31 18:00:00,0.5509778421088523,0.4884721573057454,0.6587207438488379,0.46251995657727124,0.5864199828893034,0.5124164116880934,0.6344530158923488,0.5627696446899043,0.4909810397556091,0.5850351388143459,0.5752945779826567,0.49895203193789145,0.42991367700114264,0.5148130529956949,0.43505697285302525,0.4216779339753539,0.5173602783269227,0.4752945281489433,0.49354303251866877,0.5386731014567583,0.5121959696420021,0.5326171364384947,0.6095914605835225,0.5306138127335124,0.4622724820610913,0.49242705905844386,0.42660867771815925,0.5210818749076728
2023-05-31 19:00:00,0.4598826031300079,0.362054071770688,0.5884172131401109,0.3091914105925845,0.5297477827946218,0.48063325926833605,0.5625676999679525,0.5005484678722704,0.4717382476676625,0.5127926903841289,0.4972236613034341,0.3538233863672299,0.4058645731075375,0.4746933650754894,0.4278847746146064,0.46737016875837656,0.5061545854633629,0.3984245585365375,0.5171737753917682,0.4270571246462259,0.47532204945959483,0.44323411318606826,0.5658885385973018,0.5176524996747272,0.4945085366282875,0.4794249631480888,0.4750465393471575,0.46205639091813366
2023-05-31 20:00:00,0.3686629194816817,0.30420340645877963,0.48543922161992903,0.29585537319001187,0.4739798817357517,0.4492802282744503,0.4430235228947958,0.4056608731510068,0.40462025531933915,0.4267412452222764,0.4085058165588421,0.26335249331328775,0.31908127666011504,0.3729491325818516,0.4094981564866265,0.33640851560665486,0.4268606407839063,0.23291888805784774,0.43662879129799964,0.4114510344886183,0.37331947319620923,0.30525407407251665,0.43501487101793007,0.4019683074909295,0.3884662227567395,0.44941793711188033,0.4195631530624804,0.38726486561049783
2023-05-31 21:00:00,0.32818584924099753,0.24694351956165628,0.3183428811768183,0.1944920373949821,0.38286817011364505,0.3100329166346503,0.3072214620973366,0.27325436922281493,0.3181492591918542,0.2879889972978246,0.2889192349677589,0.2353643695305781,0.2544845980049281,0.2395691463980213,0.2926266980884555,0.23280574412710445,0.3277282549131528,0.32720903404767937,0.3087544375643411,0.23577521910216834,0.236483822434027,0.30111246413943865,0.13056235841501415,0.29104877022863873,0.2360446134884292,0.34635334902872555,0.30121527080793836,0.28159886947652985
2023-05-31 22:00:00,0.0,0.0,0.0,0.0,0.25309834753450056,0.1613391529122508,0.0,0.0,0.0,0.0,0.0,0.0,0.0,0.0,0.009244482787781609,0.0,0.18477161714072218,0.0,0.18442490342387607,0.0,0.0,0.0,0.0,0.0,0.0,0.20572728951390587,0.005413127386853595,0.0
2023-05-31 23:00:00,0.0,0.0,0.0,0.0,0.0724897923571284,0.0,0.0,0.0,0.0,0.0,0.0,0.0,0.0,0.0,0.0,0.0,0.0,0.0,0.0,0.0,0.0,0.0,0.0,0.0,0.0,0.0,0.0,0.0
2023-06-01 00:00:00,0.0,0.0,0.0,0.0,0.0,0.0,0.0,0.0,0.0,0.0,0.0,0.0,0.0,0.0,0.0,0.0,0.0,0.0,0.0,0.0,0.0,0.0,0.0,0.0,0.0,0.0,0.0,0.0
2023-06-01 01:00:00,0.0,0.0,0.0,0.0,0.0,0.0,0.0,0.0,0.0,0.0,0.0,0.0,0.0,0.0,0.0,0.0,0.0,0.0,0.0,0.0,0.0,0.0,0.0,0.0,0.0,0.0,0.0,0.0
2023-06-01 02:00:00,0.0,0.0,0.0,0.0,0.0,0.0,0.0,0.0,0.0,0.0,0.0,0.0,0.0,0.0,0.0,0.0,0.0,0.0,0.0,0.0,0.0,0.0,0.0,0.0,0.0,0.0,0.0,0.0
2023-06-01 03:00:00,0.0,0.0,0.0,0.0,0.0,0.0,0.0,0.0,0.0,0.0,0.0,0.0,0.0,0.0,0.0,0.0,0.0,0.0,0.0,0.0,0.0,0.0,0.0,0.0,0.0,0.0,0.0,0.0
2023-06-01 04:00:00,0.0,0.0,0.0,0.0,0.0,0.0,0.0,0.0,0.0,0.0,0.0,0.0,0.0,0.0,0.0,0.0,0.0,0.0,0.0,0.0,0.0,0.0,0.0,0.0,0.0,0.0,0.0,0.0
2023-06-01 05:00:00,0.0,0.0,0.0,0.0,0.0,0.0,0.0,0.0,0.0,0.0,0.0,0.0,0.0,0.0,0.0,0.0,0.0,0.0,0.0,0.0,0.0,0.0,0.0,0.0,0.0,0.0,0.0,0.0
2023-06-01 06:00:00,0.1547925745617511,0.30467143532969054,0.0,0.2390168731462671,0.1804093816598633,0.028507367403828983,0.03920385857028839,0.09447697547019075,0.12126737555423865,0.11961700162950491,0.04515042687695341,0.24139647952135082,0.12524576671417306,0.11704215370975223,0.10550962305358802,0.07642915300636574,0.0017357683043019879,0.2935658468592098,0.0024494057293139213,0.22265762818301169,0.13167242292347126,0.22047918958421212,0.20570517894459153,0.33656768507263224,0.28070330366331714,0.10031067585476909,0.3399354080166362,0.3183229945563349
2023-06-01 07:00:00,0.40266698696599085,0.4976248304283106,0.3672893502866834,0.39731800600204603,0.3031677623453512,0.12201310248503343,0.2426385021243974,0.2848158019359222,0.3675299305992437,0.3915511189666311,0.31637559397120174,0.3785215766030162,0.3806926462488196,0.2931752403326986,0.21917276118325701,0.2595298298917883,0.06599499019701824,0.44717960301371873,0.06819542261241252,0.38848290396285357,0.3033365675820997,0.41212300773009125,0.28889811039368657,0.5526401951816943,0.40769799418846714,0.21994881501166252,0.47101370702723533,0.5308413911354943
2023-06-01 08:00:00,0.5832760029833086,0.6569811811699624,0.5603171485541418,0.5052487352882961,0.446542974810613,0.21247135143026924,0.38689638116182906,0.4149779704314684,0.5139764442913847,0.5441673122122512,0.47683990973750967,0.5205965149767036,0.5463902525823142,0.40570215328625364,0.34224613570578116,0.3678461319168502,0.12124529333402165,0.624238554859878,0.1343957629162646,0.42982429991420856,0.41465332015524076,0.6030458976611438,0.34083924729518383,0.6702574847413234,0.529403882110284,0.3559070996079448,0.583502958223622,0.64227158667841
2023-06-01 09:00:00,0.6951233285285623,0.7419896715356767,0.6793817506749195,0.628683687798529,0.547665716232439,0.42732377737090904,0.6261978187951498,0.6533486224522679,0.633560420011389,0.6810165807333339,0.6779311853894432,0.6874908875020532,0.6572922242130604,0.634053369499219,0.6050967395891018,0.6228530672374392,0.244658251684919,0.7083711147201347,0.1994454007460036,0.6080793539189064,0.631375504175238,0.7042820003592363,0.3435992999220595,0.7238301873753911,0.5069921129698005,0.48628109326399427,0.5948148256367197,0.7067620587323545
2023-06-01 10:00:00,0.7543652884450649,0.7851733707093659,0.7131149124452802,0.6709805668356398,0.5572138948538781,0.4571811066591763,0.6840757088498589,0.7249549484643941,0.674002600129342,0.7258853028769381,0.7343602053490988,0.7041679869356684,0.7055418506182685,0.7192126978887883,0.6211277553013774,0.6738130533400992,0.22735377383994196,0.7538744170254797,0.20392484894907595,0.6131376530422612,0.7144907047300825,0.7348356347251627,0.3701140868466505,0.7815072636580357,0.5356900862914631,0.49985913313311736,0.6897796935953077,0.7736502065816224
2023-06-01 11:00:00,0.7271643158181341,0.7285793347319482,0.7585833290314563,0.6766399581270645,0.5843335624114788,0.4186713217807176,0.7484390836422933,0.7690100874810769,0.7209583592685916,0.7429484963710913,0.7579223251052714,0.6591177948368354,0.7440196627815947,0.7668434015561141,0.6067544266098454,0.6854958043572521,0.2693059400461318,0.7341057658223923,0.25663921798049855,0.668328848812563,0.7635103027467985,0.6892646232046203,0.515422058940731,0.7772532789275918,0.652260326136195,0.47961647024319437,0.7411664406712447,0.7785017174843949
2023-06-01 12:00:00,0.7206664833703134,0.6453160498228564,0.7253791509694523,0.5643317211603429,0.5398986801916444,0.28576963173088915,0.6576082504007507,0.6725435704366124,0.7259623111479797,0.6884265008985542,0.6717107594208248,0.6314164070846766,0.7265871234259509,0.7002861042312513,0.5089328408388114,0.636090292494096,0.2066296076641967,0.7586745772064214,0.1802736718435472,0.5874270104352947,0.7042070487658376,0.7092719790328587,0.5640666479403796,0.7658892595363849,0.5823801613172951,0.36570277296466536,0.7344258909787736,0.7781633043212286
2023-06-01 13:00:00,0.6813252124445784,0.5809261099153092,0.760650641743194,0.598541297472432,0.5898966570023877,0.3647067391335025,0.7417852364173497,0.7258425369936684,0.7309627366394039,0.7467843589923909,0.7300289283312221,0.632083650450787,0.7432567371238474,0.7243769991641889,0.6245521961391607,0.7111965835083104,0.30648101157068036,0.6599542191877361,0.2741634265688372,0.6627654789122583,0.726817728212309,0.6643303515515084,0.5196553754871237,0.7377220776534458,0.6044175591894497,0.4236226309215233,0.7170731989463763,0.7095690422105732
2023-06-01 14:00:00,0.6652721714697353,0.5461794735355624,0.7700274861025797,0.5773462327044613,0.5997741820140484,0.37430228319372005,0.8059270767385341,0.7557100993262206,0.6981543616409432,0.7616425844400447,0.771531897553632,0.5514884826625999,0.6910107707227002,0.7175816034501445,0.5149171544993485,0.6516398342831713,0.2902207297424066,0.6172731038417409,0.28721491683346756,0.6437470996902019,0.713105997988849,0.6274987968167625,0.48719662211426956,0.6668281868615056,0.5769921553784821,0.4008842997652867,0.6682331170410739,0.6582666598225249
2023-06-01 15:00:00,0.6672936812402877,0.5389381130790816,0.7891077899203874,0.5575352424167905,0.5820032827720448,0.371796123975238,0.7128493512121971,0.695627705474939,0.647447016776514,0.7353595642584678,0.7177358798377211,0.5513916392307452,0.6403692447916738,0.6891800626123972,0.4860590683107614,0.6090114669694532,0.3016060598157796,0.6189207791777297,0.3079846798250216,0.6027688099327829,0.6933988107520663,0.6414694664594693,0.4880393466049891,0.6530019002449071,0.61039447943608,0.40737674640236043,0.6211338290002487,0.6440274529106426
2023-06-01 16:00:00,0.676006759331752,0.49654907025706935,0.8063266404320776,0.5036594659838269,0.5896615706887504,0.41677442064538883,0.7928532716651192,0.7818875548066658,0.6475175336256572,0.7761003265813363,0.7856066526765514,0.49897846426051845,0.6595705596637446,0.7751146391644343,0.5755015335306425,0.6521593767853263,0.2634519541842733,0.7078997088617447,0.2713716564857657,0.7252844318703529,0.7738691919713113,0.686716076253956,0.48399454111241963,0.543712267441404,0.6146133419493425,0.4264608752460586,0.6361649153669067,0.555155063190267
2023-06-01 17:00:00,0.5885402828360656,0.41216388906258683,0.771480711366989,0.4441532785265247,0.5528811942783219,0.39370517490150775,0.7573161479518858,0.7449065292162896,0.5687578107143223,0.7211462615143682,0.7499249622799101,0.43606589102636,0.6140667222107443,0.7476693599470078,0.4435999468317335,0.5711763043847718,0.19852263009738358,0.6313440554922488,0.22623041276012776,0.5901886994718073,0.7451916712248925,0.5977657359532472,0.44511053410351026,0.5123388731264074,0.5416610971061847,0.4056474682054277,0.5341015213713737,0.4909678897802827
2023-06-01 18:00:00,0.591612471163336,0.36010526401534104,0.7257096029318569,0.5826698420816357,0.5143840530546621,0.35336725307875305,0.7133149029680174,0.7097050774256676,0.5132111068009656,0.7108764825836265,0.7201201563385216,0.4676748490889067,0.5679530544590267,0.6988277851530024,0.510781889472777,0.5160344385560391,0.17468969709508816,0.6214916909638301,0.18992097113365605,0.6194908390847806,0.6971231783301801,0.6245192299837693,0.42173782421139394,0.49944615149882815,0.4328753136785091,0.3969659875190313,0.4969381981211134,0.4497123129837202
2023-06-01 19:00:00,0.48164191430235714,0.35098398342111603,0.6357190412109666,0.6283330566673169,0.43853746294851464,0.22536450070017336,0.6268985470993185,0.6252427271403547,0.3889651496272241,0.6475747869934515,0.6368381001064936,0.4646622038359931,0.4363762088924524,0.6133136936631565,0.3122512324380327,0.3784369201865113,0.1171194608984481,0.5452921862352309,0.1330241961025488,0.6433277586889503,0.6141688517683234,0.5192147180842853,0.315360124995422,0.4376900861062844,0.34173595529727013,0.2540203874969841,0.42911449910958477,0.47167521858805894
2023-06-01 20:00:00,0.4275244896368012,0.39260113611475744,0.4928024472357166,0.49236518683452224,0.3310431207750984,0.13236448384018346,0.5320510627900079,0.5217839161842021,0.2623331385445059,0.5274275357260197,0.5339013378385075,0.49787698436208594,0.2847272925044779,0.5152716471195066,0.22946537730899166,0.211971446840665,0.06979876558484839,0.5683971807575414,0.07034041057834158,0.46198065248504644,0.5138562407610708,0.5540506487560847,0.2763791825535961,0.4458061702591778,0.32032415979549894,0.1444344156550371,0.44187998723498245,0.4241926613051431
2023-06-01 21:00:00,0.23532111761661612,0.2815017669204483,0.2255053561133037,0.3278090886142505,0.26244136554723685,0.07678365460663297,0.3194686868394275,0.3225990870363546,0.15193847076529027,0.3300346377348858,0.328548362164567,0.3205158401273213,0.15487624043118037,0.3182289342693003,0.11249111674317905,0.09803687844491286,0.020714514024864218,0.33244309630733265,0.021281421508102295,0.31637446513195167,0.3172518171574488,0.307283482881068,0.1129586264994147,0.31388932927684027,0.2216485994327906,0.06910961539623138,0.331460072575968,0.30904685246911223
2023-06-01 22:00:00,0.0,0.0,0.0,0.0,0.18537001067687683,0.026615790205341158,0.0,0.0,0.0,0.0,0.0,0.0,0.0,0.0,0.00025432256887395036,0.0,0.00094143685537504,0.0,0.0005238936972253062,0.0,0.0,0.0,0.0,0.0,0.0,0.018794138410266722,0.014391489928255638,0.0
2023-06-01 23:00:00,0.0,0.0,0.0,0.0,0.04404435685344832,0.0,0.0,0.0,0.0,0.0,0.0,0.0,0.0,0.0,0.0,0.0,0.0,0.0,0.0,0.0,0.0,0.0,0.0,0.0,0.0,0.0,0.0,0.0
2023-06-02 00:00:00,0.0,0.0,0.0,0.0,0.0,0.0,0.0,0.0,0.0,0.0,0.0,0.0,0.0,0.0,0.0,0.0,0.0,0.0,0.0,0.0,0.0,0.0,0.0,0.0,0.0,0.0,0.0,0.0
2023-06-02 01:00:00,0.0,0.0,0.0,0.0,0.0,0.0,0.0,0.0,0.0,0.0,0.0,0.0,0.0,0.0,0.0,0.0,0.0,0.0,0.0,0.0,0.0,0.0,0.0,0.0,0.0,0.0,0.0,0.0
2023-06-02 02:00:00,0.0,0.0,0.0,0.0,0.0,0.0,0.0,0.0,0.0,0.0,0.0,0.0,0.0,0.0,0.0,0.0,0.0,0.0,0.0,0.0,0.0,0.0,0.0,0.0,0.0,0.0,0.0,0.0
2023-06-02 03:00:00,0.0,0.0,0.0,0.0,0.0,0.0,0.0,0.0,0.0,0.0,0.0,0.0,0.0,0.0,0.0,0.0,0.0,0.0,0.0,0.0,0.0,0.0,0.0,0.0,0.0,0.0,0.0,0.0
2023-06-02 04:00:00,0.0,0.0,0.0,0.0,0.0,0.0,0.0,0.0,0.0,0.0,0.0,0.0,0.0,0.0,0.0,0.0,0.0,0.0,0.0,0.0,0.0,0.0,0.0,0.0,0.0,0.0,0.0,0.0
2023-06-02 05:00:00,0.0,0.0,0.0,0.0,0.0,0.0,0.0,0.0,0.0,0.0,0.0,0.0,0.0,0.0,0.0,0.0,0.0,0.0,0.0,0.0,0.0,0.0,0.0,0.0,0.0,0.0,0.0,0.0
2023-06-02 06:00:00,0.11506240621534485,0.19857375581822487,0.0,0.3143992653077649,0.06752525959544159,0.009448265722666252,0.03906350424884469,0.1815615621844545,0.05977948640681576,0.15434297647638479,0.06668539034851824,0.30781710079569835,0.05798730175657015,0.21879177708875716,0.09695577321162986,0.04647714976558093,0.00014991578377494239,0.18891114959850794,0.00027095062420026873,0.276836453870322,0.20906758003828735,0.22603189366539703,0.13285873149123362,0.31579079068864235,0.277329954996848,0.031989499277240804,0.372757536596846,0.3285559499962177
2023-06-02 07:00:00,0.31477468957784865,0.37732908842626944,0.26041878266821344,0.5188832822697971,0.14507142883792218,0.054092584745653184,0.31032321398782364,0.3535495089154033,0.27110285688001406,0.2785497530950245,0.2737131633513415,0.522204237144677,0.3362711058960037,0.40787492815581644,0.27416624753308627,0.2776188124710277,0.02245465362389271,0.33442239784837396,0.01615899979966559,0.4364737810591237,0.4110174371505024,0.37651939289148184,0.23250442614303615,0.4845577769219757,0.33221557233107013,0.10201438093529216,0.557036212901976,0.5180548636239249
2023-06-02 08:00:00,0.49703291296203567,0.5412926068097201,0.4511522025585016,0.6638174738905585,0.24118604649142342,0.145654428506253,0.5213946039759446,0.5396278555823569,0.45551980305750167,0.49712770253746574,0.49450663824824675,0.6677331816119877,0.5495637609828478,0.5730166682399734,0.5147646537528836,0.5306067209588967,0.0932617702209768,0.5918842457271907,0.046152454938931435,0.5944594359342095,0.5755626355867969,0.5818596779904242,0.49743028931441624,0.6470384276780433,0.5897361966631798,0.25367272302353205,0.6809244413195928,0.659753659290901
2023-06-02 09:00:00,0.5897902561149134,0.6377355801713253,0.5821642285432067,0.7393195942672651,0.38749283971114334,0.28477344223905543,0.650871446806356,0.6498133117901398,0.559735790433528,0.5900135251330061,0.6096526291273021,0.7106257514846089,0.6630703243628433,0.6819117673660254,0.6793580205239256,0.6596224892158409,0.25009811033458673,0.650943922924016,0.17255851535473965,0.6723809349002153,0.6836536377247956,0.6427600475106633,0.6391856426367487,0.739335211218196,0.7202968961221328,0.43568621143773784,0.744827282784683,0.73738863498893
2023-06-02 10:00:00,0.6557128807412421,0.7093414987031688,0.6940796532510114,0.7680439985978406,0.4886042170162887,0.3040829440085105,0.7271906173398826,0.7235726225659046,0.601430796904913,0.6828155311470534,0.7031613240235122,0.7396089954405146,0.6574059980801839,0.7429491977595875,0.7281673852908748,0.6755035853073019,0.33976955348933463,0.6802556777631797,0.23765294020049105,0.7168291023703411,0.7430282433075698,0.6989962838123999,0.7256295876851879,0.7778277598975603,0.7928252795497862,0.5149362489788027,0.7637748988860559,0.7712149838081748
2023-06-02 11:00:00,0.6880800091970223,0.697816590696807,0.7543414518426313,0.776740430865188,0.5670569552814138,0.40495664484525873,0.7867791763724804,0.7730198967190427,0.6447591964912419,0.761001226330827,0.7708964146105067,0.6991314395049302,0.6573750425046799,0.7774847643223363,0.7117995243257759,0.6797259528663689,0.3732805270519562,0.7255784613779553,0.3517330150755041,0.7657084117514965,0.7778232206937239,0.7155411691019616,0.7205080460319953,0.6982534522599986,0.6976809777456153,0.5190364474626805,0.6960290933586452,0.7364948576488454
2023-06-02 12:00:00,0.7384850522716805,0.6970745837178164,0.7606316828357822,0.769651086390493,0.5967933404065654,0.4582477284855375,0.8056715319954858,0.7935461263579416,0.6602614850832891,0.7858266616763491,0.7914701610899142,0.7747509079330938,0.6685953275555082,0.7982024955016755,0.7003629196271662,0.6617751165991719,0.3918301657129345,0.778620262112137,0.4188482679986676,0.7893604691901015,0.7990450384947156,0.784795147659108,0.6231461310419061,0.7141067371051911,0.7057080488326318,0.5491406350222191,0.7225617629371028,0.7460811370815584
2023-06-02 13:00:00,0.6926191991070374,0.6943534895362349,0.7646100172128691,0.7912095026378371,0.6286528995986331,0.5378454201375912,0.8101328914137023,0.8007993728973908,0.6548487941115223,0.7882362390249718,0.7925405832012336,0.7491856621547124,0.64616392769283,0.8085874446931177,0.5981117842795876,0.6024439889884968,0.46226623987223087,0.6831757350676052,0.4982122167708679,0.7994262311287545,0.809671364362362,0.7136934965810732,0.6660544881740358,0.741861659584022,0.7472864251537878,0.5832900455463381,0.7419881984312322,0.7472873806571649
2023-06-02 14:00:00,0.674337630185701,0.6600457795861195,0.7649409760030743,0.7762422759314674,0.6397327470868857,0.48394316758002354,0.8184228901851149,0.803106073328161,0.5769872539067399,0.786278876512357,0.7909063972718755,0.736328286833774,0.5875597403797831,0.8065061398639831,0.48058518850078424,0.5653390248354647,0.45186017964968384,0.6259199705961677,0.47088380632984533,0.8058282763756102,0.8076797694025913,0.7075103419464049,0.675511920229837,0.7423788311269669,0.7658265632861062,0.529526592439977,0.7205910148393339,0.7320862642897994
2023-06-02 15:00:00,0.6603976875595771,0.5890414906675329,0.7645485847395805,0.7516393025647723,0.6223684089694844,0.5845801721823302,0.8088191227148762,0.7955791748672026,0.5673800652357495,0.7778294022504063,0.7797112122308919,0.7483401142305826,0.5947838591153836,0.7997564665668605,0.41855029601828353,0.5795023358764526,0.5013635069417581,0.6273203483770343,0.588890337142298,0.7950248012779233,0.8004493894647222,0.6931458856849382,0.6775121338694019,0.7441342655818474,0.7803945464187945,0.5414853749194463,0.7264677544600914,0.7321274003262558
2023-06-02 16:00:00,0.5953395239719125,0.5143652066561465,0.7251334266450291,0.7386992282288145,0.6044143218533595,0.5792414759500168,0.7842594256628431,0.7779260115155946,0.5218902503458711,0.7505357872206082,0.7520997151182293,0.6852283723186321,0.5537079728884441,0.785764076044379,0.3711354526734231,0.5111774578671613,0.4297052035174919,0.5382688097478966,0.47609830295222094,0.7857438752432506,0.7865834188233499,0.6471583736386125,0.5175084137199267,0.7002183229083787,0.7275214819048986,0.48764331355500135,0.6806626559839793,0.7066801643423108
2023-06-02 17:00:00,0.5043483294433706,0.42181196479183736,0.6170487103168496,0.7626732757780228,0.5508059911409326,0.559221645972461,0.7250575764642858,0.72564637874898,0.38856281391571434,0.631886969739527,0.636222676585279,0.6775630668020465,0.44374358756196486,0.7507119693131363,0.26488535397014334,0.40858383653801955,0.4059796579892357,0.4139633143999359,0.4112793183321884,0.7643397387847161,0.7501684485242722,0.5319875203171462,0.45040067739675677,0.6766687583089994,0.6727691423159302,0.46849956685716165,0.6189469283876966,0.6809013010641812
2023-06-02 18:00:00,0.39991252197345445,0.3388156487371661,0.5780129917667006,0.7259867155836652,0.548856445448975,0.4864308759746182,0.660573333582231,0.6632957875976726,0.34014129740753846,0.5842932396784316,0.5879936030596817,0.6235958731597595,0.3972539657292636,0.6953406541036875,0.2606197781118871,0.3675282081732193,0.32557838257431665,0.3986565460805076,0.22295026278530616,0.7002410153594381,0.6968894636756626,0.48837693548510624,0.25327531777308954,0.599690568882173,0.6065332982484645,0.4316768255840336,0.5614939191593535,0.5969164571722628
2023-06-02 19:00:00,0.3194463304566703,0.29476607606794664,0.5517696764869984,0.668859603279704,0.5090487731360177,0.44245078093613105,0.5235331789634224,0.49282215690347536,0.2723675437941053,0.3715579461780363,0.40882449189410835,0.544575294442243,0.3051129719433964,0.567148950309008,0.24996546729468613,0.23292282379254373,0.2736663069069873,0.31075485253369495,0.1973578666896767,0.5599274998606831,0.5748050370601268,0.34959885672962016,0.1517009499645675,0.4978821468939153,0.5182426009772463,0.38621253943639583,0.4449521743410501,0.5331610993843416
2023-06-02 20:00:00,0.24588561287181337,0.15941817319906446,0.47845594375636163,0.533537464935375,0.402364394095098,0.25726949672974886,0.3819577907259699,0.3221183421658847,0.22458223795891294,0.2516181229400167,0.30343841782810776,0.37094534636815807,0.22814764062268653,0.36548254751742054,0.16817562051869475,0.10285794293816254,0.2579193043726296,0.15413742982547732,0.16138380137475092,0.3583478446914234,0.3709360241044006,0.1801681094996782,0.076932273081934,0.4308284397208056,0.3759391604674489,0.27382897892057617,0.344686963145689,0.439235217773073
2023-06-02 21:00:00,0.13357423907542537,0.10167489643923827,0.2802672188631088,0.30935352375746483,0.33095351916478444,0.18933373487450955,0.25460918230934343,0.2096531709637196,0.11553299215238609,0.13021656190493058,0.18876285647873828,0.2029190461989471,0.11552595647937296,0.23325495591921996,0.10642276720213127,0.060134568483346446,0.19955676818060772,0.09887604427057184,0.1465219365569804,0.17479054588410103,0.2333865692496269,0.08764038205533765,0.012527181310519673,0.28508934023236454,0.2083281206571355,0.1850803857404931,0.2153028544293611,0.29858384668793425
2023-06-02 22:00:00,0.0,0.0,0.0,0.0,0.21471006186129052,0.10808390396298537,0.0,0.0,0.0,0.0,0.0,0.0,0.0,0.0,0.016317426145474705,0.0025871342474870474,0.1091945766256692,0.0,0.10028793302903832,0.0,0.0,0.0,0.0,0.0,0.0,0.09455917172649622,0.0005074513109432638,0.0
2023-06-02 23:00:00,0.0,0.0,0.0,0.0,0.0699234812610055,0.0,0.0,0.0,0.0,0.0,0.0,0.0,0.0,0.0,0.0,0.0,0.0,0.0,0.0,0.0,0.0,0.0,0.0,0.0,0.0,0.0,0.0,0.0
2023-06-03 00:00:00,0.0,0.0,0.0,0.0,0.0,0.0,0.0,0.0,0.0,0.0,0.0,0.0,0.0,0.0,0.0,0.0,0.0,0.0,0.0,0.0,0.0,0.0,0.0,0.0,0.0,0.0,0.0,0.0
2023-06-03 01:00:00,0.0,0.0,0.0,0.0,0.0,0.0,0.0,0.0,0.0,0.0,0.0,0.0,0.0,0.0,0.0,0.0,0.0,0.0,0.0,0.0,0.0,0.0,0.0,0.0,0.0,0.0,0.0,0.0
2023-06-03 02:00:00,0.0,0.0,0.0,0.0,0.0,0.0,0.0,0.0,0.0,0.0,0.0,0.0,0.0,0.0,0.0,0.0,0.0,0.0,0.0,0.0,0.0,0.0,0.0,0.0,0.0,0.0,0.0,0.0
2023-06-03 03:00:00,0.0,0.0,0.0,0.0,0.0,0.0,0.0,0.0,0.0,0.0,0.0,0.0,0.0,0.0,0.0,0.0,0.0,0.0,0.0,0.0,0.0,0.0,0.0,0.0,0.0,0.0,0.0,0.0
2023-06-03 04:00:00,0.0,0.0,0.0,0.0,0.0,0.0,0.0,0.0,0.0,0.0,0.0,0.0,0.0,0.0,0.0,0.0,0.0,0.0,0.0,0.0,0.0,0.0,0.0,0.0,0.0,0.0,0.0,0.0
2023-06-03 05:00:00,0.0,0.0,0.0,0.0,0.0,0.0,0.0,0.0,0.0,0.0,0.0,0.0,0.0,0.0,0.0,0.0,0.0,0.0,0.0,0.0,0.0,0.0,0.0,0.0,0.0,0.0,0.0,0.0
2023-06-03 06:00:00,0.18969970866604124,0.30428507078327216,0.0,0.31525487082540987,0.074594289258506,0.07963728682729967,0.1085041302551657,0.2620506984910264,0.08046874056532653,0.21542635141312638,0.2231174056704005,0.3259470982770133,0.0751109005509144,0.3167385916825741,0.04297880300342658,0.05130944906182796,0.03600791159293259,0.2933531448308589,0.017823495766860386,0.28964661830537797,0.31445708679333456,0.3015958567253576,0.1719455802013099,0.35816349986728707,0.38020320187637807,0.06418180591848988,0.35045201834568823,0.3505731418097569
2023-06-03 07:00:00,0.3774931906882789,0.49874040913658385,0.16715534593685524,0.5109204294824199,0.1311157548911149,0.20065074596117452,0.3357748542254915,0.4327585974727252,0.20743176916594458,0.40034877057130247,0.39404225695377254,0.5300070605465675,0.1568710083478785,0.46248024863881504,0.09567669698176633,0.10892413442632601,0.21030633683696376,0.4405626708291574,0.20079892487932946,0.44178231658153466,0.46164474682060025,0.470894754527285,0.41095694177800446,0.5580340161840304,0.569328770020694,0.12608665743589348,0.5613843803569272,0.5499979316427694
2023-06-03 08:00:00,0.475256108789144,0.6032979275097227,0.3056595856204013,0.6632792220672356,0.20378596550306735,0.3172042914344739,0.49110281651084337,0.5924278520497933,0.27303452836161834,0.5619804232157393,0.5520782951962143,0.6777516788870851,0.22607017698146645,0.624714815126991,0.09270084667206077,0.1258191076985265,0.3236910971113408,0.5456370808684287,0.3482515633504211,0.61809076886065,0.6245522775777603,0.6114433780923391,0.5348819695439226,0.6780701664277156,0.6666997266604038,0.20532936174209662,0.6723310787200246,0.6733968829695538
2023-06-03 09:00:00,0.5313716830864326,0.6863014627099313,0.3138299452290503,0.7404467347985665,0.32778128947184804,0.40277639601441034,0.5390658065045394,0.6670625236348319,0.37029968605682184,0.6101144245048,0.5942094825979867,0.760835836878045,0.3139287632998501,0.7146802080675142,0.16204073627084445,0.22200018756954748,0.38382307685043787,0.6011759049280767,0.4276891867689002,0.7089255873125787,0.7150591554490219,0.6732541540810151,0.6360706196099772,0.7410083496972617,0.750516324952155,0.3567575064596912,0.7357638998783611,0.7377404845187799
2023-06-03 10:00:00,0.6138139794579577,0.7296047360664323,0.3633512872154763,0.7800366973710048,0.4511602351762821,0.4406352494028047,0.5482919838736066,0.7089928748708881,0.48192299289646157,0.6563980787428685,0.635254610034117,0.8013609702899179,0.43876884102633423,0.7619829123228494,0.24317877346429803,0.38213228324749676,0.48942443508561245,0.7153219563862189,0.5167306680475536,0.760260566875145,0.7620611072569761,0.7361119542117572,0.663364408754175,0.7682609563549251,0.7455712402547635,0.43545689264669185,0.7431742675711236,0.7676800154057921
2023-06-03 11:00:00,0.6622175496471486,0.7274608511571685,0.45381000045449227,0.8032539014779825,0.580345602234642,0.5586653376198768,0.5963533314918332,0.7368322097689456,0.5364598420427727,0.690322313688551,0.6686747937634885,0.8007310417107791,0.4911178697000364,0.7942208140721785,0.3849758346545598,0.44057193219196045,0.6301352191684559,0.7408589956539454,0.6172940088555164,0.7881128244854483,0.7948690501637736,0.7377455038689146,0.682182811761618,0.7866333563684077,0.7596299943123564,0.5472610975347445,0.7530718042283159,0.7825039461243166
2023-06-03 12:00:00,0.612628339025469,0.7255107763822942,0.37562119890087126,0.8136146442720584,0.5945900403080884,0.6290091850070989,0.5887133928767875,0.7581193440788446,0.5348266373134363,0.7012639785397338,0.6830885065691845,0.7830153727548745,0.5027719154712597,0.8130731241573085,0.4183632761482207,0.4660100841629543,0.6217947835774179,0.6931567984652903,0.5878259142144945,0.8045912238744788,0.8140948303707147,0.7060434863523751,0.6889893030776948,0.7926270617874398,0.7699724953018364,0.591876393182272,0.7644252622357985,0.7923000551617416
2023-06-03 13:00:00,0.6226102231191957,0.667655721648469,0.4719371913713297,0.8183840154722407,0.6010379371019203,0.55342259075009,0.6210851610516596,0.7639430790357656,0.5209483471482071,0.6880279196688779,0.6737280876387726,0.753912103975359,0.4965767018345059,0.8204438107963349,0.39738265440594733,0.4110878186035593,0.5956508532280727,0.6516277266351678,0.554636709880645,0.813507018813174,0.8219128481201224,0.6565592483258533,0.6788838481256687,0.7922064359001642,0.7586855038925099,0.5553205832177933,0.7640163753372479,0.7853710262967951
2023-06-03 14:00:00,0.6787950470561714,0.6814102939775037,0.541032489551982,0.8132801190407265,0.6347490328881152,0.5827201060692929,0.665611793125252,0.7525818983375441,0.5605733665884801,0.6443873266313207,0.6348433658582793,0.780118009884668,0.5370406677721219,0.8079729080003869,0.47905861877647926,0.4425955074846377,0.6241982710727013,0.7032528636416177,0.5966268666387851,0.8140150316850614,0.8088947133397882,0.6684563747003845,0.6491861625342189,0.794158077714111,0.7326777695678323,0.565461047389321,0.7569305316425173,0.7863381537568437
2023-06-03 15:00:00,0.6651804615893936,0.7116168995142503,0.4994048939219476,0.8035677626635802,0.5647995686953212,0.5544398375577686,0.5238103657778086,0.6475877835079692,0.5360337977052406,0.6183336645358714,0.5564196839379392,0.79608227954779,0.5001535869850634,0.7221507944852001,0.48584103055888667,0.4002941799984032,0.5975892193523858,0.687450324534055,0.5609579242516333,0.7794635100056719,0.7319627759653408,0.6866677134494562,0.6219931065972651,0.7817840341550869,0.7348120744019208,0.5329674574234308,0.7545059212082025,0.7785373598031943
2023-06-03 16:00:00,0.6672020902231238,0.7025911587055859,0.555927979358189,0.7913782551118316,0.5627202955335057,0.4910705187337709,0.5768461228647869,0.6747879018657416,0.5562275012980126,0.6708254902508648,0.6273110086774507,0.7491331710144645,0.5595117714160118,0.7247536340107035,0.4740224045118731,0.4352463274700264,0.5763823695983646,0.6485597728191975,0.538254393140417,0.7657586870870183,0.7301619238277498,0.6993818282546282,0.619189294529753,0.7550536223922135,0.7408354742420599,0.5102316359585005,0.7334768728044095,0.7500945425485428
2023-06-03 17:00:00,0.6770853498660031,0.6385015786637928,0.6629950546772312,0.7529970405512585,0.5494470910010446,0.4598073831037034,0.6694456940887076,0.7230424621961311,0.540073429417127,0.7281769209570935,0.7128339760901734,0.7168564527863277,0.5606521364775576,0.7419022020919177,0.4335785114406776,0.42901774205740845,0.5459227060342643,0.7003277945567036,0.5190108599239482,0.7498636990409079,0.7418801559145282,0.7176418685033396,0.5256043984696857,0.698491907804133,0.6866044974932415,0.49298687686219994,0.6783679439757991,0.7055193272639269
2023-06-03 18:00:00,0.6599220789072154,0.5403475328254049,0.6768235879481933,0.7272892373712533,0.5365919354659683,0.4076745650587028,0.661431380675701,0.6655099592615691,0.5084447920603152,0.6363496735193173,0.6623295243506402,0.6599447990624637,0.5073725452288315,0.6783617873531973,0.3982395155753145,0.35683128755513777,0.5117854210736191,0.6780996129420173,0.47183191430130156,0.6792590432932402,0.675589143851173,0.6435478958867175,0.3832226454342719,0.6349461610462237,0.6123024988054572,0.42639280822482944,0.6241013966007058,0.6497815043050665
2023-06-03 19:00:00,0.5968951470869931,0.5141608152237668,0.6133156748409074,0.655477855220918,0.4502968265266916,0.2872638904885196,0.6234360776446903,0.6150472122932507,0.3946854571057427,0.6467609379210995,0.6433807266715705,0.6563197566578556,0.36732712986223703,0.5815149893897854,0.2120875736875908,0.23873063736735722,0.3995161886875783,0.6066789344830513,0.3708760185832482,0.637734211400834,0.5756921983256407,0.6219268337571037,0.2781145791901176,0.5739317328029183,0.44614769667799303,0.29520789861090774,0.5074947064125395,0.5858078394124726
2023-06-03 20:00:00,0.4714391778252673,0.46834080958244007,0.540900379375235,0.534880139168576,0.4185428703217223,0.1894111542192731,0.5023667420012808,0.4755679729316357,0.2909795016196009,0.4799302055740834,0.5010676168375221,0.5578910117583625,0.256076390836467,0.4523848555373833,0.11315823484506415,0.22358713437353447,0.3373751765225314,0.48769310218726397,0.33151845288051246,0.48272779215935036,0.44809167460628174,0.5045177332801418,0.19417361219071005,0.5056800506752986,0.35341323753065984,0.18099582944931353,0.43979568902137545,0.5093154847995215
2023-06-03 21:00:00,0.29454044277548797,0.32403043354392175,0.3474013204092288,0.33175172666574254,0.3367000558786695,0.11967012242689071,0.33788609986424073,0.31765525305389536,0.22654759047830358,0.3308090599609885,0.34068186117181654,0.3539530533193803,0.21317572869894433,0.29609001129026624,0.0898068282951974,0.19624069011680842,0.25353252579315955,0.29626396018311996,0.2594332322683644,0.29894331048891853,0.29292258861497245,0.3265810219825394,0.10372846042531647,0.3351404772104995,0.24361454355930628,0.1312198148546822,0.3080964155916057,0.33255718281062047
2023-06-03 22:00:00,0.0,0.0,0.0,0.0,0.21925833615864795,0.04633759995670394,0.0,0.0,0.0,0.0,0.0,0.0,0.0,0.0,0.023019104749445952,0.016816506973196265,0.13075576145945167,0.0,0.14780030540541958,0.0,0.0,0.0,0.0,0.0,0.0,0.054383850853230005,0.002309577800892318,0.0
2023-06-03 23:00:00,0.0,0.0,0.0,0.0,0.10286737053294469,0.0,0.0,0.0,0.0,0.0,0.0,0.0,0.0,0.0,0.0,0.0,0.0,0.0,0.0,0.0,0.0,0.0,0.0,0.0,0.0,0.0,0.0,0.0
2023-06-04 00:00:00,0.0,0.0,0.0,0.0,0.0,0.0,0.0,0.0,0.0,0.0,0.0,0.0,0.0,0.0,0.0,0.0,0.0,0.0,0.0,0.0,0.0,0.0,0.0,0.0,0.0,0.0,0.0,0.0
2023-06-04 01:00:00,0.0,0.0,0.0,0.0,0.0,0.0,0.0,0.0,0.0,0.0,0.0,0.0,0.0,0.0,0.0,0.0,0.0,0.0,0.0,0.0,0.0,0.0,0.0,0.0,0.0,0.0,0.0,0.0
2023-06-04 02:00:00,0.0,0.0,0.0,0.0,0.0,0.0,0.0,0.0,0.0,0.0,0.0,0.0,0.0,0.0,0.0,0.0,0.0,0.0,0.0,0.0,0.0,0.0,0.0,0.0,0.0,0.0,0.0,0.0
2023-06-04 03:00:00,0.0,0.0,0.0,0.0,0.0,0.0,0.0,0.0,0.0,0.0,0.0,0.0,0.0,0.0,0.0,0.0,0.0,0.0,0.0,0.0,0.0,0.0,0.0,0.0,0.0,0.0,0.0,0.0
2023-06-04 04:00:00,0.0,0.0,0.0,0.0,0.0,0.0,0.0,0.0,0.0,0.0,0.0,0.0,0.0,0.0,0.0,0.0,0.0,0.0,0.0,0.0,0.0,0.0,0.0,0.0,0.0,0.0,0.0,0.0
2023-06-04 05:00:00,0.0,0.0,0.0,0.0,0.0,0.0,0.0,0.0,0.0,0.0,0.0,0.0,0.0,0.0,0.0,0.0,0.0,0.0,0.0,0.0,0.0,0.0,0.0,0.0,0.0,0.0,0.0,0.0
2023-06-04 06:00:00,0.11588654160039451,0.23396089702885997,0.0,0.19152384470157235,0.0631696181715247,0.01614771000683528,0.10999974931083516,0.2599716851964319,0.0752569213018726,0.22069232357875807,0.24311372534745515,0.15057633106433255,0.06603833914328262,0.29174380542318123,0.13749363880659687,0.04896243626385529,0.028908556665383858,0.17828990487845575,0.023914462531261553,0.21889976726708116,0.2863665332597508,0.17946352116335704,0.3633759048707903,0.3400006565712266,0.3965376707338846,0.07043579841982041,0.34976741097858227,0.33175893708105814
2023-06-04 07:00:00,0.28925605053191933,0.4081397489593611,0.41176543670785837,0.27453052564209324,0.12621168350065928,0.06555933906488792,0.46567671304456537,0.46439764995136046,0.2685805991272502,0.41813975219167704,0.44474707376191736,0.29336078008520866,0.24792201132907604,0.4657812462071407,0.22422745949106998,0.22953485310655516,0.19769461566219074,0.3334742239506716,0.23387825550713554,0.36137134417526184,0.4626821280941179,0.3233010299178396,0.5563701758828026,0.5116638987575276,0.5866670397876953,0.13152239867544055,0.5340474459223156,0.5164532679250506
2023-06-04 08:00:00,0.5028596658046944,0.5908786571134389,0.5749816949774817,0.4237083052383626,0.19268935194217007,0.11985595602106636,0.6233558898397005,0.6175465901258653,0.42253569261170054,0.5802674019834688,0.6040032715503887,0.4566549120809989,0.3892037573730859,0.615325993990788,0.2785819958486669,0.2271147068311412,0.3647670107577228,0.5413520499103573,0.3703861779759187,0.5073170712275424,0.6121316028910025,0.5162559578546162,0.6743820372383024,0.651873394219754,0.6904227204056632,0.18145711078221743,0.6126076159713952,0.659555939804563
2023-06-04 09:00:00,0.614541242629185,0.6645029718017894,0.6984475579450482,0.5619470392139687,0.2838952289735985,0.14969615847496845,0.7170093056977539,0.7086722285527828,0.5370860192471292,0.7002727104058475,0.7188378349566483,0.587802776903162,0.5520586345594002,0.7009921187726557,0.2601646750431762,0.31361751046715886,0.49187055585206496,0.6718842614572096,0.5075715283935566,0.5952815515222375,0.6983209286208886,0.6574269377810202,0.7262200561177012,0.7143579519242822,0.7571253982887906,0.24882484333414553,0.6844324153688606,0.7142891588147559
2023-06-04 10:00:00,0.6352555476325437,0.7140046617948983,0.7636858819902349,0.6683966246311175,0.33552661590165656,0.1912738535092805,0.7802389949490435,0.7425009900972607,0.5845513219918663,0.7600638072575014,0.7710986796417312,0.6028874308670564,0.5738366471196569,0.7109473777257295,0.32138260535706764,0.45523645764476667,0.5175093915556375,0.6654379604705672,0.5158620379433091,0.663143766257811,0.7075553650491335,0.6760063646823004,0.7384956285474794,0.7505514571548757,0.7798323391297896,0.21509066497456716,0.7075776761287047,0.7527416064917171
2023-06-04 11:00:00,0.6960775223182337,0.7357582490201282,0.7961191702587445,0.7525978100318106,0.39633715313365103,0.2457112534156753,0.8044090732795907,0.7861066256266738,0.6171986033159754,0.7857757863813181,0.7962308059804647,0.7293584204131596,0.5887423640143523,0.7803167719513104,0.4901046729010897,0.4416201715541955,0.5697037832381233,0.7840306105710907,0.5198724496063821,0.7297328543536279,0.7792170123976356,0.7757338663460436,0.7196375096076687,0.7687197811186447,0.7980915444249743,0.29397062801742685,0.7283017362671663,0.7721285967794822
2023-06-04 12:00:00,0.7641034608889149,0.7493561101364505,0.8205089600099992,0.7968398997378905,0.42732835441643724,0.2483245300903098,0.8232794157623377,0.8139813169402306,0.6617063155661516,0.8152012349257631,0.8170378656083803,0.8395841849736985,0.6604221494931976,0.8142057120416321,0.45873359941619196,0.6008675370670054,0.5374783147055016,0.8417260160458575,0.4692660719057533,0.8000154228410988,0.8144484354635798,0.8482814778022046,0.6961260711741905,0.7459057197212119,0.7905484681810816,0.26509258277070064,0.7026088132002827,0.7682091101767696
2023-06-04 13:00:00,0.7835623819728766,0.7466027397180679,0.8344541514374865,0.8363237616692646,0.48501981498854285,0.28114199979500726,0.831672911432399,0.8231876713018522,0.7166362787656716,0.8243825375160387,0.8239338159260106,0.8541239674860519,0.7091138699442076,0.8258033646649502,0.5599700642487045,0.6532737876523432,0.5534323149209814,0.8170634429682266,0.5288107634294693,0.8201534592716426,0.8267061457673478,0.8336957021324324,0.6520900327652647,0.7560277251234919,0.7492925115489417,0.32117317061851497,0.69528514493206,0.7723576580273351
2023-06-04 14:00:00,0.8002519572256089,0.6863581319530558,0.8360285854058529,0.8399507193221997,0.4966442731857098,0.3086901145906884,0.8309393639432998,0.822074637189381,0.6958670884062954,0.8237039073221868,0.8219467580870154,0.8596826625949556,0.6916262986956919,0.8261713861284434,0.5589255553276606,0.645024593751553,0.5864503166805514,0.8148495373562419,0.5467898608032585,0.8207457627473589,0.8274018579166715,0.8386110973344919,0.7116739840091179,0.7545521691491428,0.7664843992624537,0.33738450151019617,0.661686451203387,0.7698536430265863
2023-06-04 15:00:00,0.7970798566277103,0.6844231033764522,0.827779518993836,0.8319631134406382,0.508701490669341,0.3211561362130086,0.821852387320375,0.812195330729733,0.7019500104875287,0.814535490438618,0.8118111602354503,0.8546803820259954,0.6758060566571291,0.8171554446402508,0.5495144133189098,0.6016621580810045,0.6152978210102634,0.8199048695438576,0.5387248897030621,0.8121509344309312,0.8185264894536015,0.8327054276505889,0.6990141086054367,0.7408494614257628,0.756730014059523,0.3517605013887163,0.6744286034892294,0.764980090271027
2023-06-04 16:00:00,0.7926726641099588,0.6509491779684309,0.8150020326060149,0.8180194369710361,0.5541798891864986,0.30257577277077174,0.8078384208630092,0.7980215371584608,0.6915018756097472,0.7997731789652712,0.7981243435279222,0.8516435363904987,0.6624823074794572,0.8023497971646666,0.5188911409924548,0.5491595210032986,0.5715635772569607,0.8232916824496422,0.5336097373759894,0.7972536770829103,0.8035602514079788,0.834471790690368,0.6366553017637263,0.7188805028713313,0.7412129010486459,0.31466135855176214,0.668989492014045,0.7549057951714956
2023-06-04 17:00:00,0.7782222120066444,0.6300964750844652,0.788786348121311,0.7938741464860887,0.48634363422369503,0.290474015978908,0.7824733152361264,0.7720633154843718,0.6907230595911898,0.7735018112511309,0.7721744897090044,0.824274967210743,0.6685702078383937,0.7761430691019492,0.53115111735685,0.5958760997104156,0.5317857882383009,0.8014784634760276,0.4911239207636434,0.7715594391408911,0.7772448517563871,0.806798612573599,0.5257587967661136,0.7046594021848439,0.6784430512052725,0.33476276079528405,0.6139409352754499,0.7292450312020567
2023-06-04 18:00:00,0.7094747515394292,0.5365380030683893,0.7499197632064547,0.7551581775482891,0.45906371780073346,0.22882692134188556,0.7419004205666822,0.7309616222246039,0.6291561079325289,0.7325824474186493,0.732038446103566,0.7881346943635893,0.5887535383990459,0.7340538449199627,0.44945755783488556,0.5115295824936112,0.5005605197928354,0.7546136307447852,0.42683227237615506,0.7301922176685456,0.734948716465668,0.7664746084111657,0.517171775226874,0.6896169274083752,0.661961449216071,0.2855374010128223,0.5792523001097005,0.703037332329429
2023-06-04 19:00:00,0.6818023061252542,0.4862909081691987,0.6861998170514464,0.690155117404605,0.4019513634690134,0.19804859907656422,0.6754100388781068,0.6638414539021458,0.610859880496242,0.6661535366966351,0.6656210332724551,0.726605491335872,0.578792940484113,0.6655202383815093,0.3812037810102274,0.4461847310867946,0.4153505383702839,0.7098765389664358,0.32680623111236273,0.663234508058112,0.6661519967571046,0.7118373348538408,0.4049505158011442,0.644961509045721,0.5744702121057054,0.2366841591178704,0.513499527161723,0.6513850230867138
2023-06-04 20:00:00,0.5944887218612063,0.4116058359214031,0.5742156163379682,0.5723351055436874,0.34562256571551625,0.12682413080291824,0.5586783567667216,0.5474207733638304,0.5123202438989262,0.5522472450412284,0.5523880085050789,0.6151908178307582,0.4944526739538909,0.5454419110036484,0.25816132253329505,0.39213441163519364,0.298183654906441,0.6016835236550298,0.25419956688558015,0.5455083790420319,0.5455101826506418,0.6008503060352454,0.32210357013872365,0.5594957225051084,0.5077624823354583,0.17168786398590738,0.49494650909005145,0.5524771623989261
2023-06-04 21:00:00,0.4043707428282738,0.3302349528860766,0.3712912120936017,0.36736682066815796,0.24702620163629252,0.08191738185069006,0.3529104837504983,0.3446467857335742,0.3906320184786715,0.35134399889480655,0.35177331205453155,0.41108194362038425,0.38359229833309894,0.34016892778474367,0.24360838084353253,0.32002696580011997,0.18641823219895173,0.3993226798046869,0.10109386158611984,0.342781862108376,0.33975514708661564,0.3966318256267274,0.13575637008775343,0.3622443270651578,0.312618743178002,0.1511429265758743,0.32791047083305513,0.3601465441578442
2023-06-04 22:00:00,0.0,0.0,0.0,0.0,0.13491593366504995,0.03771840342353118,0.0,0.0,0.0,0.0,0.0,0.0,0.0,0.0,0.055425390427752144,0.04698080621615428,0.052264704583916764,0.0,0.02328087011927835,0.0,0.0,0.0,0.0,0.0,0.0,0.05570390159587194,0.015643095209300108,0.0
2023-06-04 23:00:00,0.0,0.0,0.0,0.0,0.04345026628201107,0.0,0.0,0.0,0.0,0.0,0.0,0.0,0.0,0.0,0.0,0.0,0.0,0.0,0.0,0.0,0.0,0.0,0.0,0.0,0.0,0.0,0.0,0.0
2023-06-05 00:00:00,0.0,0.0,0.0,0.0,0.0,0.0,0.0,0.0,0.0,0.0,0.0,0.0,0.0,0.0,0.0,0.0,0.0,0.0,0.0,0.0,0.0,0.0,0.0,0.0,0.0,0.0,0.0,0.0
2023-06-05 01:00:00,0.0,0.0,0.0,0.0,0.0,0.0,0.0,0.0,0.0,0.0,0.0,0.0,0.0,0.0,0.0,0.0,0.0,0.0,0.0,0.0,0.0,0.0,0.0,0.0,0.0,0.0,0.0,0.0
2023-06-05 02:00:00,0.0,0.0,0.0,0.0,0.0,0.0,0.0,0.0,0.0,0.0,0.0,0.0,0.0,0.0,0.0,0.0,0.0,0.0,0.0,0.0,0.0,0.0,0.0,0.0,0.0,0.0,0.0,0.0
2023-06-05 03:00:00,0.0,0.0,0.0,0.0,0.0,0.0,0.0,0.0,0.0,0.0,0.0,0.0,0.0,0.0,0.0,0.0,0.0,0.0,0.0,0.0,0.0,0.0,0.0,0.0,0.0,0.0,0.0,0.0
2023-06-05 04:00:00,0.0,0.0,0.0,0.0,0.0,0.0,0.0,0.0,0.0,0.0,0.0,0.0,0.0,0.0,0.0,0.0,0.0,0.0,0.0,0.0,0.0,0.0,0.0,0.0,0.0,0.0,0.0,0.0
2023-06-05 05:00:00,0.0,0.0,0.0,0.0,0.0,0.0,0.0,0.0,0.0,0.0,0.0,0.0,0.0,0.0,0.0,0.0,0.0,0.0,0.0,0.0,0.0,0.0,0.0,0.0,0.0,0.0,0.0,0.0
2023-06-05 06:00:00,0.2026928246934407,0.274610915592516,0.08163537317534073,0.3402719778881756,0.05870989343578522,0.020005881557917635,0.17609738246446108,0.33506591281680076,0.1495937907273354,0.33036208483616714,0.3485168244606148,0.297511833683784,0.15624356557552133,0.3227083806720248,0.15296256973409336,0.12048731472190213,0.0016160459587189582,0.3064449865224124,0.018190454165731777,0.30133235884068393,0.320628063922725,0.30022349007155086,0.3549996796656354,0.348824553015607,0.3698030310420881,0.05016472217207929,0.2411436357750674,0.33840186313650183
2023-06-05 07:00:00,0.49656524988934897,0.4501507826837081,0.46324676022822625,0.5476501203848522,0.12795697807162212,0.08268036271922703,0.4775519024420805,0.4818739679209683,0.439442287305053,0.4779109705684705,0.4828790003768526,0.5390771401630882,0.46079690829299397,0.47959611739398106,0.28909847738282113,0.42448986922732684,0.14952374473532493,0.5200993923564005,0.1647589707398927,0.48181657150721213,0.4786640629807854,0.5226382599551598,0.536212668760767,0.5207303164222592,0.5322517105667651,0.09214357202318325,0.36243115804747794,0.5116306174489911
2023-06-05 08:00:00,0.6612541635840129,0.6364508106041807,0.6315925422689106,0.681201639031629,0.18641463440990264,0.14464397049646302,0.6417240026313626,0.6409998752488889,0.593616164015211,0.6358269138586811,0.6423350449842992,0.6861863953955747,0.6296181909601368,0.6387526065409176,0.4894825558018674,0.6005003010112071,0.2593946410967658,0.6719934560589502,0.2555317989767832,0.6356856315726208,0.6378366979145884,0.6774650090924578,0.6499196565946826,0.6398473374972381,0.6294925219205806,0.16151676971149448,0.44586936391247156,0.6303350772912191
2023-06-05 09:00:00,0.7469941722526002,0.7135038927524325,0.7219575884154765,0.7646070897477102,0.23618541621476072,0.1835995893723704,0.7238379025818893,0.7253367327979438,0.682992657958423,0.720545665767248,0.7268877425518154,0.7847772077799872,0.7119668974542102,0.7236067521355963,0.5564405993776402,0.6973214560970268,0.31399551451168023,0.7541181856815408,0.28125551534768645,0.7183908539502826,0.7229905609951301,0.7627000982882591,0.6955986233606875,0.6909394113393004,0.7271951752155714,0.19076634130142744,0.453280598985633,0.6832359506153315
2023-06-05 10:00:00,0.795600492721611,0.7581019628495771,0.7738932316856337,0.7686651937266198,0.2731001739388381,0.2421252465708025,0.7758625468406445,0.7721236893823521,0.7509087940476664,0.7687534316257574,0.7736983475178774,0.8128661691285038,0.7750443151919957,0.771589195459481,0.5942217877277803,0.7451209594839826,0.3928732581980765,0.7991797565079817,0.3433587001184341,0.7655675238875785,0.7713103415577145,0.8066665756444897,0.7566037131444179,0.7042279900387182,0.7640267403842547,0.2273816721984633,0.43155754928371864,0.69748913998596
2023-06-05 11:00:00,0.8231862089238545,0.7662303144880432,0.8044825863430793,0.8291495704623301,0.3654550353102808,0.2915633432388425,0.8046139602441462,0.7998109837609034,0.7891810458678364,0.7975142712049788,0.8012619889289512,0.8451323021332675,0.8158787084662937,0.8002035101819671,0.5952193815551006,0.7718604999502268,0.4463241017817375,0.823383054528029,0.3627371293247173,0.7933571413671539,0.8002928144526252,0.8294960584027793,0.780845941148471,0.727068270902393,0.7596104729849761,0.2914051486830948,0.4356069722570449,0.7362455134270514
2023-06-05 12:00:00,0.8401211611760182,0.7708896039442605,0.8202985852088074,0.8370534422003181,0.43241038060930315,0.3428350374687869,0.8110373135200156,0.8132362321256593,0.8192256214431118,0.8147137520874834,0.8171937391577062,0.8627970985925081,0.835178252406565,0.810327697926147,0.5284439953710948,0.7436255694606387,0.5382297520588911,0.8375560509099547,0.4657394167931547,0.8085749376269795,0.8103955302810874,0.8458068399111337,0.7914753435813666,0.7616564246184451,0.7941393864768276,0.3126092770249494,0.5491019708217805,0.7770177817932838
2023-06-05 13:00:00,0.8458152411951433,0.7590951916580693,0.8271112056777927,0.8397210656477518,0.42337951277017205,0.41124295151767687,0.8160003422106845,0.8141843706161783,0.8230931924326127,0.8195207933197001,0.8187798826241022,0.8657506129155004,0.8363936467134409,0.8123972781635879,0.5722463952241333,0.7305268150671075,0.5619017574800385,0.8421796243913269,0.512222382428667,0.8139389352853591,0.8129311471181294,0.8497682478003753,0.7764618261933846,0.7760063062270767,0.7996832599614514,0.3921186558740508,0.568085413904332,0.7984349494998483
2023-06-05 14:00:00,0.8441813288914648,0.7684179103246614,0.825517548292593,0.8340274844062109,0.4413843964680733,0.4799037952653646,0.8122078476819025,0.8070707709257805,0.8157478570374375,0.8156152479399658,0.8119379724034814,0.8611937620691077,0.8395787150810832,0.8083045034916331,0.5927520926949267,0.7708154298609458,0.6163472676231138,0.8395887997550838,0.5161061127559049,0.808102871713917,0.8094903921700664,0.8465119514684338,0.7933649179214841,0.7928425170552303,0.8077912866144715,0.42572081657178473,0.6116606318827222,0.8034014174710041
2023-06-05 15:00:00,0.8366112723478853,0.7518394699581598,0.815725835647962,0.8225661919202463,0.4542062121421423,0.5076912222791241,0.793697902113776,0.7816354936141882,0.8155714494567756,0.8013996235866246,0.7919373594762382,0.8511687556982553,0.8328784689842771,0.7838771175599955,0.7262143416350662,0.7928521798433901,0.579619553274178,0.8305466263699207,0.4828080949692082,0.7863076152180081,0.7861092074113292,0.8368604352274968,0.7593144420750265,0.808056068771217,0.8191093225297839,0.4790409665622569,0.6003510931816909,0.8103385279554111
2023-06-05 16:00:00,0.8209773575790369,0.7204984486438994,0.8038135573697134,0.806453294662758,0.42669110790076853,0.4963899275941937,0.7952528149922738,0.7851265933907436,0.8119480836796988,0.7905436118251653,0.7897050730725168,0.8355175141902111,0.8192885168006627,0.7868316605550951,0.7499155927791585,0.7987671977073922,0.5729521259449186,0.8139541318771175,0.47285395658855045,0.7792978319470395,0.7877984415274398,0.8205841317105437,0.7217927928435572,0.7957871587589906,0.8153188558058176,0.5015151492081029,0.6717542804876656,0.8023119567909753
2023-06-05 17:00:00,0.796387569244093,0.6841607211012115,0.7778033464493526,0.7805422508733121,0.39866063646648314,0.47438364509434716,0.7719092400122548,0.7634354227527081,0.7891865355394175,0.7624244297930007,0.7645728394718473,0.8090857175614162,0.7964082075402953,0.7677734085717449,0.7993580524133345,0.7938044379194287,0.5091919316360922,0.7880936079071256,0.43381521399294287,0.7579549123149407,0.7687324963177589,0.7934122189173869,0.6979760174698061,0.7541582904880642,0.7833870282641047,0.5218693441306781,0.6260652703205866,0.764812357105122
2023-06-05 18:00:00,0.7563753264486471,0.655423313389886,0.7374753990336891,0.7386923485449998,0.3392315813864783,0.44176803025690986,0.7368858609767898,0.7273741802099273,0.752521849582456,0.7226206017142891,0.7274520999627572,0.7688944182849242,0.7610943981059833,0.7289606110556801,0.7666659369873381,0.7595462411124421,0.4744760162065222,0.7470168887710572,0.393250029126086,0.7174268280178877,0.7291793868693142,0.7524951451587377,0.639134149305984,0.7396984880875614,0.7568317196509651,0.4910974202629556,0.6222030528552195,0.7378903350479459
2023-06-05 19:00:00,0.6958528123894985,0.6364466525208037,0.6752718054791704,0.6738205428398438,0.3106855537467061,0.38311257405270294,0.6735525851397095,0.6636470768056663,0.6983243736207401,0.6594325534208065,0.6658184641696008,0.7050930760154797,0.7045531484004681,0.6620668994330029,0.7093596928898038,0.7043561677283448,0.4277741129164647,0.6848384843585663,0.3454079469002542,0.6502596180456798,0.661677944899289,0.6899463259395576,0.5898218123105727,0.6748826475574425,0.693456516232258,0.48133979842818764,0.5419697006143888,0.6712036385459382
2023-06-05 20:00:00,0.5915763266150218,0.5743332309780305,0.565962645531224,0.5548028198237444,0.24096453648007202,0.34444945058995313,0.558090603768127,0.5496120900966127,0.6047781526005312,0.5476348554976013,0.5544840979934461,0.5921747532291354,0.6085086205727404,0.5439206879127566,0.6197167137941662,0.6112262504031986,0.3303230090999572,0.573189138057963,0.2640391183738373,0.5324671832368493,0.5429330160972585,0.5793367645387678,0.43173062672222223,0.5647369193884071,0.5636889874101788,0.41653403173658304,0.45170861345494734,0.5577446190279753
2023-06-05 21:00:00,0.4056789655741878,0.4237182745548177,0.37032912453595057,0.3498086479666314,0.16494835055118529,0.25283130802898546,0.35734324133270484,0.3492956717714224,0.4305159700374737,0.3514099713132405,0.357619339015558,0.39188096045938,0.43282061813021416,0.34116015868687827,0.45855498523585425,0.4435846900184678,0.21846998623443561,0.38715322852050443,0.1877520175208077,0.33254539324494753,0.33991120553223314,0.386658477602075,0.223873412828478,0.37088055781567836,0.35679285545368594,0.3216124202578879,0.3588582387792825,0.36750733181727696
2023-06-05 22:00:00,0.0,0.012794833571689243,0.0,0.0,0.10663778368176477,0.14418026229505326,0.0,0.0,0.0,0.0,0.0,0.0,0.0,0.0,0.18194190537564997,0.09792716713149195,0.12853657457347273,0.0,0.10501174897605559,0.0,0.0,0.0,0.0,0.0,0.0,0.19209386777113563,0.012441482729069569,0.0
2023-06-05 23:00:00,0.0,0.0,0.0,0.0,0.026229058138698334,0.0,0.0,0.0,0.0,0.0,0.0,0.0,0.0,0.0,0.0,0.0,0.0,0.0,0.0,0.0,0.0,0.0,0.0,0.0,0.0,0.0,0.0,0.0
2023-06-06 00:00:00,0.0,0.0,0.0,0.0,0.0,0.0,0.0,0.0,0.0,0.0,0.0,0.0,0.0,0.0,0.0,0.0,0.0,0.0,0.0,0.0,0.0,0.0,0.0,0.0,0.0,0.0,0.0,0.0
2023-06-06 01:00:00,0.0,0.0,0.0,0.0,0.0,0.0,0.0,0.0,0.0,0.0,0.0,0.0,0.0,0.0,0.0,0.0,0.0,0.0,0.0,0.0,0.0,0.0,0.0,0.0,0.0,0.0,0.0,0.0
2023-06-06 02:00:00,0.0,0.0,0.0,0.0,0.0,0.0,0.0,0.0,0.0,0.0,0.0,0.0,0.0,0.0,0.0,0.0,0.0,0.0,0.0,0.0,0.0,0.0,0.0,0.0,0.0,0.0,0.0,0.0
2023-06-06 03:00:00,0.0,0.0,0.0,0.0,0.0,0.0,0.0,0.0,0.0,0.0,0.0,0.0,0.0,0.0,0.0,0.0,0.0,0.0,0.0,0.0,0.0,0.0,0.0,0.0,0.0,0.0,0.0,0.0
2023-06-06 04:00:00,0.0,0.0,0.0,0.0,0.0,0.0,0.0,0.0,0.0,0.0,0.0,0.0,0.0,0.0,0.0,0.0,0.0,0.0,0.0,0.0,0.0,0.0,0.0,0.0,0.0,0.0,0.0,0.0
2023-06-06 05:00:00,0.0,0.0,0.0,0.0,0.0,0.0,0.0,0.0,0.0,0.0,0.0,0.0,0.0,0.0,0.0,0.0,0.0,0.0,0.0,0.0,0.0,0.0,0.0,0.0,0.0,0.0,0.0,0.0
2023-06-06 06:00:00,0.22598274346528108,0.3646549352528018,0.07703607573492897,0.34144069681129846,0.038998028871277984,0.07688317901348772,0.16738630034212285,0.32023440554621235,0.18044260550960273,0.3139676395921126,0.3294787451253931,0.35836241341753783,0.18363197005657184,0.31225981766310235,0.3029264654023892,0.16163343744760783,0.04717813829714311,0.33527094764290966,0.06629974511558398,0.2945391158300625,0.3105792995334497,0.3396683879113123,0.23460379864503567,0.39472147703771504,0.42838669831252213,0.17665914650072564,0.42407144078915926,0.3814228724875658
2023-06-06 07:00:00,0.5047866307654043,0.573011438421364,0.45396417128396865,0.550436147834922,0.1034560531382386,0.1817567449186711,0.46913163210872044,0.4711068521838942,0.46817297217009385,0.46649613580381777,0.46985828547509234,0.5711755897823907,0.48193304884840105,0.4724367634927995,0.4915709548470532,0.4671371194370912,0.1741278012805547,0.5232167650857269,0.18462921394013976,0.47537549846139654,0.4718840632625042,0.5262920470780407,0.30837556599570465,0.6016362503059078,0.6063392936903453,0.3205240071477964,0.6241453810134006,0.5884424443280034
2023-06-06 08:00:00,0.6599920322278797,0.7020757961910699,0.6182380851076935,0.687181328530487,0.20333938908040694,0.2818308756160795,0.6270576103490743,0.6250542825240454,0.631550346254163,0.6220882454438912,0.624921150897772,0.7100224232675221,0.6420654527732103,0.6265057192986949,0.6435864154427025,0.6276719485353212,0.25219776589500226,0.6685552877110233,0.286990328694152,0.6244531650250741,0.6262454655834355,0.6738441647661754,0.43740972834364444,0.7165880051655399,0.7073438221786776,0.4623392517108399,0.7316785491213113,0.7069964332745141
2023-06-06 09:00:00,0.7417678092366289,0.7702356518380253,0.7069010907057703,0.7598298591404352,0.26807394621603725,0.33548626335868986,0.7112593130475977,0.708783137341924,0.7196128875019836,0.7072785668511209,0.7096007943255727,0.7829760234503623,0.7277359672005428,0.7099585269467096,0.7262248504105194,0.715303127137165,0.314837907669954,0.7453959317441043,0.34497567807232926,0.7052429145217369,0.7100015600761765,0.752045375780574,0.5076616937828831,0.7787162718014893,0.7653741674628237,0.5347930366074399,0.7901267672251382,0.7707779980195949
2023-06-06 10:00:00,0.7855486265502776,0.804878216729561,0.7584473249492841,0.7962002192650993,0.3257434868606243,0.36106406806813035,0.7544094331135088,0.7538410018568996,0.7692068286434371,0.7549409684775581,0.7544907124675186,0.8196574832422253,0.7760156247188417,0.7567218445462918,0.7722138392377977,0.7648784573810988,0.4094211262035425,0.7853126059930681,0.419248071704733,0.7512725634041776,0.7571980205215464,0.7930827478549904,0.6273121994840776,0.8105459496347913,0.801657709140176,0.5456164118971485,0.8216399237670736,0.8034532522346537
2023-06-06 11:00:00,0.8110537077439831,0.8238141454360915,0.7911405255799777,0.8159528777151291,0.3693663160257107,0.46063888622894633,0.7842128899467876,0.7811979834504554,0.7992250355694525,0.7837743582232033,0.7816095692718245,0.8392480994056265,0.8046645639331944,0.785437173844241,0.7983123727012917,0.7951526605742077,0.48560643870523085,0.8081837266402495,0.4598902012259625,0.7793130325481614,0.7861619936066374,0.8165881265243055,0.681927079109164,0.8274024728296278,0.8235751490160408,0.6035035020477376,0.8410006220977956,0.8209303971654283
2023-06-06 12:00:00,0.8211480173407331,0.8312309348096512,0.8053417864630861,0.8210230280897242,0.42504177687041556,0.4685346209929105,0.7977358286399249,0.7910510333992243,0.8123263864379678,0.7964097588827018,0.7909192004564173,0.8454200504266086,0.817478784461243,0.7971186360666663,0.812967591878076,0.8109549934710272,0.6023359893576413,0.8168578339974953,0.545849694870321,0.792157375406592,0.7981765442956162,0.8261923449398908,0.7671271383407884,0.8343463942447086,0.8450826622510362,0.6122938598052702,0.8483533213939248,0.8279815259288491
2023-06-06 13:00:00,0.8233401328190793,0.828794852836845,0.8122206802239341,0.8194710559740668,0.4734004291749716,0.49258658596867666,0.8037936158348056,0.7945992906485896,0.8180575128435205,0.8020462596325002,0.793740495700187,0.8429581234203971,0.8218233023314445,0.8018898166019041,0.8153720051730641,0.8161906290122735,0.6097276645584213,0.8179189980555308,0.5703071734406747,0.7978074572617174,0.8033000028164567,0.8270353444031496,0.7429029057345835,0.8330416483832408,0.8444012694316239,0.6233497544208579,0.8475710851151569,0.8266498772515514
2023-06-06 14:00:00,0.8220532460299481,0.8244242683177405,0.8114439309446309,0.8142961444027662,0.5368667935360746,0.5279391013378429,0.8027803303001207,0.7917950744445162,0.8178547453456041,0.8008193148129638,0.7909814864274405,0.8383123025293842,0.821066435852221,0.7998827086573382,0.8136124636526341,0.8161587574819887,0.6307686025423677,0.8147349403578815,0.5804663452075237,0.7963298240404278,0.8015021124943229,0.824090314801288,0.748817760735262,0.8290946356998782,0.8405151145362848,0.636154718854238,0.8432774988846442,0.8227886235095485
2023-06-06 15:00:00,0.8139044964645985,0.8135544557853657,0.8059075083723833,0.802622016713359,0.5103383836905543,0.522193019809296,0.7966935249933259,0.784258418456471,0.8072710619212319,0.7942822265700203,0.7839136074678341,0.8264863753815399,0.8108710456865759,0.7930587500545275,0.8055653646941413,0.8102961568661472,0.6528792643457415,0.8055724523188372,0.6276052380916045,0.79017645257648,0.7948280813227445,0.8157335175582435,0.723443370998268,0.8174593734605844,0.8254543304004689,0.6143808218538044,0.8318242584419117,0.8109037788239387
2023-06-06 16:00:00,0.7997290339665316,0.7989798909563108,0.7914394630367418,0.7874095719973453,0.5565310861009353,0.5364475271385598,0.7828516592397184,0.7697222460427878,0.7998034248369674,0.7792998607948995,0.7696994956247466,0.8117051841422451,0.8021376132842306,0.7783952465755362,0.789583325926859,0.7974632345851423,0.633381344521771,0.790940069073771,0.6216783760063173,0.7749990362371664,0.7800414424670414,0.8007310531235331,0.7043038525195481,0.8017267750066638,0.8119019827258829,0.6327301361788843,0.8161849865737594,0.7951335380152854
2023-06-06 17:00:00,0.7758912174550575,0.7734335630879913,0.7676032350044291,0.7623136050432858,0.5155955328150656,0.5109511950554344,0.7593484533576698,0.7459772695500014,0.7768689319022587,0.7546380209937527,0.746138424929123,0.7870436882409513,0.778915134688772,0.7532186712387231,0.7642376149268434,0.7739596335247315,0.644112261700514,0.7668432162341751,0.6334647644499157,0.7497459910237385,0.7545732022210179,0.7760404022586082,0.6600034148868394,0.776712523111375,0.7808948047176615,0.5879951252284517,0.7900172285581701,0.770073458887961
2023-06-06 18:00:00,0.7397887519713835,0.7375143579235374,0.7297457442787135,0.7241016527327407,0.4722269226700125,0.5136790452281215,0.7223381105851194,0.7088652486596506,0.7420817095169568,0.7158884681463316,0.7097126914762895,0.7492902014956841,0.7438659996929445,0.7136473048587426,0.7277266777637317,0.7387849750172578,0.5942827861831353,0.7298848595118917,0.5627638698263578,0.7096273833780269,0.7145460536749583,0.7385321449511654,0.6224666767402552,0.7365254046195998,0.7430964717069944,0.545155614205993,0.7473412351908177,0.7299621966730623
2023-06-06 19:00:00,0.6827713273101257,0.6816515657670958,0.6659412979934374,0.6600594526193415,0.4028107917284374,0.42839304939380457,0.6608529634484425,0.6477877127426171,0.6871386272165164,0.6531348732044011,0.6503138187820532,0.6888563905046886,0.6886770178433033,0.649822626710688,0.6609785261169118,0.6804373983013488,0.578158616639556,0.6700658954120525,0.4720609971025633,0.6447796910150636,0.6502386159616629,0.6789560775448131,0.5524887970374691,0.6739689531522618,0.6762469309230082,0.4621105691531057,0.6806217544859173,0.6676326685242179
2023-06-06 20:00:00,0.583743088188949,0.5834490587566002,0.561050181091354,0.5475921267685457,0.3502557266764993,0.34337442328981344,0.5530611425657647,0.5413568322992628,0.5915415955998272,0.5466857803117078,0.5470611488904902,0.5828094585742041,0.5923850749497286,0.5388298367047084,0.5335155841679032,0.5762035574797006,0.5473706725580778,0.5701128849609743,0.4172597776952774,0.5311700860844298,0.5384564993368335,0.5748242092483073,0.46378349985653616,0.5626318452389122,0.5501925046474864,0.3568888321334927,0.578718879454319,0.5569837964944813
2023-06-06 21:00:00,0.4005669186762117,0.40853289376136603,0.3699185440940607,0.34905272129319526,0.30403461849958413,0.3188047161487951,0.35653918288814895,0.34999271784540387,0.41822906978124036,0.35537683600966713,0.3594247507445756,0.3879268496269482,0.41752599843458726,0.34201627243095445,0.364892552162853,0.40773616056680034,0.44221012204836857,0.3852120269189681,0.3306137453078071,0.33524279287341624,0.34095871358525764,0.3850718703522385,0.2288397205031267,0.3675774833775711,0.346419508717663,0.2609794769452551,0.3950305539560609,0.3637187427308505
2023-06-06 22:00:00,0.0,0.016553585618422028,0.0,0.0,0.21516903355398415,0.21633707238310343,0.0,0.0,0.015641842681215944,0.0,0.0,0.0,0.0,0.0,0.1526431590055742,0.10091083026602055,0.2552012811541575,0.0,0.21287771736458153,0.0,0.0,0.0,0.0,0.0,0.0,0.1699783309866715,0.015369603391819687,0.0
2023-06-06 23:00:00,0.0,0.0,0.0,0.0,0.07979959001543789,0.0,0.0,0.0,0.0,0.0,0.0,0.0,0.0,0.0,0.0,0.0,0.0,0.0,0.0,0.0,0.0,0.0,0.0,0.0,0.0,0.0,0.0,0.0
2023-06-07 00:00:00,0.0,0.0,0.0,0.0,0.0,0.0,0.0,0.0,0.0,0.0,0.0,0.0,0.0,0.0,0.0,0.0,0.0,0.0,0.0,0.0,0.0,0.0,0.0,0.0,0.0,0.0,0.0,0.0
2023-06-07 01:00:00,0.0,0.0,0.0,0.0,0.0,0.0,0.0,0.0,0.0,0.0,0.0,0.0,0.0,0.0,0.0,0.0,0.0,0.0,0.0,0.0,0.0,0.0,0.0,0.0,0.0,0.0,0.0,0.0
2023-06-07 02:00:00,0.0,0.0,0.0,0.0,0.0,0.0,0.0,0.0,0.0,0.0,0.0,0.0,0.0,0.0,0.0,0.0,0.0,0.0,0.0,0.0,0.0,0.0,0.0,0.0,0.0,0.0,0.0,0.0
2023-06-07 03:00:00,0.0,0.0,0.0,0.0,0.0,0.0,0.0,0.0,0.0,0.0,0.0,0.0,0.0,0.0,0.0,0.0,0.0,0.0,0.0,0.0,0.0,0.0,0.0,0.0,0.0,0.0,0.0,0.0
2023-06-07 04:00:00,0.0,0.0,0.0,0.0,0.0,0.0,0.0,0.0,0.0,0.0,0.0,0.0,0.0,0.0,0.0,0.0,0.0,0.0,0.0,0.0,0.0,0.0,0.0,0.0,0.0,0.0,0.0,0.0
2023-06-07 05:00:00,0.0,0.0,0.0,0.0,0.0,0.0,0.0,0.0,0.0,0.0,0.0,0.0,0.0,0.0,0.0,0.0,0.0,0.0,0.0,0.0,0.0,0.0,0.0,0.0,0.0,0.0,0.0,0.0
2023-06-07 06:00:00,0.21423204770142293,0.32077251860471473,0.16106868890362572,0.33418172498705995,0.16379060139890314,0.16082337606405786,0.23371111343116135,0.3253991514502423,0.15988074677269062,0.31600693571929106,0.3341781722648744,0.34329639276745644,0.15884653584823138,0.3147045642754306,0.27283581719691036,0.13952615234175014,0.12158053502400797,0.31917244742647805,0.12385193151245785,0.2951236006358329,0.3125104110205387,0.3263318093968726,0.41979817697053645,0.3839853882286408,0.45177176285976695,0.22549731369506287,0.36609361201287954,0.3764865504957061
2023-06-07 07:00:00,0.4883064886358871,0.5379347319764987,0.4564087535553925,0.5410249684464881,0.317324285141418,0.31322774056578023,0.47867321870484947,0.47744915260433546,0.43974497994897677,0.471271739206995,0.47712526197576205,0.5526150293125538,0.45088028844954076,0.4753035567475782,0.4699263909043718,0.43072700844837525,0.38191950890538884,0.5060394023407465,0.3540736710365269,0.47616740532649154,0.4743023516081606,0.5121395935488104,0.611307956415233,0.5879011193122103,0.6426277215041337,0.38674741827442016,0.5819802561041099,0.578809585130364
2023-06-07 08:00:00,0.6404044374809899,0.6692858456760694,0.6169410757174819,0.6709643151543783,0.43311768115118815,0.4426141824130642,0.6324235389449896,0.6264550920285893,0.6037464676899696,0.6234470441182781,0.6276791610484798,0.6864575356929461,0.6149842112310123,0.624750875871472,0.6209939462185425,0.604833867098281,0.5327588292193048,0.6484035770433961,0.5071685748372221,0.6219499813013833,0.6240750746149148,0.6566478433099712,0.7034694445148003,0.6976434616566112,0.736458976002066,0.5222829944964208,0.6987519184306251,0.6911570570257074
2023-06-07 09:00:00,0.7230485111757881,0.7381457954881296,0.7011562227903144,0.7387602063611617,0.5465804612308005,0.5653155774580652,0.7083024489376065,0.7041848824196516,0.6842688542909593,0.7039642321081632,0.7060136763846832,0.7567657403565486,0.693495642076978,0.7022633921887009,0.7011477820186136,0.6888785892860916,0.6433312709668904,0.7236283959774323,0.6152685495032508,0.6995549200858602,0.7021782879105422,0.733266804842295,0.7530547411339439,0.7544615661075237,0.7842327018418345,0.6339704603876963,0.7570682466797567,0.7491681531593011
2023-06-07 10:00:00,0.7577952109542142,0.7733606985355147,0.7478652488461869,0.7734133434097132,0.6720636033767128,0.6608452893893731,0.7542631907151153,0.747332664532931,0.7202545392519681,0.7496407813317167,0.7487319874173302,0.7937259249679735,0.7371120510812122,0.7478838011018643,0.7409954789290032,0.7358220009415112,0.7017967837283353,0.763186285659006,0.6749225399426833,0.7435534736030278,0.7482055107367513,0.7753220513331636,0.7739116523160726,0.782726175446588,0.8074049585974223,0.7187255645979025,0.7861642948708403,0.7776178732906669
2023-06-07 11:00:00,0.7928421486897929,0.7933036559071709,0.7852537802156493,0.7924207468317829,0.7325141000184772,0.7434411011742122,0.7830394132328883,0.7728234973032783,0.7548225401397778,0.7771593999020877,0.7732557686594684,0.8148087098780212,0.7606351315844734,0.7747561665617853,0.7706651037278247,0.7617547218593975,0.745578610448262,0.7847416105134104,0.71794270459179,0.7703207410526556,0.7754267767676464,0.7991612733047683,0.7654135696277488,0.7991072718017819,0.8211079500760147,0.7778030342776964,0.8038912201311307,0.7943828383444821
2023-06-07 12:00:00,0.8089307336214843,0.8014333884536792,0.8009148890982424,0.8015179101605024,0.7328993492780658,0.760114386983116,0.7937097086823779,0.7800731291624435,0.7688993682303726,0.7878440908814373,0.7800132049133157,0.823602680358636,0.7661239385834366,0.7844731979061043,0.7753692973573498,0.7772258343071137,0.7173034299084279,0.7995292043326173,0.6764442024750739,0.7834128433101172,0.7856992476238901,0.8095670616415583,0.7843112539246423,0.8068644939721906,0.8267378620921917,0.7921666608864838,0.8123623241435061,0.8024244621227633
2023-06-07 13:00:00,0.8136921204847691,0.7997146623309299,0.809304699310738,0.802791972260187,0.7645594102150316,0.7850836516785787,0.8006620391782219,0.784640330846019,0.781421344759084,0.7934197794592872,0.7840392658437552,0.825190672446442,0.7841458577423882,0.7908658616154525,0.7757916345869438,0.7850804161112687,0.7449818321654653,0.8041235483364333,0.71647512656837,0.7890091323903956,0.7923302233445307,0.8130860999036101,0.7836028654909858,0.8075685425136495,0.8256708729511889,0.7968553153566056,0.8138823142828778,0.8032743242700271
2023-06-07 14:00:00,0.8130088986358766,0.7954629428536822,0.8107645456377555,0.7957312238187093,0.7625056865356644,0.8034184477376038,0.7989368213714778,0.7809522473836988,0.7899043856204548,0.792258712841241,0.7812394691986145,0.82183592872747,0.7915540389798401,0.7864839532879274,0.7848168829710073,0.7929858974378087,0.7569490337558764,0.8026885637205114,0.7348779010327889,0.785874401970137,0.787834136247128,0.8101647510510936,0.7551729956181533,0.8036976591508541,0.8210652684886018,0.7981533196678505,0.8090777473758043,0.7995609605788068
2023-06-07 15:00:00,0.80895785349078,0.7871900348398089,0.8033626482266478,0.7830548969809162,0.7394827158162128,0.7956667109265747,0.787534982348311,0.7695396843899638,0.7766393995813178,0.7876672457216474,0.773899658296811,0.8130195590196647,0.7821972964709836,0.7735447076102341,0.7813061135049088,0.7877236598563487,0.7515141532780648,0.7979652373276179,0.7588046412246602,0.776735877381483,0.774565962288509,0.8049952604303883,0.7283214996329956,0.7926643677025851,0.8098890870335793,0.7868967464050303,0.7978554028024075,0.7885731022437302
2023-06-07 16:00:00,0.7930060420393582,0.7695516406347608,0.7860700715295839,0.7676592056860714,0.7037971664514122,0.7800240256039805,0.7556529883791502,0.7476282369110155,0.7490406560185864,0.7725918241234293,0.7581061681508494,0.7972004711938477,0.7595960290130208,0.7437810332223692,0.7682997392348897,0.7713261537987967,0.7358022546257783,0.783988313215798,0.7623326820240743,0.7508503673842702,0.7440257526083869,0.7904611422102582,0.723390991375041,0.7745083741684623,0.792161268522337,0.7583746117977114,0.7812817748957663,0.770197966865611
2023-06-07 17:00:00,0.7665884601496709,0.745303910223039,0.7446820938053202,0.7442746290316484,0.6331449929712744,0.7567869865608914,0.7124559590141429,0.7175292708122267,0.7418753270129548,0.7394751462900545,0.7221045299324053,0.7728139603214415,0.7516983640520487,0.7236741158813804,0.7471264550528216,0.755899750288347,0.7338786388569722,0.7608603762944125,0.7466731032937378,0.7251785450989374,0.7246085962035304,0.7665305399610499,0.6752892977948611,0.747935636494859,0.7660260120500993,0.7410469710232459,0.7564579822089295,0.7438655388676059
2023-06-07 18:00:00,0.7158955726620451,0.7117863319325034,0.7067984247859103,0.6971225817826563,0.6233892202796929,0.7394519575052271,0.6527604529867532,0.665936910433485,0.6913731245950353,0.6963610747105604,0.6747744826468195,0.7317371247490887,0.7092449032417142,0.6730900331068574,0.7197138584950441,0.7235444100136115,0.7156044718138379,0.7257817940716818,0.7163695658381816,0.6772211261853475,0.6753318618789274,0.7302959187913393,0.593400398018726,0.7076484533132537,0.7221913282549655,0.7200565017396825,0.7173246848106737,0.7050236542401171
2023-06-07 19:00:00,0.6511165107535618,0.6517401134002284,0.6381248924666807,0.6376681280189408,0.5733538012921643,0.6793163227743204,0.5352611051903986,0.5686048432868837,0.624463242111781,0.6030239759297944,0.5791603273500324,0.6650818940272069,0.6401127258623198,0.5875232039926221,0.6699172144783789,0.6669581946302426,0.668617026018245,0.6683707254632064,0.6596008963150277,0.6121862601665835,0.5930756920938919,0.6598720053724033,0.47581643121403255,0.6480883657841385,0.6468405835936747,0.6625622469181426,0.6571054294060046,0.6416140824492204
2023-06-07 20:00:00,0.5372689878183271,0.5634723321873424,0.5053843995582041,0.5295327053179592,0.4860792277207142,0.6188714987527387,0.3784484998987641,0.4401322258192199,0.5071785247389642,0.47853524022457533,0.45105766354693644,0.5623007413337903,0.5365862919321503,0.46437125753332936,0.5835884869988487,0.5734250517432189,0.5965046150346663,0.5657133085861636,0.5862345443845818,0.48225849275697774,0.47020716935831486,0.5518027663870826,0.3769264629991395,0.5423993544219292,0.5208998726076154,0.5884864998371038,0.555205680681656,0.5369771213592122
2023-06-07 21:00:00,0.348948528582179,0.3960172475025772,0.3552475128450713,0.3422376686771423,0.40469864449523735,0.4893261975419935,0.28105388148582006,0.3099223906682102,0.3530521974455716,0.328814647497076,0.32626148022972157,0.3766713591338146,0.3704820549717656,0.3042634163766841,0.4250548627153839,0.4114706540023061,0.43456329129868565,0.38249104370082126,0.4414140131838684,0.3202839312331099,0.3048804630944705,0.3722741216788577,0.21148050171027855,0.35286960468124934,0.33540862148898,0.46307259441281157,0.37504494154049006,0.3492560882198717
2023-06-07 22:00:00,0.0,0.02775020241838667,0.0,0.0,0.2559307126800785,0.3031880872394249,0.0,0.0,0.02909901360212626,0.0,0.0,0.0,0.0,0.0,0.21614762652854025,0.11896109148544484,0.22981481730349565,0.0,0.2299664760759897,0.0,0.0,0.0,0.0,0.0,0.0,0.29394590743729376,0.01435955801777169,0.0
2023-06-07 23:00:00,0.0,0.0,0.0,0.0,0.05391025523184526,0.0,0.0,0.0,0.0,0.0,0.0,0.0,0.0,0.0,0.0,0.0,0.0,0.0,0.0,0.0,0.0,0.0,0.0,0.0,0.0,0.0,0.0,0.0
2023-06-08 00:00:00,0.0,0.0,0.0,0.0,0.0,0.0,0.0,0.0,0.0,0.0,0.0,0.0,0.0,0.0,0.0,0.0,0.0,0.0,0.0,0.0,0.0,0.0,0.0,0.0,0.0,0.0,0.0,0.0
2023-06-08 01:00:00,0.0,0.0,0.0,0.0,0.0,0.0,0.0,0.0,0.0,0.0,0.0,0.0,0.0,0.0,0.0,0.0,0.0,0.0,0.0,0.0,0.0,0.0,0.0,0.0,0.0,0.0,0.0,0.0
2023-06-08 02:00:00,0.0,0.0,0.0,0.0,0.0,0.0,0.0,0.0,0.0,0.0,0.0,0.0,0.0,0.0,0.0,0.0,0.0,0.0,0.0,0.0,0.0,0.0,0.0,0.0,0.0,0.0,0.0,0.0
2023-06-08 03:00:00,0.0,0.0,0.0,0.0,0.0,0.0,0.0,0.0,0.0,0.0,0.0,0.0,0.0,0.0,0.0,0.0,0.0,0.0,0.0,0.0,0.0,0.0,0.0,0.0,0.0,0.0,0.0,0.0
2023-06-08 04:00:00,0.0,0.0,0.0,0.0,0.0,0.0,0.0,0.0,0.0,0.0,0.0,0.0,0.0,0.0,0.0,0.0,0.0,0.0,0.0,0.0,0.0,0.0,0.0,0.0,0.0,0.0,0.0,0.0
2023-06-08 05:00:00,0.0,0.0,0.0,0.0,0.0,0.0,0.0,0.0,0.0,0.0,0.0,0.0,0.0,0.0,0.0,0.0,0.0,0.0,0.0,0.0,0.0,0.0,0.0,0.0,0.0,0.0,0.0,0.0
2023-06-08 06:00:00,0.20969748110115152,0.3182818801919788,0.12568875005875874,0.30666753922243956,0.1996526999120219,0.180533675297939,0.17839019137619117,0.2733155113054622,0.18423535235076124,0.28277845067243085,0.28340694294740565,0.32315885171521364,0.1887699687199276,0.27307150369522293,0.2101473325804649,0.12546640316643914,0.0781201757375597,0.31480917586206897,0.06177920171456476,0.2671457222285808,0.27260611885466235,0.31395947701905486,0.3447274594571779,0.33801148078445886,0.40550249352683765,0.2269438503089838,0.38321991910358133,0.3403782636938628
2023-06-08 07:00:00,0.412243630895792,0.5353804631297097,0.3047139196416724,0.5121637747110105,0.3172063592665034,0.270439029867019,0.3692637148547255,0.43004017513665954,0.3402595344554664,0.4318580217041712,0.4278354872721922,0.5342927506976107,0.3957231993086204,0.43468199452754597,0.33036487261656144,0.24548997621330912,0.15993109367528482,0.5011976234904971,0.12477226784495081,0.4465464562581549,0.4353826622729855,0.49504192789470514,0.5230333376720718,0.5511508895754145,0.5971284141811483,0.3738187855848897,0.569499031373464,0.5457472232464228
2023-06-08 08:00:00,0.5253538986085957,0.658079491891472,0.4306159450756301,0.6434172066538614,0.42849428031516845,0.4048091131925988,0.5567819157177406,0.5968512797570514,0.47551957548554036,0.5777159572407691,0.5814305935334501,0.6671989607321721,0.53122350122604,0.5991702602324044,0.43191684391155194,0.3518022057407822,0.21878793128236537,0.6351383625486124,0.22119298475581853,0.6001294202704038,0.599415915066984,0.6275359469058953,0.6248772079718323,0.6657593764177975,0.6859805548631918,0.4719885206372452,0.6749226262323096,0.6577791909614193
2023-06-08 09:00:00,0.617393254846488,0.7248892554892319,0.4940684257874788,0.7147226150980918,0.5389031971314047,0.49590017870557834,0.5879493612978065,0.6786533388289456,0.5803084326112932,0.6799753262311695,0.6724808907188013,0.7385500718978244,0.6184243455133708,0.6967788531372471,0.5035054614797475,0.4341743772381449,0.2973197428170015,0.7207973019207142,0.3308684094548475,0.6810800061458784,0.6979783795796308,0.7277879907631516,0.7063263762481449,0.726908240685324,0.7381666733456236,0.5257134840905913,0.7351649215337954,0.7161653687116809
2023-06-08 10:00:00,0.6768895485301711,0.758538044952649,0.6047049555684919,0.7510688832628536,0.6173427321682394,0.5901532185802056,0.667562553828239,0.7234605118661542,0.6328098205809995,0.7192805188932128,0.7171057053515533,0.7765739905712525,0.6769785301372949,0.7316346529074731,0.5885976907260592,0.5498451786595178,0.41197399635934145,0.7594496443833031,0.40942896227367415,0.7198616093486897,0.7327123036884962,0.760436870453086,0.7284480455981821,0.7565504084710101,0.7524705495711561,0.5954508401620743,0.7671821207396844,0.748426127694075
2023-06-08 11:00:00,0.7005402224420971,0.7792318099155936,0.6147788946626358,0.7768511794127629,0.6542366296707733,0.6206192519358412,0.7284266088603119,0.761748788025672,0.6574559103691857,0.7706816682495384,0.7673578634826277,0.7965724057190607,0.729731390661704,0.7670534212570252,0.6910389254978829,0.6946546396697991,0.44262527096314896,0.7892560022068557,0.45090102350949957,0.7582304587776281,0.7688393179790367,0.7965789178870152,0.7420141750379943,0.7689341923719778,0.7615446353594205,0.6446300535434482,0.7811266604126286,0.7646851655193867
2023-06-08 12:00:00,0.7656866910296518,0.7903688738385778,0.7157384451998597,0.7739136064141242,0.600779751891132,0.5848294803612245,0.7313581505078034,0.7732201271281003,0.758865908927403,0.7788410401530343,0.7716305888907333,0.8082716766417932,0.7879420825447478,0.7855911760677683,0.7257061474054296,0.7438067857813035,0.42622753192087365,0.8032435706708562,0.43400515315355,0.7767201058768434,0.7873790689297738,0.8077495664910997,0.7617310772848339,0.7771925703023381,0.7511604050268622,0.6502875709232236,0.7849278791786906,0.7709353021939849
2023-06-08 13:00:00,0.7868578200941208,0.7902627821144368,0.7498539162298284,0.7705479800685523,0.5923961279451834,0.6583653632151046,0.7601524994494637,0.7733455511151167,0.7599598222042703,0.790653174036452,0.7849946840923515,0.8119356895937104,0.7942626401194844,0.7691161611477069,0.772099837123249,0.7603301233395741,0.43733482608071717,0.8091855352513097,0.4461115434926944,0.7748491071168093,0.769627171529049,0.812555456263136,0.7463946501589718,0.7790687604503163,0.738657604719577,0.6918691061952487,0.7872992883557561,0.7730299409199949
2023-06-08 14:00:00,0.7902687186712968,0.786722838618051,0.7516615893612942,0.7597276529235676,0.560540620684971,0.664224492045779,0.7653022947157787,0.7706586428119491,0.7781611869523424,0.7891775806498484,0.7791552743134789,0.8062164866648038,0.8009073822174336,0.7706438463143761,0.7888324574583804,0.7894882084187133,0.46868319171833006,0.8055563523299695,0.4544837257315935,0.7774202328684181,0.7716027479056579,0.8090900955922496,0.7329612718363546,0.7707797600827133,0.723615454514959,0.7009282580883346,0.7790409143820443,0.7658484908311186
2023-06-08 15:00:00,0.7923155282238422,0.7782663609594321,0.7715105618574631,0.7386300227493522,0.5628247917848885,0.6393805990170861,0.7600864599716246,0.7636199413664914,0.788498441865224,0.7821167558421844,0.7723620124808783,0.799243146640622,0.8016479129606816,0.765201978341453,0.7749501951051168,0.7822105813533587,0.5132770396684923,0.7997177657456769,0.4816939734029138,0.7734127688810299,0.7667204997083525,0.8014235015494015,0.6784927198859672,0.7425203727472323,0.6887010009630584,0.6877708106953979,0.7481695890461619,0.7441856867076535
2023-06-08 16:00:00,0.7698634993995566,0.7530319883621425,0.6900408064126097,0.7099792523503331,0.5309901603732635,0.6260755415337934,0.6927355447194733,0.7453922652784556,0.762817548099355,0.7556038557180145,0.739386876491235,0.7824095068831985,0.7763461244723819,0.7663905830095836,0.7206684935189839,0.7488655073927996,0.512875849077972,0.7857633106086418,0.46695430382732245,0.7608459992247127,0.7683817434922969,0.786725702335199,0.5686052766053108,0.7224507901664625,0.6512288315701605,0.6710247781831423,0.7295839153058244,0.7057148124138879
2023-06-08 17:00:00,0.7560133359273566,0.6971850232500114,0.7188913111443318,0.66334990309581,0.45607422806215814,0.5462707712973691,0.6832028045255242,0.7186169084276063,0.7384337633541157,0.7333966966207215,0.7215542042263402,0.759646993790223,0.7619820846512027,0.7274389262270345,0.7083162684075442,0.7402838909356635,0.3775490395399302,0.7608277220680314,0.3881668135290592,0.7276957675491685,0.7286111132933222,0.7630021052711299,0.5791474978296014,0.6503868242323301,0.6522072835504726,0.6127594433965554,0.703471811022871,0.607791118216492
2023-06-08 18:00:00,0.7014371757153689,0.6782791197753394,0.6660182520348807,0.6313185424479814,0.43133593359259853,0.5039669367449611,0.6345706919855193,0.6653584755499145,0.7021902872824782,0.6949504684619991,0.6820081761004512,0.7235127815530977,0.7345996172193189,0.6511706597855231,0.7038300850843728,0.7152315140008151,0.23867243072773162,0.7262875715658622,0.3032492906324521,0.689124170330025,0.6491689974959716,0.7248434623261191,0.44855796867811115,0.5553571088906994,0.5741467167573536,0.5876657517896241,0.6658494964678008,0.4757426110756834
2023-06-08 19:00:00,0.647871038543113,0.5781701326107448,0.6190725175563,0.5219687091835792,0.3798622102820407,0.38947016041816895,0.5126688870893967,0.5345834494040849,0.6264917216480675,0.6185342749986298,0.5843221958740394,0.6414922496870363,0.6629558830508389,0.4934784989471501,0.6551353667451162,0.6648417947661792,0.195050177905478,0.6645258190726072,0.27242057469749037,0.599685466527243,0.4934420952888637,0.6626409203507116,0.35385212559436335,0.37294115862022487,0.4352696315486247,0.5024082188151359,0.5682372401433907,0.2828099735631015
2023-06-08 20:00:00,0.5432835928520465,0.5123088784499408,0.4681069640207353,0.34367575984760235,0.26934500728194677,0.3075179167592698,0.29560601350350857,0.2741172560938258,0.5415263462808847,0.41712683768743086,0.35723331985293016,0.5148073322109624,0.5630240975353121,0.2219577137633207,0.5880126541585613,0.5802653973639116,0.15494552353684243,0.5572263153691044,0.23234428658927836,0.3575364203390441,0.22488245229579643,0.5255945550952361,0.21197476827786654,0.28627493480962274,0.363556944422616,0.38271887333578986,0.49417658690713556,0.2076894678211585
2023-06-08 21:00:00,0.35329982495019574,0.3494082381101292,0.24490580414649069,0.12766988364103826,0.19852475900726668,0.2012043775454265,0.10919776490969264,0.06308467272963404,0.3619043702348676,0.14264479900764426,0.13580854560446737,0.2973474810331905,0.38057152710883707,0.024731605104020043,0.43687170736215364,0.4191273296277057,0.1060961826963431,0.33892814940068017,0.13827207394509192,0.053787451711452855,0.024969390339780535,0.2859049174126189,0.07820680913974791,0.14847887271423627,0.23411713506684026,0.2736471957972727,0.35172098782028843,0.10784575025369299
2023-06-08 22:00:00,0.0,0.03035841679763791,0.0,0.0,0.12047685454220149,0.10000912423971592,0.0,0.0,0.019768502888200312,0.0,0.0,0.0,0.0,0.0,0.21798797910512968,0.1459194113971232,0.027263003970489173,0.0,0.060214091789962614,0.0,0.0,0.0,0.0,0.0,0.0,0.14993841318119694,0.019137997688112057,0.0
2023-06-08 23:00:00,0.0,0.0,0.0,0.0,0.024073371933189966,0.0,0.0,0.0,0.0,0.0,0.0,0.0,0.0,0.0,0.0,0.0,0.0,0.0,0.0,0.0,0.0,0.0,0.0,0.0,0.0,0.0,0.0,0.0
2023-06-09 00:00:00,0.0,0.0,0.0,0.0,0.0,0.0,0.0,0.0,0.0,0.0,0.0,0.0,0.0,0.0,0.0,0.0,0.0,0.0,0.0,0.0,0.0,0.0,0.0,0.0,0.0,0.0,0.0,0.0
2023-06-09 01:00:00,0.0,0.0,0.0,0.0,0.0,0.0,0.0,0.0,0.0,0.0,0.0,0.0,0.0,0.0,0.0,0.0,0.0,0.0,0.0,0.0,0.0,0.0,0.0,0.0,0.0,0.0,0.0,0.0
2023-06-09 02:00:00,0.0,0.0,0.0,0.0,0.0,0.0,0.0,0.0,0.0,0.0,0.0,0.0,0.0,0.0,0.0,0.0,0.0,0.0,0.0,0.0,0.0,0.0,0.0,0.0,0.0,0.0,0.0,0.0
2023-06-09 03:00:00,0.0,0.0,0.0,0.0,0.0,0.0,0.0,0.0,0.0,0.0,0.0,0.0,0.0,0.0,0.0,0.0,0.0,0.0,0.0,0.0,0.0,0.0,0.0,0.0,0.0,0.0,0.0,0.0
2023-06-09 04:00:00,0.0,0.0,0.0,0.0,0.0,0.0,0.0,0.0,0.0,0.0,0.0,0.0,0.0,0.0,0.0,0.0,0.0,0.0,0.0,0.0,0.0,0.0,0.0,0.0,0.0,0.0,0.0,0.0
2023-06-09 05:00:00,0.0,0.0,0.0,0.0,0.0,0.0,0.0,0.0,0.0,0.0,0.0,0.0,0.0,0.0,0.0,0.0,0.0,0.0,0.0,0.0,0.0,0.0,0.0,0.0,0.0,0.0,0.0,0.0
2023-06-09 06:00:00,0.007765667800715953,0.09659294207961264,0.0,0.009268867886254742,0.13544109632788778,0.19538416365710873,5.107902538547474e-05,8.529934132796216e-05,0.03383383477834876,7.66185380782121e-05,0.0,0.021255501093663056,0.030178555117134624,0.0002963524567263321,0.15433261210877325,0.08628094750799334,0.08044766217761108,0.0013289513492360245,0.08181449219753238,0.0016851571093009735,0.00033339651381712363,0.004898233313596343,0.12868580525763557,0.07511605138530753,0.27747895358484476,0.2454481666067924,0.23767931945928733,0.07660262927475456
2023-06-09 07:00:00,0.15592710226938997,0.2023502301460316,0.12353114107800486,0.048201201305597956,0.23261228087814906,0.3251661822331606,0.00793922099891721,0.0075158305581581875,0.2427264556097337,0.013068356621943762,0.010835422211220688,0.06790367772313093,0.24016983570502817,0.008429624509811863,0.33338596459303416,0.3019749111682218,0.16252714258972964,0.05080430749819329,0.15082651619445028,0.015332671155072378,0.008832404405170883,0.031553272305651886,0.21032994701192423,0.2336956067325064,0.5021887139721577,0.40776412980074767,0.41742729281479857,0.2076397663134476
2023-06-09 08:00:00,0.21998344135939255,0.29723715007907786,0.1530251330266023,0.08055837605232224,0.29184261195952566,0.4031128497486266,0.02797644443926152,0.03393391925169922,0.37555881775619254,0.04663452946676188,0.033617493319815665,0.12426945714900557,0.4038789603248872,0.03411192908487806,0.4505991088028183,0.4542016238404176,0.19728150936232383,0.0859253304066081,0.1974654293567645,0.0524597302339388,0.034801677971244574,0.08422145655028097,0.23821975107766852,0.3835460310456753,0.6033235321875883,0.519948229904637,0.5343277485513233,0.35831433305493726
2023-06-09 09:00:00,0.29230254458253896,0.39754120551766026,0.21508447608550815,0.15146665963996497,0.34063910028221855,0.5075762154589669,0.0567101844311515,0.05863049713151682,0.4474453855157499,0.06867294306075677,0.05891031283164976,0.19581525734569388,0.4713346536869323,0.05543209365825991,0.5919741961838465,0.5720495929223228,0.2946168040867427,0.1320652107079391,0.24235282202365668,0.07102376713822704,0.05560529361368339,0.14907878400678165,0.24936024045087807,0.4853477539148075,0.652798952093776,0.6149650149033525,0.6095560618998654,0.4645208186101604
2023-06-09 10:00:00,0.29691784827781176,0.4313669468415139,0.2321713664287904,0.21273169398388533,0.39400435956836943,0.6016445616672715,0.08764607663095525,0.09999741165431547,0.4743134953901516,0.09784030214420414,0.08872377221925137,0.1989247983190487,0.5256756745759311,0.10614959208015998,0.687119689671336,0.6707080656187515,0.2848593459080034,0.1584607767259817,0.2543602753885122,0.1382255241883838,0.10629885777804274,0.16000292145745443,0.2718575936292278,0.5610847630891465,0.6838552196323542,0.6999078687172781,0.6888472999609372,0.5202725442135367
2023-06-09 11:00:00,0.32354394481939863,0.38416787575921746,0.25225754561212654,0.32108339198219227,0.4248128972794,0.6072402921525702,0.15207702236280854,0.185432755750524,0.5306872342615968,0.17842443054501655,0.16861538593477673,0.2683580366473516,0.5232853904902608,0.18915231924686,0.6816282579075447,0.6686772020326133,0.3702868984945642,0.21345177975818017,0.3997475715191317,0.20926465520530582,0.18809893219522392,0.2115559358843203,0.261352953252173,0.5865022395670265,0.6818425277846388,0.7213796120711933,0.6822580579889048,0.5483312191330341
2023-06-09 12:00:00,0.31261396597309493,0.35570398849966006,0.2281955787121904,0.5284486651192476,0.44637253584110026,0.5364310563681916,0.14657585580870078,0.2552246991612236,0.5987562269988853,0.18644957349403599,0.16206651238699735,0.34878490084616026,0.6261445114675023,0.3217933812223115,0.6535154577922367,0.6815516879565319,0.3948902744431521,0.09447518045109586,0.3431893242565248,0.434105232066399,0.3287457192359316,0.15928802705884587,0.23096630895708156,0.5856246600425782,0.6721800355396338,0.6539837302897437,0.6587205817360221,0.5462417051602833
2023-06-09 13:00:00,0.37701796645277535,0.4121385407161625,0.24911599090273112,0.373073072016545,0.47548168917491135,0.5635618068329783,0.2054852853479265,0.2072273354397588,0.5351920480909146,0.2814982305256868,0.23629340817576042,0.4010688545984743,0.5138416925429707,0.1498985163567179,0.6917488495294078,0.6649712529211061,0.5049617768498246,0.23846414121277246,0.4487421919274917,0.22020246075474487,0.14538152474605578,0.3043441398035553,0.22739037097040354,0.5560824741166873,0.6541001156842949,0.6986931609407172,0.6613540200120276,0.5282629797199815
2023-06-09 14:00:00,0.4066228965408776,0.4390261179553388,0.24210272279178277,0.3256255220256416,0.5151164261045608,0.5702458310146449,0.1836157086422668,0.1891544879215755,0.44656386882683524,0.25890364307891867,0.22931299206789657,0.5056722119093634,0.3865343455944739,0.1641037222463859,0.6975572976778893,0.5830246015879212,0.5211530155877091,0.3804416357549969,0.460155289525445,0.21683280996373233,0.16363872366983218,0.4011823970536889,0.25296488046346827,0.5325166723337952,0.5870960094114533,0.7191371707649199,0.6578332589444978,0.48347850929048486
2023-06-09 15:00:00,0.418582472654641,0.4307238223615894,0.27772021435967126,0.2674806062154555,0.5049535322127962,0.6005816365253336,0.11608072392269804,0.14497218440684825,0.4116253748134053,0.22046335720303778,0.17790445375561698,0.42091247975561025,0.34446696076445543,0.14792280534706925,0.6221839576842451,0.5330994156265054,0.5840684004802403,0.44379220413639114,0.4901836686504467,0.18986352602180062,0.15066400818127032,0.38351719049967586,0.26363138523952423,0.480170045095278,0.497130967947842,0.7019230481572708,0.6281501593975821,0.40913355759988884
2023-06-09 16:00:00,0.3488799949950248,0.3918942842379332,0.2592366012446107,0.22683752193037263,0.4592528885112138,0.5406971932788631,0.09905911725958698,0.12625617668667033,0.3463112121155277,0.1478051481315639,0.1260100619367521,0.29127039040214353,0.274441589541631,0.1538888032988363,0.439941371165549,0.37798652339122996,0.5627546256608228,0.32569266012545617,0.4765830268671206,0.19225157132552237,0.15870076226023405,0.2513197100677186,0.28726358830052195,0.3991614521493645,0.3830096275081028,0.6544911084066881,0.5233782053057165,0.3241331514758491
2023-06-09 17:00:00,0.3213936009412822,0.34203366781216904,0.21690860181741178,0.17417372384459506,0.43205433605105575,0.48729129922558984,0.07986364349749468,0.05943191420271652,0.3435353288071424,0.09077841232768954,0.0733379614058127,0.193496133691209,0.26742451178897014,0.05703075917741655,0.3652814450118611,0.3663018737065715,0.48947474858663775,0.2878655385423036,0.40558560245795566,0.08809162739723096,0.05811983458311979,0.17390485739357708,0.22938065110450734,0.2958961229959673,0.23256514211718662,0.5983250183848268,0.47111573797279693,0.22306109004517213
2023-06-09 18:00:00,0.2315026015362948,0.2534080276549267,0.15532048609738405,0.08951703395171005,0.37435220767885713,0.41807230116022137,0.052897517580062274,0.04619476914389269,0.314305097446624,0.059677047148657986,0.051469008277964995,0.12893374114666878,0.234213797604166,0.04438547126049319,0.2674315251547129,0.272779209990476,0.382883436284394,0.1493495852260458,0.2992847585673431,0.053441707654321345,0.044567271589549144,0.11577595480872381,0.127101961949614,0.1695428808954742,0.14258408470079512,0.4833421018283584,0.3933313931621664,0.15477157252854384
2023-06-09 19:00:00,0.15135992348550192,0.17208472275446765,0.09980280857962184,0.034252128610940395,0.3306416083404243,0.30908812384296275,0.02867500214195343,0.03282524995245531,0.23973282237100288,0.03941922935712158,0.03272054623741204,0.06462944165664007,0.1695486114030471,0.0340918897435544,0.1609138414596809,0.18713124506450768,0.3504912329940413,0.09057330318102112,0.2729734341135959,0.03729080812571019,0.03444960923668129,0.06934097915071587,0.0650348917087021,0.07166162014843241,0.09634770291691085,0.3763264359491852,0.23740242630427838,0.06694157234743643
2023-06-09 20:00:00,0.06472320126135692,0.07159113159789639,0.04198461092575614,0.011500183070571912,0.24464400447020426,0.23998282978143867,0.009503943363227404,0.009322676913793392,0.15032751634861655,0.014380878216255591,0.009585130933503206,0.020690629022465188,0.1189960679523635,0.008642339974524703,0.12697039193850493,0.19818384046540677,0.30544384669739516,0.021581047795530602,0.2659488066491778,0.013410613141933163,0.00885040210000395,0.021110501692460093,0.03041808093308096,0.039481101060459906,0.08553443830326758,0.2626990464409184,0.16897902765236822,0.035304916437594994
2023-06-09 21:00:00,0.026038058388734648,0.014339265288618617,0.012882986963349465,0.00017539357154688768,0.1697135853820311,0.18222668340778236,0.0006684484021631286,0.0005090506134276881,0.05708940940578876,0.00029196976363007047,0.00034180401382292297,0.0025392956432281296,0.03890164525804316,0.000991921114263813,0.07684031547626403,0.08754746569327414,0.2350391064699178,0.0028104698565757508,0.2135396673801507,5.874792674063205e-05,0.0010836033428236595,0.00250388514975787,0.02048663106463423,0.009322739218295418,0.05509479617770336,0.17907607306486728,0.04277885265813915,0.008094366432677542
2023-06-09 22:00:00,0.0,0.0001825832238842399,0.0,0.0,0.08268501030101488,0.06593377855011462,0.0,0.0,0.0069521092097312165,0.0,0.0,0.0,0.0,0.0,0.008989421468418506,0.005745601889514599,0.0930372064618858,0.0,0.10933414432418666,0.0,0.0,0.0,0.0,0.0,0.0,0.06780098814917916,0.0003061572895119952,0.0
2023-06-09 23:00:00,0.0,0.0,0.0,0.0,0.04465212111222458,0.002304234179829451,0.0,0.0,0.0,0.0,0.0,0.0,0.0,0.0,0.0,0.0,0.0,0.0,0.0,0.0,0.0,0.0,0.0,0.0,0.0,0.0,0.0,0.0
2023-06-10 00:00:00,0.0,0.0,0.0,0.0,0.0,0.0,0.0,0.0,0.0,0.0,0.0,0.0,0.0,0.0,0.0,0.0,0.0,0.0,0.0,0.0,0.0,0.0,0.0,0.0,0.0,0.0,0.0,0.0
2023-06-10 01:00:00,0.0,0.0,0.0,0.0,0.0,0.0,0.0,0.0,0.0,0.0,0.0,0.0,0.0,0.0,0.0,0.0,0.0,0.0,0.0,0.0,0.0,0.0,0.0,0.0,0.0,0.0,0.0,0.0
2023-06-10 02:00:00,0.0,0.0,0.0,0.0,0.0,0.0,0.0,0.0,0.0,0.0,0.0,0.0,0.0,0.0,0.0,0.0,0.0,0.0,0.0,0.0,0.0,0.0,0.0,0.0,0.0,0.0,0.0,0.0
2023-06-10 03:00:00,0.0,0.0,0.0,0.0,0.0,0.0,0.0,0.0,0.0,0.0,0.0,0.0,0.0,0.0,0.0,0.0,0.0,0.0,0.0,0.0,0.0,0.0,0.0,0.0,0.0,0.0,0.0,0.0
2023-06-10 04:00:00,0.0,0.0,0.0,0.0,0.0,0.0,0.0,0.0,0.0,0.0,0.0,0.0,0.0,0.0,0.0,0.0,0.0,0.0,0.0,0.0,0.0,0.0,0.0,0.0,0.0,0.0,0.0,0.0
2023-06-10 05:00:00,0.0,0.0,0.0,0.0,0.0,0.0,0.0,0.0,0.0,0.0,0.0,0.0,0.0,0.0,0.0,0.0,0.0,0.0,0.0,0.0,0.0,0.0,0.0,0.0,0.0,0.0,0.0,0.0
2023-06-10 06:00:00,1.870861831726127e-05,0.0018031949451597275,0.0,0.0,0.09719918431976843,0.02338508777040437,0.0,0.0,0.0,0.0,0.0,0.0,0.0,9.868821548817651e-06,0.0,0.0,0.018966469915594173,0.0,0.016239498567523925,0.0,1.1102424242419857e-05,0.0,0.032400143909989215,0.01607024903514359,0.12867195926712977,0.0537967867825514,0.06524758979006885,0.021236146461425718
2023-06-10 07:00:00,0.01141192332425121,0.011723280370841443,0.040537572735786044,0.0016402989367498009,0.1825696111524814,0.03412254289176612,0.03379022096415427,0.010499255593953385,0.007241105730403654,0.004907376739604645,0.00852435209353808,0.002104296330547515,0.005534521113412649,0.015707003877662072,0.014410079413290105,0.008658251685455927,0.19231060034538575,0.0010811600847276445,0.15819459238943098,0.00035462003425208916,0.01723662773162961,0.0015368092481472945,0.15400824689881804,0.07272658282142765,0.293517292914179,0.07741764425584573,0.12521006728197426,0.07961699561547339
2023-06-10 08:00:00,0.04865931891799289,0.022412133664422004,0.1112618962511361,0.00906789426818745,0.25271498763717976,0.11570546380028371,0.06978241256572783,0.02222883520722878,0.03826619182941588,0.013506653155881069,0.022675419394517456,0.006962299076257177,0.02086828453654868,0.02171569711924337,0.03288893080383145,0.027764081552326687,0.2986300114152284,0.004195543314540925,0.25003009280189703,0.00755634809819979,0.022822548690290913,0.005290993307007115,0.3142748258851796,0.10600798675751338,0.42701055922931436,0.16645282556006671,0.2021125701889633,0.10400281416614345
2023-06-10 09:00:00,0.09187734835606001,0.05187249490492411,0.13600585365532017,0.035428895232483965,0.3514288349652788,0.2014843936484314,0.05428692294077506,0.0313667074123441,0.07926903522482036,0.023574547688212204,0.030756279973253305,0.03280682487142232,0.05085034021609849,0.03188173822653523,0.05728427103860344,0.058591585302112184,0.4058106160346201,0.020023558909619345,0.3510851984846622,0.01925356900637179,0.03165054618460657,0.027913374915634784,0.39296367226061835,0.18535598156893912,0.490431459974539,0.2412197382915097,0.19693933867820274,0.16404468629836547
2023-06-10 10:00:00,0.1535076143737633,0.09542261612521072,0.22156431987410727,0.06465313717498143,0.4367491050910567,0.3315719819796993,0.10243740493915672,0.0768863083799314,0.13750654493757433,0.09169443311935925,0.09688651429960624,0.044370178864830814,0.11400532364998896,0.07230291086752494,0.14021072756938466,0.1328558676151313,0.47298787789772073,0.041887434051505246,0.40067397882391587,0.052818353801209035,0.07310924204803115,0.060824109754839144,0.4788416538231903,0.26894550409480983,0.5680134445386104,0.33177585488172606,0.24504087937438315,0.24845729451345602
2023-06-10 11:00:00,0.19963543652361715,0.11463837312300328,0.29375919181515153,0.09240773838079916,0.46856255311541745,0.419347241096285,0.13344565494781957,0.08411064787502236,0.18149630383254411,0.10955517508703508,0.11875657396522847,0.07282861929127907,0.1502229069068355,0.07625533243373721,0.16878557616579337,0.1903243300785183,0.526237343751831,0.05984621937241227,0.45161381340890233,0.05183353189020155,0.07714455643808868,0.09104284334993362,0.5352174006782082,0.3265423351281622,0.5627678750316693,0.3863520805924339,0.27298620908504934,0.31541065631433085
2023-06-10 12:00:00,0.27425246387043883,0.17958372476495893,0.47942100073477306,0.10660505382006802,0.49847451236678325,0.496836630019001,0.20825732744690242,0.12320868824548752,0.30281440397281606,0.16426158561426057,0.17748721953136937,0.07240115215765015,0.30880783787924937,0.10941489532772017,0.2949931390172939,0.3579195702595959,0.5983359543994755,0.06765306444946172,0.5559428825774129,0.08084621641633595,0.10922122299079245,0.11118035806361859,0.5841341163312007,0.35995123482123453,0.6061711107786588,0.45469921731513335,0.3038539036921208,0.3454180301714295
2023-06-10 13:00:00,0.3040187455778841,0.22172375390665264,0.5884530162794563,0.09468740974693811,0.4836367048341537,0.5166831948252615,0.47100905471331767,0.3252799778284939,0.3392178562357393,0.32688472524454826,0.38063246976505294,0.08293548363628081,0.3516959584689399,0.25011938940200545,0.3952233598060782,0.4387033737467699,0.6838849320895417,0.09989799180172367,0.6396888641034867,0.1678791385748125,0.239971447816352,0.17491814325676813,0.6027251319592658,0.46403765173530187,0.6273645497730649,0.47899822648702123,0.41186432703163356,0.43496473231139826
2023-06-10 14:00:00,0.31287629252671845,0.23272991719919292,0.5143030440864195,0.11981205082356895,0.5015861789675945,0.5236717097082629,0.3765473379315562,0.3006305839352468,0.3003928128560643,0.35124203777088514,0.3455131037610938,0.08831808026994074,0.29496521898269684,0.26625888094840255,0.3525541015086758,0.3581008595592278,0.6572054993374484,0.12900063714296237,0.6144880973217098,0.21319926784709198,0.26474350347982395,0.20129476674764993,0.5656511785389774,0.40287762293734786,0.5007562607022269,0.5064735335563209,0.4269031069425002,0.44070296317097474
2023-06-10 15:00:00,0.3142343112637606,0.20459863765181796,0.5109009857996766,0.11779316865858797,0.5269834836152647,0.5887742010871839,0.4115117126119892,0.3622934874068255,0.35389449526045097,0.42787456998958684,0.38674881192736454,0.07980911324891074,0.32570575664669194,0.317804841936783,0.33105658742369587,0.3773460363728155,0.7003954362315595,0.12453452704542001,0.6795238616476585,0.29213346812326113,0.3180635019002589,0.21513426879190756,0.5571194370966712,0.44936790976565283,0.4884237597592654,0.5700293801650291,0.42368433116476106,0.47436148773969583
2023-06-10 16:00:00,0.2767893990711447,0.15847177616337677,0.526212258702457,0.10681147147211027,0.5093338796985332,0.5418290473569662,0.4031141499964208,0.32389623480118773,0.3123870908345336,0.4037458675231704,0.34096612138963955,0.059638438496415334,0.29947841391126573,0.29855795583876255,0.28992751069628764,0.3993258371888411,0.711126172296343,0.06012939349409688,0.7023954780652916,0.27359795833320233,0.3086786389457441,0.18662983740285247,0.5360592410096844,0.35693798672274657,0.4840867667945716,0.5453998439511516,0.40562489020013587,0.3860818687175536
2023-06-10 17:00:00,0.27195823827922466,0.14034523840528249,0.45021692128327,0.13975873764456753,0.5405662145265344,0.6122742258849935,0.3734541872367112,0.33093758943965174,0.3619674100045125,0.3304079168690569,0.2755203310505751,0.06728603450404752,0.34404894796367685,0.35943239909825064,0.38393814485428107,0.4076010542438982,0.7160045619994513,0.049897601359477926,0.7089195078406155,0.3222359971992201,0.37160181715659074,0.14348715912121898,0.39576072556663283,0.3176890238026497,0.44272981419865987,0.6263798836533565,0.31802723767607266,0.3405367196308976
2023-06-10 18:00:00,0.25136904361277274,0.12050619250329482,0.46620042247565546,0.11489869373461013,0.5430351496704384,0.5804889674038629,0.3429794706556222,0.2712634990131078,0.36078342311516093,0.28477419844412094,0.2290889678103525,0.04582055728405499,0.32962983498434156,0.3234204745636183,0.3531146776863763,0.4058580841656607,0.7241140370855487,0.025365292208317375,0.6968282090751342,0.2768818510074792,0.34211501453613735,0.11925690722637163,0.316401211019686,0.3079713638185809,0.4410674364872889,0.6064367997746813,0.312982584424774,0.3265999707874974
2023-06-10 19:00:00,0.23585285950633997,0.09447839177742626,0.3407295559607968,0.07937041362981449,0.5462331352130865,0.5693889450579172,0.2699514650082144,0.2652887205440452,0.32492491724080247,0.25397255419140935,0.19141819639383056,0.031010106290832316,0.2934083566735141,0.3498332506606536,0.4409255859763184,0.4758142223879591,0.6915162174154679,0.03579606703826868,0.6730077045265365,0.27639043310785294,0.3682263747536059,0.11314691220203561,0.1723458211304074,0.2174918700182432,0.32640183618402935,0.6214177712128642,0.21005550095452022,0.2376774855047813
2023-06-10 20:00:00,0.2044633147611199,0.06436234876375134,0.29132188484477867,0.056372473999971494,0.4551697898598475,0.5175192909621897,0.17792734725308143,0.16328108168073302,0.2994472666770362,0.1509204962932989,0.10776309193224824,0.017239198738092078,0.25752102553771766,0.23444877831333846,0.4005747592961625,0.3976135883464349,0.6052397347918875,0.02043677391738176,0.5762040788637578,0.1794175374620882,0.24827616793930873,0.0655025612782579,0.08204197870873307,0.17940872307365474,0.16758054163870642,0.5782248881718035,0.13631493513195567,0.18240114439861677
2023-06-10 21:00:00,0.14209215801268,0.05742964637873638,0.22885985708755457,0.03673069574358194,0.39254077692438155,0.41115052278230113,0.11382107348296887,0.06544437126987222,0.22265526339374478,0.07235077237042055,0.0657371608969386,0.009659805160892017,0.20512806507590708,0.08549356445069514,0.2899208023034013,0.28076185562193506,0.4729357827367951,0.006174785191578438,0.4438602644779947,0.05406735377033676,0.09256906867767074,0.028323582819838405,0.02786191744152163,0.13230270975846825,0.09178270875997985,0.4664820998164704,0.11042175750593863,0.11808900725848781
2023-06-10 22:00:00,0.0,0.021185742750481698,0.0,0.0,0.2808994920724702,0.290150256058553,0.0,0.0,0.05907463141310883,0.0,0.0,0.0,0.02989900785885058,0.0,0.18409642249214925,0.15594336574974338,0.2838409605107707,0.0,0.2641831459590489,0.0,0.0,0.0,0.0,0.0,0.0,0.304341549245867,0.0001527230932656539,0.0
2023-06-10 23:00:00,0.0,0.0,0.0,0.0,0.09350375142488858,0.0039913981688932,0.0,0.0,0.0,0.0,0.0,0.0,0.0,0.0,0.0,0.0,0.0,0.0,0.0,0.0,0.0,0.0,0.0,0.0,0.0,0.00435619925590242,0.0,0.0
2023-06-11 00:00:00,0.0,0.0,0.0,0.0,0.0,0.0,0.0,0.0,0.0,0.0,0.0,0.0,0.0,0.0,0.0,0.0,0.0,0.0,0.0,0.0,0.0,0.0,0.0,0.0,0.0,0.0,0.0,0.0
2023-06-11 01:00:00,0.0,0.0,0.0,0.0,0.0,0.0,0.0,0.0,0.0,0.0,0.0,0.0,0.0,0.0,0.0,0.0,0.0,0.0,0.0,0.0,0.0,0.0,0.0,0.0,0.0,0.0,0.0,0.0
2023-06-11 02:00:00,0.0,0.0,0.0,0.0,0.0,0.0,0.0,0.0,0.0,0.0,0.0,0.0,0.0,0.0,0.0,0.0,0.0,0.0,0.0,0.0,0.0,0.0,0.0,0.0,0.0,0.0,0.0,0.0
2023-06-11 03:00:00,0.0,0.0,0.0,0.0,0.0,0.0,0.0,0.0,0.0,0.0,0.0,0.0,0.0,0.0,0.0,0.0,0.0,0.0,0.0,0.0,0.0,0.0,0.0,0.0,0.0,0.0,0.0,0.0
2023-06-11 04:00:00,0.0,0.0,0.0,0.0,0.0,0.0,0.0,0.0,0.0,0.0,0.0,0.0,0.0,0.0,0.0,0.0,0.0,0.0,0.0,0.0,0.0,0.0,0.0,0.0,0.0,0.0,0.0,0.0
2023-06-11 05:00:00,0.0,0.0,0.0,0.0,0.0,0.0,0.0,0.0,0.0,0.0,0.0,0.0,0.0,0.0,0.0,0.0,0.0,0.0,0.0,0.0,0.0,0.0,0.0,0.0,0.0,0.0,0.0,0.0
2023-06-11 06:00:00,0.07943246712583645,0.19413346390106484,0.0664932853434507,0.06528459883256786,0.16013681442858085,0.1388461781355929,0.14383513082226082,0.1712916901289503,0.08021736951763575,0.11810751888378392,0.14999036500754923,0.06041077500805054,0.12914413141739484,0.17995395419093319,0.2487149022290694,0.1963416735021815,0.02425256795446567,0.11400682824353835,0.04215565183889754,0.13892269096465465,0.17724105704813248,0.1054469534440145,0.23281625991421948,0.07066576797982979,0.22159667513863573,0.23288905773736637,0.15283282225695405,0.09146342498641664
2023-06-11 07:00:00,0.2952051716780016,0.3484822315113502,0.3264811779116201,0.18506506369119513,0.255525034553453,0.2650645013173096,0.25784783529905747,0.2872081901174026,0.27972963948616075,0.3240559153921052,0.3019775179176422,0.22603214856370465,0.2621693422888268,0.2732342502092264,0.34494281666564297,0.3547618283829445,0.2516236790277791,0.32410737366734543,0.19888307888441484,0.2613336327292819,0.2720278549566881,0.3518359099728057,0.3346977949544272,0.15207284920259245,0.2326573867268182,0.37984964507568103,0.22774551153425818,0.1777425020008575
2023-06-11 08:00:00,0.46273722938167516,0.5195654377833406,0.45962986864522964,0.30403017461047926,0.3428924283081914,0.39785002705219047,0.3932136477971802,0.45035795519611765,0.40388810116363727,0.4571714093847472,0.4406558984589825,0.3685548947989305,0.3979065964015424,0.45061266760256097,0.48763443750613567,0.5135773563775198,0.37345102352383347,0.5013354154412303,0.31404779198761934,0.4516365388242296,0.44842033473196097,0.5084582589625839,0.48975228754682243,0.23986615965257263,0.3251842112009443,0.5085989603082293,0.3507817726998582,0.27303513715220484
2023-06-11 09:00:00,0.5943205131561374,0.6422163191612045,0.6299455434418002,0.4502333624607807,0.4693633843276951,0.5594737321076353,0.5726831262992621,0.5683189148495668,0.5625719502791441,0.6150448145306668,0.6188800995027186,0.5065258822470537,0.5546148223163561,0.5145324763111165,0.6389561296075194,0.6363198541578539,0.48501241881702717,0.5813096178179379,0.3720090448551607,0.447843658463783,0.5058203863407033,0.5876885521142263,0.5786116739078546,0.3622814055541111,0.3785470278542393,0.6289311346621528,0.5392804652622389,0.3781109047695885
2023-06-11 10:00:00,0.686267407554692,0.716631694226556,0.7002743995483395,0.6237642804820146,0.573567775295547,0.66785376863371,0.6350179144002189,0.6310973626914199,0.6604994983936434,0.686021381346228,0.6711593965261484,0.6335318406277506,0.6469792906401494,0.601098494125838,0.7461094655282884,0.7184813504591405,0.581695204927373,0.6643967488322762,0.5022629891240693,0.609451180171036,0.5990424094798231,0.6539371576645564,0.5725219797297227,0.48304444352397274,0.4644795403745782,0.6967252081465343,0.6449871751932247,0.48394746489865226
2023-06-11 11:00:00,0.7087016634144555,0.7424149872488733,0.7298617116498235,0.605382274506468,0.6045486927949069,0.7091150543307984,0.6940127117935163,0.7159710668671663,0.7206041794073654,0.7404854241999697,0.7323535950947015,0.5950929881760667,0.7203161982691326,0.6998299594817368,0.7803103000947238,0.7503630984718886,0.6552760220610471,0.6838653025335457,0.591277501695962,0.6924982299094715,0.6974606280230307,0.6362806734247796,0.4878428396096857,0.5505963457136341,0.4773564419776734,0.7597978640033395,0.6626566839341977,0.5041047399223462
2023-06-11 12:00:00,0.7386631170489125,0.7384546598927356,0.7315270506108968,0.564841288926579,0.5973970687974434,0.6830605655472529,0.6432305666398204,0.6628296292813173,0.723193394328336,0.6181505467490913,0.6593449237731489,0.6015644495630037,0.754703356996362,0.684426064940503,0.7935757473698708,0.7742190220231907,0.659931736688711,0.7391568163270139,0.608624726613845,0.6417139172835176,0.6834849834874084,0.6427731058880889,0.42175496650896954,0.5275727386549973,0.5457568905541531,0.7437225035543118,0.5854794255551189,0.4868435069963941
2023-06-11 13:00:00,0.7983350966286442,0.7595374282983561,0.7797637508087343,0.5044398775184292,0.5912793515548779,0.7112152877575386,0.7518029306537429,0.7436037355415558,0.7681187660235113,0.7750385825854267,0.7682278796440953,0.6271586129117447,0.7813638586006956,0.7052831714211562,0.799636215255401,0.7873018527626421,0.6685782409653097,0.7852221011821933,0.6339257475523158,0.7341715045604749,0.7014071295368209,0.7757167930270698,0.5213840028479615,0.5185476972001527,0.571298124837994,0.7538438844041784,0.653587785720811,0.4762610534612909
2023-06-11 14:00:00,0.7694410158949145,0.7565317286202617,0.7803418000602805,0.4876300239350492,0.5823723031300111,0.675106733619619,0.7166095187041729,0.7228510795727212,0.7925414864090551,0.7615427370387529,0.7373037140883424,0.5322984897791473,0.8044089972455444,0.722743657612778,0.7958633548592094,0.8008629661892548,0.661536280849121,0.671339817313036,0.6391910360839129,0.753394136113029,0.727807812465464,0.7042852122589026,0.48671441333973275,0.48559516153989446,0.5445870465076889,0.7350382063333152,0.6499483118094758,0.4551255779226652
2023-06-11 15:00:00,0.7706938406899487,0.7683914969586475,0.7678957091639691,0.3894451919038907,0.5565508248285657,0.6145589650883895,0.6619622900967735,0.6843712231926234,0.7932286557043103,0.7427569503843529,0.7008179836362223,0.5298860704724769,0.8024165466007657,0.6985906688044585,0.7908655652769073,0.7999283272081886,0.6084697815923664,0.6789396417668606,0.5837639438256383,0.7191543337824381,0.7084887073540063,0.7191700863938363,0.48582060458357634,0.49648264165035455,0.5144158739713508,0.7103384304128689,0.6742620231378021,0.45465451500182036
2023-06-11 16:00:00,0.7778127343664228,0.7623330276862985,0.7447770225644675,0.38034917133257556,0.4964149026570903,0.5417787796550152,0.6002762162598015,0.6017140355004926,0.7761393032018379,0.6992047864140579,0.6360385258068709,0.5745912636755253,0.7790543467254399,0.6244776451691227,0.7763946671518616,0.7829215354350597,0.5456933411301431,0.7541268406884459,0.5380186344826327,0.6372735420865374,0.6377030985601712,0.7569061345861269,0.447026518767871,0.4848540926749953,0.4639628374173874,0.6558278181018711,0.6715522251958063,0.4568222700448525
2023-06-11 17:00:00,0.7537337886548295,0.7461495880484719,0.7390537511779035,0.387577295035954,0.4318345161926657,0.4875690893883964,0.7164314890568075,0.7034782990968194,0.7666028208054388,0.7064154468764681,0.7161373209640614,0.5895802291946306,0.7661566182787615,0.6902165815556491,0.7563785218456329,0.7661202323262275,0.4811079399718303,0.7293389341009657,0.48633990489807116,0.5791278959919707,0.6868142264941314,0.7272826981661518,0.319397698243505,0.4264751422849326,0.3298122371621509,0.5966878853346254,0.6437315661123192,0.4628188283729745
2023-06-11 18:00:00,0.7168969411270776,0.7150775722232823,0.7031925948496065,0.42193347019976174,0.32861237868827764,0.39933118525413025,0.6724085088219653,0.6609867049299257,0.7267409989433715,0.6539546364836607,0.6718638758830606,0.5777513864690523,0.7192829852045305,0.661606071028269,0.7241544304834118,0.7313143821653453,0.44704791308687164,0.692339884386759,0.4678404454554476,0.5318598437863664,0.6597114251659361,0.683029904396471,0.2898323570477935,0.4933265744452256,0.255694397527136,0.49144816494548466,0.587328633511632,0.5363309915322199
2023-06-11 19:00:00,0.6656663278969219,0.6693156152992088,0.6450879835115949,0.3965023957799127,0.22308960566286096,0.3098132391625951,0.6259730801635134,0.605212127763001,0.6768019019498034,0.6081971877468143,0.6131261880824691,0.6087696251696806,0.6773818912737959,0.6028394575635918,0.6674439786425798,0.6768329059779258,0.4422623240932961,0.6453744706803101,0.3981373881581411,0.5791153839034311,0.6020402585363035,0.6430050802557897,0.2077569582123658,0.47598045534892,0.1821498217122782,0.4079084243349924,0.5232495514154584,0.4637806769211062
2023-06-11 20:00:00,0.5743199651138599,0.5802683316937381,0.539968681955131,0.42265175349549033,0.13244304453422445,0.20482599613569794,0.5150308673469456,0.48991116863875206,0.5857402453350254,0.49625416500921643,0.504155445923729,0.5538384660998397,0.5854293442112075,0.4830810575381105,0.5775852726840212,0.5897132752444111,0.36671406046567845,0.5538246973851387,0.3034663574570926,0.46541424376647156,0.4816175372414955,0.5489240834070324,0.15054722164192505,0.4664650224753225,0.1920448939723263,0.306367693297982,0.46931358318600325,0.4503681994543524
2023-06-11 21:00:00,0.39742990212253126,0.4129122461534257,0.3515757226355579,0.2978560035083557,0.0646633404925711,0.13154455583315786,0.3199968371384754,0.3081707553217424,0.4165170710908727,0.3066962304041907,0.3163419239748834,0.38063531296519126,0.41601943466402586,0.30776392899502253,0.42020975132845606,0.4278035565689586,0.18651445050790735,0.3751196756017652,0.14161522977034285,0.29684993730304615,0.3066953188496982,0.36561427982973077,0.09729888783403567,0.30821733701760373,0.13152149874065816,0.19368062546919376,0.3434197075563945,0.3172609376345192
2023-06-11 22:00:00,0.0,0.05847698550933637,0.0,0.0,0.03594957561613146,0.051550256973164316,0.0,0.0,0.05378580347376334,0.0,0.0,0.0,0.05647035205911402,0.0,0.226152693957747,0.16873681403797197,0.023387690221290763,0.0,0.025476263347674485,0.0,0.0,0.0,0.0,0.0,0.0,0.06622494624551617,0.019319937014969847,0.0
2023-06-11 23:00:00,0.0,0.0,0.0,0.0,0.0024414683279224947,0.0,0.0,0.0,0.0,0.0,0.0,0.0,0.0,0.0,0.0,0.0,0.0,0.0,0.0,0.0,0.0,0.0,0.0,0.0,0.0,5.471369868069826e-06,0.0,0.0
2023-06-12 00:00:00,0.0,0.0,0.0,0.0,0.0,0.0,0.0,0.0,0.0,0.0,0.0,0.0,0.0,0.0,0.0,0.0,0.0,0.0,0.0,0.0,0.0,0.0,0.0,0.0,0.0,0.0,0.0,0.0
2023-06-12 01:00:00,0.0,0.0,0.0,0.0,0.0,0.0,0.0,0.0,0.0,0.0,0.0,0.0,0.0,0.0,0.0,0.0,0.0,0.0,0.0,0.0,0.0,0.0,0.0,0.0,0.0,0.0,0.0,0.0
2023-06-12 02:00:00,0.0,0.0,0.0,0.0,0.0,0.0,0.0,0.0,0.0,0.0,0.0,0.0,0.0,0.0,0.0,0.0,0.0,0.0,0.0,0.0,0.0,0.0,0.0,0.0,0.0,0.0,0.0,0.0
2023-06-12 03:00:00,0.0,0.0,0.0,0.0,0.0,0.0,0.0,0.0,0.0,0.0,0.0,0.0,0.0,0.0,0.0,0.0,0.0,0.0,0.0,0.0,0.0,0.0,0.0,0.0,0.0,0.0,0.0,0.0
2023-06-12 04:00:00,0.0,0.0,0.0,0.0,0.0,0.0,0.0,0.0,0.0,0.0,0.0,0.0,0.0,0.0,0.0,0.0,0.0,0.0,0.0,0.0,0.0,0.0,0.0,0.0,0.0,0.0,0.0,0.0
2023-06-12 05:00:00,0.0,0.0,0.0,0.0,0.0,0.0,0.0,0.0,0.0,0.0,0.0,0.0,0.0,0.0,0.0,0.0,0.0,0.0,0.0,0.0,0.0,0.0,0.0,0.0,0.0,0.0,0.0,0.0
2023-06-12 06:00:00,0.11009595718802415,0.19437949161141221,0.10503314629870392,0.3085103855948294,0.008912454753998333,0.025526139068248774,0.24417672612063013,0.26836967866339634,0.06618990411896042,0.23703794224276614,0.24612426334969717,0.2951096705914961,0.0970079542384394,0.2672724208744135,0.09662798047725481,0.08712523573709634,0.021438935187420606,0.18005867166464892,0.04846606545909338,0.26132716203781853,0.26581677669634607,0.21584142347095805,0.1273215412662627,0.3604149546512847,0.20041195678724408,0.05444777314987685,0.3027506478589049,0.3438748897608559
2023-06-12 07:00:00,0.347298235779888,0.3985394264591907,0.3156661958501077,0.5126806435809419,0.032583376006362186,0.06448690122598658,0.39330572177080464,0.415338109253334,0.219389349438503,0.36198673583909047,0.36665869674787843,0.5190514080272619,0.2531793127964238,0.44262032905771337,0.225591612099251,0.2548527866743729,0.06970101365431489,0.4339190848462772,0.05464780930856319,0.44337748765142054,0.44167821632628396,0.41993358148521537,0.2798598463824781,0.5509944257257604,0.3516743426837538,0.11391232905354623,0.43054546302399,0.5320207317980618
2023-06-12 08:00:00,0.5270092788306615,0.4997045612387984,0.5251988975978958,0.6477292237625927,0.09051184123423889,0.1323329383818444,0.55579940625129,0.5720360729988826,0.362281881306775,0.5710831839985465,0.5660886186661238,0.6731934026246081,0.40542775885488663,0.58501378939969,0.41801113093046377,0.42143901120846533,0.12565551671673658,0.6079399057696012,0.09716574709048376,0.5872946201259527,0.5853720666980678,0.6240055297576866,0.4487616779015292,0.6689183690273693,0.4914859173047991,0.21321166894308918,0.5431522009396693,0.6578747430035052
2023-06-12 09:00:00,0.6269604579678104,0.6036353013065681,0.6457239469332039,0.7188462076214396,0.158738324175218,0.17214260399584153,0.6493021806728869,0.6565780498756433,0.48310280850594534,0.6609627311640516,0.6547704953842455,0.7414437368099891,0.534568615025279,0.6668852365567464,0.5479210159976531,0.5527175151657159,0.1254190112861992,0.690358297670104,0.13925877155362149,0.6705895883064599,0.6679493171582773,0.7028732128499575,0.5159496552976235,0.7302730533509523,0.7028707058602724,0.28939788763842217,0.6415926466354126,0.7263528639908106
2023-06-12 10:00:00,0.6848036978262482,0.6428781880368767,0.6927965986861394,0.757321189760664,0.2776961227037759,0.22543318038507645,0.7144564699542729,0.7127534304048462,0.5920750009879054,0.7131116278179335,0.7104906097410977,0.778312210902283,0.647381330458639,0.7207064197454852,0.6418033966917066,0.6482090232218958,0.16601052196948324,0.73018599407138,0.20542730456246397,0.7208444502629546,0.7215890829813182,0.7453110083426164,0.6171994219829644,0.7632450441942751,0.7401444200966364,0.3764850327652946,0.6908157144465727,0.7589480441675744
2023-06-12 11:00:00,0.7298161651403805,0.6916204252119623,0.7345629574201045,0.7795973744788061,0.3957908167856267,0.2788979614575587,0.7452504694453324,0.7384375774839027,0.6423401685242653,0.728074974669896,0.7283478970285342,0.7914814446986901,0.7023086508755038,0.7520909782831884,0.7149281727746224,0.708608174988876,0.19900946063092198,0.7516643516910192,0.25031944682880225,0.749285707195753,0.7533787204356808,0.75647350737153,0.6876416523722453,0.7794946032081851,0.7540240660171194,0.4312405163350501,0.7205046039241291,0.7766616886983879
2023-06-12 12:00:00,0.751324549256742,0.7375855141157772,0.7639786727260067,0.7871857011776261,0.4690590997636738,0.28036298070141824,0.7695245538744123,0.763850618014776,0.6621158037187104,0.7708098900704805,0.7633292759210116,0.8054763387452956,0.7180305443427514,0.7671305605179443,0.7312075905741113,0.7143733964978212,0.26429645218345277,0.7729952912311138,0.2665279890895282,0.7675091262604454,0.7680378627654555,0.7860070614906493,0.6726042187648055,0.7628171697225614,0.6720692697418998,0.4651325511129708,0.7297362879493852,0.7750645115435744
2023-06-12 13:00:00,0.7588030992278665,0.7440513211332137,0.768784176486278,0.7868780545564653,0.5282116152329913,0.3078421019865187,0.7782737785195618,0.7684531914066,0.6703375963197674,0.7710889003188642,0.7642509048878132,0.8016390747186571,0.7133288007247731,0.7746000983206153,0.7581253203066127,0.7248103567242478,0.3290074361889657,0.77713136044065,0.34944279420125074,0.7770831655949199,0.7756433662102626,0.7848443661738128,0.7209782375650735,0.7718053153577165,0.7091759220601677,0.5330730244119541,0.7363335911654036,0.7775913000916774
2023-06-12 14:00:00,0.7579084632773514,0.7532724711848311,0.7628731540341954,0.7649052051846659,0.5930707002127992,0.3418752692192327,0.7664808287785877,0.7606436176327351,0.68873018099092,0.7642629526214518,0.7555192234482024,0.7919084915125387,0.7286530358249528,0.7717425748224614,0.7740869967414639,0.7525016841243967,0.43486824064264146,0.7717198749546795,0.45146699283059993,0.7698645043407524,0.7733660129677815,0.7782932226193529,0.7035971499889387,0.7687069979660169,0.6919603528982793,0.5699227896284935,0.7195794813941102,0.7720340373996494
2023-06-12 15:00:00,0.7395716162222101,0.7371200921145596,0.7641968039559974,0.738462232859374,0.6154725361808095,0.4248935443869933,0.7698922342538687,0.7534416674853507,0.6957487593342209,0.7593887486326072,0.7482500259838978,0.773252467747466,0.7318836697011012,0.7674809344288395,0.7748956507787403,0.7617305259738247,0.4919214194899375,0.7609600105930402,0.5262525972320624,0.7613179208456181,0.7697346344629321,0.7676053296062243,0.6293727276246013,0.738447143004565,0.6562374423403772,0.5620999189262156,0.6932891738089993,0.7497909401944278
2023-06-12 16:00:00,0.7340099616254325,0.6981167645500338,0.7415158765612362,0.7084772982200284,0.6421206460289027,0.4988976849130398,0.7638241983999684,0.7428014614413869,0.6881677394271449,0.7441621051918115,0.7358878872889051,0.7594774549828087,0.7290842848462408,0.7549715654422519,0.7594035499452292,0.7506944049009706,0.45444038860933306,0.7363258726052745,0.5020946339073393,0.745725209985221,0.7571549105774004,0.7539323581149353,0.5326512820209339,0.6966449157875736,0.5950698202931907,0.61558725719869,0.6237556879181593,0.7018137255449902
2023-06-12 17:00:00,0.695394146929218,0.6239257175138493,0.693682617708696,0.6814020000150962,0.6350536070303443,0.4814503561639165,0.7259906668203079,0.715336197082749,0.6495188273099256,0.7002841852472551,0.6993472369908282,0.732229936242219,0.6797212236625784,0.7338846700006986,0.723874998179174,0.7249321270370452,0.4673189999741305,0.7026673808481524,0.5089303473573907,0.713667823500312,0.7361121317382617,0.7165324615669246,0.4512306964837645,0.6511771774171266,0.5837067634460316,0.5319109432126646,0.5633593341495395,0.6623114452898614
2023-06-12 18:00:00,0.6383483611755059,0.554383690845025,0.657651354793751,0.648914965549043,0.6159523194556149,0.49505649918848377,0.6630734397393497,0.6569315381205508,0.631672991605432,0.6369430325942684,0.6356523211581916,0.693878447718421,0.6387278525421425,0.6820310335598774,0.6702565263785815,0.6794370348587746,0.46913405296527605,0.6691978115107547,0.4927007827674742,0.6685166881229704,0.6849734293311665,0.6681015571061623,0.37495387200504354,0.6211570399997531,0.4845311776464997,0.5598176806434152,0.5119660190149735,0.6303935493289164
2023-06-12 19:00:00,0.5937992438489337,0.524193551073976,0.6027724409466978,0.6115167346669532,0.578099672398261,0.5159290003291529,0.5773176357073607,0.5635547024460649,0.5940606090630839,0.5616073943858733,0.5584012282083703,0.6284166813506891,0.6261225832223986,0.5836834214032287,0.625198776895558,0.6393381382942844,0.4930882929054733,0.6150196293679341,0.46050781241488287,0.5759994193371238,0.5873901851910747,0.6087456061001781,0.33104351607607924,0.5726932643228033,0.4416003527401698,0.57523286391005,0.4899884781797774,0.5805861345870701
2023-06-12 20:00:00,0.520515846405489,0.42416610277196487,0.4988803444823576,0.5118916052405683,0.4832932207982456,0.4455222923413299,0.4487106778653483,0.4415450359192998,0.5118721198114858,0.46546841640852676,0.4499864876027989,0.5519216521960697,0.5245316352085372,0.46126599373513016,0.5154041021886724,0.5406551525526336,0.44522915389055934,0.5418358378484761,0.42336519819630103,0.47313977169205435,0.46697627998896984,0.5312819730598292,0.22937939802734836,0.5146800507196548,0.3969049597045568,0.5050367056331543,0.48797480022576,0.5050690002421685
2023-06-12 21:00:00,0.3630044939997261,0.330854695502202,0.3201359235759891,0.32863282766836954,0.4209295829875796,0.38073829819177796,0.3112723343167233,0.3019762847186207,0.35665159039643707,0.321404376891029,0.31463231209670667,0.37056552084843786,0.36993878216900294,0.30000551610112763,0.4019532686783292,0.39896595394948564,0.3297526556747151,0.36963233094055453,0.32215121661719753,0.30471623189418373,0.30147101451742564,0.36504186213801026,0.11386972782291958,0.34113262069409933,0.2735552933809646,0.4059159601965319,0.3607124339932448,0.3343487623550007
2023-06-12 22:00:00,0.0,0.05279131123944056,0.0,0.0,0.2751889873062714,0.23738601252374356,0.0,0.0,0.056456045424924495,0.0,0.0,0.0,0.046967870563463084,0.0,0.2303280601494837,0.17893470520807103,0.21532480731116008,0.0,0.19374825101023685,0.0,0.0,0.0,0.0,0.0,0.0,0.25694644915183784,0.019378239112686897,0.0
2023-06-12 23:00:00,0.0,0.0,0.0,0.0,0.08846120871575992,0.004298221059689578,0.0,0.0,0.0,0.0,0.0,0.0,0.0,0.0,0.0,0.0,0.0,0.0,0.0,0.0,0.0,0.0,0.0,0.0,0.0,0.007174233029019852,0.0,0.0
2023-06-13 00:00:00,0.0,0.0,0.0,0.0,0.0,0.0,0.0,0.0,0.0,0.0,0.0,0.0,0.0,0.0,0.0,0.0,0.0,0.0,0.0,0.0,0.0,0.0,0.0,0.0,0.0,0.0,0.0,0.0
2023-06-13 01:00:00,0.0,0.0,0.0,0.0,0.0,0.0,0.0,0.0,0.0,0.0,0.0,0.0,0.0,0.0,0.0,0.0,0.0,0.0,0.0,0.0,0.0,0.0,0.0,0.0,0.0,0.0,0.0,0.0
2023-06-13 02:00:00,0.0,0.0,0.0,0.0,0.0,0.0,0.0,0.0,0.0,0.0,0.0,0.0,0.0,0.0,0.0,0.0,0.0,0.0,0.0,0.0,0.0,0.0,0.0,0.0,0.0,0.0,0.0,0.0
2023-06-13 03:00:00,0.0,0.0,0.0,0.0,0.0,0.0,0.0,0.0,0.0,0.0,0.0,0.0,0.0,0.0,0.0,0.0,0.0,0.0,0.0,0.0,0.0,0.0,0.0,0.0,0.0,0.0,0.0,0.0
2023-06-13 04:00:00,0.0,0.0,0.0,0.0,0.0,0.0,0.0,0.0,0.0,0.0,0.0,0.0,0.0,0.0,0.0,0.0,0.0,0.0,0.0,0.0,0.0,0.0,0.0,0.0,0.0,0.0,0.0,0.0
2023-06-13 05:00:00,0.0,0.0,0.0,0.0,0.0,0.0,0.0,0.0,0.0,0.0,0.0,0.0,0.0,0.0,0.0,0.0,0.0,0.0,0.0,0.0,0.0,0.0,0.0,0.0,0.0,0.0,0.0,0.0
2023-06-13 06:00:00,0.09861084486135077,0.0675531353053434,0.06148218876972284,0.18452600078532555,0.1645810460207452,0.08612015315637761,0.10569038028303346,0.1573241787621371,0.0003136584580418442,0.14759478052937874,0.1521464196226716,0.2168226573339879,0.00012400556969555015,0.16202809507464205,0.0,0.0,0.020290554997442246,0.15835926040288215,0.009878328000696367,0.17485060424930676,0.15998901015197953,0.18225835145249505,0.3350426220949581,0.14690196969404537,0.15173627655874314,0.07755971952353205,0.11551176799683505,0.14094136841044808
2023-06-13 07:00:00,0.18919675663906332,0.12401716210071743,0.18116853300288258,0.37814004662899153,0.2654436511732291,0.16818812593731897,0.14558655407634638,0.22832713788766082,0.03984603556635425,0.25604313375061866,0.20502477564160304,0.4272221166485358,0.009492674112797743,0.2557130532076478,0.004378683696335362,0.007301913968417054,0.24986360902541824,0.2546619943370046,0.21682021673133453,0.3300889725187466,0.2601992342017894,0.34276635890032026,0.5499325388576876,0.3439213436235497,0.41258995464877374,0.1486332273852563,0.2041577951768241,0.34314284592105865
2023-06-13 08:00:00,0.2830775917874006,0.11586745293907712,0.40761147098434125,0.5667226436726366,0.3782278048153129,0.3295212968190548,0.3198108398978734,0.4141412583644299,0.0794960356017818,0.3950294655838463,0.36037007210506644,0.5031497821399588,0.06549919372006807,0.46547839830090293,0.05018823509189476,0.0710537156222467,0.4502191830356052,0.2210578205186351,0.3790824704190342,0.5328619856315301,0.47116221154426885,0.36586579631614563,0.6527374515371157,0.4189589565534562,0.5360771963026438,0.26562878261300327,0.18779099523337678,0.430152093757976
2023-06-13 09:00:00,0.26143627230909955,0.09052683279315475,0.48429670771055755,0.5537636791872453,0.44920849449674277,0.4248946761658184,0.3706160205080759,0.42639408720342914,0.1317390354023084,0.37507234387988087,0.38485860918789727,0.3703551220312128,0.13291883361115617,0.47850650778508047,0.13778402691279926,0.14899262127676197,0.5595863138783319,0.15291861330387754,0.5076056459330297,0.47248594866523097,0.48019020844104976,0.25343066687410515,0.7124155895006941,0.42376983278311386,0.5933135422109084,0.39089690796101606,0.2416192655767642,0.43967981846758336
2023-06-13 10:00:00,0.34919337486759383,0.12392845428945592,0.5904232103188967,0.579114614768032,0.4974668982524356,0.511884229137082,0.5566244174056189,0.5882681627274503,0.276759575148684,0.5653792590966549,0.5803156482597286,0.38489440829665644,0.22938215901947517,0.5854586224169775,0.2916950343963473,0.29263012604862154,0.669106341958051,0.30462411723905214,0.609869209109884,0.5433020916664315,0.5795201662122458,0.35939080704454396,0.7311310164192555,0.42526831126670633,0.5395466756170622,0.46688314269176556,0.26140658385880233,0.4485242629909447
2023-06-13 11:00:00,0.3737013057275364,0.1698783353641034,0.4886455253483592,0.5089880935813972,0.5711162063980671,0.6084753547627447,0.5935293485551292,0.6281527917532199,0.4133335209659622,0.5279477824160257,0.5568215655878721,0.3458221821713472,0.34324309899706523,0.6511961018822481,0.39561407578363744,0.3834271087073871,0.7094322454381572,0.37140662226478655,0.6565109251761164,0.6024398729999545,0.6433593023188502,0.364531299581762,0.6650363959522576,0.37719703015046235,0.4912507669716494,0.6091889949892911,0.2590181516545445,0.37289841026496895
2023-06-13 12:00:00,0.39955853716156153,0.2148255336355395,0.46339936290736944,0.2642320735614131,0.5940544601143718,0.6095009664850308,0.3174760546143971,0.23779391332588232,0.35058233533883415,0.32824507069990294,0.3070723178185173,0.2715538375126322,0.3308780303289187,0.2121722453870846,0.3763295932472007,0.40899078822993545,0.629362992733938,0.43335321049317765,0.6503657316429013,0.2600565761655175,0.2157132803835887,0.3683997648995752,0.7412043373856353,0.3130071646451229,0.5448625848715349,0.5686828055436598,0.2737006652480376,0.3010014942864607
2023-06-13 13:00:00,0.4663853271405952,0.2608003954858852,0.6290508074337294,0.2662254218464888,0.6237396247007634,0.6425181849863798,0.6222270552395373,0.5058619072225125,0.4300033635134881,0.5174890532620382,0.5609403694622661,0.29080569088631897,0.41737222252104456,0.3749632974670878,0.5715991068309871,0.5146557530587054,0.735725595536883,0.401348106532789,0.7095971367979641,0.3010593641562059,0.35445339086571825,0.41859373154147633,0.7129060917393985,0.3219707982437335,0.4550545483302273,0.6142631123784422,0.23535908876073652,0.2799625904355016
2023-06-13 14:00:00,0.5553802794224403,0.30203003240602194,0.7377566153723122,0.27090791406435205,0.5933742925283877,0.617658617790072,0.7187161262284354,0.5707776771789516,0.5446144763649512,0.5888598477672405,0.6389101959737492,0.3857835713710625,0.489744100510377,0.4390391329602744,0.5640953825103314,0.5311020281012879,0.7092154156474176,0.5678360335380418,0.6797151390030508,0.34086300038608747,0.4180405661882298,0.4994921990030808,0.6740049973869265,0.2621260797730859,0.38572602316572446,0.639947533449142,0.2122988906586061,0.23796138451904453
2023-06-13 15:00:00,0.6078627577448031,0.3317008868646909,0.7527803072224152,0.3085411399718253,0.6278162114016718,0.6618053131019945,0.6862348168766698,0.5980208310307786,0.5596221605714883,0.6094267164291245,0.6331843712883083,0.5270573261924978,0.5264389413177527,0.5537786082021319,0.5479574313579318,0.5574703392980085,0.7350660670247714,0.6431393314639172,0.6923447070025605,0.4919860112551454,0.5467786999536911,0.5873897205975727,0.6432940804153539,0.27903045940132626,0.360605917169477,0.6318830487375718,0.2105122140356865,0.26628004149893786
2023-06-13 16:00:00,0.5516618268917689,0.4099627370735013,0.7034954079671835,0.3975139790472626,0.6032399703704309,0.6315371837264726,0.6932425124748223,0.6388928683984693,0.5305447814815862,0.569293037648361,0.6119263958231425,0.4474168108653988,0.5200694834683421,0.6328375593832052,0.4678706977182737,0.5803713805886291,0.7013897694549932,0.6147370760321114,0.6604820889383862,0.5542733083063673,0.6265142958519052,0.47864706994681616,0.6181260939257054,0.24518555503843442,0.28154832757445974,0.6425857713081543,0.18297071788779476,0.26011907235092346
2023-06-13 17:00:00,0.5661746444189417,0.41436484213482144,0.7449498010042657,0.35833313963465296,0.6010776661547823,0.6296105325974531,0.6725598480108114,0.6445708498470227,0.5628215681019398,0.6459532922558479,0.6567686526774935,0.4095340285847596,0.5427158505589667,0.657130733618683,0.4993641158682282,0.561571566326772,0.6491011326355952,0.5979875036318907,0.617557025281071,0.5636566383969686,0.6597457042667855,0.5021026015231339,0.5169635159069766,0.23754961094029997,0.18277561008203103,0.6571709787392026,0.11632856093143495,0.270140057423588
2023-06-13 18:00:00,0.5216122834076511,0.326401163698971,0.7038935122553363,0.2755688902201396,0.5633579011911986,0.6181156377924525,0.5877165673945371,0.4909998258221839,0.5279226483981413,0.5884080169829891,0.5703820833089264,0.31851983677333084,0.48925482933842696,0.44170177925021226,0.4980711537766262,0.47413075328556303,0.6387890569859164,0.5416163903620662,0.6067503619035233,0.34877108433019033,0.44169349587391915,0.4501719066218433,0.3095240408813504,0.1953462479233168,0.09987584426529099,0.6448385033567209,0.0699451812609757,0.2220148944327924
2023-06-13 19:00:00,0.4674708037297205,0.20048698099859835,0.6438415674728505,0.2514868880400649,0.5542775833198642,0.6116776028716978,0.5726668846175375,0.5075337444401599,0.5274133886994423,0.5625895801784577,0.5555164344877473,0.19683399026739534,0.5175481153235798,0.4671209855731355,0.47291264849442577,0.45983679245763165,0.5885982326719476,0.43727772655764624,0.5271660365365797,0.3799070865090046,0.46583914590003694,0.38125950269390585,0.19039207240048867,0.14248982872482913,0.06353782011824351,0.5756111537023759,0.05742622399565594,0.16169312625725615
2023-06-13 20:00:00,0.431722682584056,0.1648023759932904,0.5596109369682218,0.2161510388836027,0.47986481207431,0.5420244578049461,0.5197791802846936,0.5002429380292254,0.5099400870283424,0.497438828965729,0.5156764248675023,0.17728231142779266,0.505520193121586,0.4814542216014723,0.3970345311805733,0.4370510501485518,0.537317610568452,0.3833046532115992,0.46429577849799747,0.43793658663865953,0.478163599714042,0.3387126993401619,0.17364707893711734,0.06205117016735068,0.024086121639476724,0.5116313784450386,0.03496408820784396,0.07427220702826101
2023-06-13 21:00:00,0.30556334788688433,0.12113284954520644,0.3502810808996485,0.06058804053033877,0.4059617101605205,0.45770316763339564,0.26482453256892013,0.2506120876955081,0.3609020642755332,0.32557992237347577,0.3017326440440725,0.09300576245260492,0.35931269027823076,0.21545345588004758,0.2795957091479665,0.3527129525697165,0.4235185367427117,0.2555735074636689,0.38428468984516645,0.21519190995197668,0.2153772053064611,0.24635188348346979,0.09987602528323243,0.04624454744908342,0.0022917978900550812,0.41769633166349923,0.020041787094113382,0.06725291074781992
2023-06-13 22:00:00,0.0,0.04174399127682492,0.0,0.0,0.30235821447257627,0.2923404017765738,0.0,0.0,0.10124094008713784,0.0,0.0,0.0,0.05621117761045637,0.0,0.21537345273900596,0.19747956286120305,0.2386546432861821,0.0,0.22535418739929608,0.0,0.0,0.0,0.0,0.0,0.0,0.2876264614768817,0.0003334912148893855,0.0
2023-06-13 23:00:00,0.0,0.0,0.0,0.0,0.10092121986032508,0.0071775420290772175,0.0,0.0,0.0,0.0,0.0,0.0,0.0,0.0,0.0,0.0,0.0,0.0,0.0,0.0,0.0,0.0,0.0,0.0,0.0,0.007479469508034766,0.0,0.0
2023-06-14 00:00:00,0.0,0.0,0.0,0.0,0.0,0.0,0.0,0.0,0.0,0.0,0.0,0.0,0.0,0.0,0.0,0.0,0.0,0.0,0.0,0.0,0.0,0.0,0.0,0.0,0.0,0.0,0.0,0.0
2023-06-14 01:00:00,0.0,0.0,0.0,0.0,0.0,0.0,0.0,0.0,0.0,0.0,0.0,0.0,0.0,0.0,0.0,0.0,0.0,0.0,0.0,0.0,0.0,0.0,0.0,0.0,0.0,0.0,0.0,0.0
2023-06-14 02:00:00,0.0,0.0,0.0,0.0,0.0,0.0,0.0,0.0,0.0,0.0,0.0,0.0,0.0,0.0,0.0,0.0,0.0,0.0,0.0,0.0,0.0,0.0,0.0,0.0,0.0,0.0,0.0,0.0
2023-06-14 03:00:00,0.0,0.0,0.0,0.0,0.0,0.0,0.0,0.0,0.0,0.0,0.0,0.0,0.0,0.0,0.0,0.0,0.0,0.0,0.0,0.0,0.0,0.0,0.0,0.0,0.0,0.0,0.0,0.0
2023-06-14 04:00:00,0.0,0.0,0.0,0.0,0.0,0.0,0.0,0.0,0.0,0.0,0.0,0.0,0.0,0.0,0.0,0.0,0.0,0.0,0.0,0.0,0.0,0.0,0.0,0.0,0.0,0.0,0.0,0.0
2023-06-14 05:00:00,0.0,0.0,0.0,0.0,0.0,0.0,0.0,0.0,0.0,0.0,0.0,0.0,0.0,0.0,0.0,0.0,0.0,0.0,0.0,0.0,0.0,0.0,0.0,0.0,0.0,0.0,0.0,0.0
2023-06-14 06:00:00,0.1539070096441855,0.2249181373998341,0.10594836459148821,0.1685627122134575,0.20840817839918552,0.12569976788613277,0.13736802620377955,0.17924821137876853,0.082990542694108,0.2448723395279453,0.2161545357256682,0.2065035941339622,0.09545874328652461,0.15917691752461705,0.12145606775748352,0.07737922819440604,0.049177527745035275,0.20188898377446743,0.08648395391441577,0.18768736071920597,0.1605170063475152,0.1912095753715293,0.08781186056339937,0.08906048777816825,0.0010842803590803056,0.17819105707516947,0.02116722449275892,0.12830585258242116
2023-06-14 07:00:00,0.2635612818518021,0.3743536820071292,0.3427645390898063,0.24771394256309678,0.3186631571840725,0.16136754404338502,0.2930727932297827,0.2855391528369747,0.12085075504480003,0.37640882647398743,0.33709726702653353,0.3212827480576182,0.1048610100271541,0.25187217062104333,0.12021147823842535,0.08791762325123428,0.24912166749573855,0.290996830048953,0.24315741307948505,0.22704902595350068,0.2513514839785685,0.2942376231672688,0.1705185129292344,0.15900572876049557,0.014264340467126657,0.24584176544096648,0.0783626847010688,0.19981184184327916
2023-06-14 08:00:00,0.43790392816888035,0.4873370462867631,0.5382254182737356,0.2797422353904697,0.4234627363343713,0.3157465653669471,0.5144932919434991,0.49811645606316873,0.2882400353271779,0.5396811403766957,0.538584695807017,0.4327303095134646,0.28774905534396095,0.4497645853545712,0.22929208582591984,0.2721896714426433,0.39432247511950197,0.4872363881178372,0.3973340620366916,0.38285337190784696,0.44151340927145194,0.4713665616563351,0.21781883889873074,0.22500224744712094,0.038691456210711454,0.3795744307143957,0.12273681249343002,0.23039393794404442
2023-06-14 09:00:00,0.5296303200923627,0.5794934519878765,0.632225666199486,0.3658292871266717,0.546293454606137,0.38215574156022764,0.5782799569068645,0.6047385486151048,0.40602018105980836,0.6217776238878667,0.6326356951466019,0.5490253407826047,0.417872660543817,0.5622415468987914,0.24191499759717053,0.3041841279064832,0.46935149976909296,0.5149459594258401,0.4473688818057915,0.4598126900810355,0.5507688359722409,0.5543716284160721,0.19913871113687934,0.3255392731740892,0.06771660350047266,0.4653222413030232,0.17536658908198957,0.34042990405589696
2023-06-14 10:00:00,0.6156831290998905,0.6258978346225591,0.6891063881548872,0.37629624766881503,0.5919027943843211,0.36106458342083353,0.6189755227987082,0.6276057910289264,0.4510988713947627,0.6323673877457647,0.6627245855515838,0.5770899857582938,0.45724108652304246,0.5779513385645725,0.30601292972972843,0.388701489194841,0.5070695845701699,0.5049541113172046,0.4783368941673953,0.38740941793530537,0.5661663454271847,0.6167880052181552,0.19900285559196193,0.3528080909245309,0.11760420582782348,0.449250636803543,0.24378857969592635,0.3942263784373101
2023-06-14 11:00:00,0.7113094915985922,0.6536723875507391,0.6924736570192077,0.42129994609028304,0.6340829693485012,0.4564994107723424,0.5638771527969093,0.5659358834395968,0.6150380735417462,0.6213174289282924,0.6110083485824376,0.5953452371069814,0.6096970864334004,0.5576278008154786,0.4718570608613219,0.5251929879708159,0.5828028538348203,0.5867290436051406,0.5406509177513881,0.41859028843756263,0.5561003867920203,0.6651737634405883,0.19859057682385697,0.4196668445845812,0.18606111659793365,0.5199903771503485,0.3253817989721684,0.4398866656908044
2023-06-14 12:00:00,0.5713425379162096,0.5205775874724522,0.6563116109522482,0.4275450188138789,0.6334800456637474,0.4554756883757677,0.39563205216912206,0.45233575764741446,0.5619205630503283,0.45003870503376764,0.4349332038965833,0.5001824917592631,0.590025126784964,0.5474400513310413,0.4502218510165556,0.5377636716353289,0.5789537236987172,0.3473481845958486,0.5598464041524963,0.44849707537827294,0.5623939134209929,0.47968911815088466,0.28015775085704236,0.3049326833812654,0.25758927840983914,0.5138328500601443,0.3279383002616305,0.3502405808757023
2023-06-14 13:00:00,0.648214921848065,0.599023483738501,0.7327572666387121,0.41911249037161863,0.6672805078503711,0.5468689499776243,0.49574417393202364,0.4740174176696324,0.6948492843147669,0.5318411538971732,0.5132607219150883,0.49618977484500054,0.7412732633905279,0.5149170256290904,0.5794344451051383,0.6273479631908633,0.6385204505437513,0.4762118094659947,0.6011781404961326,0.413321005110027,0.5281872379153782,0.5491502458797496,0.21671432636635468,0.3890714850865209,0.22275385542255313,0.6126131953587308,0.3568336326165465,0.39988134414015747
2023-06-14 14:00:00,0.6980441474236295,0.6097379161168078,0.7768831186241802,0.44860305308499365,0.6493961232758103,0.6058750476128648,0.5523123092678965,0.5514627242560116,0.6848831880268317,0.662783450890369,0.6061500690887053,0.5334384334686224,0.7021112293210817,0.5739573425532334,0.6176420367064137,0.6408739017914376,0.6840114905011621,0.5892086856239958,0.6466516567788452,0.49731155041231756,0.5895591703736551,0.6570693445074627,0.18852796913273268,0.4416166105271055,0.2632802516470797,0.6742024188571119,0.42442013291935055,0.4334334138085609
2023-06-14 15:00:00,0.7136161627642682,0.5961214326740789,0.757713620668251,0.4733483055613805,0.6878694198453446,0.6106803309307682,0.5710674344214773,0.5819016335818293,0.7323652202453735,0.6493052464116004,0.6137394898744207,0.5187562359052428,0.7450744591946602,0.6086186363342712,0.7367140468951449,0.7163499825349243,0.6803679378066522,0.5854527821974747,0.6485506493078544,0.5270953631084514,0.620210621886231,0.6294486436452658,0.1389477677576146,0.41528559288710987,0.17720050918352198,0.7160444751645568,0.3779052356767629,0.407565095567887
2023-06-14 16:00:00,0.6798787926974053,0.5686408528304865,0.7619998675164907,0.39870933495267463,0.661405862278838,0.6852782083912321,0.5903249292203443,0.5846386893392355,0.6913201690520754,0.6394173988744954,0.6159991686836088,0.48018271337893415,0.7123416534890185,0.613910945542309,0.7272593994977277,0.710908272952021,0.7267228128982981,0.5543527483352121,0.7188806974728996,0.5342291539531516,0.625318721533207,0.6095499157634684,0.10569945494716201,0.42228161790822505,0.12471616845126067,0.716837129259535,0.34875957772464394,0.44454627801442315
2023-06-14 17:00:00,0.6744791823018232,0.5412591850042932,0.7406309032377109,0.3937287907048809,0.6377183166898317,0.6708674857823094,0.6488366129638755,0.6380459962760731,0.750332535801573,0.6693159051595482,0.6588790214247539,0.3949835882864242,0.7521023966590142,0.6374776501667924,0.6911911456695577,0.7223334613530168,0.7063002333068624,0.5832913066475965,0.7053308127351453,0.5154609554128313,0.6420455223639134,0.5643881841198214,0.1068368910321541,0.43635408611644094,0.14953731898060466,0.7116299371927877,0.37698864779929114,0.4422800520809046
2023-06-14 18:00:00,0.6700661895073731,0.5067516533055757,0.6963455494754225,0.35506128161881684,0.5928517054668363,0.6169979348936924,0.5272371437931413,0.518820972772038,0.711450001871036,0.5655916277739608,0.5524002889933445,0.44788809354356446,0.7253669399472805,0.5436941361575724,0.7135878924751496,0.7416098714427054,0.7265373019453252,0.633496891401681,0.7211243947349355,0.48187706812214903,0.5534078267079798,0.5743376378209959,0.05391090263788514,0.4010750307326601,0.12180966630722058,0.6585659213385963,0.3942770273487456,0.3915689827646239
2023-06-14 19:00:00,0.6125237141835874,0.5028303559290656,0.6512387689443202,0.32780560602412656,0.5353806427188763,0.594518797877725,0.5306353274930175,0.5405531920705654,0.674151206978584,0.6125117484177233,0.5702181387614024,0.441920212106456,0.6934650406127555,0.5563284886732963,0.6750517389376022,0.6959205912306528,0.6916911342340405,0.5456306196342685,0.656406971170474,0.5072396034789466,0.5664836019795954,0.537949814155093,0.02021605412343639,0.38149631019904046,0.07794118651710677,0.6205518013271358,0.35713662255207496,0.38392064085925554
2023-06-14 20:00:00,0.5043275276284483,0.48772548722748893,0.5610404038401701,0.26006944801665194,0.4511177747901775,0.551692266614051,0.5095934209391594,0.5061694686249624,0.5699536864850379,0.5275380414769241,0.523468252547407,0.3874668541508727,0.5899359960052019,0.5054351409865228,0.6122732345934525,0.6074512296770832,0.5378588763424563,0.48688506331390347,0.469530011245275,0.4072829236400266,0.5063884582128756,0.4477156115877626,0.0046954565339206835,0.309873754320489,0.025104914009256286,0.5769641469853304,0.28705748176451595,0.32989888683482615
2023-06-14 21:00:00,0.3875836922593127,0.3928955387827598,0.3752336789522996,0.2140906787551187,0.4138869046151476,0.45284519158590225,0.34614992584999055,0.3388294294960785,0.4136595263152124,0.34901856767890205,0.35271565758820506,0.3329950336119518,0.4338958487018032,0.3293442503882406,0.4587420147103368,0.4507939405498282,0.21487993574904077,0.35974066125191767,0.1906931424707308,0.2828701133073123,0.3279227971935994,0.346028732454152,0.00020219756427219165,0.26120374101786054,0.018682976287043383,0.4640844244703626,0.20819873461220456,0.27521406811956267
2023-06-14 22:00:00,0.0,0.061477055426955314,0.0,0.0,0.3287780215969773,0.20516542932276008,0.0,0.0,0.11398520429023662,0.0,0.0,0.0,0.051890619707783324,0.0,0.1915308452661212,0.15434389332849635,0.020920588193384607,0.0,0.014112604893830216,0.0,0.0,0.0,0.0,0.0,0.0,0.22580180301031616,0.024923531975226863,0.0
2023-06-14 23:00:00,0.0,0.0,0.0,0.0,0.12955050758025516,0.006093756959412234,0.0,0.0,0.0,0.0,0.0,0.0,0.0,0.0,0.0,0.0,0.0,0.0,0.0,0.0,0.0,0.0,0.0,0.0,0.0,0.0071423170371914405,0.0,0.0
2023-06-15 00:00:00,0.0,0.0,0.0,0.0,0.0,0.0,0.0,0.0,0.0,0.0,0.0,0.0,0.0,0.0,0.0,0.0,0.0,0.0,0.0,0.0,0.0,0.0,0.0,0.0,0.0,0.0,0.0,0.0
2023-06-15 01:00:00,0.0,0.0,0.0,0.0,0.0,0.0,0.0,0.0,0.0,0.0,0.0,0.0,0.0,0.0,0.0,0.0,0.0,0.0,0.0,0.0,0.0,0.0,0.0,0.0,0.0,0.0,0.0,0.0
2023-06-15 02:00:00,0.0,0.0,0.0,0.0,0.0,0.0,0.0,0.0,0.0,0.0,0.0,0.0,0.0,0.0,0.0,0.0,0.0,0.0,0.0,0.0,0.0,0.0,0.0,0.0,0.0,0.0,0.0,0.0
2023-06-15 03:00:00,0.0,0.0,0.0,0.0,0.0,0.0,0.0,0.0,0.0,0.0,0.0,0.0,0.0,0.0,0.0,0.0,0.0,0.0,0.0,0.0,0.0,0.0,0.0,0.0,0.0,0.0,0.0,0.0
2023-06-15 04:00:00,0.0,0.0,0.0,0.0,0.0,0.0,0.0,0.0,0.0,0.0,0.0,0.0,0.0,0.0,0.0,0.0,0.0,0.0,0.0,0.0,0.0,0.0,0.0,0.0,0.0,0.0,0.0,0.0
2023-06-15 05:00:00,0.0,0.0,0.0,0.0,0.0,0.0,0.0,0.0,0.0,0.0,0.0,0.0,0.0,0.0,0.0,0.0,0.0,0.0,0.0,0.0,0.0,0.0,0.0,0.0,0.0,0.0,0.0,0.0
2023-06-15 06:00:00,0.13372708553553084,0.26557363086340796,0.00783074130784394,0.10693014011508782,0.21611115130699693,0.157706940277674,0.03232047744167959,0.10099137196901657,0.12806155555307855,0.05990107289061241,0.041510213419288705,0.20697948554071954,0.16755107412063286,0.15763544975459226,0.2529925427414007,0.20868476870509906,0.04384871537144015,0.1711270700910074,0.06595790408438089,0.17657368241318983,0.1643588663677124,0.16701790912624334,0.023291077096621895,0.2442047098889067,0.16086796328065905,0.24316775266253038,0.2515458694384727,0.20875305033109004
2023-06-15 07:00:00,0.26996982158369043,0.4898590170531506,0.047771760980019506,0.17555335546811476,0.3365616939402576,0.23202894947956615,0.07113238129541007,0.17586134096431136,0.17511561799361328,0.22645143402436688,0.15197874478006082,0.33401167237049606,0.21110048992174865,0.2176069105169507,0.41837813927310996,0.2803135739152679,0.07574989450122423,0.4080176884312512,0.08366782644596817,0.27207367259121074,0.22846459947852585,0.35605440888170864,0.12181081880114437,0.41134426994708573,0.30505869632943083,0.33555980819989345,0.41497449786785934,0.3955037287912705
2023-06-15 08:00:00,0.3662040706284206,0.6195119439863699,0.13336667272318564,0.4228696999341745,0.45437779159511366,0.29137635833965736,0.2258664237724853,0.33751979310292995,0.2426628846316811,0.396362868834407,0.3045534499737172,0.5413547014322397,0.2880099081468172,0.39173125925021074,0.49431331036413007,0.3181187055739749,0.0702516948972059,0.5183095321128949,0.05248862899192199,0.44476799263200856,0.4032759191297062,0.5229386378012565,0.29580179334228784,0.5806224612833616,0.49023400771075976,0.4518606727912534,0.5591209441664204,0.5690341640077609
2023-06-15 09:00:00,0.39287134337080426,0.7127663283750966,0.13488952944101917,0.4837548750412136,0.5067287680826463,0.2565702005074756,0.3888418361116958,0.5267010747632959,0.27743032820465674,0.42351781214973344,0.4118727907083915,0.5760498235026691,0.3135721027256259,0.602401322109364,0.47418920035069706,0.26418768407705295,0.07341747383614346,0.5734382268038966,0.05427257871768193,0.5129071611090866,0.6048420794846934,0.5446107374411864,0.44390420715734236,0.6967635611774159,0.630974000475326,0.41369159184264387,0.6756107850259607,0.6848539094854883
2023-06-15 10:00:00,0.4497453726928587,0.7307357739632633,0.2212513432953664,0.5587058202236209,0.5224789934415007,0.25704547148688345,0.4666750413872818,0.6333095600483593,0.28858632100798165,0.5668883970289063,0.5552282664522948,0.610064404955655,0.31796330942314005,0.6678831600313324,0.3963854389908504,0.25885567333954346,0.09223753998020061,0.6584243041373173,0.06679428943887801,0.6396686227056994,0.6656997891117292,0.6338138341556409,0.6124794186399299,0.7130792133589025,0.6362082849412254,0.3757725005572108,0.6603808926059299,0.7325928971066552
2023-06-15 11:00:00,0.4481629876641643,0.7200813424176028,0.21843582646193974,0.5975983677121257,0.5184910835940908,0.2535018905805705,0.5055534277440706,0.6562020126446216,0.3276599877120288,0.5335849446198129,0.5444017323489776,0.655606452503882,0.3188795927642507,0.7017057177060223,0.3447453585254542,0.22881308718250168,0.09657067420436592,0.6090522517431212,0.07301146135204627,0.6228495311375695,0.6976880765801995,0.6063835902881184,0.6354912566796947,0.7080733867778612,0.6234966025256673,0.37091768973023126,0.6369616716194632,0.7337760769948911
2023-06-15 12:00:00,0.3804480051263938,0.6883929593132375,0.1608528379098805,0.5818488118514854,0.5977487535727343,0.2823084410613971,0.27981963079856276,0.44023579283486475,0.26561621940507585,0.2964563652107811,0.2803814147572097,0.6393525662272422,0.26707069253783405,0.5820605115710508,0.415976162121322,0.2622571643451483,0.15083787796657405,0.4363717672821837,0.12223949589723258,0.5606985097742155,0.593483786147473,0.48293481904647734,0.6897873121863232,0.7461601600784004,0.73235098917107,0.43846817854304576,0.7272323521933087,0.7618369550162091
2023-06-15 13:00:00,0.38434776276701355,0.6967508794548757,0.1827194979480478,0.5628180100020829,0.5416241320323639,0.21021665305249734,0.299906222391124,0.462577605457603,0.24401184324771366,0.3316739617600372,0.3208338740459969,0.6015346566349179,0.2573949496956935,0.5834350927664421,0.41914998008466614,0.2637174468219897,0.14799439234265963,0.44876043184146686,0.1189123126225504,0.5433960593439,0.5927968293885106,0.48039933115914174,0.6753203619771909,0.7005634367633697,0.7111731302196771,0.3969825498747424,0.6848192260541285,0.7219605906664228
2023-06-15 14:00:00,0.448978339079939,0.6634257625859916,0.4412695782883702,0.5093359868331876,0.5078083020895187,0.18339240653944439,0.41627403319499345,0.4481603507670364,0.3220173549639962,0.392253085605094,0.40210876418443936,0.5834146422191848,0.31966377557502224,0.5092667663431307,0.29641902901720535,0.2522631422194047,0.12510960743026003,0.4698091562688118,0.10844417208065445,0.4444282348189602,0.517510755738827,0.4955249209216885,0.6287578857965549,0.6016349340619621,0.7283266587119367,0.30829535462824925,0.6331657130105549,0.5857234917974229
2023-06-15 15:00:00,0.4952168410534893,0.6224063351390255,0.5017878862861128,0.5389347696479412,0.4437832183941804,0.16763546648388564,0.7508378573471263,0.7320806377144008,0.300614419236759,0.6797774853665998,0.6893382661584322,0.6215071381307392,0.3143966278291139,0.7277931078258426,0.22880173134807855,0.22680410342219626,0.09132494544044849,0.6010824045119211,0.09530773794024927,0.6186661920630803,0.7250671756882016,0.6623182626571168,0.6603713790900267,0.5339045676729425,0.6874717257886634,0.2213697353733782,0.6383103650577796,0.510211454284127
2023-06-15 16:00:00,0.31856252484279696,0.47653299367005203,0.3925107377120616,0.541023967785126,0.3402354352465717,0.11066111260244496,0.6188638967473111,0.6532147045186567,0.16026965183468742,0.5491787179303576,0.5442199601375484,0.5629197108309821,0.16670615292585084,0.7202930954012419,0.11567861832493186,0.12174542602492383,0.07080111283981214,0.42329910990445957,0.06747271215657294,0.5943686131148419,0.7238906761292456,0.5094704916851874,0.583195257159916,0.4570011265717343,0.6302712403127066,0.13414995233266033,0.5410729521561397,0.438642385577383
2023-06-15 17:00:00,0.2010304546005104,0.32147136473581694,0.34311512152930107,0.47686130378969444,0.23578591226285203,0.0737617593651446,0.4811959983484086,0.501097053403943,0.10456625130710069,0.4789371608960364,0.44912647149613805,0.3240037673283125,0.10670999834600284,0.5618850867982365,0.06751544638195368,0.07252635709788233,0.05274668918542809,0.2291736680434278,0.04164821902616404,0.529657913963439,0.5762313215673481,0.3265587063249275,0.5478231036424127,0.3634649351053412,0.5112041131656189,0.08041030061122978,0.461267175981974,0.3865021403393585
2023-06-15 18:00:00,0.13771417806178116,0.27509072021202235,0.1998570085561697,0.4592888806662574,0.1698350630623177,0.0439856796986241,0.31674604806139234,0.4012854251188957,0.0582493873575936,0.35963270124717756,0.3147970362333853,0.24862697078238577,0.059954102153474784,0.5132607249114461,0.041675413353990325,0.04202143275326167,0.03271244411493531,0.14423032842906022,0.02489332938892267,0.5751035753484772,0.5303666350646337,0.22913823984933027,0.5636033188577363,0.40797672054922307,0.5513715006091231,0.04713321567134847,0.5168315332257897,0.42255754570177967
2023-06-15 19:00:00,0.07990797724261081,0.13261605871044013,0.11457551977829501,0.41398104657105994,0.0981576760982872,0.020886568495501166,0.2265953087354929,0.28853573865725085,0.028598634366227792,0.2592455075007883,0.20741257583465394,0.24412672908574645,0.02957806427333944,0.381091629273655,0.018196826827420094,0.021697908337066446,0.016418408719170233,0.07065442388708215,0.009788126361065687,0.44327956281716074,0.3951852001379042,0.1560767629125335,0.45772421421545895,0.34284118068530894,0.40087199499427334,0.023321685644312976,0.3990099131087448,0.3255931052269646
2023-06-15 20:00:00,0.03196311426913665,0.10988678978451911,0.07447316332769678,0.2694400666839312,0.04856025227517965,0.00918440017614326,0.19952820836981985,0.23799528829090097,0.017288851546320448,0.14112681742996624,0.15862958307457756,0.11229982820645562,0.018991632980010983,0.2986088946690498,0.008463272747093365,0.009073782199326173,0.007772606372966549,0.03238154778855561,0.005303843164614508,0.26708913704829346,0.30106985006332826,0.06813778111720416,0.3582410640775094,0.32277340560768797,0.3977419151257689,0.010207374555433944,0.38754659319015994,0.29936259707750024
2023-06-15 21:00:00,0.015373829587580675,0.04652382654671939,0.012685294914163668,0.09288482885610418,0.01934740317826581,0.0024055802420271722,0.03212022292395286,0.09441330206491551,0.0049380338723381875,0.03387034577115925,0.03311917239606591,0.024524387805826667,0.004703257096130505,0.17231911842443515,0.0023314863312824154,0.0024339348759668863,0.0006781507761873727,0.016321894878514345,0.0008161470255714876,0.14310636051679734,0.18166958525556576,0.021306354035536174,0.22267256986427172,0.19239505788646447,0.3094231474391489,0.0021999008897846547,0.2705991474887436,0.15038445662996258
2023-06-15 22:00:00,0.0,0.0,0.0,0.0,0.004688875722844526,0.00027276671770608003,0.0,0.0,0.0,0.0,0.0,0.0,0.0,0.0,0.0,0.0,0.0006946560962411893,0.0,0.0028739597740101448,0.0,0.0,0.0,0.0,0.0,0.0,0.00018369644826869084,0.0,0.0
2023-06-15 23:00:00,0.0,0.0,0.0,0.0,0.0003409728222901095,0.0,0.0,0.0,0.0,0.0,0.0,0.0,0.0,0.0,0.0,0.0,0.0,0.0,0.0,0.0,0.0,0.0,0.0,0.0,0.0,0.0,0.0,0.0
2023-06-16 00:00:00,0.0,0.0,0.0,0.0,0.0,0.0,0.0,0.0,0.0,0.0,0.0,0.0,0.0,0.0,0.0,0.0,0.0,0.0,0.0,0.0,0.0,0.0,0.0,0.0,0.0,0.0,0.0,0.0
2023-06-16 01:00:00,0.0,0.0,0.0,0.0,0.0,0.0,0.0,0.0,0.0,0.0,0.0,0.0,0.0,0.0,0.0,0.0,0.0,0.0,0.0,0.0,0.0,0.0,0.0,0.0,0.0,0.0,0.0,0.0
2023-06-16 02:00:00,0.0,0.0,0.0,0.0,0.0,0.0,0.0,0.0,0.0,0.0,0.0,0.0,0.0,0.0,0.0,0.0,0.0,0.0,0.0,0.0,0.0,0.0,0.0,0.0,0.0,0.0,0.0,0.0
2023-06-16 03:00:00,0.0,0.0,0.0,0.0,0.0,0.0,0.0,0.0,0.0,0.0,0.0,0.0,0.0,0.0,0.0,0.0,0.0,0.0,0.0,0.0,0.0,0.0,0.0,0.0,0.0,0.0,0.0,0.0
2023-06-16 04:00:00,0.0,0.0,0.0,0.0,0.0,0.0,0.0,0.0,0.0,0.0,0.0,0.0,0.0,0.0,0.0,0.0,0.0,0.0,0.0,0.0,0.0,0.0,0.0,0.0,0.0,0.0,0.0,0.0
2023-06-16 05:00:00,0.0,0.0,0.0,0.0,0.0,0.0,0.0,0.0,0.0,0.0,0.0,0.0,0.0,0.0,0.0,0.0,0.0,0.0,0.0,0.0,0.0,0.0,0.0,0.0,0.0,0.0,0.0,0.0
2023-06-16 06:00:00,0.0012321117056653204,0.00909089454706014,0.002556455503303539,0.023865493275379276,0.08415201208633075,0.00769045218577878,0.017124443114667504,0.023277763064762313,0.0,0.016511740472144786,0.014341077638341611,0.014260671862789311,0.0,0.025673138172368618,0.0,0.0009391790194739057,0.0008773482422756975,0.003250094697665988,0.018516372563168557,0.05437787126048647,0.02594427402667663,0.005181427577624108,0.3763206691038179,0.021076259351857723,0.16783479120617945,0.02444688227764106,0.010380184671406082,0.02088075658486813
2023-06-16 07:00:00,0.0035835091382315012,0.017591984519053482,0.013778028520012883,0.11904157136454242,0.17075289756211814,0.030569894245089713,0.07252180711168037,0.13207129930362393,0.0156441250547812,0.05346903296936102,0.06610355336523417,0.03695867888490893,0.0006998114055423614,0.17861767358416245,0.0030587288879574304,0.006800453967949172,0.07121091316348988,0.0009438762780964201,0.08539801931014389,0.21977028631891568,0.18140402916561682,0.012375822950440282,0.5295101503938816,0.10496481199521747,0.3380132725664551,0.02854956284326637,0.03760093870060665,0.11752906225184061
2023-06-16 08:00:00,0.029923355192788957,0.03944925209226224,0.021447891098654116,0.13992229051814375,0.23866301808902185,0.07246088574385592,0.055319020076708116,0.1606260884956375,0.06757426268957839,0.06300812880296734,0.06685507278782746,0.03393649858181202,0.03368104561991131,0.25438852011029267,0.02305997885089689,0.05004133548781059,0.22356197609615058,0.006309875713897995,0.16849876369846456,0.22568094992821383,0.2645070382587933,0.026841625418547534,0.6487931109761004,0.1482278119487095,0.4162718012903568,0.061970039069752944,0.07368944546810051,0.14343340034755792
2023-06-16 09:00:00,0.08123208571694855,0.15205431114557338,0.03775179143959801,0.2048950939431187,0.32942992180416275,0.11027392554984868,0.07780819873303514,0.14602254081852198,0.1475562599126984,0.07286820242265404,0.07670740756156051,0.06776831967452054,0.1266218025830475,0.20972150236603596,0.0753708623833382,0.147433331117796,0.24357951392473326,0.015101170896448782,0.1900372861694109,0.23062632577170944,0.21630936800522235,0.03981636342061417,0.7508030960520775,0.11178705532683958,0.5024254068667746,0.154868916819919,0.11394588180301904,0.11084337580451158
2023-06-16 10:00:00,0.13883795557416306,0.24668496747563382,0.06134251602519076,0.16807525868597878,0.41066751621034997,0.15605514723038338,0.11093102434327022,0.1519980660036964,0.163763432847838,0.07447298785215564,0.08878045305880441,0.08671821034579365,0.1479914891273199,0.20664274278677608,0.16745052122457604,0.12798543884072483,0.2585301622378982,0.02492940219599693,0.2288889760246953,0.1809406571962088,0.2099607426719034,0.05085953331329026,0.7818758199581669,0.12869825012902983,0.5052666531173984,0.19538289408793966,0.15788707747847425,0.14936331755561624
2023-06-16 11:00:00,0.2510678874857575,0.3953714089628336,0.12797951318279507,0.1714262955495627,0.4637455014267748,0.18217078385749796,0.1501542694570985,0.1920038495070079,0.2750557615557171,0.11490715742094564,0.1337082549966995,0.14138412709001197,0.29389632241014685,0.2544602079821069,0.3042389165558822,0.32994804464659855,0.28016085162620047,0.06996999574071469,0.26518079468465944,0.20441449486223692,0.2573688824298502,0.12444172669322014,0.7413779070092655,0.17298215334495598,0.4404941919069817,0.24608881995448198,0.2274975087603946,0.1837500802974205
2023-06-16 12:00:00,0.41180253979964687,0.5686852547926269,0.3102281640490474,0.14791514557115978,0.4720570696293844,0.26141626601089957,0.41639223400598374,0.5409376471325237,0.31777474874822903,0.5027498279015681,0.5026809123424975,0.2583492484017457,0.3186744311286307,0.5337352156593875,0.2602325560644155,0.30509553447425697,0.3815880811550684,0.2763385546350519,0.32850958714585055,0.43665977329242206,0.5253340598899189,0.4069640705028845,0.5660443194037683,0.22555517098645927,0.35051661029944114,0.2874649041754504,0.30401347702228104,0.2903132921156609
2023-06-16 13:00:00,0.523124756369614,0.6685588734278748,0.4224177782967151,0.17218746239022228,0.5178012682403359,0.32439236349612943,0.42866786081975167,0.5804810797775403,0.40762461118715737,0.547437152058773,0.5466915585597802,0.28466993165149107,0.3685897852352104,0.5954466848527846,0.41317917477426025,0.365992689706069,0.3911256255792921,0.4359636459918324,0.29204355911196966,0.49932917554595835,0.5906712278441874,0.4975644388723064,0.5548147731977044,0.39012079817407164,0.31164911583007693,0.375750654459285,0.3886674612972959,0.44734618255703074
2023-06-16 14:00:00,0.5275813302998354,0.665358179123781,0.5238239585755311,0.1770259739177048,0.5377230069174296,0.31926673785827586,0.5610886907806993,0.6516654387627597,0.5005702543971868,0.5811227337250302,0.6114722085585668,0.3306827550275943,0.45199472601214413,0.6255849313559175,0.3813729487014821,0.4052917053259595,0.3813035521897395,0.41089971948597853,0.2762352463423277,0.527307259926176,0.6156209402739601,0.48242231769192695,0.40267850818044104,0.3711646269771256,0.370719947243084,0.3911684852720873,0.5138129696398454,0.4526892335507154
2023-06-16 15:00:00,0.5543710938305711,0.6309750038316732,0.661449035834919,0.2373172780220994,0.4785784297236894,0.31183078521620344,0.5904851094565551,0.5871573169439431,0.5145352668629593,0.5370479762101346,0.5954159652541582,0.41420469086985523,0.4574687411235169,0.5397443046273289,0.32293743118830254,0.38288478232033335,0.3879241192312882,0.4276631464025323,0.2852319621703612,0.4182182610267422,0.5288516024480355,0.486793658947484,0.36147125984609174,0.46929086701449674,0.39994025348134216,0.3992403659122774,0.47611273085836775,0.49411707071869093
2023-06-16 16:00:00,0.591229057811107,0.6819828389294235,0.621192310688687,0.3231057738287027,0.479234058587844,0.29080296559589025,0.44307020763141813,0.516378118541765,0.49416617230769017,0.5039560682559638,0.5074166882145148,0.48843350818751985,0.43708582295782183,0.5432784608490578,0.3440317800695606,0.35666665494695543,0.3735238232053211,0.4360668511412648,0.3493512638585753,0.5287382255943492,0.5466355504738412,0.5116343943996761,0.3312122806535602,0.46172241904208006,0.49628917567691283,0.4139658690876097,0.5304456322565302,0.48118089676365006
2023-06-16 17:00:00,0.5908622892572125,0.6323774825352813,0.6302565990760359,0.30304349993569946,0.48612652738256884,0.27379683051968134,0.5397828279351499,0.5869922891358027,0.482460285927755,0.6168567798645871,0.6123156373372314,0.4612877939673003,0.3852145265409451,0.5367703554979332,0.30107915959845855,0.3027504267715926,0.3323137747588431,0.5037342243343983,0.2882284360720953,0.542454167327934,0.5286254405279158,0.5378766844447284,0.3120240066125546,0.494631234696424,0.4195141495576589,0.3971767252605453,0.5244525310189778,0.5376211321557657
2023-06-16 18:00:00,0.5903952504774964,0.5792777303850202,0.659497965940377,0.3219508322967768,0.41479980625331697,0.20994592803164347,0.5653941856213202,0.548105761537404,0.4869797720306474,0.581016797544873,0.5966647082355678,0.5114384832261237,0.38167699948210293,0.47615458376188674,0.23796627096891668,0.2669201979099671,0.31387027010845225,0.4649583174325787,0.30029838101443757,0.45522937659917867,0.4661249075926844,0.5556742955584085,0.3878518690773183,0.41916156200208454,0.4530834301269804,0.3417514808779114,0.44484006943460086,0.4898129934691246
2023-06-16 19:00:00,0.5255880044446546,0.5379875656123491,0.6588351698471868,0.33663705535150573,0.35289656845050554,0.175678058891447,0.6068750885957748,0.5167802886255849,0.440377857207927,0.5851160025056583,0.6103261422504879,0.47567700497268695,0.3668455479343276,0.3854849564985408,0.24403963780526658,0.2875698702432708,0.19647969392444206,0.39885183377972,0.1804513818944797,0.3567554662387109,0.36724145138040704,0.49919635695801107,0.29997034038433223,0.4166911863807748,0.35584425977740936,0.2550915166551158,0.4149232629533404,0.46077593510347103
2023-06-16 20:00:00,0.36614138095501153,0.44046567428125516,0.524608504155894,0.2749583687233051,0.30962009915669586,0.1021859386696937,0.4925620782111215,0.4793277052834659,0.34776964992449316,0.5132618159319089,0.5166083250517484,0.31447896442488027,0.2694138153687956,0.41151655303548484,0.18307815746200248,0.1941062818860862,0.1688777528653496,0.2417718746191425,0.0927643613840083,0.40629110314484174,0.4007725424058121,0.3535985458159597,0.194887987060285,0.3324613853582072,0.28978043363546874,0.14211858120116233,0.3962391172465591,0.4200175755252582
2023-06-16 21:00:00,0.2724595052453295,0.319356920882057,0.34393766922651914,0.12148089701686256,0.22088197319433875,0.06911040411265411,0.31728605493932005,0.2906204726639145,0.24289962126386958,0.30273787378403255,0.31884306125078954,0.17478652083957794,0.19237605929983256,0.24173579151719699,0.18038931244664752,0.18332093858238369,0.12999856881269908,0.20480515560839888,0.04629589870602858,0.19165385126563367,0.2344099801838109,0.24087024940371268,0.08889833672861872,0.24917541054542044,0.19732973925890135,0.07041697171248466,0.26058627079766283,0.28426293302189326
2023-06-16 22:00:00,0.0,0.019894736787120136,0.0,0.0,0.1303511740137583,0.025308748744154116,0.0,0.0,0.0917452296495986,0.0,0.0,0.0,0.03894657851026372,0.0,0.03868862894516026,0.07515190340761976,0.08237078022863464,0.0,0.028437521703007732,0.0,0.0,0.0,0.0,0.0,0.0,0.03804223729602797,0.02267153114593367,0.0
2023-06-16 23:00:00,0.0,0.0,0.0,0.0,0.054656869283156446,7.445453442581285e-05,0.0,0.0,0.0,0.0,0.0,0.0,0.0,0.0,0.0,0.0,0.0,0.0,0.0,0.0,0.0,0.0,0.0,0.0,0.0,0.00013651974547872068,0.0,0.0
2023-06-17 00:00:00,0.0,0.0,0.0,0.0,0.0,0.0,0.0,0.0,0.0,0.0,0.0,0.0,0.0,0.0,0.0,0.0,0.0,0.0,0.0,0.0,0.0,0.0,0.0,0.0,0.0,0.0,0.0,0.0
2023-06-17 01:00:00,0.0,0.0,0.0,0.0,0.0,0.0,0.0,0.0,0.0,0.0,0.0,0.0,0.0,0.0,0.0,0.0,0.0,0.0,0.0,0.0,0.0,0.0,0.0,0.0,0.0,0.0,0.0,0.0
2023-06-17 02:00:00,0.0,0.0,0.0,0.0,0.0,0.0,0.0,0.0,0.0,0.0,0.0,0.0,0.0,0.0,0.0,0.0,0.0,0.0,0.0,0.0,0.0,0.0,0.0,0.0,0.0,0.0,0.0,0.0
2023-06-17 03:00:00,0.0,0.0,0.0,0.0,0.0,0.0,0.0,0.0,0.0,0.0,0.0,0.0,0.0,0.0,0.0,0.0,0.0,0.0,0.0,0.0,0.0,0.0,0.0,0.0,0.0,0.0,0.0,0.0
2023-06-17 04:00:00,0.0,0.0,0.0,0.0,0.0,0.0,0.0,0.0,0.0,0.0,0.0,0.0,0.0,0.0,0.0,0.0,0.0,0.0,0.0,0.0,0.0,0.0,0.0,0.0,0.0,0.0,0.0,0.0
2023-06-17 05:00:00,0.0,0.0,0.0,0.0,0.0,0.0,0.0,0.0,0.0,0.0,0.0,0.0,0.0,0.0,0.0,0.0,0.0,0.0,0.0,0.0,0.0,0.0,0.0,0.0,0.0,0.0,0.0,0.0
2023-06-17 06:00:00,0.08573077440320749,0.2452832777399674,0.034708850948562214,0.04795501415980124,0.08286170658691497,0.054807136107142294,0.03645526028617332,0.11759326989993087,0.05391552136475868,0.17147464519507669,0.12348140536298391,0.0572137407805775,0.07145603132885293,0.13834482377456062,0.05791481985920243,0.07284655910137845,0.009898966398760476,0.12540162603839183,0.03399475673801585,0.12971337792945176,0.14572839221738862,0.13844976829315195,0.2411064261860638,0.1908032559864015,0.1165278642782599,0.042960649397260076,0.238550537056522,0.20773904389684103
2023-06-17 07:00:00,0.20922724961930178,0.36263921238684427,0.17390610366097364,0.08340936580596701,0.18337598942114483,0.09860019650096628,0.08176114518400611,0.14773447647092744,0.2224495529588309,0.23269189946293756,0.16773586057368128,0.0631740721937109,0.18714669251025787,0.1463610417522295,0.06725656653754669,0.10729902482804525,0.10454800565136411,0.1829411344834899,0.11219198728297297,0.16597318155012777,0.1509841717467837,0.17831503467920332,0.2982282832967275,0.31641047601170597,0.23233390674126728,0.10261311338215423,0.3922902668869839,0.3056915822818158
2023-06-17 08:00:00,0.30159226037093767,0.4525949756138511,0.3294199005738731,0.17112560509726932,0.29512694678479606,0.18849431009770026,0.26589470057018333,0.2923992911961449,0.3246731030591955,0.400210711377094,0.3259385045551689,0.21035790632660964,0.3414894971297048,0.2579551250857791,0.11839505376353947,0.2886878237151984,0.17236677528442665,0.22298297913188633,0.13130899282585942,0.2889830420976057,0.25848417329373474,0.29825770984005534,0.36766154252095745,0.37117794706798196,0.2794213727236036,0.18631477805025243,0.4950111918177976,0.3368060907183847
2023-06-17 09:00:00,0.4989652195239028,0.503001535444597,0.46701741659853924,0.2999228386535304,0.41123372831278676,0.2960829793589902,0.44079133025957457,0.44187961860405317,0.41661318513450796,0.4607823676266013,0.4482986513239973,0.3583304548081386,0.3907826967030421,0.3990250969053892,0.18211384437828487,0.2712432985866824,0.26359713376481186,0.4900751708634415,0.18278665173811817,0.3892993000012348,0.38761702557560884,0.4747331477877377,0.39740325675199145,0.4263341932694676,0.367453131300455,0.2693675474799663,0.5522428763205541,0.3943410180668158
2023-06-17 10:00:00,0.5539992896161248,0.526233923032896,0.5378613565375027,0.4556835223924916,0.502195608114851,0.3793791660681515,0.5969785770029153,0.5631601473838848,0.4416764723358533,0.5299835213162567,0.5477388438658707,0.6013723913271228,0.4070746659536562,0.5090644118905365,0.23911880253678738,0.2836705185492388,0.33051627623180246,0.6418663924686275,0.2751642211050455,0.5062896904381435,0.4934518310411592,0.6055439488003193,0.4840902964866906,0.5062608863921938,0.4833403068178189,0.33048667689348854,0.613202992506016,0.4672724296728071
2023-06-17 11:00:00,0.5745980339285872,0.5494387714441032,0.6106241163173307,0.4967494576574047,0.5974179179376115,0.46985447227983745,0.6793070180653543,0.6323980783119026,0.4689053217837685,0.5270738866248069,0.5737532699545733,0.6496562602809919,0.4304554201743299,0.6101051194652599,0.2104116516824612,0.3107876625183425,0.4023711110116313,0.6473888058997878,0.37500088814852545,0.5827182822670043,0.596618125626492,0.6008836163891359,0.5911158224891292,0.5486366000946445,0.6174674374157597,0.3732925292398592,0.686934417262325,0.5449773501291253
2023-06-17 12:00:00,0.6280059855321799,0.5890252712902191,0.664096301347203,0.476452821665044,0.5993719602931513,0.4883404726719754,0.7109427305258466,0.6631008201583736,0.4720092424623071,0.6317610619318763,0.658621687294841,0.679483226488012,0.44319541178181304,0.6016488387536394,0.17457116967533642,0.2802239527277902,0.4336859139684476,0.6875552359294606,0.3919913561965207,0.5934633721544678,0.5884433916510655,0.6943293955686688,0.7285799563677843,0.5948314073699354,0.6607746877274331,0.40193695894951115,0.6922837401522419,0.5807830748763515
2023-06-17 13:00:00,0.6336981976453411,0.6155248856982456,0.7166975943541599,0.5668604829860967,0.6342843065736791,0.559789847197054,0.7223841623476984,0.6918652493127455,0.5586644469457599,0.6527616156743731,0.6740387757406301,0.6924245966988193,0.5628425930025683,0.6804349100237886,0.21491029407931142,0.2931750752429655,0.5942177199950016,0.6314385363640898,0.5740774220903735,0.6569672841256969,0.676247478538876,0.6655939101532152,0.735284157835647,0.6001466274468842,0.6550724809760881,0.44580323927587706,0.6928776006970099,0.5789593206875064
2023-06-17 14:00:00,0.6330691779890398,0.580714127324503,0.7424232049788646,0.596578565149909,0.6051942776372812,0.5814303340429923,0.758673194218075,0.7181699167203236,0.5769766459168686,0.7172110559331133,0.7380073695104598,0.6410531048588484,0.5690425021931113,0.6561888369047639,0.19122803618890244,0.41238986087883206,0.6165121955816869,0.5899334999691489,0.5455045869146745,0.6239121582186686,0.6450506710085049,0.65810291760741,0.728960363024841,0.6127699265526274,0.6656295381292247,0.46851313046038523,0.6803730950515777,0.6181609710990048
2023-06-17 15:00:00,0.6235195129659452,0.5224698099608548,0.6534363613802985,0.6127344584463187,0.6231574802383043,0.5783517453023784,0.715534034775177,0.6902179542445777,0.6072799948797967,0.6198268588731095,0.6506730362719804,0.6253300754014668,0.5684094553486863,0.6909702466683446,0.19209602020977515,0.2972575469597149,0.5556660561412199,0.5721403352252196,0.5236137541746575,0.6802712410606875,0.6873339667200632,0.6179455205773908,0.6588166281711572,0.5344017901913577,0.5575844229193705,0.49393486245036927,0.615570791581362,0.5519301291350618
2023-06-17 16:00:00,0.6288631061723119,0.4875906183096358,0.606992667721652,0.5535233057198377,0.6249394023340996,0.5724930131007804,0.6518972063308429,0.6369189934491398,0.5133116610480993,0.5783066520381797,0.6135995005938611,0.568227381341013,0.4958410705860531,0.6464201561487232,0.25700549025610775,0.3560185545583488,0.5544485449546837,0.6170837460141705,0.5364731215901218,0.6003310065399221,0.6437248789163632,0.6071006653070529,0.6568195970978347,0.5122519997073748,0.5729527828690373,0.5041913869086799,0.6057407484787892,0.4977399184799493
2023-06-17 17:00:00,0.633940506481042,0.4937130999816912,0.5742818229294474,0.4977605587858667,0.588440863713465,0.5239633040204661,0.5276796290913289,0.5395504332753223,0.5042244302600726,0.5035560537873727,0.5357930113797017,0.5825630192693982,0.4718083766946826,0.5512280462243953,0.20883741573298847,0.2689335372467173,0.47976427723125836,0.6544890826735146,0.4711234709683802,0.5083092368922533,0.5469101118552298,0.625605461548875,0.5778725952484851,0.41381730551104573,0.4832782753277908,0.4642402181064802,0.5504861028012891,0.43568997401446513
2023-06-17 18:00:00,0.5649621007411925,0.41418667409763354,0.529643085238154,0.30487196011985507,0.5631585895614267,0.5040226527986803,0.4501798413582095,0.4550751665745362,0.4762693557071901,0.46615295809536406,0.465118024614035,0.4894282387127168,0.40942811489331365,0.44994918376017234,0.22255405043131046,0.3191271906643797,0.5105724790824429,0.5724849347042735,0.4787370812521859,0.4178973999736224,0.4479358649177872,0.5537398608083844,0.43253559868248664,0.30470294703254236,0.3422987058343394,0.43396587649529794,0.42342366446846186,0.3351513615461146
2023-06-17 19:00:00,0.46122467507404397,0.2961000739134153,0.4506058944644413,0.2926513009359201,0.46798440295251476,0.48880534538362036,0.40690019210154244,0.38499113224438775,0.4364294029453698,0.49194102728609346,0.4565385321973463,0.48303149728001504,0.3952238018590945,0.33006857177684323,0.19982025232320955,0.3279295444514346,0.4567499457835347,0.4084596574806764,0.41881502950676874,0.34333434274360264,0.32905599807472974,0.5194753415815894,0.36771351895487636,0.2636176861104024,0.21308665521705106,0.4115476570919809,0.2909775205415798,0.24763397223246764
2023-06-17 20:00:00,0.3460378976904321,0.17541168248543518,0.40771910995946326,0.252381058778195,0.37922065972255625,0.4002828543596467,0.4955241961311618,0.41780030324388795,0.3739841365014418,0.37892137300884304,0.41923092942000295,0.397036068355943,0.3519942802168236,0.36556052608532225,0.17622159926676711,0.2486674438690362,0.38966704114439726,0.24999251332304429,0.37896663448264867,0.3464409263237034,0.35621283055587927,0.34083814004073404,0.13581013806495207,0.14506768583990953,0.08271768692933361,0.30992539867453256,0.1560053149337571,0.13602778597676846
2023-06-17 21:00:00,0.23654374223317848,0.08335512463538818,0.29156297927365027,0.1759937429874713,0.30104669422510244,0.3732257443606486,0.3640728022542685,0.346318807604016,0.2834356029643421,0.2972222299032995,0.3329463158844526,0.1889040505077767,0.28170599745581243,0.32473608237237944,0.1545516125260146,0.22350559527745273,0.32324141072152346,0.1615252453257459,0.28655122211721545,0.31706696029352655,0.3188700817203511,0.20556770927739473,0.011944209586250363,0.0685263747477646,0.015494324044359754,0.27374348161484796,0.05010496678545079,0.06863672571369547
2023-06-17 22:00:00,0.0,0.005895114422550382,0.0,0.0,0.17737946182957653,0.22102662313009802,0.0,0.0,0.0709821104442965,0.0,0.0,0.0,0.04763162516684714,0.0,0.07570789861069958,0.12066314410671575,0.17586271082634147,0.0,0.16366011021850496,0.0,0.0,0.0,0.0,0.0,0.0,0.12119398414294275,0.015563819432607224,0.0
2023-06-17 23:00:00,0.0,0.0,0.0,0.0,0.05443545995878792,0.008249343485395395,0.0,0.0,0.0,0.0,0.0,0.0,0.0,0.0,0.0,0.0,0.0,0.0,0.0,0.0,0.0,0.0,0.0,0.0,0.0,0.0028405038097615875,0.0,0.0
2023-06-18 00:00:00,0.0,0.0,0.0,0.0,0.0,0.0,0.0,0.0,0.0,0.0,0.0,0.0,0.0,0.0,0.0,0.0,0.0,0.0,0.0,0.0,0.0,0.0,0.0,0.0,0.0,0.0,0.0,0.0
2023-06-18 01:00:00,0.0,0.0,0.0,0.0,0.0,0.0,0.0,0.0,0.0,0.0,0.0,0.0,0.0,0.0,0.0,0.0,0.0,0.0,0.0,0.0,0.0,0.0,0.0,0.0,0.0,0.0,0.0,0.0
2023-06-18 02:00:00,0.0,0.0,0.0,0.0,0.0,0.0,0.0,0.0,0.0,0.0,0.0,0.0,0.0,0.0,0.0,0.0,0.0,0.0,0.0,0.0,0.0,0.0,0.0,0.0,0.0,0.0,0.0,0.0
2023-06-18 03:00:00,0.0,0.0,0.0,0.0,0.0,0.0,0.0,0.0,0.0,0.0,0.0,0.0,0.0,0.0,0.0,0.0,0.0,0.0,0.0,0.0,0.0,0.0,0.0,0.0,0.0,0.0,0.0,0.0
2023-06-18 04:00:00,0.0,0.0,0.0,0.0,0.0,0.0,0.0,0.0,0.0,0.0,0.0,0.0,0.0,0.0,0.0,0.0,0.0,0.0,0.0,0.0,0.0,0.0,0.0,0.0,0.0,0.0,0.0,0.0
2023-06-18 05:00:00,0.0,0.0,0.0,0.0,0.0,0.0,0.0,0.0,0.0,0.0,0.0,0.0,0.0,0.0,0.0,0.0,0.0,0.0,0.0,0.0,0.0,0.0,0.0,0.0,0.0,0.0,0.0,0.0
2023-06-18 06:00:00,0.08858679152409882,0.16359037357338158,0.04174573495684531,0.06783969945157407,0.1172929362800011,0.05685499201916135,0.04945113282280308,0.05987101872109135,0.08289280637534154,0.05932412946059902,0.0641260367896998,0.08681005061509726,0.12088973809484331,0.06646056651488146,0.1265115722406675,0.13250052221143832,0.017889311495746928,0.11054596059888157,0.06661609227104175,0.04769550962086916,0.06950558020368208,0.09848766607659555,0.09387189135391816,0.06421646352777428,0.004645544699093853,0.0387383112087653,0.03764368871130988,0.09108734466239822
2023-06-18 07:00:00,0.16788420545319369,0.28549053240116384,0.14994928200770866,0.10122034950630178,0.23134159265270826,0.13378476364692177,0.17323304561563427,0.18312490840579518,0.20673398258434714,0.22529936492892846,0.192130702643679,0.14702712061980538,0.24398736096064502,0.18337519222487753,0.2436487123673318,0.2967266145609206,0.20396545771245173,0.18154476408026607,0.21684542364134043,0.16362131225062276,0.1897148171595161,0.20925232523734286,0.2457626059996634,0.1740938338792175,0.03693489545969399,0.10770913369788986,0.0769653585610669,0.2444953951547328
2023-06-18 08:00:00,0.3734500002418878,0.3897569989605196,0.28115945325729463,0.18253593581866576,0.3792592390070366,0.3006465950279888,0.3833898499830573,0.3898224416563987,0.4497099559590084,0.38038928627369073,0.3781485189250747,0.31888919622558665,0.5044077116826717,0.37961975111908963,0.356923041255419,0.5147827886846292,0.34707038162130877,0.4347251812836586,0.36169927362140875,0.33596042037389756,0.37807461672522447,0.3861540485468357,0.36979542490066547,0.2460954198413046,0.1121830176121022,0.22320249269544892,0.11590772844056207,0.2941176817699143
2023-06-18 09:00:00,0.4697725609292552,0.39625156370406744,0.41614900749485023,0.23463398013766987,0.432051759107365,0.3907406385483971,0.4676603494905493,0.5195574591957106,0.4470746677001635,0.5044065595283443,0.5013518394531538,0.3661113821646633,0.49365730037631433,0.5095525969075703,0.3840480206985629,0.5197185058988029,0.3969262203975893,0.4469326975135435,0.4307880262777947,0.4853839121641611,0.508657880754097,0.44201775767785184,0.4609831160641655,0.2602588370472482,0.16714824682365664,0.28451157098402224,0.12803068268912485,0.27918216563926895
2023-06-18 10:00:00,0.6211660019869992,0.5050686338426278,0.5312650810700298,0.3248962155977575,0.5436678534045368,0.4620087307965962,0.4705552991271675,0.537020308791409,0.5539580724147847,0.4897539633324338,0.47759818138972265,0.5413130314628197,0.5855849608728416,0.581510968402173,0.34777958047227103,0.5182723577519367,0.48118863542734497,0.5714167224936816,0.4531074009611877,0.5775555896061191,0.5878264117938677,0.5907368968857761,0.5877222271273919,0.4111028754424657,0.2884718203489747,0.3826608816397249,0.18873854385257324,0.4144471787246927
2023-06-18 11:00:00,0.6277789879859512,0.5716948308054339,0.6100965320288158,0.38108980553897726,0.6576344838462733,0.541250462908277,0.5722763488610076,0.6333346065592061,0.6190370768932103,0.6094102379532773,0.595829100706071,0.5086883585082139,0.6194938975948497,0.6256427785244697,0.41866988962671464,0.5341379017883772,0.5359496995131154,0.5413677426420566,0.44891543114201565,0.6226812262731899,0.6245034650226232,0.59144592718224,0.5779633289095495,0.4812584932385156,0.32264871187699024,0.47876813291648457,0.2410295673400922,0.5093710151096558
2023-06-18 12:00:00,0.7145347380036242,0.6310709418360156,0.6237226311594609,0.5550195586989145,0.7275250687362217,0.5949385786051021,0.4937865504395543,0.5358051436915687,0.6933781942911977,0.6052182981768655,0.5437886038832452,0.6446573346291697,0.6774938112751897,0.5343313284938457,0.51026214305255,0.5782761003789699,0.49627490352248577,0.6979372431295857,0.40526037239159646,0.5805454128710656,0.540236199929001,0.6787304668669464,0.49576063474246984,0.576178133506056,0.4517424225226213,0.5242235011678024,0.3038194257408538,0.6134247680714764
2023-06-18 13:00:00,0.6874651539464945,0.6279511175769295,0.6847281140954414,0.5383366709296636,0.7233004585995078,0.5849092256060597,0.5481097552318792,0.5246347092238777,0.7485991483112864,0.6514792025967608,0.5983401164943575,0.5816319854713741,0.7778356737288514,0.4842684312217578,0.582922255580861,0.7163343135119395,0.5525700548845199,0.6400219131071232,0.4758226213669751,0.4722891046519382,0.4877001734113731,0.668548141240272,0.48535319540934824,0.6074091594556156,0.40819773050389346,0.5552658646494083,0.3486905984132888,0.649951921146954
2023-06-18 14:00:00,0.6363708435380555,0.5775521708751392,0.7002316205068136,0.37852195111405007,0.7279713646147693,0.6360834273877787,0.5896520698001589,0.5810491283072263,0.7622882718267744,0.7036506027910288,0.6471692934704021,0.43933637130245273,0.7752602137863676,0.5428866106367588,0.6689984104694712,0.7469951957628623,0.5883434360171919,0.5760283256222818,0.5296206258126746,0.5568501647126556,0.5460768838252501,0.6070309446641657,0.5459499594345162,0.5470785129839404,0.4540644652914254,0.6256163356522361,0.36394824852962704,0.6039229469442823
2023-06-18 15:00:00,0.6011300018143765,0.5556935107492535,0.6579901481507967,0.5354637230564429,0.7509187367650871,0.6290657567647205,0.6023705497755619,0.591243812398706,0.7299412419479786,0.6783896428454148,0.6282255684482976,0.49059931051849853,0.7360085669138462,0.5603519498711017,0.7236866469968289,0.7464564024726469,0.530585957652502,0.5687073267491548,0.5108452980255658,0.588399985168077,0.562278121572974,0.5817173830091346,0.5986562173294235,0.5506601678532091,0.4228036576328979,0.6682412257130369,0.35157974728019625,0.5823422097184824
2023-06-18 16:00:00,0.5357689398913578,0.5053236132716814,0.6131637734919535,0.5020266492938178,0.7549010530891892,0.6295189370226464,0.6126395401323986,0.5501879400583837,0.6999974478408305,0.5910438509551481,0.557822140426579,0.4438484029445707,0.6928589163641277,0.5074161774504977,0.7325754146620728,0.7428930352171028,0.5811698379923964,0.5096108130570228,0.5586375537926964,0.5322705727671928,0.5087394935702803,0.46857191058294867,0.5177277984607201,0.4921388693546926,0.32068000810712766,0.6749691227808994,0.28662211565981044,0.5466827505145067
2023-06-18 17:00:00,0.5125603311527848,0.35628680332416157,0.6000846880697249,0.44312767767485095,0.74043115300201,0.6464962401168546,0.5134307898992523,0.48524673895806836,0.5969618200101096,0.5887874210288916,0.5168872122966934,0.3758312720601894,0.6002143335447193,0.47036987390958074,0.6704278911157513,0.663251570546276,0.5654754493563626,0.49788155617240926,0.6312347950856819,0.5441208831643883,0.48237064225501736,0.47219089780366374,0.48726760865572266,0.36032884850480135,0.2338598555950938,0.6587153585731179,0.20218713852729506,0.4060948690709777
2023-06-18 18:00:00,0.46517990982241486,0.28206534443196657,0.5283336816453642,0.38148844363318807,0.6830182924462882,0.6076993311181198,0.48306931448043905,0.491925020036476,0.568655781084287,0.5596103164929349,0.5078642583717945,0.2972235959664002,0.5797353906415521,0.4724791885088994,0.5834832447467319,0.6691800827956256,0.5678163031574255,0.4623126493125667,0.5927574014799297,0.5315818374907604,0.4773186260671557,0.43343344113308974,0.4109521358149616,0.2775511565509788,0.1799467275287224,0.5966421596463855,0.1226422356274492,0.3553910775375676
2023-06-18 19:00:00,0.3787706798940456,0.16157303869172504,0.45859207148855813,0.37301036863521886,0.6365362592252686,0.6029512621255864,0.2721649711843684,0.333834235061979,0.4575732067265746,0.5105105596064219,0.40845927862693965,0.18237295726553315,0.4366532172174145,0.34909438295748063,0.4635626654224567,0.5604907822139259,0.5644691126093871,0.2725980577165222,0.591677001892062,0.4446811173276302,0.3657117131051025,0.3330806060527923,0.34315006788533664,0.17628469999371263,0.14219858519758455,0.5448050559868973,0.07575944512660113,0.23947511531559149
2023-06-18 20:00:00,0.2450588906078846,0.08455883382640117,0.41564380427894027,0.23413885291366868,0.5428767393605053,0.535088743794947,0.42343294532256404,0.40914140068361476,0.3024177286358471,0.4214543744046322,0.43647622593869906,0.09402421434490474,0.2652200127540984,0.3704542883040165,0.23542702592725728,0.3520641094850663,0.5364461495530836,0.08282580607902308,0.5372294534811077,0.3813199276789906,0.3662401992610205,0.2040071729539572,0.2330351958760281,0.10539671950154544,0.08365371244045643,0.46141980676467675,0.040842988095598144,0.13672163533328635
2023-06-18 21:00:00,0.1415492740897752,0.024679570452287886,0.22165405319457215,0.13698547247014217,0.402797053055327,0.3742411921299768,0.24467582024935308,0.21253746150223587,0.17608001265488946,0.15080115783311587,0.19731232023254436,0.03891717502842397,0.11669494642830795,0.20814799445415166,0.1270342038361981,0.1768195622517248,0.4072736470268435,0.048987829897192504,0.41861235097104255,0.18290304219076925,0.20392895608655412,0.07464935906209869,0.10364320943360744,0.07016840311956704,0.01555111339737345,0.33121226772685736,0.012458115018673851,0.09385684407698036
2023-06-18 22:00:00,0.0,0.0016463173662178963,0.0,0.0,0.27322280870242793,0.227217813593667,0.0,0.0,0.05217295048326561,0.0,0.0,0.0,0.014819945029456305,0.0,0.04594176616484568,0.07719771361631522,0.21854952969792593,0.0,0.23748815277503274,0.0,0.0,0.0,0.0,0.0,0.0,0.21122712066502497,0.00026339599303443293,0.0
2023-06-18 23:00:00,0.0,0.0,0.0,0.0,0.11248620021689835,0.016878865193767786,0.0,0.0,0.0,0.0,0.0,0.0,0.0,0.0,0.0,0.0,0.0,0.0,0.0,0.0,0.0,0.0,0.0,0.0,0.0,0.009811602766226122,0.0,0.0
2023-06-19 00:00:00,0.0,0.0,0.0,0.0,0.0,0.0,0.0,0.0,0.0,0.0,0.0,0.0,0.0,0.0,0.0,0.0,0.0,0.0,0.0,0.0,0.0,0.0,0.0,0.0,0.0,0.0,0.0,0.0
2023-06-19 01:00:00,0.0,0.0,0.0,0.0,0.0,0.0,0.0,0.0,0.0,0.0,0.0,0.0,0.0,0.0,0.0,0.0,0.0,0.0,0.0,0.0,0.0,0.0,0.0,0.0,0.0,0.0,0.0,0.0
2023-06-19 02:00:00,0.0,0.0,0.0,0.0,0.0,0.0,0.0,0.0,0.0,0.0,0.0,0.0,0.0,0.0,0.0,0.0,0.0,0.0,0.0,0.0,0.0,0.0,0.0,0.0,0.0,0.0,0.0,0.0
2023-06-19 03:00:00,0.0,0.0,0.0,0.0,0.0,0.0,0.0,0.0,0.0,0.0,0.0,0.0,0.0,0.0,0.0,0.0,0.0,0.0,0.0,0.0,0.0,0.0,0.0,0.0,0.0,0.0,0.0,0.0
2023-06-19 04:00:00,0.0,0.0,0.0,0.0,0.0,0.0,0.0,0.0,0.0,0.0,0.0,0.0,0.0,0.0,0.0,0.0,0.0,0.0,0.0,0.0,0.0,0.0,0.0,0.0,0.0,0.0,0.0,0.0
2023-06-19 05:00:00,0.0,0.0,0.0,0.0,0.0,0.0,0.0,0.0,0.0,0.0,0.0,0.0,0.0,0.0,0.0,0.0,0.0,0.0,0.0,0.0,0.0,0.0,0.0,0.0,0.0,0.0,0.0,0.0
2023-06-19 06:00:00,0.029936009978717888,0.0014504156625149388,0.0750462810585746,0.04565068831450104,0.2966625459651387,0.23315209549730123,0.06275652528777871,0.13216394031301043,0.033587126158471835,0.12156554837713533,0.1149652510231538,0.010068783361852011,0.07271968062436839,0.1887805924649063,0.03991294315115944,0.10141943935797304,0.08949708921872468,0.025058569598169846,0.11193504792414695,0.13663206218037632,0.1984014815993075,0.06457357819788831,0.18345950835474922,0.0038056967458001073,0.01881693619901219,0.16836151901777668,0.011151536092410881,0.009216786327067331
2023-06-19 07:00:00,0.11395086516445214,0.013675547384897464,0.27814132366982564,0.08373256951277087,0.48700624398099807,0.40144514344588755,0.18113039935592398,0.23530309072205788,0.18425805807071852,0.2207791973457272,0.20285789655804531,0.028443569575242196,0.1715252313098069,0.29978341341951864,0.09187809519976269,0.18313779200290387,0.3564271208481897,0.043819876939343215,0.3417241878331483,0.23113689478946392,0.31241054939471535,0.11300035836076348,0.32722824865878725,0.01794204171306687,0.01515318871504962,0.31747515925350966,0.03257458874984984,0.028204237169935184
2023-06-19 08:00:00,0.16442943991061576,0.035360787030140915,0.29910904847979786,0.1735428498466643,0.6234689304261312,0.5901593647297325,0.2699370374097525,0.32829590394271285,0.2825649944014356,0.19673490492422857,0.21867544864588448,0.075075319985089,0.24970774822685862,0.45487277160260703,0.22719620106726252,0.34968713549586367,0.5472127219284633,0.0667832028547722,0.53162514004669,0.3422250177144837,0.4677954279868063,0.1099764443373868,0.39365287862564285,0.03876808676766586,0.039457348288354614,0.4938270252069505,0.05521908836759531,0.04912928233952672
2023-06-19 09:00:00,0.26605921996343845,0.07485668152999941,0.35832152190323324,0.1936417744375661,0.7083989687718593,0.6890926977989998,0.3946130456019165,0.40996903191170214,0.3236510699113924,0.30274916252914863,0.33189664246619455,0.10670384664615984,0.2807094850031407,0.48577198101921076,0.3649836109100277,0.3939903621379717,0.6524140710659135,0.11922206727386216,0.6398952037640209,0.3351224725316581,0.4919829560166806,0.18591705906924383,0.44115397392353417,0.055347017454151194,0.07257610746764193,0.6059656949156141,0.10665973052707423,0.05587488402321886
2023-06-19 10:00:00,0.29828223625450356,0.1535725008373832,0.37985759139890274,0.1697997631085495,0.7645640950411973,0.7446668884875527,0.41529947098371794,0.40259864679628926,0.36626159653593765,0.28089942897342524,0.345784494803545,0.1376027425170824,0.34470991618503444,0.463014365690872,0.46559556788101114,0.4807804055243959,0.7209662702180744,0.1486914978289963,0.7161691502004762,0.25921920620753935,0.46340945293833946,0.20483356612808626,0.46135186408458095,0.08106889674486516,0.1143711857943431,0.6993119588285158,0.18530930874846535,0.07506896383429837
2023-06-19 11:00:00,0.3135374712686124,0.19232080020462694,0.38887625139424836,0.19083226668562164,0.7736044615404378,0.7779945004316108,0.4100779267729808,0.42039580507418806,0.42923534145949327,0.30427156568780783,0.36038391416161764,0.1586811202113719,0.4177641277930517,0.49119555382614877,0.5495845302798071,0.5661068142462005,0.7557799420443326,0.17442597452205452,0.7481870677459546,0.3192476228760539,0.49430472051941043,0.22977373196774817,0.4720251709913466,0.12258324609301505,0.1297406038793976,0.7245634956143511,0.26097839552834196,0.10547437052621554
2023-06-19 12:00:00,0.3283875196921882,0.2339910357530556,0.409337078497672,0.1898264667334024,0.760973950386963,0.7842583057424463,0.39046764730075423,0.39430787835500375,0.4959302901791251,0.3100635475437793,0.34276948254098627,0.18001995021202213,0.491614173028466,0.46982730510045784,0.6015761137079136,0.6038821515637375,0.7802602688112007,0.16788739797272237,0.7759287324260022,0.3037154517849668,0.47528838673689305,0.2506905543738419,0.4446601290507273,0.19384398223770744,0.16628134004311462,0.7406138209277882,0.3452488475771685,0.15692264013047927
2023-06-19 13:00:00,0.3511494290555386,0.26146870577671755,0.3459791410962786,0.23357486157729293,0.7614318364898354,0.7952124656299379,0.28143191202345597,0.2663298943395264,0.5062064090259607,0.24546728641429477,0.23259204614396145,0.21202024817037163,0.4840368490528403,0.3391207184462864,0.6027866433589038,0.5852346260520451,0.7886983937975419,0.1918293468615734,0.7928849156746637,0.23709249216881528,0.3496016678168884,0.2564669227108699,0.4696973411299477,0.2297096972340042,0.23102891522232294,0.7321815296216185,0.38813617959172164,0.18447395954721718
2023-06-19 14:00:00,0.3564581951947431,0.2757658208670096,0.30602641211009596,0.2577285113306559,0.7458584823784437,0.7839999949797011,0.2612429669792194,0.26695434874741525,0.48031225111496845,0.2148897731063789,0.2275148742607097,0.26191722974905424,0.43908230255376557,0.3495631578957331,0.5687056016513753,0.5886850558041796,0.788961158572094,0.23261815502474814,0.7853765767787284,0.25558767019935125,0.35936723931578873,0.2816714541784439,0.500789990188471,0.23575616831910884,0.23046095575328868,0.7290949950902581,0.3682904551244322,0.18842513353676976
2023-06-19 15:00:00,0.37606747555866576,0.27662088758458125,0.277956397230071,0.19644446346965713,0.7433541782903156,0.770798139617781,0.3181982531931337,0.29558331036542757,0.47122762204216484,0.18938222625912227,0.23171753693757463,0.27045415407532236,0.4316149436290293,0.35463847283136496,0.5858417480176846,0.5752771319315398,0.7765124430737462,0.32468439071460004,0.7683986982829376,0.2100628275580862,0.35692989973616707,0.2988749822782611,0.5204588781939075,0.222742053983991,0.26373789016249666,0.6796731683847441,0.3787800416052149,0.17841423724876546
2023-06-19 16:00:00,0.3843761263126314,0.27072144797951997,0.26094449444700785,0.16339677115293097,0.7273127332708723,0.7514772369052147,0.28376528331427747,0.2580006180058429,0.49643990279948996,0.2060611808268507,0.22882864365497452,0.1944790937159796,0.46366435193515376,0.2994327082897581,0.5582802568993072,0.532847293808064,0.7716741067029155,0.31381611107560287,0.7704658725851184,0.20476512307403902,0.30254983251692613,0.2697854650555849,0.5099366292046806,0.18970497452100957,0.20587553533981529,0.7033939383830067,0.3240810094760849,0.15133422313585576
2023-06-19 17:00:00,0.31401291584659935,0.24504588149472045,0.21722925024628284,0.10708209802782019,0.7176446878004782,0.7064663065638225,0.17667021553746542,0.15407732334787097,0.39426962443893343,0.1706187732080967,0.16803918197877565,0.1469012056329923,0.37257319189669247,0.17036350198768904,0.5000760353128869,0.49440841349340964,0.7390773967135472,0.21571765661810569,0.7519852016998932,0.12139851217937966,0.17331974128830216,0.21611920116437355,0.4082080070183906,0.13962948066852987,0.17033618217297097,0.6264942551972439,0.277539278568553,0.10678074253435503
2023-06-19 18:00:00,0.2705899371746473,0.21332022557843638,0.17543578026864137,0.0645137705645285,0.7132675096807163,0.6957039307490082,0.10050900165136945,0.07849958456862512,0.418538473129132,0.1089090506690646,0.09904398966694587,0.09490344839479894,0.3753753374418221,0.08014954464223183,0.4942480111730903,0.48360033986786516,0.7180659383200126,0.16816115326638484,0.7319339574016751,0.07083122486448212,0.08065729517784115,0.15457847486044973,0.29156784545075065,0.08218840009947402,0.10302295764545001,0.6034867314878296,0.20935091325407476,0.06402333776741106
2023-06-19 19:00:00,0.21581657544331428,0.17661473708433548,0.15433491557854087,0.03447770304046104,0.657097058525469,0.6617540171547454,0.04697973873815974,0.050918365779764226,0.3478742927562808,0.08908081021901462,0.07762402199325705,0.057741755647082775,0.32880028049109516,0.0458126916075812,0.3982025241428169,0.3998437820807001,0.6742382251543174,0.13679251971085496,0.6865298710353802,0.04542136307172006,0.04585082485614385,0.12358802915565519,0.22201670430486237,0.05681281838624881,0.057809872558336584,0.6316653092058345,0.1520212801621069,0.04316451805793887
2023-06-19 20:00:00,0.18609895699236811,0.17132817298266861,0.10917367071978232,0.013335311736519822,0.5955599827917067,0.5736556252914282,0.028705425527126387,0.030598391607457837,0.26504456057337406,0.05635229333890453,0.049572255645052035,0.02623314641415277,0.26500545770539075,0.024754672036459,0.32497337619378913,0.3037805526627368,0.5791415660165076,0.1407453708681691,0.6092519555824281,0.02254693640967335,0.02445457303795685,0.09132175836995689,0.13986928457353634,0.04950150609123459,0.024411260761485108,0.5220000624584904,0.1237468001336695,0.02983555856233992
2023-06-19 21:00:00,0.08436659346686937,0.11005903128732529,0.026171726535035737,0.0017228748030255548,0.5270569846726784,0.48623051105490417,0.010400676479668807,0.008300606722592514,0.22810375981940584,0.015181424498834318,0.015601386138476591,0.006673560587523753,0.25699331705824763,0.00644983565113726,0.3041490358547919,0.27507753078210095,0.466788183566726,0.08334888123869356,0.49419777511438623,0.0026759790397442073,0.006231260334954178,0.03759107151373927,0.059814829319434715,0.03490338258512508,0.005335805909091076,0.4242555745600764,0.10297161570958224,0.01683694292581072
2023-06-19 22:00:00,3.9061231767967425e-05,0.04273575464218732,0.0,0.0,0.38666357649166,0.3216085956716117,0.0,0.0,0.07777906702279563,0.0,0.0,0.0,0.06944588907851294,0.0,0.20334390747000308,0.15108862870389791,0.27099137776152415,0.0,0.30496659492841,0.0,0.0,0.0,0.0,0.0,0.0,0.25988693606997215,0.017638249073603098,0.0
2023-06-19 23:00:00,0.0,0.0,0.0,0.0,0.17673371773366445,0.021667009686251612,0.0,0.0,0.0,0.0,0.0,0.0,0.0,0.0,0.0,0.0,0.0,0.0,0.0,0.0,0.0,0.0,0.0,0.0,0.0,0.010751537820557098,0.0,0.0
2023-06-20 00:00:00,0.0,0.0,0.0,0.0,0.0,0.0,0.0,0.0,0.0,0.0,0.0,0.0,0.0,0.0,0.0,0.0,0.0,0.0,0.0,0.0,0.0,0.0,0.0,0.0,0.0,0.0,0.0,0.0
2023-06-20 01:00:00,0.0,0.0,0.0,0.0,0.0,0.0,0.0,0.0,0.0,0.0,0.0,0.0,0.0,0.0,0.0,0.0,0.0,0.0,0.0,0.0,0.0,0.0,0.0,0.0,0.0,0.0,0.0,0.0
2023-06-20 02:00:00,0.0,0.0,0.0,0.0,0.0,0.0,0.0,0.0,0.0,0.0,0.0,0.0,0.0,0.0,0.0,0.0,0.0,0.0,0.0,0.0,0.0,0.0,0.0,0.0,0.0,0.0,0.0,0.0
2023-06-20 03:00:00,0.0,0.0,0.0,0.0,0.0,0.0,0.0,0.0,0.0,0.0,0.0,0.0,0.0,0.0,0.0,0.0,0.0,0.0,0.0,0.0,0.0,0.0,0.0,0.0,0.0,0.0,0.0,0.0
2023-06-20 04:00:00,0.0,0.0,0.0,0.0,0.0,0.0,0.0,0.0,0.0,0.0,0.0,0.0,0.0,0.0,0.0,0.0,0.0,0.0,0.0,0.0,0.0,0.0,0.0,0.0,0.0,0.0,0.0,0.0
2023-06-20 05:00:00,0.0,0.0,0.0,0.0,0.0,0.0,0.0,0.0,0.0,0.0,0.0,0.0,0.0,0.0,0.0,0.0,0.0,0.0,0.0,0.0,0.0,0.0,0.0,0.0,0.0,0.0,0.0,0.0
2023-06-20 06:00:00,0.08731743867847305,0.21521596918412192,0.06000404395675063,0.030072899529131503,0.1904332383291248,0.27126150027801765,0.04509804344532714,0.08102835311207028,0.12284648169397812,0.13981532025634635,0.11512082111711534,0.04147653398296287,0.14997898128970513,0.063410230641521,0.29426051899327943,0.22298231130717955,0.1252553193308105,0.10298569145304565,0.14962393435767152,0.09634842295937798,0.065461442954998,0.10595156388713158,0.08290771935959182,0.0165982997106466,0.010010453000828276,0.2944216883851812,0.19705429821804676,0.018711329303445105
2023-06-20 07:00:00,0.20252587761058183,0.3875807716523533,0.17461496715524455,0.043096251947503265,0.3721428874648485,0.4495726634305159,0.05662476320450418,0.08139458178465993,0.2948132919974141,0.13704704687692543,0.11813905722770585,0.17802515211488187,0.2732068834607232,0.08083100422455247,0.4821571095491479,0.3962263712525105,0.4135925757549988,0.12305318548427897,0.40837851055657876,0.08800528662960748,0.08379997454697186,0.181708651374116,0.14337862795381534,0.08469049472561695,0.03848166241902388,0.48324543785461865,0.3392105028852589,0.06444084473420066
2023-06-20 08:00:00,0.34911827225604375,0.550253944958199,0.307846713702852,0.10576824122020995,0.45877554614298965,0.6065252091905997,0.3127017425809763,0.29693500255728206,0.48678099867696983,0.33550686127057777,0.34364249978499684,0.2600036531247741,0.47119386124913526,0.20702957593253105,0.622164669089058,0.5462104272847442,0.5733642749349656,0.25062451514826195,0.5712834745324694,0.1845641320121703,0.1924609990706581,0.2938208104879018,0.18421594717430456,0.20495031033496156,0.09481266193199057,0.6277075463508037,0.4856731742632376,0.16243355677351243
2023-06-20 09:00:00,0.48336009386248796,0.6751160704105852,0.3640379664768713,0.1833312400907032,0.5560475205401547,0.6972009065986846,0.3574111605887193,0.3371472219213418,0.5980238630846614,0.3513713911471413,0.3627824756017859,0.3772490407429468,0.5874965171295944,0.2910167085033765,0.7069952002413162,0.6279668823805268,0.6704665847236653,0.3115232069661034,0.6667484614404737,0.2411484238060615,0.2820361725451546,0.40272386843213653,0.20239952386442236,0.3679761424714198,0.1527926118110262,0.7099690424885846,0.6073860674490398,0.30481846125357404
2023-06-20 10:00:00,0.5727776629589376,0.7284530178480706,0.39586293371749404,0.25843384524120494,0.57832890337978,0.7334297344551777,0.33610068076561167,0.33999544142848803,0.7061759385823636,0.39498053556607204,0.3623114560231251,0.4795176049374134,0.7206695218466815,0.3052484624161654,0.7495251027920531,0.7118566438520433,0.7202946252411201,0.4235362761886359,0.7217989672956009,0.3511584833635247,0.30088722113714045,0.5228148781758227,0.21418099414488126,0.4265577993587719,0.23536554440876908,0.748427521709582,0.588798453877856,0.35828691624525366
2023-06-20 11:00:00,0.6053202053142969,0.7063986508408778,0.469370643189295,0.26747788355540264,0.6199259740110142,0.7572883270969116,0.2977755038561839,0.2799759312040788,0.7222535888254119,0.3523965868142308,0.3053018720986893,0.5428425408430547,0.7233076529844457,0.2851789539693299,0.7618998761893534,0.7189546156763718,0.7586577461640273,0.4957653561018655,0.7567190925975789,0.27676020391864314,0.2915946634139858,0.5696911545013218,0.3096362001363059,0.4499469889781535,0.3937138158500024,0.7610454430298532,0.6461174976562233,0.4162942002725296
2023-06-20 12:00:00,0.5858864635315244,0.6401829129281078,0.55180424330223,0.2793807754193112,0.6973934719980681,0.7607720756271109,0.3366141707610956,0.29524753049958846,0.6657660441849986,0.35406528842846063,0.3326179196530973,0.5644775253450686,0.701532686053676,0.31322165235495325,0.7339759786034639,0.730107911196603,0.7685828786370494,0.5349784370472892,0.7695176981833612,0.25124489435059116,0.3189460795223117,0.5715173566588237,0.37910127390705356,0.5210674574837888,0.4316956230773531,0.7534929272154053,0.6516865362781057,0.5012452040517046
2023-06-20 13:00:00,0.6019963349629422,0.6266744194792134,0.5890017826052295,0.36165010739794634,0.698933467312621,0.7447576226646829,0.3878897787098412,0.33579412025470773,0.6506627463466389,0.4779111635571016,0.42252879588639675,0.5799395611856643,0.6423080560373148,0.29651709792597436,0.6879408842781942,0.705759220360381,0.768821262560646,0.5224827844276336,0.7739572551796058,0.2992343138863994,0.30166847198690894,0.5959732308485112,0.39592431480628204,0.5417062932293522,0.437074000419639,0.7417099885054581,0.6320058961506706,0.5062656034817227
2023-06-20 14:00:00,0.6057489993159307,0.6362110175075026,0.484328005566456,0.38375425495537385,0.7008885124727126,0.6791471177178869,0.3803914245227055,0.37884823351274766,0.6539084902597958,0.47523790844805525,0.41521824417166964,0.5625074248453006,0.6341843725388792,0.38000478673213,0.6695332314691689,0.6860082011194626,0.7676259555464671,0.5475075083797218,0.7761334480384291,0.3646140144396953,0.38468415583978194,0.5645985389866739,0.2708172094233089,0.5397165411830365,0.4302211700654972,0.6655588573142003,0.6671815157107973,0.5314145112664798
2023-06-20 15:00:00,0.6633497762506154,0.6169182940178254,0.6186935317547406,0.4277507470983103,0.7283844599894599,0.6905303270702045,0.44854006262229973,0.47890434431206447,0.6339464098699443,0.5733926093408689,0.5150311158124403,0.669256612683082,0.6230666441860189,0.5026115157287521,0.6400160021397862,0.6744616061428393,0.7698596146489763,0.625696126319688,0.7792304597344447,0.5231984415922455,0.5139823686355777,0.7071425385424752,0.3141937516280747,0.4986874668934875,0.40030036162715366,0.6758715831550666,0.6132595738799413,0.4947726593248337
2023-06-20 16:00:00,0.5939821126378451,0.6371846290305045,0.5630471194521297,0.4004187570660823,0.7090907209464089,0.6479014348473005,0.44843304665695194,0.5206156609453724,0.6597811907449698,0.5847782897302731,0.5334049310028547,0.538439207802492,0.6367179884555566,0.5320117508703768,0.6964279579696376,0.7141765969757382,0.7556537692221602,0.6165626706859796,0.7701032761620344,0.555661889825376,0.5396534992397809,0.6300354662796821,0.2593454152863283,0.5047082950490257,0.3908615373304,0.6553919886098302,0.6252440337516991,0.5081307706750839
2023-06-20 17:00:00,0.598964553510093,0.5486345498844069,0.5559560104760145,0.3221654380779346,0.6682591308794261,0.5776785023479643,0.3514081397074211,0.39481330325747827,0.6308508641065789,0.5353296318383822,0.4604460662015475,0.4730370599943068,0.6200604814338994,0.40350105822104315,0.6738208278410186,0.6682627404732374,0.7305369070566962,0.5582253328908641,0.7497439393763369,0.40955913312367975,0.41855566024671476,0.5900860336682308,0.1981873825514314,0.43640842112776174,0.36400098908458906,0.6098191540843908,0.5052772245622003,0.3955242378190014
2023-06-20 18:00:00,0.612904121406131,0.5693647680148475,0.4935648116997828,0.19791550351798418,0.6277057040287621,0.5583434122986998,0.4385231418270321,0.4740015815658669,0.6104928437237438,0.5782754708928867,0.5297157372542107,0.4814997173840183,0.576826823738875,0.42522269494414655,0.6268843060939252,0.6212687919949769,0.6881917193487326,0.6173208280170708,0.7088713092976568,0.4138428415585345,0.4248097096631981,0.6478537276218029,0.13903767979479237,0.46159445207167826,0.3967523632689487,0.5641793049760033,0.5760313391697265,0.43297591476477776
2023-06-20 19:00:00,0.5949237792301664,0.5586201063598863,0.49082870330071265,0.2763687473359291,0.5496528880008206,0.510180342058253,0.452789668615168,0.4345690754489768,0.6266082684917995,0.53055723593119,0.508148277280599,0.5116973174796614,0.5975704824409993,0.3564095891733708,0.5823857679624229,0.6145038424343768,0.5750202229208268,0.5629003584133355,0.6013869800864581,0.32738953070325366,0.3482951268202133,0.5947253688001229,0.10617494712528504,0.4168324753489949,0.36997745752995476,0.5296910302349063,0.5442795633791161,0.3668626955918076
2023-06-20 20:00:00,0.538411006962112,0.5042700760845829,0.4292025753354425,0.22467214074058942,0.4531071562887799,0.48531586318090103,0.3571174912241412,0.35585108992796816,0.5479252217542612,0.4666388579585518,0.43060347132648846,0.4825221916032134,0.5334573670273411,0.31261287988396297,0.5242046827756687,0.533501408039391,0.43995894561717075,0.5102491706599116,0.4299888517711011,0.3082321483406133,0.31490979467410524,0.5440184952944883,0.058682774770147626,0.45008714744613504,0.3831221763351234,0.4958411440038516,0.4960815422506693,0.36001411224742624
2023-06-20 21:00:00,0.3637634473808518,0.32292039432448677,0.2931907020826689,0.15244842714488666,0.35546694358687997,0.36668405930702613,0.2914369658611473,0.2776612638090463,0.40781893132716396,0.30930243195027574,0.31729792535771306,0.3269812012911994,0.39958749885694667,0.2179741539402206,0.3713439047359288,0.40107818628795383,0.25036867301077614,0.3499145292549493,0.19976845564485776,0.18957082499124772,0.20920546442138785,0.35150840918455484,0.017152165469911565,0.3218993166605819,0.23351330127085418,0.3490364316231814,0.2800459216202418,0.27871099306459945
2023-06-20 22:00:00,0.014301768140660667,0.0499335492832851,0.0,0.0,0.2518205660939323,0.24748526602553572,0.0,0.0,0.17340901869098588,0.0,0.0,0.0,0.13155368718789165,0.0,0.21338916577984005,0.20986314820720414,0.11384555373155494,0.0,0.07201710554558972,0.0,0.0,0.0,0.0,0.0,0.0,0.21740878719519796,0.008684542228293657,0.0
2023-06-20 23:00:00,0.0,0.0,0.0,0.0,0.07259313396721037,0.016098320324043926,0.0,0.0,0.0,0.0,0.0,0.0,0.0,0.0,0.0,0.0,0.0,0.0,0.0,0.0,0.0,0.0,0.0,0.0,0.0,0.007190241317842333,0.0,0.0
2023-06-21 00:00:00,0.0,0.0,0.0,0.0,0.0,0.0,0.0,0.0,0.0,0.0,0.0,0.0,0.0,0.0,0.0,0.0,0.0,0.0,0.0,0.0,0.0,0.0,0.0,0.0,0.0,0.0,0.0,0.0
2023-06-21 01:00:00,0.0,0.0,0.0,0.0,0.0,0.0,0.0,0.0,0.0,0.0,0.0,0.0,0.0,0.0,0.0,0.0,0.0,0.0,0.0,0.0,0.0,0.0,0.0,0.0,0.0,0.0,0.0,0.0
2023-06-21 02:00:00,0.0,0.0,0.0,0.0,0.0,0.0,0.0,0.0,0.0,0.0,0.0,0.0,0.0,0.0,0.0,0.0,0.0,0.0,0.0,0.0,0.0,0.0,0.0,0.0,0.0,0.0,0.0,0.0
2023-06-21 03:00:00,0.0,0.0,0.0,0.0,0.0,0.0,0.0,0.0,0.0,0.0,0.0,0.0,0.0,0.0,0.0,0.0,0.0,0.0,0.0,0.0,0.0,0.0,0.0,0.0,0.0,0.0,0.0,0.0
2023-06-21 04:00:00,0.0,0.0,0.0,0.0,0.0,0.0,0.0,0.0,0.0,0.0,0.0,0.0,0.0,0.0,0.0,0.0,0.0,0.0,0.0,0.0,0.0,0.0,0.0,0.0,0.0,0.0,0.0,0.0
2023-06-21 05:00:00,0.0,0.0,0.0,0.0,0.0,0.0,0.0,0.0,0.0,0.0,0.0,0.0,0.0,0.0,0.0,0.0,0.0,0.0,0.0,0.0,0.0,0.0,0.0,0.0,0.0,0.0,0.0,0.0
2023-06-21 06:00:00,0.06407627537537956,0.1281226751072834,0.1010341171728035,0.017747487369494726,0.17314943763022206,0.09338164271713513,0.21492864643901097,0.20393621156978478,0.04241999698562957,0.17946483352185813,0.21883823194362623,0.013463200488524627,0.06037163251271229,0.15561165535027144,0.0810413543126479,0.052443689126387805,0.028514079855483158,0.06907833312332001,0.04460503465314253,0.10787345923598815,0.14709227964252616,0.08885488943654263,0.14467738376130646,0.16429087869834377,0.19754722186708557,0.11945793180125036,0.3385594989079778,0.09981698766370276
2023-06-21 07:00:00,0.1231931983151034,0.21778503883821468,0.24748755341475606,0.029754716205487294,0.280109674129149,0.14341498156496008,0.3505386992006904,0.3120674478527423,0.13009844098070852,0.30641367494043964,0.33905118587085115,0.02247319489438165,0.13382417536037533,0.2414584059671017,0.08891031270243308,0.08288398478267808,0.19473211008705554,0.10264512458426629,0.16617857204802283,0.1686290576944261,0.22924604628741552,0.14206336771843836,0.2855641417296077,0.274956533491308,0.35391541686712663,0.1869513088143441,0.52865992950067,0.1813227904371592
2023-06-21 08:00:00,0.17393008667740592,0.3419146827599961,0.4352438333219077,0.09145457984635103,0.3679251014917814,0.21803997853765356,0.47525963029155843,0.428266332383929,0.23442456984793028,0.35098700057516463,0.42515956028075985,0.07296328637768296,0.2623487314402866,0.392968910758232,0.21101021816094181,0.21693907879546276,0.2927417108258248,0.09812582897355514,0.2185467706583493,0.25718104780820794,0.38202627978882725,0.18469540791716169,0.43210525002601147,0.3772590119671211,0.515175312952626,0.29117522550915914,0.659635918831164,0.2869978711798429
2023-06-21 09:00:00,0.2735488172089204,0.4563041114294001,0.5833523644949201,0.11087695907855216,0.44994638837075274,0.3257779694349824,0.5789526920327475,0.5261161167203227,0.3827777118657474,0.4708341259078901,0.5529439971883877,0.1318989800932983,0.44122788349750147,0.4586951837259372,0.37899054104639013,0.3404081846288965,0.38778982773692044,0.10614308954181972,0.30820953876588275,0.2618480321784824,0.44356301314821456,0.2545871753765874,0.5254425903062415,0.48312839941847857,0.6496195959727245,0.44497300745154506,0.7465993299024516,0.41033293712468627
2023-06-21 10:00:00,0.39951310997301503,0.5378059245521872,0.6387328628645571,0.1663681470877247,0.5230435281404034,0.4197124950338354,0.6002551505242657,0.5663501802347394,0.4916198880189839,0.5301081030438259,0.6036977112398112,0.18903478054634437,0.566294052911959,0.5093612150144704,0.4656832659156111,0.4669428518867953,0.46771960065441276,0.2551805783991095,0.36453515173821566,0.3126855852392818,0.4967145954379495,0.3553814369394042,0.5750167491180055,0.5546103445780374,0.7403494733404808,0.5219618620436731,0.7664234084235184,0.47423570102382046
2023-06-21 11:00:00,0.47078077109099237,0.60360425626756,0.6562388237409429,0.2515760223815909,0.5485243735175666,0.4654874854097221,0.6460705486419389,0.5995197051837099,0.5803846822885709,0.48321659595071725,0.5822410308601852,0.31740794701347413,0.6467058795373306,0.5849096465335539,0.5354096907633812,0.5106787255035307,0.5249396427550439,0.2551873737934921,0.4260905480740759,0.342808697421919,0.5752458040246458,0.3869985509891265,0.6358397398560167,0.5731483392728698,0.7620724392225188,0.557764504190825,0.7555949406034606,0.5193399261546896
2023-06-21 12:00:00,0.5477795591471677,0.6338209247511518,0.6715694262500312,0.32739074501814736,0.5838809948690099,0.5726144585178274,0.5432804091791987,0.5211952760416554,0.6441889337595187,0.4885864121377773,0.5037159651221396,0.3223460308032529,0.7094631419051821,0.5659632388739797,0.6434131488298747,0.6446673074936962,0.6223984696036142,0.3378906809612288,0.5182116088911927,0.4435694395040143,0.5751731505999069,0.48227739317122253,0.7196761461758566,0.48721795669080364,0.7755837455273595,0.6352456737482797,0.7720592456837835,0.4648715738225398
2023-06-21 13:00:00,0.5371462636016904,0.610748996738997,0.600750064711105,0.3172714225288854,0.5655453849069061,0.6256253473638785,0.5489413862505871,0.5283851624390467,0.6866644846008827,0.44048634681007026,0.448178161732827,0.33222166978772,0.7495444486875233,0.5965522284028666,0.6129671288710549,0.6306055725735655,0.6253659594946458,0.29998865677731784,0.5418645290038319,0.4543220071627679,0.6067733044409978,0.4299027592987443,0.7133773064832244,0.5798298110133835,0.7297589218892501,0.6384834394275825,0.7320560370208927,0.5434277752684853
2023-06-21 14:00:00,0.5576050680353016,0.6149647081024202,0.6832133556538853,0.3638301095317034,0.5448573292563762,0.6418002394301345,0.5276951175033211,0.49628552281120114,0.7027140778659201,0.5867962819779855,0.5301447139787814,0.375232402484366,0.763245292529109,0.4981613296705166,0.6206855262299957,0.6672644024141152,0.6558923273462982,0.30296786555603944,0.6154063501513104,0.42800279425011567,0.5118223573738245,0.47564427944074267,0.7726955027599725,0.5061934034370094,0.7793602504483449,0.6631948608183109,0.7215064265085142,0.5265492779958079
2023-06-21 15:00:00,0.5515314521231707,0.6046416200969612,0.6885470767922484,0.2831176650333351,0.5252201141773488,0.6132319968293687,0.5225076519100832,0.48095382036551526,0.6466958825316622,0.5335037663630051,0.5154278158268043,0.33080850739135265,0.7033874402521392,0.5051357852366019,0.6112788768508197,0.6280911514620753,0.6424954693472007,0.35389922732802276,0.6631489206713199,0.3995435980817297,0.5171688949634253,0.46566511747180866,0.7322262520954406,0.5970067364956437,0.7321383735039487,0.6467520027513695,0.699358978686763,0.6159956392556575
2023-06-21 16:00:00,0.5607594029876082,0.568253834729453,0.603105701793931,0.2684377575550167,0.4775217669564843,0.6219542347496722,0.4918083866164742,0.44074169264011065,0.5889079082933945,0.5124180460297385,0.45812286847341444,0.3891957126887317,0.643858409536443,0.4473772882114285,0.5297018523598577,0.5706196287256059,0.6685980351604084,0.46477046276242323,0.6805378783698004,0.39404537471107487,0.4594671630062374,0.4755311797594837,0.6715464773713871,0.5959764588176517,0.7148871437979075,0.6060059246787474,0.6730359390315591,0.614001464541099
2023-06-21 17:00:00,0.5371387938517475,0.4824778363778668,0.5384705225997077,0.33187050864052947,0.41927536630116297,0.5954553537596012,0.4803696302447351,0.3930960227962525,0.5767022781529979,0.4246103310311803,0.3871005637334167,0.45216123536851965,0.6169866556718465,0.4142423699657478,0.5177102367523049,0.5149690092699691,0.6566126803664158,0.4547316837492177,0.6661625471335584,0.32388016202718173,0.42729020486804364,0.4840994650253981,0.6520273654859373,0.5802661444587073,0.6759227217058114,0.5803445072240636,0.6103603492453668,0.5917233222017808
2023-06-21 18:00:00,0.5050727326176168,0.4487999862108124,0.5739592781154701,0.2830644625804645,0.37221253653420394,0.5411002951304341,0.4820235529446466,0.3864529281343681,0.5093630684380279,0.5247112735162878,0.4840510344598562,0.35346869141067205,0.5698253720835463,0.34079632661714787,0.502224504460253,0.5478217929203237,0.6718879756605579,0.4360277943393982,0.6817842910947286,0.272094930309769,0.34607027980111216,0.4679700634919633,0.5520362312317765,0.4895000017606161,0.6207037526728825,0.5318394510586683,0.5742325740948674,0.47261168528684805
2023-06-21 19:00:00,0.3918593237017844,0.3982107255076833,0.5163536709087766,0.32067735309432605,0.287294611249252,0.46198947865192513,0.5356126919145978,0.46342783109896896,0.38987819063402446,0.4060540282709632,0.46219031231514157,0.3072992254648845,0.4573090989770396,0.4466100073797645,0.39844960596785195,0.5083092786970645,0.6149078885967783,0.34735860391346,0.6035048016107546,0.39632882150677695,0.4398211745825526,0.345247239407141,0.4100257412037164,0.4022476113558597,0.5534283349734854,0.42295397672418417,0.5247251591150678,0.37149818814920044
2023-06-21 20:00:00,0.3295774262354497,0.3981310876695883,0.4224151772794076,0.1873078463470713,0.25819720498863813,0.4188336961370316,0.37197685423592436,0.29743052852568336,0.3396589962636037,0.2953784551106445,0.3230628192551109,0.17345686903886562,0.4147865753390859,0.28308501268449415,0.5060545108188467,0.5104292933402158,0.5779470686094551,0.31077325776844933,0.5404998853861958,0.2724359324703336,0.2815622402391017,0.27216853231146554,0.3148332162813724,0.23835729980549614,0.41053803206427236,0.43058957604255477,0.3877628622145811,0.22067998853569787
2023-06-21 21:00:00,0.2396338356164293,0.25985536003388937,0.27704775351738015,0.07164140252205665,0.2010042348680308,0.3333359074261907,0.2390643680947723,0.1781678307150325,0.3195639476324372,0.19152055574014315,0.22042283125126816,0.12054000513189098,0.36857023217454943,0.15955352825792216,0.43534667986973963,0.42474588886753506,0.4346192650111119,0.23492774751214365,0.4027328240123003,0.096372394415732,0.15745964411181668,0.19336975482551036,0.19403573762968626,0.15900763091263556,0.2255557964882987,0.3686431954483399,0.2798143695099182,0.16072403307076827
2023-06-21 22:00:00,0.0011752636064566641,0.052456055472724875,0.0,0.0,0.12123248596376443,0.17862775323295219,0.0,0.0,0.13370364034287543,0.0,0.0,0.0,0.13018182736403885,0.0,0.24796617294304632,0.24403733995874344,0.25661641976423455,0.0,0.23314444716097804,0.0,0.0,0.0,0.0,0.0,0.0,0.20126660388856007,0.016280923710406615,0.0
2023-06-21 23:00:00,0.0,0.0,0.0,0.0,0.05091490160165169,0.01181114473436237,0.0,0.0,0.0,0.0,0.0,0.0,0.0,0.0,0.0,0.0,0.0,0.0,0.0,0.0,0.0,0.0,0.0,0.0,0.0,0.004341893662416325,0.0,0.0
2023-06-22 00:00:00,0.0,0.0,0.0,0.0,0.0,0.0,0.0,0.0,0.0,0.0,0.0,0.0,0.0,0.0,0.0,0.0,0.0,0.0,0.0,0.0,0.0,0.0,0.0,0.0,0.0,0.0,0.0,0.0
2023-06-22 01:00:00,0.0,0.0,0.0,0.0,0.0,0.0,0.0,0.0,0.0,0.0,0.0,0.0,0.0,0.0,0.0,0.0,0.0,0.0,0.0,0.0,0.0,0.0,0.0,0.0,0.0,0.0,0.0,0.0
2023-06-22 02:00:00,0.0,0.0,0.0,0.0,0.0,0.0,0.0,0.0,0.0,0.0,0.0,0.0,0.0,0.0,0.0,0.0,0.0,0.0,0.0,0.0,0.0,0.0,0.0,0.0,0.0,0.0,0.0,0.0
2023-06-22 03:00:00,0.0,0.0,0.0,0.0,0.0,0.0,0.0,0.0,0.0,0.0,0.0,0.0,0.0,0.0,0.0,0.0,0.0,0.0,0.0,0.0,0.0,0.0,0.0,0.0,0.0,0.0,0.0,0.0
2023-06-22 04:00:00,0.0,0.0,0.0,0.0,0.0,0.0,0.0,0.0,0.0,0.0,0.0,0.0,0.0,0.0,0.0,0.0,0.0,0.0,0.0,0.0,0.0,0.0,0.0,0.0,0.0,0.0,0.0,0.0
2023-06-22 05:00:00,0.0,0.0,0.0,0.0,0.0,0.0,0.0,0.0,0.0,0.0,0.0,0.0,0.0,0.0,0.0,0.0,0.0,0.0,0.0,0.0,0.0,0.0,0.0,0.0,0.0,0.0,0.0,0.0
2023-06-22 06:00:00,0.12838716848669357,0.21352410664103028,0.11311697422984827,0.06861464330879749,0.15109222950286666,0.09047815332721552,0.16858511928291722,0.22051317847737098,0.1498049829997918,0.23299087718705724,0.25516528706245506,0.053634551879210186,0.17948402145306397,0.18431963838739596,0.07107454122309047,0.08744450205928296,0.05308586328256788,0.17277525818038975,0.07888014733850474,0.11151653793860039,0.178110323106687,0.15185654149847658,0.3023607573166739,0.15911871644726966,0.13412363022950008,0.13872630688632848,0.1996964298307447,0.14513815055789323
2023-06-22 07:00:00,0.2668833742818305,0.3531866359375561,0.3420246175364309,0.2343120756662043,0.2367639620573981,0.12891478268603546,0.3465731489434665,0.3374935401199725,0.2699504670755966,0.35157986518314666,0.37873553376470614,0.20602797284455432,0.30091556635634853,0.28449220237690326,0.10537065899714022,0.14257014189664402,0.15687693385195392,0.28442778800335883,0.156650463806022,0.19991059191308166,0.2748439224246082,0.2815292475971478,0.47552599572123444,0.2167045212436684,0.20788033675153086,0.20792369500180177,0.26260140223054707,0.2080422941115039
2023-06-22 08:00:00,0.4001360933120092,0.4803096591146832,0.5145300749242883,0.3426751223565667,0.32601991578222267,0.19588659111522264,0.4894021239962572,0.47863483575134413,0.4262076918326238,0.42926032119605,0.4893623520483681,0.32851976321185117,0.4774215625868388,0.4476976209588549,0.18848632268705176,0.2316788645513928,0.2601366204388298,0.40924802890917356,0.28023395161734493,0.3440353448004796,0.4381380374973548,0.37495727546021845,0.6394253162982677,0.3565075172689391,0.3101213775080312,0.3205913016821964,0.3681783843475036,0.33639548989575296
2023-06-22 09:00:00,0.538880431540363,0.5710704304961729,0.6126282018374973,0.5376230653020406,0.3647073260730884,0.2950803724392829,0.62545618032107,0.6193226381724342,0.515460074244702,0.6375991298541711,0.6453116420856952,0.5635310352782196,0.5599856476408884,0.5939169023332777,0.33573906890618554,0.36754872125208526,0.3360155210315633,0.6137520109722808,0.364604376154746,0.5864251375945473,0.5890066545210874,0.5765925705111468,0.7391673273520104,0.5502537122662045,0.5484000299341617,0.46869591319529114,0.44267992356605557,0.5185816765842493
2023-06-22 10:00:00,0.733076404049948,0.6810359462666351,0.7229006951575564,0.7191020969127923,0.44610023297323387,0.4250520686222308,0.7343085711984214,0.691077002947679,0.6369621836835875,0.7255483710860291,0.7270346456669167,0.7818949121640818,0.6826999957243503,0.6527195072040115,0.48085910230551676,0.46956152741963386,0.4672440621716058,0.7525575079263086,0.47162642805337185,0.652919509538465,0.6483446562717423,0.7657621451790361,0.7718850975633144,0.5686450197763129,0.573936160222343,0.5683204129988718,0.5014046480442393,0.5935696078498043
2023-06-22 11:00:00,0.7515683871777524,0.632072410431211,0.7614869111023214,0.752937492620455,0.43786878440002036,0.45177861690329857,0.7672424421760811,0.7476046637654146,0.6854322000093894,0.758602559313289,0.7577276060552894,0.7812032833986274,0.7125809176806046,0.7345953008537367,0.5261885839872946,0.5526724965158349,0.497960630478919,0.7107045817022595,0.5125320470698799,0.7366679674277692,0.7334264396671663,0.7719731874748637,0.7723274415042143,0.4830202290009101,0.5807696465428175,0.5559317084261026,0.5168095221821181,0.5330571912841384
2023-06-22 12:00:00,0.6779973778399302,0.6504390176976876,0.6786100940342848,0.7094453955803142,0.5323276595915389,0.43480031587646634,0.6487695573026452,0.6800614893816793,0.7127569345456313,0.6923032895105774,0.6506455468531205,0.6954326200974748,0.7378043898576149,0.7177603578323624,0.574052450828253,0.598820408758075,0.46742816068983073,0.491340054636904,0.5363873290242972,0.7396461767096714,0.727183701267597,0.6727937791354509,0.7519361084321079,0.5279451454461412,0.6400549925839528,0.533594613342281,0.5563631042262757,0.5986305072005159
2023-06-22 13:00:00,0.7004539363083503,0.6616867001698115,0.7179953703198632,0.7064737153323971,0.5274192710305539,0.5315978268066198,0.6942393446959877,0.723658774812861,0.7428544315602574,0.7320775374195352,0.6944635541939748,0.7104428546155949,0.7701828701025889,0.7564228360637686,0.7023885332277411,0.7206044966722136,0.5640157513327495,0.5806573637797516,0.6250028913735253,0.7606063232372062,0.7625996872855961,0.7005830230052678,0.7965826903834876,0.5772232272071158,0.7333516275857469,0.5951116328487412,0.599487674037579,0.614164340485915
2023-06-22 14:00:00,0.7158509402164123,0.6506665191602173,0.7785657943691455,0.7308371947855441,0.5255903039062798,0.5147840759520367,0.7754268811908108,0.7712232275182483,0.7302068829723547,0.7483156014544761,0.7567848820845791,0.7478814740724431,0.760049948868604,0.7867175947013153,0.7231524232811066,0.7487118725698517,0.5563194343744986,0.6395159571604354,0.6385762963309543,0.7422644021463953,0.787509686159094,0.7245338812396097,0.7705367534891376,0.6148681988388168,0.7444904116900954,0.567972815387548,0.5773220314569214,0.6431872503107431
2023-06-22 15:00:00,0.7059524608701879,0.6543910723057169,0.7274464843894758,0.740677158942028,0.4779643218585702,0.4624503876623264,0.7208540711406656,0.7326107597739883,0.6978250672704652,0.7401817891658724,0.7289721039810507,0.7454596264847775,0.728690755562928,0.7542076091559531,0.726395375466482,0.7489576228878947,0.5521964083787865,0.637018259155621,0.6482483642467064,0.7183874201850085,0.757652577341799,0.7239333985541402,0.7708690833306278,0.6441204018400807,0.769751569173838,0.5417040068726671,0.5809735540529951,0.6616431262652864
2023-06-22 16:00:00,0.6745752614041977,0.6445695662754275,0.7351354808691345,0.6853696158310318,0.44021043709248764,0.4464099134936916,0.7440249350236451,0.7485323931302776,0.6766590430062072,0.7583336063439741,0.7508827716739985,0.664885848424203,0.7004537651415885,0.7517994056347121,0.6961086102534514,0.7324041962768503,0.5329543485117576,0.6660888514106057,0.6255331241034829,0.7416128427539437,0.7525843556151668,0.6784987563434463,0.7544481346800153,0.6216901368139254,0.7351833109820806,0.5365814088791715,0.5334653626098644,0.6548731730166348
2023-06-22 17:00:00,0.6712353352735484,0.5725366679405963,0.7295139079185802,0.6686477509131385,0.4206480915685355,0.4441679908228583,0.7229115385727446,0.7246100639525787,0.6297703314742216,0.7299775236949556,0.725799311624727,0.6706460223324585,0.6149878398031525,0.7310001677944223,0.6786755627762966,0.6861768184285765,0.5449007286553543,0.6470850521291267,0.5957483898635597,0.6887375260390788,0.7327520946817028,0.6801199224435072,0.6831129863785989,0.5499464558084797,0.727015197212301,0.5120373539242314,0.4134452215340209,0.5913160105899262
2023-06-22 18:00:00,0.6017171191956104,0.5080969014579175,0.6809818826861049,0.6408124236058562,0.3843154728803629,0.3933556690230769,0.6987616201772672,0.7045938805684765,0.5767086952507522,0.7008694490579779,0.7020573878000778,0.6086559680230168,0.5695892153799635,0.7069744397776027,0.628296098441377,0.6665409283661068,0.5678958600015507,0.5691314974198406,0.6200053571738829,0.6814566030277268,0.7068707874215477,0.6126877007761123,0.6523570440885093,0.48936511237083724,0.6382843119383711,0.43263705934051755,0.32392763332746294,0.5225466875862445
2023-06-22 19:00:00,0.5307553805290212,0.4176636945339836,0.5936676241560089,0.50877889220251,0.3257744086427169,0.3093576548176201,0.6123109838571623,0.6379878986174864,0.51779241694615,0.6179739023914034,0.6300335057497477,0.5211428554438179,0.5072965441933327,0.6441948462900945,0.559150099321424,0.5882065671734902,0.4957169780828711,0.5492753706389727,0.5570054792532642,0.60279749663282,0.6428170333386317,0.5512328523928819,0.4821695990789828,0.4023609095049415,0.4980839380152173,0.38551642334130537,0.2571115666337275,0.505661521443683
2023-06-22 20:00:00,0.4138169571318916,0.3435080059884029,0.48646544922543267,0.416321444178576,0.32274580213487725,0.28335453314857834,0.5055533952577788,0.5160262945963118,0.40737998741842,0.5073843355027906,0.5220201612527473,0.48937098348602653,0.39888972572549286,0.5082352830086965,0.5154775011255885,0.518499774545746,0.43989108537566246,0.4593419536385288,0.4839080945383255,0.438284972953926,0.5044460810240565,0.5072313970352825,0.4197298577578305,0.40400245968217907,0.42988463114170994,0.40115158834563325,0.21640245975339786,0.447498656141241
2023-06-22 21:00:00,0.24034095346481768,0.2017824615971866,0.3367549967835417,0.2872961877439174,0.22336165747161713,0.22981917959322998,0.31676793585696233,0.31568683146655924,0.25716657667060816,0.306183137007249,0.32290822144948506,0.28145673611404665,0.26556920186974586,0.31598006505908705,0.40415653484770725,0.39625779238333886,0.33027107715812287,0.2671602074447514,0.3739252845437703,0.29032406971563995,0.31390725321545526,0.2666493756465575,0.2828278556756637,0.23825544544757524,0.16609065071547127,0.3114372527214108,0.09372897962358283,0.2723343103322722
2023-06-22 22:00:00,0.010778570211330508,0.05692174125621452,0.0,0.0,0.15957718672895838,0.1788990201721509,0.0,0.0,0.14209691547366737,0.0,0.0,0.0,0.12311523761837448,0.0,0.2173455203586054,0.21431728252692192,0.21510893411310975,0.0,0.2403116237575953,0.0,0.0,0.0,0.0,0.0,0.0,0.21669191931643178,0.007687446268058215,0.0
2023-06-22 23:00:00,0.0,0.0,0.0,0.0,0.0716403191088029,0.009404765986535139,0.0,0.0,0.0,0.0,0.0,0.0,0.0,0.0,0.0,0.0,0.0,0.0,0.0,0.0,0.0,0.0,0.0,0.0,0.0,0.0031853327523646857,0.0,0.0
2023-06-23 00:00:00,0.0,0.0,0.0,0.0,0.0,0.0,0.0,0.0,0.0,0.0,0.0,0.0,0.0,0.0,0.0,0.0,0.0,0.0,0.0,0.0,0.0,0.0,0.0,0.0,0.0,0.0,0.0,0.0
2023-06-23 01:00:00,0.0,0.0,0.0,0.0,0.0,0.0,0.0,0.0,0.0,0.0,0.0,0.0,0.0,0.0,0.0,0.0,0.0,0.0,0.0,0.0,0.0,0.0,0.0,0.0,0.0,0.0,0.0,0.0
2023-06-23 02:00:00,0.0,0.0,0.0,0.0,0.0,0.0,0.0,0.0,0.0,0.0,0.0,0.0,0.0,0.0,0.0,0.0,0.0,0.0,0.0,0.0,0.0,0.0,0.0,0.0,0.0,0.0,0.0,0.0
2023-06-23 03:00:00,0.0,0.0,0.0,0.0,0.0,0.0,0.0,0.0,0.0,0.0,0.0,0.0,0.0,0.0,0.0,0.0,0.0,0.0,0.0,0.0,0.0,0.0,0.0,0.0,0.0,0.0,0.0,0.0
2023-06-23 04:00:00,0.0,0.0,0.0,0.0,0.0,0.0,0.0,0.0,0.0,0.0,0.0,0.0,0.0,0.0,0.0,0.0,0.0,0.0,0.0,0.0,0.0,0.0,0.0,0.0,0.0,0.0,0.0,0.0
2023-06-23 05:00:00,0.0,0.0,0.0,0.0,0.0,0.0,0.0,0.0,0.0,0.0,0.0,0.0,0.0,0.0,0.0,0.0,0.0,0.0,0.0,0.0,0.0,0.0,0.0,0.0,0.0,0.0,0.0,0.0
2023-06-23 06:00:00,0.1644179542184636,0.2808200118078493,0.10560012916214248,0.2899386446535075,0.16244424054860299,0.10341481956539135,0.17708226095195745,0.2824828851415063,0.11978904757262371,0.27371787437327416,0.27620334539730906,0.3142918442440417,0.1636120487007881,0.2949561123745689,0.2788760106081604,0.20320097607805498,0.06455702870605246,0.27625359421861523,0.06914703925379598,0.27493046663324694,0.29323246905682615,0.2991076646649733,0.38702527812181137,0.3317417752733061,0.30540181728817145,0.19981756652901086,0.2425944839955001,0.3217688739957991
2023-06-23 07:00:00,0.3589008242438816,0.4521165643623861,0.34321758032197947,0.5133235420815079,0.2669185151101143,0.1632549824701311,0.32572489906862995,0.4380565417566826,0.31251255054498833,0.42898117258844665,0.4201498821609726,0.5238287524110322,0.34297259833096927,0.46353149123223997,0.44995057268554994,0.41836362906278024,0.1844430798576724,0.4465122677627915,0.17498727561732952,0.45517320692366015,0.46284257174375154,0.48215343524595816,0.5904640998137601,0.532608237601238,0.5276757371787333,0.32969601398248877,0.3771985214757294,0.5260743861823282
2023-06-23 08:00:00,0.5330250643359516,0.5996867809546168,0.4873560007463155,0.6519704780915716,0.3960893710183714,0.2992253569916238,0.4428414212774061,0.5813691895511209,0.4669180878443108,0.5740079395180193,0.5610492833356153,0.6740304323652115,0.49565455692311405,0.6107090900011642,0.5935795029465046,0.5475973799706729,0.3105982681675945,0.5951143341285147,0.2597360481010739,0.600577334869647,0.6099591148042708,0.6305167627799649,0.7132562050605271,0.6577731775395126,0.657758453465397,0.46275035815395504,0.5230450128907426,0.6496537436647534
2023-06-23 09:00:00,0.646918694932842,0.6975347005452212,0.6017496244645975,0.7241270767789779,0.4945409972685901,0.3958171839199058,0.5529730717390334,0.6681087392104232,0.5960981845408424,0.6629792037445713,0.6534059127684677,0.7418264795651818,0.6172830809347197,0.6896414201803986,0.6808192305226681,0.6537579283319614,0.40974417145672215,0.6883453989075585,0.35347693409306596,0.6819290747352479,0.6891013791605644,0.7060643494032091,0.7676049192556226,0.7228396098510188,0.7102049628287759,0.5510673155624818,0.5796995293047834,0.7190947296206834
2023-06-23 10:00:00,0.7226274472192394,0.7447587640787636,0.6862277908262621,0.7611440198302262,0.5788330309340415,0.537742174810979,0.6529479192142295,0.7216153528957703,0.6671652951292617,0.7199006265963955,0.7144145714935193,0.7829161751451079,0.689297991780727,0.7338109642309029,0.7399502639911011,0.7044134103836234,0.5085788723652536,0.7531216238399546,0.44553072508252,0.7292028440736795,0.7337621494766782,0.7615687217723915,0.7972955969981609,0.7589718434306625,0.731253256544593,0.6755851320895632,0.6302476667518241,0.7482361941554689
2023-06-23 11:00:00,0.7481113384099876,0.757493662055378,0.7131845500384789,0.757381079491142,0.6428518737993443,0.5689106628065812,0.6659481789725793,0.7418035984066237,0.6853472369923113,0.7400183893042431,0.7356135480932452,0.7837001280836705,0.7073399691017271,0.7576794569919366,0.7710605158498512,0.7356877629417171,0.5550741839935069,0.7664353345350651,0.5198680728807279,0.7128314403964625,0.7574976747180148,0.772053584585123,0.8109883218862418,0.7534157453159274,0.7315106000011533,0.7113232533756888,0.6707616061301828,0.7625992353610163
2023-06-23 12:00:00,0.734796031960782,0.7173348685031158,0.7277011894421639,0.6833748890889471,0.7091033661327019,0.6102981582012659,0.7018799356913257,0.7435888701239582,0.7224055302281999,0.7542313539670914,0.7515493175440042,0.7093860728540332,0.7335133122381733,0.7411877541284155,0.7767559744339837,0.7481332325008547,0.6417906994015076,0.7030240080297169,0.6406362529715406,0.6920003054075045,0.7401879039017704,0.7293965362310103,0.8063538720037717,0.6369044842396956,0.7458633083829056,0.7400297228428044,0.660521874072955,0.6683326259102972
2023-06-23 13:00:00,0.7336691524139745,0.7062600937837707,0.7170927943153099,0.6670233208057387,0.7091832133555909,0.6267246197790403,0.7013810650341274,0.7354066322377779,0.7129599701141653,0.7509133867059529,0.7497686619774446,0.6870657188893373,0.7134221434757282,0.722763606928345,0.7704306660526401,0.7407947717777867,0.6651011300617496,0.6895993377797348,0.652557543881493,0.6751439916946922,0.7196825343782728,0.7382130330594064,0.7932914981671103,0.6708231616806104,0.7241100778823765,0.7318418924130222,0.6547193400368061,0.6869303228525441
2023-06-23 14:00:00,0.7290442717067301,0.7072451161969564,0.7272044664254265,0.6714878216405998,0.7469530656871397,0.6463437351319923,0.697616045572766,0.7321132687557487,0.7148425986102005,0.7567674796000806,0.7432593308135742,0.7011341133268237,0.715040084935627,0.7163936446065178,0.780923769142575,0.7522181246380968,0.6614779466746381,0.6920168875411257,0.632354495669577,0.7381663977030435,0.7134500933758479,0.7179336330227356,0.7524927970130529,0.6259137579718046,0.6484501833895681,0.7361539499399747,0.5578329321200938,0.6544219597275537
2023-06-23 15:00:00,0.7150596802124605,0.6581877859118184,0.7131716650296325,0.7075762654231681,0.7248380164446039,0.622938383179054,0.7204627068401205,0.7397212690660911,0.6988401502530738,0.770036568432611,0.7586461700802387,0.7193959740641281,0.6939656612385183,0.7156674936096198,0.7667217732068539,0.7421755253513305,0.6419425668105813,0.727909253246084,0.6198624855475318,0.7342411757849472,0.712450015434597,0.7387216547226542,0.7641689083386164,0.5745907179629578,0.6875389582886027,0.7172754331388204,0.550065166897589,0.613312203868409
2023-06-23 16:00:00,0.6658221770413375,0.5850276941754398,0.7301374426011289,0.6857921856142651,0.6890570959161333,0.5681207892005199,0.6845423289334104,0.6960046705962942,0.6282263734065286,0.7461648374573984,0.7318180570207933,0.6774688001527872,0.6240117242617489,0.6484072128515898,0.7164952130554132,0.7014350708894111,0.5929050994326623,0.6817379946466876,0.5900492766920779,0.6980932626184448,0.6431916029496167,0.7099856956287756,0.7162042962523139,0.5679331061588712,0.6763982440848371,0.6886202161108218,0.4775928105735927,0.5997641354274893
2023-06-23 17:00:00,0.6304924073204705,0.5092970918677241,0.6319730211749279,0.5162202809628212,0.6183991581595351,0.5741939610522481,0.5735112593001565,0.6116627718700637,0.5592687352974653,0.6777342187282612,0.6328688030519244,0.5836324941394484,0.5502718091891612,0.6244750921585083,0.6404348940057376,0.6204741217217468,0.5700648270786994,0.6879258361894688,0.5711547115390732,0.6003473083237685,0.6299088841584449,0.6980669514174959,0.6710060767937917,0.40805620131312775,0.6892403431319636,0.6470816714940847,0.40340317450853747,0.4762534323988854
2023-06-23 18:00:00,0.5191455310458896,0.45568361776609745,0.6043453068044475,0.4905857783522798,0.5864397268779902,0.49068373829788076,0.6122516264667843,0.6358704867410788,0.43213471561108696,0.5763014430077281,0.5990489331831721,0.45618160678326736,0.40303339458334375,0.6581289944725984,0.5632702898613773,0.5261343576585608,0.5171329043269398,0.4175003895564449,0.531676701999133,0.5376914987560878,0.6574131535028563,0.4948984718928507,0.6148876217853801,0.28328415076274127,0.6380116501763644,0.6159883892774198,0.31634121059924997,0.32634769294336546
2023-06-23 19:00:00,0.3685900641249381,0.29629714701097365,0.5548949017366098,0.3855026865402396,0.5036299088135471,0.4658824858573629,0.5342366855898365,0.5630012223277531,0.38745486210076635,0.4427163425498972,0.5038517575466894,0.2588565286046107,0.4007835254189087,0.6060394231537372,0.5198927383098629,0.49063609244498113,0.4684879390425625,0.2544468588482925,0.4835220810317902,0.5035434693315095,0.6049212631175873,0.28907758316662446,0.45835523191364524,0.19357181535414758,0.5382229535049002,0.5677122458280542,0.2796977948433733,0.2034278652462789
2023-06-23 20:00:00,0.291492648023311,0.2396204746015497,0.3792248014993865,0.25623224311930154,0.40548138361685826,0.3638850065912994,0.36447770531832613,0.42439138161304585,0.29928600858370996,0.30786955757689205,0.372078113591064,0.15950267666017123,0.3252454515729994,0.47018124260074196,0.46279574173770033,0.4254956788455117,0.3921962493458542,0.16775015358244075,0.39296954288187574,0.3389835993859973,0.46825490307857304,0.20702530833335478,0.42898950457659124,0.12189495259216165,0.42054656795405576,0.49999103605400486,0.1939015672953635,0.13168836127335362
2023-06-23 21:00:00,0.181703648845231,0.15834066464202534,0.20571700750207925,0.16750893236791112,0.3438669795204595,0.26891583721592593,0.1976178168373727,0.22625854758028177,0.22170558784447145,0.14859661382032044,0.17790960252227772,0.10547751897231475,0.2589758966884916,0.2472448260097146,0.3662626284534598,0.31464766026548585,0.3080996169423292,0.0926998858213315,0.32413319611397423,0.16782309775255722,0.2450364581631968,0.11461420512292582,0.29327156034674196,0.043040952554513276,0.2078622854941427,0.39010775511193196,0.14985645376158263,0.046905982987768886
2023-06-23 22:00:00,0.012882824614939123,0.043626691213253965,0.0,0.0,0.2486244536035738,0.17327766955995463,0.0,0.0,0.09790078552792698,0.0,0.0,0.0,0.1122205481286781,0.0,0.21819070971959867,0.16897898691640303,0.19551276240654222,0.0,0.1848606526509482,0.0,0.0,0.0,0.0,0.0,0.0,0.24763369203856836,0.010376726851754173,0.0
2023-06-23 23:00:00,0.0,0.0,0.0,0.0,0.11939769341724493,0.01050658493908375,0.0,0.0,0.0,0.0,0.0,0.0,0.0,0.0,0.0,0.0,0.0,0.0,0.0,0.0,0.0,0.0,0.0,0.0,0.0,0.006926885433853142,0.0,0.0
2023-06-24 00:00:00,0.0,0.0,0.0,0.0,0.0,0.0,0.0,0.0,0.0,0.0,0.0,0.0,0.0,0.0,0.0,0.0,0.0,0.0,0.0,0.0,0.0,0.0,0.0,0.0,0.0,0.0,0.0,0.0
2023-06-24 01:00:00,0.0,0.0,0.0,0.0,0.0,0.0,0.0,0.0,0.0,0.0,0.0,0.0,0.0,0.0,0.0,0.0,0.0,0.0,0.0,0.0,0.0,0.0,0.0,0.0,0.0,0.0,0.0,0.0
2023-06-24 02:00:00,0.0,0.0,0.0,0.0,0.0,0.0,0.0,0.0,0.0,0.0,0.0,0.0,0.0,0.0,0.0,0.0,0.0,0.0,0.0,0.0,0.0,0.0,0.0,0.0,0.0,0.0,0.0,0.0
2023-06-24 03:00:00,0.0,0.0,0.0,0.0,0.0,0.0,0.0,0.0,0.0,0.0,0.0,0.0,0.0,0.0,0.0,0.0,0.0,0.0,0.0,0.0,0.0,0.0,0.0,0.0,0.0,0.0,0.0,0.0
2023-06-24 04:00:00,0.0,0.0,0.0,0.0,0.0,0.0,0.0,0.0,0.0,0.0,0.0,0.0,0.0,0.0,0.0,0.0,0.0,0.0,0.0,0.0,0.0,0.0,0.0,0.0,0.0,0.0,0.0,0.0
2023-06-24 05:00:00,0.0,0.0,0.0,0.0,0.0,0.0,0.0,0.0,0.0,0.0,0.0,0.0,0.0,0.0,0.0,0.0,0.0,0.0,0.0,0.0,0.0,0.0,0.0,0.0,0.0,0.0,0.0,0.0
2023-06-24 06:00:00,0.04921510429606677,0.1560809598855029,0.045717670666973104,0.0640702646674491,0.12314871674666676,0.0336158520048764,0.11292631800107349,0.1613242623584322,0.015052761247632671,0.1098686725078637,0.14364658922872517,0.04296352835300266,0.011666384404645362,0.16287452318044746,0.11562623573444197,0.009726290963810533,0.009116352147260772,0.10043089162134718,0.011555818633114471,0.09191717840409794,0.15875311094631797,0.07439222141797104,0.32925836215098525,0.1079292240166313,0.3470074312330389,0.14614042254190002,0.17285256524332646,0.09689450946566323
2023-06-24 07:00:00,0.15095803169733252,0.307817365331875,0.2074960101935705,0.17752997798021675,0.19076768387940068,0.06524540533596895,0.20776950325654545,0.300655753708354,0.10742933243537255,0.2733246166240394,0.27066759995045997,0.16608504865582596,0.10663789874376575,0.3417100471693246,0.18438802443455746,0.06044816201447739,0.07547939897241282,0.2174691693781423,0.05343080511842192,0.2626404607713167,0.34435597475108126,0.20257012203441918,0.4920424474104966,0.22648453361010198,0.5086159892816648,0.20076863441392093,0.31072645689465356,0.1765104584249899
2023-06-24 08:00:00,0.26383446497593493,0.44582474927432075,0.37167073239208887,0.21963349707141866,0.2639683970063933,0.1380962876041607,0.39959803347325334,0.5061021487574214,0.24735668873726974,0.5144395643365707,0.4979101171958771,0.2133260771817316,0.2576457694161967,0.51834157254523,0.2168736447403432,0.1254079223473395,0.15692427466977407,0.32880302019765656,0.14620298498508866,0.4355542198565092,0.5172241568594707,0.3473284794395189,0.6188277417149686,0.32773525099066964,0.6181756692430995,0.2824935868749119,0.45564766592006956,0.2756436089535971
2023-06-24 09:00:00,0.3861869100368661,0.5166689359717374,0.4511236473206737,0.3687884480375078,0.32303182346720394,0.2502954045231853,0.5131429176893239,0.6366149764577778,0.3457782750629706,0.6048532884456773,0.6147994791481424,0.3194943299343232,0.3481437507721748,0.653649695607761,0.40326957691090454,0.24276766022782803,0.25427004811179027,0.4396618365592759,0.2427627744545126,0.5237774451746815,0.6491432763392928,0.4523178596461686,0.67968289152631,0.44096033096376164,0.7410843726212287,0.4299525651510244,0.5874086521180851,0.3584905387419945
2023-06-24 10:00:00,0.49431640352993933,0.6039504277972287,0.5348900214765813,0.35766575296241115,0.37752850758260587,0.2906522438665808,0.5574600088092266,0.6406526899720856,0.5255640098240416,0.645160883329574,0.6505235763575814,0.35050945363251623,0.5270148369434182,0.6198893228674103,0.5289904385059906,0.40370838590221764,0.3512546292023829,0.46523152498365383,0.29649763335754914,0.5003722057515654,0.6114244696816264,0.5235867745329911,0.7104155545540378,0.5339090455122488,0.7762453345140684,0.4911632735272584,0.6683631223193449,0.47436890082933475
2023-06-24 11:00:00,0.5716336740075932,0.6154674489273452,0.6145368786442987,0.3661511751908591,0.39481639814233377,0.32866777976011574,0.6359112466595297,0.6712385457554255,0.6293910443654602,0.6821940465255465,0.6919524835486291,0.43706586941893016,0.6702594179023755,0.6409089904092432,0.5710816111931338,0.49481133752615863,0.4252794836463091,0.5412936117410162,0.3131015779590134,0.5348672014073683,0.6320549517121374,0.6045139385947013,0.6783910200481305,0.55516538777142,0.751842939524649,0.5024945477545859,0.705930254907018,0.5059129557319506
2023-06-24 12:00:00,0.5445829027120705,0.6281342814383344,0.6150147304607466,0.5296007410591506,0.41371369887193027,0.359431626135159,0.5828508954717155,0.6677556892535161,0.6079299818975166,0.5872162974824575,0.6155733409220554,0.4197770979463581,0.638607278515408,0.7191385443889774,0.6269451420568564,0.5432846724541123,0.4785469438953444,0.3711155037797758,0.3855324087355441,0.6664208639225506,0.7211315569044574,0.42654880511530896,0.7123673481342211,0.6071014830566202,0.7523332355055339,0.5301664307206808,0.7431567580478017,0.5292369699201548
2023-06-24 13:00:00,0.6063317672179874,0.6434505654512067,0.5876952368217929,0.488326347379993,0.4128248965225153,0.3996990277153392,0.5537364408709051,0.6230101684801351,0.6471048332426346,0.6357286456293598,0.6195384586455215,0.45778050641754453,0.6647835830731244,0.6402731172527768,0.7131410605142191,0.6572433163029553,0.5359744471908824,0.48132510284367624,0.41403786913556234,0.5690730183382599,0.6407829711321422,0.5480351957445596,0.7604614130294305,0.5768878712535674,0.7251228079532829,0.5452861170031253,0.7128103076110124,0.5107995408993539
2023-06-24 14:00:00,0.6113838585984397,0.662816724175288,0.7225945074458417,0.4373353725263099,0.41629169009639194,0.38364553047926214,0.6769487112153317,0.6636829762110869,0.6978437006313779,0.7042266240454556,0.7061347298997891,0.39960246956105017,0.7273585895989928,0.6290289820776397,0.6855879638252044,0.6621917601728364,0.5061228744828111,0.43520836759135567,0.4251772233440625,0.5409805782650399,0.6265975139524513,0.5496025394542814,0.7215600648407904,0.5480320268395311,0.6895418474350227,0.5450794698432165,0.7103993819117677,0.5079941220368677
2023-06-24 15:00:00,0.6258113486003264,0.6372839853451976,0.748733329659867,0.4221212792826975,0.4397784850111303,0.4343237052059883,0.7301069314629854,0.7158575258571805,0.7088330516652368,0.7177219592794041,0.7240082156558341,0.40403598173977157,0.7329972357190246,0.7171714667071011,0.6986291361409276,0.7006304766802932,0.5881633647503663,0.5113658877448063,0.5249825875290796,0.6361317752556066,0.7186376375856265,0.5665619052807608,0.6882323446505031,0.48228371659302294,0.6599038973521781,0.5737128641266992,0.6465493010166204,0.4713241645977529
2023-06-24 16:00:00,0.5204757164217851,0.5348830565803753,0.7106328090603748,0.2856645494376402,0.400255427069855,0.3614649636402995,0.7427417150382124,0.7325137636490574,0.6576876577662689,0.7095580111986215,0.7168497047750382,0.22483352397691528,0.7015031502293866,0.7324370780594268,0.7187319688524486,0.7038411578996904,0.5207219919245506,0.37158504054063046,0.4613666183403581,0.6397754471802821,0.7329241564032396,0.45509355482555575,0.6337583041355282,0.3588068177557231,0.5882906527826051,0.5317078173667676,0.537154851182211,0.39587465383954595
2023-06-24 17:00:00,0.5091962841337192,0.5061159305603931,0.6584855873058806,0.3287082280110823,0.4124826847280279,0.41927560733997465,0.7069613513475713,0.6900594405021468,0.6389929698113835,0.6565783982601916,0.667130022350509,0.2538845149618864,0.6857834337904715,0.701843641046193,0.7145292123639666,0.6981236343097396,0.5163885182699165,0.39843184132151027,0.435046628044679,0.610529962385904,0.7044230699065164,0.4452888941380791,0.5538679960931668,0.2820569171114352,0.5075548157480121,0.5510045401474728,0.4752972885325948,0.34135888140313586
2023-06-24 18:00:00,0.4136920812023878,0.43536935221404266,0.6199349213583872,0.2773853677113396,0.3268584902461077,0.39408260171828957,0.7024056684396146,0.6641518414069242,0.5228550382277455,0.6028614415320815,0.6382904169300767,0.16266586503020208,0.566194753108691,0.6561602853510254,0.6507120161392292,0.5598403192416115,0.49525354411244,0.2944428921046458,0.4014070176687676,0.531138192756013,0.6530539605944015,0.3288709076154027,0.4144599328038412,0.27655070321547054,0.3928888894215225,0.5052482074978241,0.3634532551862537,0.3012759330147282
2023-06-24 19:00:00,0.4128856046524976,0.31159406926439553,0.5783783430853131,0.20275787212043864,0.31307436107641307,0.34516332075595274,0.6405963264299127,0.5984039189221027,0.5025455024626324,0.535900296160382,0.5698878518248158,0.13377321616054438,0.5428703215545273,0.579730122248347,0.626269619330206,0.5954111979126017,0.48079661438380955,0.2994062410046984,0.3701302984394409,0.460071292169435,0.5748943984938177,0.33291026839484467,0.35238080185808646,0.16987492934374424,0.22059970712849583,0.47898860051809394,0.24965366690434154,0.20399595883027233
2023-06-24 20:00:00,0.34393309539250755,0.2649295781434966,0.4717197050168016,0.1317506523834536,0.2416549386129939,0.291993536076375,0.5226471718126647,0.4881200136457284,0.42238242278008853,0.4105819386914808,0.445525649280183,0.10515099144672052,0.485703038233854,0.4843248262849462,0.5543104830067919,0.49555725964846387,0.3469174482341433,0.27815099786875636,0.3002720868509596,0.38732178108099413,0.48030093296581466,0.2615235907136974,0.26317656086449054,0.15461749547935974,0.19152418476092148,0.43812235475560646,0.24533720421991478,0.18550840768750668
2023-06-24 21:00:00,0.2476768780757348,0.17381740576895963,0.32731661003303575,0.09725357844459682,0.18860957214070684,0.2731531311787363,0.3263859473110273,0.3070071583730548,0.31906827279929395,0.2522066831853598,0.2803124341699803,0.09546246099508718,0.3598666895753357,0.314536026100228,0.4387642129455305,0.40390951140887976,0.2799024197354517,0.21322223242955765,0.2771258054862748,0.25640040567173455,0.3126126952488916,0.18030436791621465,0.18340790479987365,0.079666299211264,0.12571476107113513,0.3782620051841712,0.14592313514617225,0.08329966488670398
2023-06-24 22:00:00,0.011607733795201327,0.0554093537763249,0.0,0.0,0.1288165206189394,0.14552633420855457,0.0,0.0,0.1278555751437537,0.0,0.0,0.0,0.16005426370007547,0.0,0.2643404970667696,0.239788425564952,0.1353927339961884,0.0,0.10783687085743739,0.0,0.0,0.0,0.0,0.0,0.0,0.21909022281412666,0.004929250272980964,0.0
2023-06-24 23:00:00,0.0,0.0,0.0,0.0,0.03325330311851778,0.007722643231405951,0.0,0.0,0.0,0.0,0.0,0.0,0.0,0.0,0.0,0.0,0.0,0.0,0.0,0.0,0.0,0.0,0.0,0.0,0.0,0.005171553372999399,0.0,0.0
2023-06-25 00:00:00,0.0,0.0,0.0,0.0,0.0,0.0,0.0,0.0,0.0,0.0,0.0,0.0,0.0,0.0,0.0,0.0,0.0,0.0,0.0,0.0,0.0,0.0,0.0,0.0,0.0,0.0,0.0,0.0
2023-06-25 01:00:00,0.0,0.0,0.0,0.0,0.0,0.0,0.0,0.0,0.0,0.0,0.0,0.0,0.0,0.0,0.0,0.0,0.0,0.0,0.0,0.0,0.0,0.0,0.0,0.0,0.0,0.0,0.0,0.0
2023-06-25 02:00:00,0.0,0.0,0.0,0.0,0.0,0.0,0.0,0.0,0.0,0.0,0.0,0.0,0.0,0.0,0.0,0.0,0.0,0.0,0.0,0.0,0.0,0.0,0.0,0.0,0.0,0.0,0.0,0.0
2023-06-25 03:00:00,0.0,0.0,0.0,0.0,0.0,0.0,0.0,0.0,0.0,0.0,0.0,0.0,0.0,0.0,0.0,0.0,0.0,0.0,0.0,0.0,0.0,0.0,0.0,0.0,0.0,0.0,0.0,0.0
2023-06-25 04:00:00,0.0,0.0,0.0,0.0,0.0,0.0,0.0,0.0,0.0,0.0,0.0,0.0,0.0,0.0,0.0,0.0,0.0,0.0,0.0,0.0,0.0,0.0,0.0,0.0,0.0,0.0,0.0,0.0
2023-06-25 05:00:00,0.0,0.0,0.0,0.0,0.0,0.0,0.0,0.0,0.0,0.0,0.0,0.0,0.0,0.0,0.0,0.0,0.0,0.0,0.0,0.0,0.0,0.0,0.0,0.0,0.0,0.0,0.0,0.0
2023-06-25 06:00:00,0.0610794933838386,0.211099694645374,0.09771354123975848,0.11633908001993937,0.07517525818251354,0.04153362069027685,0.15402231287281537,0.2506770916870478,0.04636289835250423,0.20568646676983088,0.2420493558194723,0.03998339206617684,0.04036167017071375,0.26326193604552567,0.14537818555331744,0.06970063636533554,0.04068522394365774,0.11022182767149981,0.039459014837885956,0.17554391092022337,0.2593933918491225,0.10626379496759415,0.37302597895134965,0.08309120541249757,0.1425794246588287,0.10348428019136498,0.06414333087818432,0.09088373300618176
2023-06-25 07:00:00,0.23372275144933993,0.3557858907834145,0.32173359473650837,0.2204851692908952,0.12400091992348812,0.06311287318448584,0.2818846026956668,0.38582236447395063,0.11260999934373443,0.36149208082478385,0.38017730690491935,0.14721388840350563,0.1170118399018967,0.3940026024399043,0.19617344291280656,0.11061621023355415,0.11533771175400946,0.22499786261724072,0.09984355706148067,0.31934669396182186,0.3892252440455753,0.23923870797730254,0.5939739416207034,0.1932287368046011,0.26648745571757515,0.16223629007377172,0.16395972536412173,0.20610425585133832
2023-06-25 08:00:00,0.38534727065158203,0.4872971502554336,0.4684082378631003,0.3697768060156525,0.16182479914889772,0.1175518761118673,0.4228342406930898,0.5706838393436232,0.2243699069971933,0.5592390255404713,0.5492549500843114,0.27213050614172,0.23617371447742405,0.589906072272165,0.2601551556884497,0.19073225654140616,0.19907584209878126,0.36179608313358086,0.170432651674326,0.5763595207331358,0.5883741058529048,0.4101975202347563,0.6758792767097104,0.335500559733955,0.39589498684550256,0.2115785569150373,0.29503752158477814,0.341667725301436
2023-06-25 09:00:00,0.5527371073594102,0.6228681354789882,0.599813317777262,0.6258325895677495,0.21718567593665974,0.24593446235297722,0.532770480785126,0.6585707378742146,0.37988414454349506,0.653746957685259,0.6473482394746816,0.47307270200285423,0.3939187827795128,0.6686010162945301,0.36727362013028536,0.3365336652980425,0.2863418571961435,0.5666587476502235,0.2615658384226124,0.6638492888124089,0.6665570768091079,0.5426761369508285,0.733050298986949,0.5260189129013727,0.5472633547418733,0.3347780532894869,0.44964222390336556,0.5320872951290366
2023-06-25 10:00:00,0.7032494453127021,0.7141821635211992,0.6449670547850441,0.7091292628686043,0.2729707464037049,0.2690100156515724,0.5748391203326252,0.7039466645834862,0.5158250927048682,0.698686667790261,0.6868095298761256,0.6559222122529893,0.5365684913181228,0.7229569076221379,0.5162800490590401,0.4578693169337441,0.338800500895598,0.6955082969796119,0.28992600605981744,0.7350768982491621,0.7216701448311077,0.6982903867966175,0.735653696171612,0.6377545218550477,0.6777520304489765,0.38885574588710964,0.5648051420243161,0.6315246251930687
2023-06-25 11:00:00,0.7333115578793865,0.745256923719685,0.7119955312015975,0.7180164317670705,0.3139094144743003,0.3718172107882731,0.6646502696327947,0.7375636250095591,0.6211913195595069,0.7353741440627144,0.7296740241988303,0.6742107223863807,0.6459602655999939,0.7535735021410012,0.612147765410921,0.5564626918614243,0.39840206121505317,0.706637834921782,0.34096788577895526,0.7255395340284303,0.7536292631987181,0.6901388899624474,0.7380928919301633,0.6761073327332426,0.7134806881860507,0.46160011823243324,0.628226986302088,0.6634334400861981
2023-06-25 12:00:00,0.7659644242301508,0.7190876562033884,0.7600826292519419,0.7129769394781197,0.3921490377278546,0.49578798364837084,0.7044011441904922,0.7627420963823536,0.6939493717960209,0.7625722890673838,0.7590316185823236,0.729658614519313,0.7232075341982697,0.7744326671826065,0.7688273439999992,0.6999504645133742,0.48272281818615626,0.7555584610234857,0.41850950205837495,0.7562987101722183,0.7754205097584461,0.7454697226326669,0.7031904254391809,0.484403330711363,0.5536269999049425,0.5430148231476558,0.43416239230357323,0.575168411904254
2023-06-25 13:00:00,0.7570751564389767,0.7036769470152872,0.7602982413069825,0.673479141777897,0.37811138937825084,0.4636205794948527,0.7145554850347077,0.7725526713825382,0.7155102204933318,0.7691414295976431,0.7623925635813619,0.7118002445203343,0.7515154121264854,0.78661098938557,0.7582028372699742,0.7166474725798561,0.48508107270055945,0.7351671021040728,0.43039881283174247,0.7764909625709435,0.787586535986937,0.7388221370335355,0.6387650762041323,0.48267575893037923,0.6604451060397373,0.5587930400003275,0.47121949387783146,0.5463102031560556
2023-06-25 14:00:00,0.7425880643752908,0.6860234886504835,0.7524765168465692,0.5690236909882,0.3562801379972957,0.4984698939463658,0.7247467515738966,0.762921126772648,0.7404835704657019,0.7639733031850483,0.7504330684584346,0.6451202318005025,0.7873956634150225,0.7851588608753021,0.7609612587339917,0.7563115883084798,0.5279213482032267,0.7311598506916006,0.48886805380219184,0.7741811583609561,0.7868271777955451,0.7189973453192068,0.5858216502994054,0.4897724561155979,0.6322235526514853,0.5667316949896313,0.5705757990950178,0.47755350557157233
2023-06-25 15:00:00,0.6603381276904192,0.6523303392081607,0.7694791202136145,0.5174052607402092,0.3279636696740645,0.43109360417810216,0.7237472119239103,0.744484975336166,0.7185585352079095,0.7463801005113406,0.7445170094536329,0.5027537457582758,0.7538947714673492,0.76162741462579,0.7705832981765761,0.7534895345213369,0.5597956000595137,0.641657603495084,0.5767128905204268,0.6536642127998025,0.7631212723226927,0.5960677240377381,0.5315217730832941,0.5652289720145621,0.6180494014300391,0.5381828304721425,0.5557486857318409,0.5240459478357851
2023-06-25 16:00:00,0.6085714043479976,0.6178357518744069,0.7596193370539375,0.40128010565925637,0.34656306452608027,0.45284332205956057,0.6987537481597147,0.7196483801254394,0.6786433678835797,0.7261011911557539,0.7195728719285912,0.3693310240390168,0.7208308837937459,0.7396069768747691,0.7476812575122295,0.7410715332991326,0.5150952143422558,0.5873725222750489,0.49225225864037686,0.6725600619191171,0.7433059541644825,0.5421103525574603,0.484679310222085,0.5738011075035951,0.5338074707694013,0.5454437517734396,0.5824607876798751,0.5728115321523689
2023-06-25 17:00:00,0.5362434897567273,0.6068917934054285,0.7439433150313925,0.3965760570346431,0.3014529535912965,0.45437036550775345,0.6918581818847226,0.6956794859669958,0.6246287570926612,0.6818294124189013,0.7035088427333654,0.31911796357133826,0.6833385981721273,0.6955685004398564,0.7519796343046048,0.7226317705501171,0.5852608705746275,0.48438963329517565,0.5497187335972441,0.5905215500250652,0.6950469020762672,0.46567247050666655,0.4101058915761048,0.5442356377081832,0.4661543900775716,0.560793994608977,0.5880360764677175,0.5375417198941976
2023-06-25 18:00:00,0.43125377731552683,0.5868604536231262,0.6763659728732686,0.2634780494144013,0.24668130993437876,0.4205833125415885,0.5641169685754317,0.5513482752698357,0.5333260557075782,0.5298072771842527,0.5636710921265266,0.21833303634699683,0.6151483551916554,0.568369752603513,0.723820182102246,0.6925396168356782,0.5480609262815564,0.2948545655811451,0.4966826562950062,0.4335930427407785,0.5722770143777179,0.33846246399331353,0.40334501989750554,0.5046467245444486,0.43369607259360793,0.5012367403083408,0.517824827104601,0.4706307499370413
2023-06-25 19:00:00,0.4092308205869578,0.48688720783850664,0.6195145527718198,0.2882799799286109,0.22180087748236552,0.3448044818664839,0.4796281182026452,0.45045025455109283,0.4845050692352253,0.4585693984349878,0.48151867207185095,0.2552209893380749,0.5402489926045432,0.4497584607093028,0.673342901841052,0.6186446718886041,0.47810247636194547,0.258926274815771,0.45109297288462497,0.34977995107879906,0.4530998044782816,0.3194360358341632,0.39911813161826315,0.44290131875207295,0.3857993163161373,0.45831243208441186,0.4577507869473167,0.4259825279407303
2023-06-25 20:00:00,0.35557897249479425,0.43249605371215205,0.5193714653354332,0.2646296578067939,0.19540869950171183,0.3012848515929808,0.3729064800118564,0.31661519746001077,0.4223116216757856,0.3127747176237838,0.36473529095618273,0.2810374249235323,0.4862625586334492,0.2967671018019097,0.5924396419753093,0.537917489731455,0.42598944391724514,0.21245996953356305,0.36765459491552965,0.15403115898089315,0.29463563464723597,0.2707174635626712,0.22860447429673242,0.312960744446975,0.21000493393923939,0.4333073862616778,0.31199656351659444,0.30941624950024915
2023-06-25 21:00:00,0.2772431936515281,0.33479046167714244,0.32119409487140227,0.1735547054509427,0.1577068711701907,0.20549914282257328,0.19371569485036755,0.15609616020354053,0.29536244627102554,0.18524793066453454,0.20843210619370636,0.21823501306286053,0.37624314385155566,0.14394438529021922,0.4460104638167471,0.4147796106267443,0.3552863464264412,0.23583980558931875,0.2815229339128258,0.10054191741430708,0.14551312285100615,0.2191486084670403,0.19651811536204147,0.19518535633592402,0.15660536770163402,0.29717380025186346,0.22298588827052587,0.19046649368575097
2023-06-25 22:00:00,0.0069632139695442324,0.0566970089773017,0.0,0.0,0.10159719423960598,0.12602179495008223,0.0,0.0,0.12250004301960137,0.0,0.0,0.0,0.1567329889243677,0.0,0.2691514764295838,0.25251558353878445,0.14676771510673983,0.0,0.1383563607251084,0.0,0.0,0.0,0.0,0.0,0.0,0.19002481776885752,0.026897718179837816,0.0
2023-06-25 23:00:00,0.0,0.0,0.0,0.0,0.004541578053201205,0.00019322341928994891,0.0,0.0,0.0,0.0,0.0,0.0,0.0,0.0,0.0,0.0,0.0,0.0,0.0,0.0,0.0,0.0,0.0,0.0,0.0,0.00010544995334377598,0.0,0.0
2023-06-26 00:00:00,0.0,0.0,0.0,0.0,0.0,0.0,0.0,0.0,0.0,0.0,0.0,0.0,0.0,0.0,0.0,0.0,0.0,0.0,0.0,0.0,0.0,0.0,0.0,0.0,0.0,0.0,0.0,0.0
2023-06-26 01:00:00,0.0,0.0,0.0,0.0,0.0,0.0,0.0,0.0,0.0,0.0,0.0,0.0,0.0,0.0,0.0,0.0,0.0,0.0,0.0,0.0,0.0,0.0,0.0,0.0,0.0,0.0,0.0,0.0
2023-06-26 02:00:00,0.0,0.0,0.0,0.0,0.0,0.0,0.0,0.0,0.0,0.0,0.0,0.0,0.0,0.0,0.0,0.0,0.0,0.0,0.0,0.0,0.0,0.0,0.0,0.0,0.0,0.0,0.0,0.0
2023-06-26 03:00:00,0.0,0.0,0.0,0.0,0.0,0.0,0.0,0.0,0.0,0.0,0.0,0.0,0.0,0.0,0.0,0.0,0.0,0.0,0.0,0.0,0.0,0.0,0.0,0.0,0.0,0.0,0.0,0.0
2023-06-26 04:00:00,0.0,0.0,0.0,0.0,0.0,0.0,0.0,0.0,0.0,0.0,0.0,0.0,0.0,0.0,0.0,0.0,0.0,0.0,0.0,0.0,0.0,0.0,0.0,0.0,0.0,0.0,0.0,0.0
2023-06-26 05:00:00,0.0,0.0,0.0,0.0,0.0,0.0,0.0,0.0,0.0,0.0,0.0,0.0,0.0,0.0,0.0,0.0,0.0,0.0,0.0,0.0,0.0,0.0,0.0,0.0,0.0,0.0,0.0,0.0
2023-06-26 06:00:00,0.0766693046311659,0.2674048672952311,0.048765881552853135,0.1614210306367156,0.03246530047315014,0.014507565106596945,0.12393093375405712,0.2572004648339979,0.06494643452230475,0.25076409758537976,0.24940739669467246,0.09070229548863636,0.08876045440786948,0.2600950936975182,0.12270532725196981,0.07088752278839816,0.011779154796981639,0.14248790542308007,0.009483620581054652,0.25589899952212786,0.2590258908520053,0.15386396250312326,0.3124852250557694,0.2564817822496015,0.1572693338786747,0.05503311652775779,0.3179267858463293,0.24403443313236392
2023-06-26 07:00:00,0.244787371199839,0.4429754535284892,0.28741871452597073,0.2546462881848416,0.07863765329559419,0.04249410689178677,0.247515634036877,0.3887508131076273,0.15877806191935387,0.3962043487887714,0.37384069054381913,0.20217041439402902,0.16285246334335468,0.40799404402397677,0.17478453585082604,0.11618604010483345,0.06173344260866611,0.26452177798368254,0.05774963893626896,0.3967130522772596,0.4084212757117638,0.28800424018866944,0.49810892007539126,0.3685478904044443,0.30033660363524545,0.10736425895456159,0.4868138558876471,0.3668617413518389
2023-06-26 08:00:00,0.3758127614852289,0.5591447007511807,0.4168690283410809,0.42526679407851736,0.16518372309239682,0.11552321636267664,0.39850297361919035,0.5669309986945542,0.27026073889073543,0.557162189280827,0.5370757859505227,0.37012883450388856,0.25289179639117804,0.5850222504241402,0.25219752035849313,0.1924293581090318,0.21808899768752923,0.4253079725583952,0.17879437051467867,0.6208765506848422,0.5822236527544,0.44255217436398425,0.6547588372847274,0.541457132398363,0.4472318187364237,0.1696838594987201,0.6062684380100993,0.5409309439112214
2023-06-26 09:00:00,0.5410766725914404,0.6664631072541021,0.5361446797074151,0.5455802478740638,0.2439336394124877,0.21133765929382903,0.5014644276047749,0.644673146140652,0.39189098469190325,0.636895138996016,0.6204768350893609,0.5277416109826571,0.38265431784801685,0.6684127730836976,0.37542402188788965,0.3025098314091733,0.3708994938393587,0.5586089280809728,0.3019839940965834,0.6735207312982763,0.6669064547377259,0.5699082226531781,0.7485589480216297,0.6697729639006056,0.6686657820267503,0.2992657020772672,0.7070655843678834,0.6684031356803245
2023-06-26 10:00:00,0.6916684434232138,0.7390735688791719,0.6378266433101093,0.6948871320139488,0.27848202012279494,0.26719692717941834,0.6052077749322305,0.7040614266984143,0.5224811367553155,0.7033975109136126,0.6919443572769121,0.7159157003540836,0.47809467169894815,0.7138248110334594,0.48010133836666846,0.3961396031331297,0.397714937943739,0.7150153838290434,0.35174010250128995,0.7304378774543802,0.7122030099435404,0.706407517825789,0.7217304127403263,0.7276904229193553,0.7509317152473376,0.35234464881181254,0.7577194400476147,0.7235202646732866
2023-06-26 11:00:00,0.7484870876010297,0.762298613611158,0.7099039531187885,0.6299752706338451,0.28782077935522776,0.3186690634340862,0.6731896617731913,0.7390552504827331,0.62048163008078,0.7364887938588893,0.7300006025368969,0.7158186825214637,0.5851174716457774,0.7522534078318774,0.561535653111369,0.5195181355726431,0.42393426853752575,0.7623831236671691,0.3881420807931979,0.72115122726384,0.7523053246948984,0.7600477855421586,0.7216561352817513,0.6994596474028082,0.7057590704391407,0.3955138659181858,0.757044611412896,0.7052482044403618
2023-06-26 12:00:00,0.700197221706025,0.7378339969893194,0.662119661393954,0.6654810071492094,0.33510120466489185,0.3259515930050289,0.6689928678688625,0.74709527192412,0.6741595631891508,0.7318763449709713,0.7347232189700754,0.6914088007469794,0.6758529956917999,0.7557885903943853,0.7215477280354031,0.6710576944355269,0.5425954072511717,0.7242697845677606,0.48197534397834885,0.7388903390557477,0.7535394355076918,0.7046706810938589,0.7309167151048196,0.6810142786035771,0.6949813604118559,0.4415412254855156,0.7205718081574292,0.6798800265741903
2023-06-26 13:00:00,0.6992684010287975,0.7021664632143034,0.7330706722462585,0.6644773662352513,0.3119558890592342,0.30861318853108427,0.7351041960768119,0.7747440011943789,0.720234555734596,0.7736038256583686,0.7688881547900841,0.6725238963585181,0.7469591653681672,0.7761515736383804,0.7568035090376037,0.7319613047784254,0.5075430730870579,0.7178494320560503,0.4628067928244225,0.7850953719881024,0.7756123605592442,0.7088304692284781,0.732874339373042,0.7017051166639314,0.6866331342471358,0.4432681080091476,0.7299914853742181,0.6991839631702792
2023-06-26 14:00:00,0.6893658925608276,0.6751246821962611,0.7164378630797424,0.6638206057861802,0.28955947897288187,0.31004771584604923,0.7305311285330206,0.7644194281531655,0.6852923358444207,0.7628176119201847,0.758505928100325,0.6977238644349757,0.6970218613574009,0.7737167222593013,0.7604523832693423,0.7234223483875477,0.5050512838180076,0.7051337867980227,0.47823704553797464,0.7682723204313167,0.7739065223803487,0.7165311659405654,0.7267972026157776,0.6924795684087721,0.7210403528641612,0.391528131102605,0.7038928599294819,0.7004385972444409
2023-06-26 15:00:00,0.6929704221354109,0.6372658173794262,0.7227505911774224,0.5581055209766554,0.24733960028370375,0.3262497128080112,0.7505678705079823,0.7644013979554561,0.6736252664306762,0.7581570730806626,0.7576464277064472,0.6349295092820993,0.6735452659262188,0.7738745814870295,0.7411344967891715,0.711265181598221,0.5093202576200258,0.7234039332101704,0.48933167061048943,0.7361725674596702,0.7743137653039738,0.713305572951104,0.6320877714078685,0.6664983783999044,0.6675726716687937,0.387096987834481,0.6646809853879768,0.6755581876652403
2023-06-26 16:00:00,0.6774263521087913,0.6260960939051525,0.6680873472790747,0.6010409585644868,0.27653683362847936,0.34449443084880293,0.690051325285251,0.7319157378751391,0.6516371655901164,0.7201246678366938,0.7147727060482595,0.6283796760853781,0.6441424296753666,0.7547360277023454,0.6870095270969236,0.6932266337234523,0.48676824268065993,0.7024352233962112,0.48752204579094677,0.7275221253358858,0.7551935805246422,0.6783010237349304,0.6032382320893629,0.6844328119036146,0.6542784914496167,0.3934754751146887,0.6387160085783349,0.68932077529249
2023-06-26 17:00:00,0.6838158906213817,0.6038027021106823,0.6444304926597746,0.571587826970386,0.26578131025660173,0.2928924286385977,0.5747603535893893,0.6191839611284683,0.6619712561703789,0.6701184762135354,0.6295825114774879,0.6389877266998578,0.6481166479957615,0.6475674819944964,0.6622542425672366,0.7044039675529918,0.4357088696745559,0.7133141530581439,0.4220735913516566,0.6472334530965465,0.6549726382645153,0.7080000603540979,0.44213955347290673,0.6509944501201774,0.5734640194424596,0.3415398912253783,0.5985640356176642,0.6396191432878002
2023-06-26 18:00:00,0.6205313274052922,0.5245643050576702,0.5637725703494403,0.5011857978005196,0.22619825510485747,0.2563849138747828,0.5815759528557719,0.6132884448887729,0.5712903450858106,0.6374232314180756,0.6401592479790945,0.5599056324216458,0.5579843486058924,0.594552757370078,0.5879828529529544,0.6384274433171155,0.37979273277675357,0.6068687036099976,0.38089679400357496,0.5358194581027405,0.5925401392461038,0.6310336902025698,0.4295476337542315,0.5973659194816927,0.5800448145658194,0.2826642590109362,0.5181261959811944,0.5930544207709497
2023-06-26 19:00:00,0.5419786133207115,0.47890351016058086,0.446603382587124,0.39289473234789885,0.20136958848273134,0.22658022240376915,0.40678175931395427,0.501296137048807,0.5245170108283524,0.49185047837281914,0.49629515969758287,0.46437943013820066,0.5408608501128059,0.5329577918569197,0.548717857039057,0.6045062016897506,0.25920539071357207,0.553682283605509,0.2664627508509109,0.4573659474478201,0.5337040263053202,0.542284522205915,0.3040160415311607,0.4956993249864956,0.4347493022124535,0.2469566615299686,0.41752404625739264,0.5027851605021231
2023-06-26 20:00:00,0.3922520243005307,0.46117340213719865,0.3796299386576844,0.28876527032056115,0.14028790651733097,0.18206270686459242,0.344201701816982,0.37751252372534777,0.45170579983389364,0.40524129057381997,0.4174158955266803,0.31438157849534065,0.4946783626023051,0.3543507577647755,0.5758616351993462,0.5518562554112981,0.20399899010282466,0.31612586805635556,0.17689180109101493,0.2822210459302336,0.3500321123935901,0.34405752303149045,0.3358523264650224,0.3896974973139067,0.37367228582968237,0.2150453039848485,0.3682608237003069,0.3900979834413118
2023-06-26 21:00:00,0.22054142051716963,0.3454460743114388,0.24758987571445315,0.24632278911828698,0.12236237826615269,0.13676317099990967,0.22022428090171906,0.2567051518132563,0.29026597396304293,0.29331150894812696,0.27912739646013696,0.17527207588732654,0.3618893683581216,0.23839417786109435,0.4228619234425666,0.41012089528348544,0.16176821887402365,0.1390320580323253,0.14495030087352923,0.25647172783168665,0.23699164450879706,0.18048816194247633,0.18583001379632716,0.264937688095256,0.21481760877887235,0.17426440084760564,0.2489403367060416,0.2587182028157324
2023-06-26 22:00:00,0.007403069924646395,0.05322384323086885,0.0,0.0,0.05940458234721671,0.0825256989386398,0.0,0.0,0.11286735343661596,0.0,0.0,0.0,0.1562931999159958,0.0,0.25243017804275164,0.25000181486892636,0.08438357975460374,0.0,0.1026732853580886,0.0,0.0,0.0,0.0,0.0,0.0,0.11490901909443421,0.012359815437391052,0.0
2023-06-26 23:00:00,0.0,0.0,0.0,0.0,0.00670573326061094,0.00012182551641938202,0.0,0.0,0.0,0.0,0.0,0.0,0.0,0.0,0.0,0.0,0.0,0.0,0.0,0.0,0.0,0.0,0.0,0.0,0.0,0.00011105023461122575,0.0,0.0
2023-06-27 00:00:00,0.0,0.0,0.0,0.0,0.0,0.0,0.0,0.0,0.0,0.0,0.0,0.0,0.0,0.0,0.0,0.0,0.0,0.0,0.0,0.0,0.0,0.0,0.0,0.0,0.0,0.0,0.0,0.0
2023-06-27 01:00:00,0.0,0.0,0.0,0.0,0.0,0.0,0.0,0.0,0.0,0.0,0.0,0.0,0.0,0.0,0.0,0.0,0.0,0.0,0.0,0.0,0.0,0.0,0.0,0.0,0.0,0.0,0.0,0.0
2023-06-27 02:00:00,0.0,0.0,0.0,0.0,0.0,0.0,0.0,0.0,0.0,0.0,0.0,0.0,0.0,0.0,0.0,0.0,0.0,0.0,0.0,0.0,0.0,0.0,0.0,0.0,0.0,0.0,0.0,0.0
2023-06-27 03:00:00,0.0,0.0,0.0,0.0,0.0,0.0,0.0,0.0,0.0,0.0,0.0,0.0,0.0,0.0,0.0,0.0,0.0,0.0,0.0,0.0,0.0,0.0,0.0,0.0,0.0,0.0,0.0,0.0
2023-06-27 04:00:00,0.0,0.0,0.0,0.0,0.0,0.0,0.0,0.0,0.0,0.0,0.0,0.0,0.0,0.0,0.0,0.0,0.0,0.0,0.0,0.0,0.0,0.0,0.0,0.0,0.0,0.0,0.0,0.0
2023-06-27 05:00:00,0.0,0.0,0.0,0.0,0.0,0.0,0.0,0.0,0.0,0.0,0.0,0.0,0.0,0.0,0.0,0.0,0.0,0.0,0.0,0.0,0.0,0.0,0.0,0.0,0.0,0.0,0.0,0.0
2023-06-27 06:00:00,0.11295566662786197,0.26968416721153726,0.05552690136546801,0.20050646340055264,0.047825489598878494,0.052879090742785434,0.1377931442295989,0.27350236958821983,0.07089776335714473,0.2592243804498304,0.2724864990474145,0.08603313878202269,0.07076969549025786,0.27544334037041013,0.2235389020137205,0.10178009033346548,0.04732661258138535,0.14356541041910673,0.04018348651740253,0.23750197009941912,0.2731951727199833,0.14343431363523343,0.36427953054817114,0.29963361615505396,0.2508815939233307,0.131414729173277,0.29657782882249845,0.30738654021947204
2023-06-27 07:00:00,0.2905982941989653,0.44220340972738276,0.2209638266283413,0.26145889277962175,0.10095447246976137,0.1520191732294461,0.28753954817229194,0.40270057161524137,0.21498450791106372,0.3719638376194568,0.38319727541263626,0.14100440776833548,0.24163664065409063,0.4206417775929816,0.34544595859522187,0.3616834687291059,0.15212433811369322,0.2679129533516633,0.11017749146432404,0.3810807963657794,0.41783532213535823,0.24253842392531666,0.5589257632521805,0.4776474664934091,0.4300852977646146,0.2556941692395518,0.5027016140934595,0.49346037056596
2023-06-27 08:00:00,0.4657115319935099,0.5990952468465989,0.34372104505707723,0.44000274820607,0.1862957512426522,0.28187022652040084,0.40426338144719937,0.5535149068493443,0.3175015652934026,0.5422552918331962,0.536295561354473,0.3747330715840556,0.34695202833211947,0.5797753804745177,0.47446476798133236,0.49876478145001935,0.24952530487521346,0.4753799766697318,0.20721413979829426,0.523590891790896,0.5772787863771831,0.4669191078723083,0.6605581619319344,0.5948069812430312,0.5779087262374086,0.3692263520522153,0.6140400509647124,0.5981984985496049
2023-06-27 09:00:00,0.5757567776296914,0.6734796610691745,0.4720508582807839,0.5650957884291415,0.3333137612582218,0.4041420099697728,0.5351144845901245,0.6527962133255585,0.3907083851930662,0.647276775322531,0.64121210953262,0.5045039848239805,0.4548671362158688,0.6633366713610536,0.6335574022420573,0.6102883542076077,0.38272957374041244,0.5715165202978715,0.3527015396476198,0.68593118439244,0.6611694603375488,0.5748146532148116,0.7420287930430438,0.6405085518421514,0.6815973546588687,0.5103385418815517,0.6758632373326525,0.6444406268877341
2023-06-27 10:00:00,0.6858121482475313,0.7275070539165146,0.5781555265710328,0.6551262385956854,0.42346598234623695,0.496660778683081,0.6103608769361696,0.7005192115702884,0.4978992789185576,0.6988472782257243,0.6994901902125117,0.7062759201904729,0.5446663749541493,0.7041951575148157,0.7021959315296239,0.6636859641930604,0.4483336901722262,0.7280090116920629,0.43389962058421067,0.6779305024431297,0.7017376989871826,0.7337982506674287,0.769656247942758,0.687929679908873,0.7425548532229539,0.5895786096730288,0.7145351255251025,0.6774262535508225
2023-06-27 11:00:00,0.7213200553157353,0.7097793103046338,0.6235385414446997,0.6814780744046541,0.4255732191906565,0.5252355653348596,0.6657578981944351,0.7367845325043315,0.580890763362189,0.7292097815696771,0.7278857521805,0.7433042546036123,0.6279489109652536,0.7545448940013553,0.7309593001896735,0.7193465843627348,0.5260933487150159,0.7696715351148556,0.5406295317848684,0.7088041089578775,0.7540728047059889,0.7705117351591664,0.7577824859818785,0.6960605372974882,0.7462960009344612,0.5941093815461966,0.6664120018721508,0.7165888876534363
2023-06-27 12:00:00,0.73148609132393,0.6581199813508436,0.6522360652149968,0.7236313416928909,0.4630857319188673,0.5785792858501169,0.6512679532911245,0.6965734061691412,0.6328208829567351,0.7199332064395103,0.7038490214104222,0.7607841863715596,0.650546923000514,0.7068252724392209,0.7175493601812925,0.713295434715334,0.6235411595824503,0.7245112711113313,0.6478960579761261,0.7135754783262223,0.7097861487299468,0.7565346193157264,0.7024122682172743,0.700249664018169,0.716319506655395,0.6010435297347789,0.6554613861574824,0.7165360863146334
2023-06-27 13:00:00,0.7542362757047786,0.6478094991391499,0.7006656093294945,0.7013043583669892,0.4804382222844735,0.5631082108390814,0.6682564051789069,0.714767611865916,0.6692874180838458,0.7333639141363008,0.7179533714349087,0.7607224270877282,0.6766971762521878,0.7285245073216843,0.685691339285655,0.7189038246913759,0.6518228821069348,0.7585457392078215,0.7011026055783937,0.696052278104721,0.7306871462164904,0.7718821215151351,0.6521939849868937,0.6701374864873718,0.6625541621866108,0.5589507853352298,0.6168518760839226,0.6829340316321886
2023-06-27 14:00:00,0.7548450088025345,0.6765677816239619,0.7164486814133825,0.7136008650580228,0.5049807303369169,0.5622186451499208,0.7092129830296748,0.7515224888006622,0.6971769382502642,0.7484553876484534,0.7408485965471399,0.7494265632736486,0.7247926661511919,0.7718621701056114,0.664003455646215,0.714576588925173,0.6854087957184867,0.7647898975770678,0.724855668112865,0.7430629260344891,0.7731793698197309,0.7683248797946161,0.48593048477214146,0.6820864772205222,0.5495759760655485,0.556426930453943,0.6298124358742919,0.6940129155768664
2023-06-27 15:00:00,0.7015714585838435,0.6576426670695865,0.6942727315427828,0.6166558097060708,0.5028380523035143,0.5389695217505315,0.7093884509846493,0.749936234194191,0.6810916532229435,0.7508195162877689,0.7441845475997639,0.6608280899400535,0.7060740487885027,0.7588336711842607,0.6132494316051949,0.6792762242772061,0.6716928986144929,0.7318534765635848,0.7057037177834186,0.7610253339679134,0.7591255808219772,0.7194485494346323,0.43173654259545763,0.654222563803812,0.5272787492323546,0.5413446601104667,0.6584047392790963,0.6720252073850572
2023-06-27 16:00:00,0.5996517772991031,0.6003597516411585,0.6672448532606373,0.5313433030813176,0.4923089563351591,0.5391987736340171,0.7188807182940194,0.7449771663589478,0.5788467728732835,0.7463552531981243,0.7438506655574552,0.5834807689523342,0.620093068644817,0.7491367362698566,0.6072851536330282,0.6300107137201454,0.6767557102396007,0.664500557700359,0.6736082839074665,0.7066448522429644,0.7499295839019706,0.6645322961236579,0.31480983742997964,0.6396639266483639,0.49094392927363784,0.5295563262575929,0.620467390508716,0.6408731260076044
2023-06-27 17:00:00,0.568732448322663,0.5610471440351352,0.5258771532725074,0.42912092649328354,0.5068491101494167,0.5236148854533437,0.5483612241253245,0.6117883383347401,0.5796587550081728,0.6856629561371472,0.6418504886559577,0.5092795387514598,0.604914844215454,0.6201440768216676,0.5768444713931037,0.587417205004171,0.6422734351572423,0.6304411726754026,0.634805309426595,0.6032899452327601,0.6264212296104261,0.635589734590975,0.38183943723839436,0.5932770376341533,0.4675832197417494,0.5172714615812333,0.5943847011466641,0.6092138335884674
2023-06-27 18:00:00,0.5197434504062618,0.4841735528478358,0.5593165065539992,0.41720915145904186,0.4786186071573819,0.515960457699574,0.6164515302950938,0.6393695843113113,0.5044597985151852,0.6633498281798584,0.6676277709684391,0.4390453050896894,0.5301175980174048,0.6050057037967372,0.5710696152116693,0.5449932525790309,0.6183202490375816,0.5416136489042199,0.6131909358082505,0.5733335267672159,0.600938235899217,0.5501485183066347,0.37027970653270925,0.553498480379778,0.4194012706671785,0.5237525694747118,0.4986696313041911,0.5568890705474652
2023-06-27 19:00:00,0.4004770495395119,0.3958673664151009,0.49414240187112995,0.33739825474995233,0.4253116147145872,0.43476963564981924,0.5184152250002974,0.5213902440308855,0.42607698149919776,0.5636204459782164,0.5673436969259394,0.27053360238546414,0.4648910739388255,0.4683439970774033,0.44095359193042444,0.4552886857662872,0.5681479114657808,0.3929167544605116,0.605067773129604,0.39704221661438355,0.4613510647109418,0.41216784675860474,0.3539917182383833,0.4828025041270819,0.3636711742144842,0.4280090024519497,0.4336228966863508,0.4717453341580502
2023-06-27 20:00:00,0.27664845493119633,0.27461024598333156,0.38567789480168924,0.24005646198237443,0.3770583191053598,0.4415672622518781,0.4120572147264292,0.40049989900619726,0.34893256781419857,0.4784261862285618,0.47368779391202176,0.16829737363553832,0.3984974200273269,0.3284904796087141,0.4499154681316082,0.43668607645228147,0.5396450183335413,0.2712526209594674,0.5092912448338518,0.2798750575287219,0.3221241248560161,0.29983568427276447,0.21796843849127084,0.3477888445701386,0.30959986588978944,0.399760745210935,0.30284891779166445,0.35472068821760083
2023-06-27 21:00:00,0.1929684298583641,0.22448694482348644,0.22333960244097334,0.2029053696321551,0.33816471503239043,0.35169074213539475,0.1964756636356547,0.2082159407541356,0.24175323288070294,0.23764660577104757,0.24394585393399126,0.13706309634497962,0.28903365998225744,0.19274118525805373,0.3330358839669533,0.32219989572946955,0.3916376469971646,0.19050986309473272,0.3830464287953203,0.17315653329264402,0.19219603562157817,0.17373589918966822,0.12661037446855208,0.21789442257657407,0.16997998946047577,0.3293293034134151,0.23881953443295942,0.2144112687102336
2023-06-27 22:00:00,0.002991406427326455,0.03750261614282862,0.0,0.0,0.20424177239120994,0.24954650821209806,0.0,0.0,0.10438560112835778,0.0,0.0,0.0,0.12297472855279327,0.0,0.21531555313347248,0.19461833365299455,0.2507140987300523,0.0,0.2437889026035857,0.0,0.0,0.0,0.0,0.0,0.0,0.22731909178606513,0.022237979869756102,0.0
2023-06-27 23:00:00,0.0,0.0,0.0,0.0,0.07292446517121517,0.00900710166169586,0.0,0.0,0.0,0.0,0.0,0.0,0.0,0.0,0.0,0.0,0.0,0.0,0.0,0.0,0.0,0.0,0.0,0.0,0.0,0.004202082341021013,0.0,0.0
2023-06-28 00:00:00,0.0,0.0,0.0,0.0,0.0,0.0,0.0,0.0,0.0,0.0,0.0,0.0,0.0,0.0,0.0,0.0,0.0,0.0,0.0,0.0,0.0,0.0,0.0,0.0,0.0,0.0,0.0,0.0
2023-06-28 01:00:00,0.0,0.0,0.0,0.0,0.0,0.0,0.0,0.0,0.0,0.0,0.0,0.0,0.0,0.0,0.0,0.0,0.0,0.0,0.0,0.0,0.0,0.0,0.0,0.0,0.0,0.0,0.0,0.0
2023-06-28 02:00:00,0.0,0.0,0.0,0.0,0.0,0.0,0.0,0.0,0.0,0.0,0.0,0.0,0.0,0.0,0.0,0.0,0.0,0.0,0.0,0.0,0.0,0.0,0.0,0.0,0.0,0.0,0.0,0.0
2023-06-28 03:00:00,0.0,0.0,0.0,0.0,0.0,0.0,0.0,0.0,0.0,0.0,0.0,0.0,0.0,0.0,0.0,0.0,0.0,0.0,0.0,0.0,0.0,0.0,0.0,0.0,0.0,0.0,0.0,0.0
2023-06-28 04:00:00,0.0,0.0,0.0,0.0,0.0,0.0,0.0,0.0,0.0,0.0,0.0,0.0,0.0,0.0,0.0,0.0,0.0,0.0,0.0,0.0,0.0,0.0,0.0,0.0,0.0,0.0,0.0,0.0
2023-06-28 05:00:00,0.0,0.0,0.0,0.0,0.0,0.0,0.0,0.0,0.0,0.0,0.0,0.0,0.0,0.0,0.0,0.0,0.0,0.0,0.0,0.0,0.0,0.0,0.0,0.0,0.0,0.0,0.0,0.0
2023-06-28 06:00:00,0.06668085714804724,0.24665197702365488,0.0,0.13988269329344818,0.1385327143537818,0.10053945198545478,0.08745271776546382,0.22191050705642842,0.06787499201776889,0.18296695341648822,0.19832075567170154,0.06057055471547671,0.09388648950691132,0.26998328824078643,0.1521205817101224,0.08433055194842375,0.03659208770789004,0.11151045842564915,0.024207350226560776,0.24659223105397265,0.2691259214405261,0.12118659221271631,0.20439576285201366,0.30617168088074553,0.30575169522379003,0.19262996744081945,0.36113414270433,0.2994147528725102
2023-06-28 07:00:00,0.19514052348086022,0.40300853021545935,0.16845026165423205,0.19470758334119279,0.24127004976393243,0.17884174795395436,0.28980776243255424,0.4086044970613565,0.14934431240539617,0.4049595638432896,0.3967129621189289,0.10525887430388224,0.18229118796626742,0.4237096188566321,0.21016560516473573,0.14030118555985047,0.06929536896627803,0.21582195063038903,0.048166432240891226,0.403542436622763,0.4231086127338389,0.22892132532695933,0.38795553734790333,0.4825487091633928,0.448630306261132,0.2592221448634312,0.5473228398505098,0.47824251552672503
2023-06-28 08:00:00,0.2969236569693913,0.5158268824211532,0.2738592138317225,0.340592624577472,0.3229093063611939,0.22686994506557798,0.3996677474416499,0.552241946624953,0.22321167621023863,0.5505780947583571,0.5381073884685559,0.21449459738529003,0.24598548128423933,0.5664464597196263,0.24541959276531883,0.18843664492080117,0.08856615806220594,0.32658872147151935,0.08047697454193209,0.5742998148338786,0.5644667983113144,0.3417579974599892,0.5727725284431989,0.6116217044867247,0.5995887912542183,0.3164669394317927,0.6578176824794085,0.6183540320331955
2023-06-28 09:00:00,0.42032946519341763,0.6308783845302508,0.39830800032387825,0.5496277266746722,0.39457019168556823,0.31008799739737636,0.5106551068747739,0.6537839763852507,0.42295216280121706,0.6440057829907574,0.6324748147569382,0.3749724375938518,0.4427611108787304,0.6757042031853405,0.3920899646427678,0.3476262921205742,0.17601197587343984,0.4064458647742762,0.14411280750363212,0.6958270767146493,0.6757969247404578,0.45399166841042277,0.7174649739318423,0.6900422446852652,0.7223141131940938,0.42418406605121717,0.7183789598980721,0.6960420264515342
2023-06-28 10:00:00,0.625350352011095,0.7062824630678483,0.5110097628039827,0.69352151813152,0.446498071377745,0.3881460315738121,0.5791383851591378,0.6945792122309443,0.5811021059022852,0.6881274272922674,0.6793049793367754,0.6521053897244548,0.6543962208909104,0.7138309304102902,0.5874868976890348,0.5864897122230603,0.18806423116120138,0.6797788372145219,0.1686414611377897,0.7077059637117434,0.7128487161156979,0.6666558875379757,0.7609359681071656,0.7441075707853612,0.7729007801098354,0.5349475622807108,0.744178506170893,0.7393675841864725
2023-06-28 11:00:00,0.671162483726025,0.7093204028485585,0.6342850017444266,0.6698934700303361,0.4704119517779973,0.42163073985116656,0.6938927153867587,0.7379055996057291,0.6144471502568132,0.7321379609877986,0.7441626784656297,0.7205345926016207,0.6935928412453148,0.7393100753761743,0.6807463407203794,0.6624388170153049,0.20575241216372653,0.7445542576862868,0.182059066749348,0.6542149832854615,0.7392849964506492,0.7564498256779699,0.7677579714658457,0.7210766655062774,0.7607092876162764,0.5809837265904949,0.7046792610212366,0.7253892688648657
2023-06-28 12:00:00,0.6319282771168567,0.711562696381782,0.6138690061900801,0.71182464884447,0.445022266413304,0.39246109625285247,0.6544750839132533,0.7222990494649095,0.618907484508754,0.7278745630782906,0.7149922930857852,0.6870244143830704,0.7041515596842218,0.7526068500354081,0.6346274094883975,0.639082285130418,0.19632623727815812,0.7032858746769014,0.1875042109038048,0.6974093421231714,0.7553771662201237,0.6967246858267724,0.7210942181294334,0.6838190070689648,0.7370862051576818,0.5687211510347349,0.7018205347958016,0.6995480737840979
2023-06-28 13:00:00,0.6831748330977823,0.7145490496014112,0.6621343194679116,0.7175945604515247,0.45762975203047435,0.33497421962167745,0.6989505875953168,0.7379178204602127,0.6143612786212372,0.7553940225084672,0.7386075447436138,0.705583436523387,0.694152251620595,0.7573360223893073,0.5599386404444968,0.6150911215469468,0.1798865598312677,0.7292855108712889,0.15637245238563516,0.7485895527666495,0.7623275933406812,0.7285010821980592,0.683489559389858,0.7199872744081148,0.7167394743242937,0.49282398612201506,0.720467697769079,0.7300284528555023
2023-06-28 14:00:00,0.7198287250309043,0.6856344151390897,0.6630462338964682,0.723009760458583,0.4582159807043248,0.27797246474732296,0.6971918632759254,0.7455481830045693,0.5850831845510244,0.7460978981207375,0.730663532220312,0.7300493202223886,0.6366713903424972,0.7727061091904024,0.5522505703001471,0.5278842341833273,0.19322014359289272,0.7416730274035969,0.21069626587314932,0.7392423856252572,0.7754363519611223,0.7634361728331857,0.6389176365648683,0.6800040340153565,0.6795731657100884,0.46285361560055555,0.6866173005731512,0.6930566690657265
2023-06-28 15:00:00,0.679028635581393,0.6571099525790488,0.6625776289735436,0.6805544196785686,0.4122581961040353,0.23342469249444175,0.6994419649707053,0.7595344348858125,0.5639909852133186,0.7536003750299003,0.7416427305825288,0.7126372379056704,0.6176914613081402,0.7810987340340931,0.4792378370756603,0.49776469442953203,0.18439115756136995,0.7427120252636322,0.19853587948621068,0.7747115973953046,0.7829732769052442,0.7534006461666943,0.6044229420296111,0.6677785928360045,0.6053775216010457,0.37214770883510584,0.6859923476904781,0.6786323035011181
2023-06-28 16:00:00,0.6346258639513104,0.5710283831906059,0.6574476818683009,0.6556342113098154,0.3860408159946407,0.156767722396742,0.700004903430997,0.741635326030559,0.5076993896100518,0.732565575282045,0.725045020411328,0.6470271340828557,0.5664691809147632,0.760753980503762,0.3828973211786048,0.45054603800702786,0.18266743214004502,0.6608973003691966,0.17753810223527533,0.7543045843998919,0.7626664015495788,0.6766604975712284,0.5738123604820743,0.6655552513588538,0.5947200467682308,0.27925056871734844,0.6430394444165646,0.6598299179749472
2023-06-28 17:00:00,0.5639644785611073,0.5634176632688939,0.5995746787164102,0.6674764918606241,0.3329656448625578,0.12401266615846275,0.6589660049099294,0.706400177761922,0.44742418581593435,0.6874797828201205,0.6848859344245303,0.6582472263219885,0.5129139683745627,0.7303974350264478,0.31511654610593837,0.4077378464419972,0.1513864710184781,0.6309218232188192,0.15812784857739062,0.71969290444272,0.7321686239723311,0.6527794530027254,0.4923183607637472,0.6557449732990093,0.5649062275586402,0.24103203683155283,0.6435521172199213,0.6479267821934864
2023-06-28 18:00:00,0.518122473667568,0.4840921774385368,0.5358240540997973,0.6583920334915606,0.2654930793477686,0.10200177868118941,0.602667772187932,0.6645662888801748,0.3658370666496106,0.6320073770638523,0.6374938415921578,0.6066354672066017,0.4112614673306281,0.6921232311352312,0.22740074134836408,0.2829895494092256,0.10449277332336819,0.5720769989667076,0.11435210353607546,0.6873861657933646,0.6931870218882464,0.5842256259087432,0.3480927505697953,0.5865158096754419,0.5052261792380297,0.17013499897885398,0.5837904584011239,0.5743446243744472
2023-06-28 19:00:00,0.46712508601661246,0.3917272427623683,0.46875601058014105,0.538785976337548,0.21997543092727534,0.06672463900768927,0.5475565657253844,0.6196128388658737,0.3354019995695718,0.6119262421855317,0.610589927134204,0.48141561711901826,0.38197374094107756,0.6356153352352352,0.18781077179361277,0.22960452360504094,0.10281912712580614,0.5374182779271667,0.11205943817781294,0.6286268228978125,0.6361361960147751,0.5311219242856327,0.317870992762498,0.41900904800706884,0.4620508047946794,0.11262505822834291,0.5098535761361214,0.41574214769028
2023-06-28 20:00:00,0.3253626384911329,0.27745592579848954,0.3704655929417435,0.4779890550865412,0.11884077824007953,0.02965260920281153,0.4592086642802058,0.5201524620593521,0.19585305040337553,0.5131218861292274,0.5109581599215848,0.4031925266164036,0.23712124747077037,0.5261064537833764,0.06614762110769777,0.10591522551498755,0.09976974714670296,0.39675698859387526,0.1158902134006238,0.5227566593151092,0.5257522805327212,0.4324763472524809,0.21486234220525632,0.3427586185962399,0.33499433161379116,0.04954603605407185,0.34635529439718615,0.34524177640414344
2023-06-28 21:00:00,0.1627997590450528,0.14620182957395386,0.21576364343055857,0.26735158170513174,0.07106891831345719,0.012731291385245754,0.29087588952438864,0.31769515921226943,0.07987148510132874,0.29922855511168167,0.3074093224525425,0.2419085024425764,0.09510005602289714,0.3202760931736528,0.009241819372369807,0.03023549955868881,0.0460423491074895,0.16158225378771476,0.08425093644936585,0.31863229916884184,0.3205000769457752,0.22053517857881832,0.1059892834420638,0.1916561572612785,0.20100211391123582,0.016351877283809914,0.20155564866805328,0.21178492419170808
2023-06-28 22:00:00,7.939670980519416e-05,0.000264951281172443,0.0,0.0,0.03872052777815261,0.0044600264274234315,0.0,0.0,0.017266743540853235,0.0,0.0,0.0,0.020523170706422067,0.0,0.0014228391557940417,0.01615018843798325,0.04201190766687137,0.0,0.020704811010776508,0.0,0.0,0.0,0.0,0.0,0.0,0.0031415368846758273,0.0013820720476870041,0.0
2023-06-28 23:00:00,0.0,0.0,0.0,0.0,0.012941588406001571,0.0,0.0,0.0,0.0,0.0,0.0,0.0,0.0,0.0,0.0,0.0,0.0,0.0,0.0,0.0,0.0,0.0,0.0,0.0,0.0,1.1133188541992382e-05,0.0,0.0
2023-06-29 00:00:00,0.0,0.0,0.0,0.0,0.0,0.0,0.0,0.0,0.0,0.0,0.0,0.0,0.0,0.0,0.0,0.0,0.0,0.0,0.0,0.0,0.0,0.0,0.0,0.0,0.0,0.0,0.0,0.0
2023-06-29 01:00:00,0.0,0.0,0.0,0.0,0.0,0.0,0.0,0.0,0.0,0.0,0.0,0.0,0.0,0.0,0.0,0.0,0.0,0.0,0.0,0.0,0.0,0.0,0.0,0.0,0.0,0.0,0.0,0.0
2023-06-29 02:00:00,0.0,0.0,0.0,0.0,0.0,0.0,0.0,0.0,0.0,0.0,0.0,0.0,0.0,0.0,0.0,0.0,0.0,0.0,0.0,0.0,0.0,0.0,0.0,0.0,0.0,0.0,0.0,0.0
2023-06-29 03:00:00,0.0,0.0,0.0,0.0,0.0,0.0,0.0,0.0,0.0,0.0,0.0,0.0,0.0,0.0,0.0,0.0,0.0,0.0,0.0,0.0,0.0,0.0,0.0,0.0,0.0,0.0,0.0,0.0
2023-06-29 04:00:00,0.0,0.0,0.0,0.0,0.0,0.0,0.0,0.0,0.0,0.0,0.0,0.0,0.0,0.0,0.0,0.0,0.0,0.0,0.0,0.0,0.0,0.0,0.0,0.0,0.0,0.0,0.0,0.0
2023-06-29 05:00:00,0.0,0.0,0.0,0.0,0.0,0.0,0.0,0.0,0.0,0.0,0.0,0.0,0.0,0.0,0.0,0.0,0.0,0.0,0.0,0.0,0.0,0.0,0.0,0.0,0.0,0.0,0.0,0.0
2023-06-29 06:00:00,0.05235681362184706,0.11003124794644624,0.0,0.05856084494388539,0.0486890766299771,0.03354526353979811,0.007724529213086619,0.01509736288247355,0.05428562431620197,0.01091459494726144,0.009370378631674194,0.033260078170499946,0.052448792948278006,0.023423105990214726,0.017353366035545832,0.019689696584746227,0.009035023874271821,0.059712741962338146,0.006178055050409106,0.027283009812481534,0.023902462957222117,0.04221011764491562,0.39891446255323393,0.11840783224799793,0.277667401413265,0.029981417834543136,0.10823103414060563,0.16816924676901376
2023-06-29 07:00:00,0.05587008560390675,0.26422192895776375,0.023446147251106296,0.1391716310829965,0.12242538576635455,0.06447625665851435,0.04376218032510366,0.048977169446435626,0.05246265129803532,0.027313327320518332,0.036148249347607894,0.08262049208751554,0.05498730552152801,0.06392555933284692,0.014438441142918328,0.016314420306179304,0.056046982250471174,0.038496652256016915,0.07807913423657123,0.04134736807142779,0.06427694111564283,0.04208950436052522,0.581033584608542,0.24116007170151949,0.36004448901986524,0.077587762451372,0.2231909861957443,0.3247134966443418
2023-06-29 08:00:00,0.12320922902029285,0.3650307355952321,0.11338586965403114,0.18312134476418143,0.21133583294200742,0.10612491561739335,0.0743264819519347,0.10644961331910324,0.08200070906408209,0.08752229777128034,0.09580252874577372,0.12206722068655368,0.08105120782315405,0.13416919682297287,0.03063697345494043,0.029616704665447087,0.10943724081291709,0.12748578408843503,0.09934053728658299,0.09526209545920987,0.136534417089084,0.11405998760063796,0.6783018826528632,0.3451719015048651,0.43418369895076125,0.15338277415720622,0.35433780925719927,0.4210607413539247
2023-06-29 09:00:00,0.27794018566161915,0.4042642690396477,0.21411326856711346,0.3496349308044167,0.34008154736312135,0.2036092342956601,0.2532724509681306,0.35482538946959313,0.14552228340564402,0.3097253756577103,0.3047381600082639,0.33463846913322653,0.14580707875444532,0.4258802562423931,0.05407420343966471,0.0764744778742364,0.1629365415846096,0.4070058491439499,0.16396567383894792,0.37924435658697764,0.4308957736505989,0.34932429422822414,0.724710150293801,0.49669394802344247,0.5380199990765877,0.28045167866622145,0.44509353780860444,0.4856382578582549
2023-06-29 10:00:00,0.33723157511263646,0.4744990413198354,0.29190244108821745,0.5443952530346172,0.39509929611901734,0.2670729269901421,0.3473654930442002,0.41649018709278773,0.22755427083110544,0.30440573006929983,0.3441654560685951,0.5370116352560893,0.2527485139531878,0.5094463307739503,0.05955407340170284,0.11738592864529358,0.2842446171643859,0.41666619070033356,0.266465950017194,0.41552569298001785,0.5130030890641555,0.38992618804419915,0.7419334472657909,0.5702441190631351,0.6121466950607475,0.30755354778137683,0.5768651030946135,0.5378596168881887
2023-06-29 11:00:00,0.43127909699317823,0.47807331167910955,0.38627660299355815,0.5939048786952649,0.5245069114988151,0.4040207869468019,0.5265416936921127,0.6073517899800936,0.3218698322918186,0.5171539900535094,0.5456348695383835,0.5507739618698502,0.30150037531803847,0.6614119871788907,0.08679963641710293,0.15604883501515673,0.42571554743293105,0.5263220798172299,0.36663833363166526,0.5563771081004524,0.6618145515272391,0.5067224481581833,0.7125962149634576,0.5403287852750545,0.6228318562554256,0.39710187568556127,0.6071186651148087,0.5532305420602569
2023-06-29 12:00:00,0.3823430852099266,0.46432904215560816,0.44281309671981656,0.5795058013694945,0.49826591268671605,0.46263887483214633,0.5684227995034188,0.6086440041626383,0.21493580685389288,0.5775425587199617,0.5915313502102728,0.48976960939322456,0.137540757557593,0.624153398305766,0.09725705533570851,0.11115875291541108,0.44660867440347646,0.4083227206960438,0.4063281107940596,0.5573108679903154,0.6226502954636758,0.5166532101903546,0.7057212403317149,0.5432251289713206,0.6141441282820346,0.43823167245823785,0.5886829530380564,0.565547546066765
2023-06-29 13:00:00,0.43492994024722786,0.4683607541960776,0.5049643008315216,0.6769224470803721,0.5100015308322408,0.4325855801741693,0.6051944050427241,0.6799391228888383,0.2548247988264451,0.6579807972801427,0.6535303401037555,0.6213428394693654,0.18051386370743808,0.7301961994469589,0.1132363410076766,0.1566875436791974,0.4785709408909556,0.5245839483563498,0.4267899983943952,0.7178780580847319,0.7348160960855358,0.6130163819503003,0.7176415947596267,0.5696180382948542,0.5973116111865208,0.44174816075007667,0.6167276799865836,0.5843723230008845
2023-06-29 14:00:00,0.5248323444881392,0.4155863207583851,0.5118277284794193,0.674922491437247,0.5045683415507786,0.48313823723247906,0.5712917519957333,0.6316820724581277,0.3482415407565529,0.6231781188137484,0.6099390238119083,0.6149741098817593,0.24651361044173656,0.6936345784157606,0.15320080476567424,0.20598436673232787,0.5055409608952505,0.6401157371554185,0.4748802322098459,0.6927935352578831,0.7014540379798233,0.6412739062508258,0.6936422375077764,0.5227234744815323,0.5555245408639924,0.46108302757124914,0.579780168789692,0.5279900052918914
2023-06-29 15:00:00,0.49317421715158805,0.4687725478043619,0.5239436695040779,0.687139707730905,0.498991345225225,0.4652786115094261,0.6887541260950124,0.7220521348933419,0.33258449118994166,0.6771146530831215,0.67339890645064,0.64906678726938,0.2615134551000151,0.7549712256066038,0.19326281732474515,0.2339098675282001,0.4418006838638021,0.6162156439600635,0.4314044189347019,0.7366088707610774,0.755335676958293,0.6560115886879663,0.6377376825116545,0.5102539231194199,0.4313935819945266,0.4835099893456229,0.5124326873583831,0.5059847287612521
2023-06-29 16:00:00,0.4965624480087462,0.4672342809293034,0.5287229785587514,0.652311230025214,0.525994362292742,0.5223614462995854,0.6902023703682993,0.7126193204429204,0.41443040874671194,0.6501296587892473,0.642704844459058,0.617043046340073,0.3349765607679887,0.7431302194332544,0.23407724682389258,0.26822353637828006,0.49405514542806467,0.5729883815190163,0.4273690776859638,0.7566799987292809,0.7428891560680497,0.6076595394949349,0.563076673971928,0.47965705188484714,0.41506765982357974,0.4854097944922929,0.4837906511486302,0.5056539382254782
2023-06-29 17:00:00,0.5091941847865902,0.5100443589277558,0.5641659425502095,0.5735422716178674,0.47801375877299895,0.45724405985953925,0.6744817171411847,0.7123655892383057,0.4150262016105443,0.7144050714571558,0.7032894914314101,0.48778405764785204,0.34002429928108274,0.7297710788132714,0.25911526311221417,0.30334944873024394,0.5055006773859919,0.5484710859775243,0.43002948975059985,0.7186377156030413,0.7302128432760118,0.5863792099715628,0.4425974615254481,0.5222077764670806,0.3394974055795681,0.46737642432707016,0.4141308833263852,0.5436738580991812
2023-06-29 18:00:00,0.500573332635003,0.45136242112975966,0.5030552584316834,0.564429494136863,0.42864106261394797,0.46222948147075377,0.6119189842560611,0.6534867272381227,0.3692456563490661,0.6366196621062994,0.6176815561179391,0.5453172218696598,0.3111016823193788,0.6840923191837276,0.25502176399645865,0.2766472511383857,0.4124985752591634,0.53668934619199,0.2983368910746858,0.6920795317335815,0.6867258998340166,0.5959590238155751,0.4210556016770311,0.41466605734007167,0.3210553865115993,0.46587386173553846,0.4151943534832019,0.47627309140940105
2023-06-29 19:00:00,0.44055372926732794,0.46763084243181846,0.5105022444863269,0.5849705025101781,0.40258481987454536,0.34996503830820663,0.5516395952226822,0.6099859231753525,0.325658914302,0.6014932419473311,0.5854269659114381,0.49859941042257083,0.2420089663792339,0.6328482285327839,0.19462490212930172,0.20521094374612403,0.3860327556640926,0.4073043551938014,0.25541334951546224,0.6359358832230926,0.6330862229114423,0.522674414272604,0.3620489602923879,0.3675271434334729,0.2848275864912812,0.3743574810324435,0.2907286868571637,0.4141898493859679
2023-06-29 20:00:00,0.4541063078209528,0.3511267394054074,0.4310665614535042,0.45848301658257784,0.3630901391491182,0.26733038041952817,0.44738577066441376,0.5092100354197511,0.3782346085344818,0.5116376375006462,0.49758665477065034,0.40214496811572253,0.3025521403795417,0.5247971819291098,0.1580815208194602,0.25338035830247385,0.25870309913073514,0.38855414540558875,0.19191381648177705,0.5325254150632119,0.5242453258091414,0.44361069926401925,0.29768808455380763,0.3196221090490812,0.22140261179792764,0.2620603958851877,0.21827927129701752,0.35980883326577534
2023-06-29 21:00:00,0.313337851407991,0.31974415041842696,0.26859038605722846,0.34908310470702775,0.28530603760750356,0.17214240686365012,0.27236030540436346,0.3292152864563061,0.22337609325980537,0.3282074858849346,0.32464170982037205,0.3459580780007524,0.15421692067065085,0.3302504972412106,0.06332659609365365,0.12114589570639547,0.2101745966481424,0.25514459504977394,0.12214984777744359,0.3363355701428765,0.3285639721791889,0.31627257231405415,0.18870121837213844,0.23275255990231986,0.1514494470427029,0.22655654243216547,0.14987382211171157,0.2584969467296597
2023-06-29 22:00:00,0.012047745692252598,0.035154583262376735,0.0,0.0,0.15440478531707974,0.08989709373510249,0.0,0.0,0.0846117902611571,0.0,0.0,0.0,0.050062053314998634,0.0,0.06879655214570594,0.07879061338515427,0.10498185043006023,0.0,0.06925932916573363,0.0,0.0,0.0,0.0,0.0,0.0,0.109404049879501,0.024765257483548214,0.0
2023-06-29 23:00:00,0.0,0.0,0.0,0.0,0.03718087034309305,0.00529322140714616,0.0,0.0,0.0,0.0,0.0,0.0,0.0,0.0,0.0,0.0,0.0,0.0,0.0,0.0,0.0,0.0,0.0,0.0,0.0,0.0037406983500166847,0.0,0.0
2023-06-30 00:00:00,0.0,0.0,0.0,0.0,0.0,0.0,0.0,0.0,0.0,0.0,0.0,0.0,0.0,0.0,0.0,0.0,0.0,0.0,0.0,0.0,0.0,0.0,0.0,0.0,0.0,0.0,0.0,0.0
2023-06-30 01:00:00,0.0,0.0,0.0,0.0,0.0,0.0,0.0,0.0,0.0,0.0,0.0,0.0,0.0,0.0,0.0,0.0,0.0,0.0,0.0,0.0,0.0,0.0,0.0,0.0,0.0,0.0,0.0,0.0
2023-06-30 02:00:00,0.0,0.0,0.0,0.0,0.0,0.0,0.0,0.0,0.0,0.0,0.0,0.0,0.0,0.0,0.0,0.0,0.0,0.0,0.0,0.0,0.0,0.0,0.0,0.0,0.0,0.0,0.0,0.0
2023-06-30 03:00:00,0.0,0.0,0.0,0.0,0.0,0.0,0.0,0.0,0.0,0.0,0.0,0.0,0.0,0.0,0.0,0.0,0.0,0.0,0.0,0.0,0.0,0.0,0.0,0.0,0.0,0.0,0.0,0.0
2023-06-30 04:00:00,0.0,0.0,0.0,0.0,0.0,0.0,0.0,0.0,0.0,0.0,0.0,0.0,0.0,0.0,0.0,0.0,0.0,0.0,0.0,0.0,0.0,0.0,0.0,0.0,0.0,0.0,0.0,0.0
2023-06-30 05:00:00,0.0,0.0,0.0,0.0,0.0,0.0,0.0,0.0,0.0,0.0,0.0,0.0,0.0,0.0,0.0,0.0,0.0,0.0,0.0,0.0,0.0,0.0,0.0,0.0,0.0,0.0,0.0,0.0
2023-06-30 06:00:00,0.10315737326677214,0.16224659086989118,0.0,0.28866647724443756,0.06434924641935641,0.030327106695746123,0.04636400893157103,0.1907676520310099,0.026009313585141903,0.20314466641267442,0.07337669102855053,0.2593035342514001,0.04447604778697631,0.2219825377361134,0.05737434960361813,0.026747451187411536,0.027253025210280436,0.19380795045869384,0.011031607978998404,0.2787096504421844,0.21180979758575177,0.2233112315958898,0.24657129779907516,0.184428338935271,0.12251834923107605,0.02837783775272849,0.1020585534939834,0.23160003680631286
2023-06-30 07:00:00,0.23111594714845682,0.2376621980150034,0.23657053039786038,0.44228016233735606,0.12813796689216772,0.0991385587148627,0.29115297067150175,0.36093313632447593,0.24113521744309874,0.30748947217121475,0.3126613217042342,0.34162444723670277,0.2170862628486201,0.3888353949261333,0.12144450152788193,0.18968561896200956,0.17320442276229994,0.21205235357755914,0.16246310369259134,0.4259034984745759,0.3855183685766962,0.22783799138440097,0.423920226990772,0.32191560748611314,0.24334563705970835,0.11386481351200975,0.1787598473021534,0.39493269512182816
2023-06-30 08:00:00,0.4225170026031585,0.3825938105664895,0.3917203663266486,0.5780005041669214,0.20374417185161928,0.2129914846288322,0.3983530982877915,0.4932382321473579,0.35341107680729233,0.4684092603215109,0.4650465685600429,0.5130995642514761,0.3479787959323295,0.5246605635314703,0.2443279615278894,0.33103544037568,0.2763818746442979,0.42989682924871025,0.28797897528234895,0.5688542249502787,0.5224019208952966,0.42105332403920365,0.5823557414220825,0.42108605904088775,0.40443476672129014,0.2467773812017325,0.3453953429070903,0.5116124860848766
2023-06-30 09:00:00,0.584617473142114,0.5272102815988762,0.5508223590104246,0.6769638611818162,0.2962313441849431,0.4078714096689993,0.48641014815593375,0.5671964039185002,0.48043524345101574,0.5540358405185116,0.5443221358890769,0.6243928842533452,0.4792677716150246,0.5980395450168638,0.3797401695769272,0.4487770981202858,0.4414674595140568,0.5812746921375259,0.4360046495906779,0.6456927220772678,0.5981407854785235,0.5693855859432223,0.663182754385867,0.5412705126782892,0.5290689424906686,0.3790380609692899,0.4722833335320111,0.6142697868013
2023-06-30 10:00:00,0.6276872396148703,0.5769709958703658,0.6370447943008295,0.7112158439928521,0.4070016187927987,0.5232334244457962,0.6107955642210142,0.6647917526838408,0.5584308269883728,0.6315570901721027,0.6368749912974564,0.6450075684097457,0.5745877151826493,0.6980023175792462,0.40447993987055564,0.49582888028435385,0.49497813790411554,0.6040795908875632,0.5109291454857842,0.6896429230443232,0.6977462410974113,0.6096187166607355,0.7418734378439261,0.6017535015953258,0.6584969107783504,0.48982325891246425,0.5519919177598664,0.6535634681640943
2023-06-30 11:00:00,0.7070985318490081,0.6100495033011228,0.6922527578821351,0.7209207582665853,0.46900356234603413,0.5109044549957387,0.6267006661643375,0.659613631698562,0.6139281827871296,0.6586781137594966,0.6490609014782547,0.6981943496042109,0.6223580844130882,0.6871868257785443,0.4208363484826406,0.49948656173950223,0.5462709851695278,0.6927606724459058,0.5499870530128009,0.6889224679766534,0.6909739690954548,0.6907833872130499,0.7289867431101728,0.6687301960321907,0.674361957074646,0.5071759907720619,0.6527328307355943,0.6868776917946234
2023-06-30 12:00:00,0.7460351485573822,0.6683236034174455,0.6644465043823984,0.6754463797708999,0.5450765818138519,0.45455826228971224,0.49794285576589364,0.5550463026425287,0.68923986094891,0.5837011513015846,0.549471341974708,0.7173099096509107,0.6901267507872472,0.6201760082335762,0.47503793799344135,0.5911870369442314,0.47521489302360964,0.7225213485815192,0.5052569885131443,0.6302122109787502,0.6318684960715618,0.6954992063301804,0.7139275402523629,0.681169423738594,0.7189647463448454,0.494795105729315,0.6354510622542754,0.6908031026653273
2023-06-30 13:00:00,0.7837240476475136,0.6546167837445167,0.758092145497955,0.6805688190868288,0.5597290168720642,0.507680321729435,0.6946830875387099,0.6907595246999573,0.7377711300959445,0.7070597219393289,0.7038141460486521,0.728966197273076,0.7217969638300906,0.6996627261908209,0.44492135384723996,0.5475638208581372,0.5121868801600655,0.7602740035627544,0.47735786538076647,0.6504822901419329,0.7011171341422001,0.7540927448530844,0.6732192012828924,0.6673760545775907,0.6867874760612458,0.511428538146124,0.6493261333140031,0.6969555772334808
2023-06-30 14:00:00,0.7929357213436401,0.6547887568553746,0.7711947364913976,0.7174109709525351,0.580546576213767,0.49394445345728216,0.7346816513074529,0.7342764125336583,0.7893290711732845,0.7278324017644161,0.7416071068964765,0.7389935062251791,0.7887998338975454,0.7424752726690234,0.5003825981917541,0.643152879045719,0.4521334828175642,0.7568802980729575,0.4516697563210281,0.6786393949772649,0.7413013940472961,0.7548677983825809,0.6954196661993787,0.6642574270396682,0.7127714768540881,0.4980712542082591,0.642703790612821,0.6979627801840571
2023-06-30 15:00:00,0.7818871580164583,0.6098609778575665,0.7976318721458726,0.7319927898207957,0.5835483333609791,0.48274972842015845,0.7723820955006754,0.7448770187843939,0.7835647395717869,0.761533509951235,0.7607276774224123,0.7236377738431006,0.7822524622463154,0.7373632933417522,0.45567761108520244,0.6026543839271523,0.41284263867315096,0.7446810203188746,0.40724587814104785,0.7292716136675179,0.7371935019254486,0.746299431018881,0.6924290964951805,0.6820700443052546,0.6936826568754657,0.4894919864682414,0.6202911863598749,0.7012274030228871
2023-06-30 16:00:00,0.7766249814743571,0.6085200287238033,0.7813943909035428,0.7446250043494076,0.5555026302645008,0.5229763005662607,0.7715297356634075,0.7425146838842767,0.7695925375655394,0.7558828800810076,0.756725963207278,0.7399846941631558,0.7731722137806925,0.734512323143997,0.4593747002152459,0.641598391872403,0.5000325538400702,0.7532490822787047,0.4502109415875165,0.7107943612788338,0.7342122903353,0.7509727284165715,0.6559772942491126,0.6561470255668066,0.682765123308163,0.44946389873886167,0.5697571662153806,0.6720672941983877
2023-06-30 17:00:00,0.7534621149962434,0.5854401812120222,0.7662849173311528,0.7282046019137891,0.5168099823606174,0.4121533107760866,0.7425874409972196,0.728208465766755,0.7295327968521037,0.731298572467603,0.7310775745222194,0.7140894082982387,0.7194341295775986,0.7334028094489154,0.36477241960664764,0.58631571602991,0.4969929565342354,0.7362098360938872,0.3970063794328465,0.7285442773828227,0.7348365761781978,0.7260864711408012,0.5966455672971995,0.6301772608000726,0.6479944282612382,0.4192324524351687,0.4991109525889968,0.6483121062087329
2023-06-30 18:00:00,0.7095962645105867,0.5621383452416252,0.7176668525831429,0.6794193980774431,0.4932499257916233,0.383613213501158,0.7164826919307119,0.6849674398194723,0.7131453014649288,0.6675824446703106,0.6788005974857885,0.6458630748025882,0.7191417390950406,0.6932613745485923,0.39984029194312803,0.6334362857153342,0.4703617894648657,0.6907066968807868,0.42446924415415,0.6802028992906153,0.6938815208851119,0.6661017175092959,0.44108650244113257,0.6172581798307976,0.6064205920278659,0.38384606003516253,0.4712270836413824,0.6279731993003832
2023-06-30 19:00:00,0.6609966173269765,0.479560795283461,0.6726498557916902,0.6085750346239509,0.398067652925455,0.3627935089737406,0.6582255973945594,0.6256411025923925,0.6242519403917229,0.630553302222133,0.6367812965551007,0.6367036102087729,0.5982987734304945,0.6207974233184292,0.271242022003749,0.523842121967184,0.34851543751931385,0.6659405176770704,0.37219726415786314,0.589376230598869,0.6202708064081316,0.6636840091916277,0.4764559035804279,0.5455788281767848,0.5689242577131659,0.3426102392548151,0.48672348406203114,0.5407016625183985
2023-06-30 20:00:00,0.5368860604288412,0.3934239470021141,0.5750765040829121,0.5148454922874962,0.34769671877399855,0.41295597916436827,0.5594312998833805,0.5350359156540518,0.4705798653375957,0.5383540358617279,0.543215311796726,0.5389029952070367,0.4345182340715528,0.5298434620326269,0.34491029518250665,0.5047607442939984,0.2623860832023621,0.5430558332594942,0.3248176372038274,0.5120764871899095,0.5291574177818588,0.5493180468106285,0.36201508791222275,0.42817116221756363,0.4282812830989526,0.37857028058572195,0.3444247263970038,0.44332779920783355
2023-06-30 21:00:00,0.3461607119838697,0.24609745389668605,0.38900452762207766,0.3520646103838402,0.2673814978290072,0.2532664035565693,0.3734558751622224,0.35331545007862747,0.3037109165544892,0.36110917354320815,0.36506001498924745,0.3960338867487314,0.34522261685432776,0.3399569459905818,0.29670871103960766,0.4038653120002503,0.07547590726385743,0.3191520465783352,0.12475773818010548,0.3278536105268391,0.33833841430473716,0.37774634506665966,0.26777737109272304,0.310258003146056,0.2964887795932242,0.28423575895283115,0.25919847885151875,0.319612697777307
2023-06-30 22:00:00,0.014989819788612833,0.02498547180765885,0.0,0.0,0.19390719276250507,0.128668119618121,0.0,0.0,0.1635711783747147,0.0,0.0,0.0,0.14438998271344838,0.0,0.16620942585373458,0.20941804797062294,0.009173237338313855,0.0,0.025973270217014923,0.0,0.0,0.0,0.0,0.0,0.0,0.16497089279752677,0.0016560982368105301,0.0
2023-06-30 23:00:00,0.0,0.0,0.0,0.0,0.06009780759065285,0.012787873721768645,0.0,0.0,0.0,0.0,0.0,0.0,0.0,0.0,0.0,0.0,0.0,0.0,0.0,0.0,0.0,0.0,0.0,0.0,0.0,0.009556470393153644,0.0,0.0
2023-07-01 00:00:00,0.0,0.0,0.0,0.0,0.0,0.0,0.0,0.0,0.0,0.0,0.0,0.0,0.0,0.0,0.0,0.0,0.0,0.0,0.0,0.0,0.0,0.0,0.0,0.0,0.0,0.0,0.0,0.0
2023-07-01 01:00:00,0.0,0.0,0.0,0.0,0.0,0.0,0.0,0.0,0.0,0.0,0.0,0.0,0.0,0.0,0.0,0.0,0.0,0.0,0.0,0.0,0.0,0.0,0.0,0.0,0.0,0.0,0.0,0.0
2023-07-01 02:00:00,0.0,0.0,0.0,0.0,0.0,0.0,0.0,0.0,0.0,0.0,0.0,0.0,0.0,0.0,0.0,0.0,0.0,0.0,0.0,0.0,0.0,0.0,0.0,0.0,0.0,0.0,0.0,0.0
2023-07-01 03:00:00,0.0,0.0,0.0,0.0,0.0,0.0,0.0,0.0,0.0,0.0,0.0,0.0,0.0,0.0,0.0,0.0,0.0,0.0,0.0,0.0,0.0,0.0,0.0,0.0,0.0,0.0,0.0,0.0
2023-07-01 04:00:00,0.0,0.0,0.0,0.0,0.0,0.0,0.0,0.0,0.0,0.0,0.0,0.0,0.0,0.0,0.0,0.0,0.0,0.0,0.0,0.0,0.0,0.0,0.0,0.0,0.0,0.0,0.0,0.0
2023-07-01 05:00:00,0.0,0.0,0.0,0.0,0.0,0.0,0.0,0.0,0.0,0.0,0.0,0.0,0.0,0.0,0.0,0.0,0.0,0.0,0.0,0.0,0.0,0.0,0.0,0.0,0.0,0.0,0.0,0.0
2023-07-01 06:00:00,0.17393029148204628,0.2381776599670382,0.0,0.12505453616962753,0.09058615275058371,0.028803161947903375,0.041970908390583185,0.17193592778436698,0.059322397706017396,0.21066099738271776,0.06137051529708838,0.21396644160540496,0.047494962579070925,0.20360381049614212,0.03134005085489845,0.0120542439970004,0.007521405011886,0.2924108435606539,0.0020541021194291427,0.2297289256766078,0.19818941157670672,0.28585837255797186,0.3983072485571073,0.24509800735115495,0.32310600622466357,0.045083895344868265,0.12428953953927646,0.23761417664275047
2023-07-01 07:00:00,0.37546176981076046,0.39331333039132865,0.35704624342788854,0.18994219491895017,0.1734598416315887,0.051218129372670694,0.3236543564547154,0.34975892915502244,0.18774907572660232,0.3951920953598854,0.3617305386928072,0.378658881822289,0.17426526239926485,0.36951792936245365,0.04729369686531732,0.07124623069079576,0.16376201898621268,0.4760148546009248,0.18559087945369523,0.35306349250284264,0.3755771711771944,0.46363172359344024,0.5841716151157441,0.37246021686556724,0.471134441108898,0.08554654369453493,0.24757072073714603,0.36446904642895084
2023-07-01 08:00:00,0.4861797559732083,0.5291564880482048,0.4979353373011649,0.3633705574018729,0.28734700226892607,0.1270948075299767,0.4991766975514033,0.5359747367846702,0.24275823551689976,0.5486269892727662,0.5298300921708212,0.5500091186582808,0.20942239490655634,0.5634331808143476,0.1274442888975258,0.12710737984492723,0.3139048866080278,0.6381610784101226,0.343007720375903,0.5184380239901989,0.5667191837445474,0.6257479221134545,0.6778414779885098,0.48389470461418443,0.6039732105196272,0.15342152856767075,0.3883252571543107,0.49708444917279526
2023-07-01 09:00:00,0.5566292713472263,0.5517900390509793,0.6465455130283025,0.5289924916734388,0.345555479755497,0.23091472064739668,0.6666350440168042,0.6720464936332347,0.2794061663888716,0.6632309190439967,0.6711665591377132,0.6440116431420146,0.2275246682509448,0.6804003050008588,0.11503471804094756,0.1602568904909131,0.358126896468009,0.7090188321243288,0.40741175660247214,0.610612700100265,0.6794420716553182,0.7009322922619686,0.7264374173196897,0.5682711259307113,0.6441341540934522,0.23717069041259023,0.5135794045976367,0.5623355098542885
2023-07-01 10:00:00,0.6015355620330184,0.5983242456198149,0.7246984046290631,0.6463210826232371,0.39868475730613934,0.25720848359757015,0.7257312886997219,0.7160115089546134,0.28999556600546983,0.7088360916782471,0.7213879354327171,0.6907773475570405,0.219307353179601,0.719281530136368,0.19003204398437512,0.2274441754983963,0.4387924519554662,0.7240344267563231,0.5168821648843873,0.6197774310884899,0.7186367453908575,0.7469639528074422,0.7011281698242685,0.6741914179556524,0.6427078596275652,0.26074924970652474,0.5396207169361397,0.6633279281270834
2023-07-01 11:00:00,0.5767531243326609,0.5867169699985579,0.7519617637096909,0.6636662068791291,0.39785338446076096,0.3394942704809954,0.7655767792796079,0.7496446751722784,0.2892465651567769,0.7530086360432708,0.7594185975245669,0.7177836827379148,0.22367218607674436,0.7461748627252457,0.2808922904856737,0.3400306894547942,0.490826442091495,0.7457309439655663,0.5406994044058686,0.6871087639818021,0.7454999415500116,0.7681712232630479,0.7348721942140503,0.6570391527688242,0.7061130636868516,0.3786982344618782,0.5789026065462558,0.6635900871333715
2023-07-01 12:00:00,0.5599371932216991,0.5987938501175812,0.7294354984900193,0.6172878005551365,0.41316024586968636,0.46241329688619104,0.7740736830955784,0.7468483677080382,0.4317272740853112,0.7329705805307476,0.7438675087538108,0.646474995891537,0.37070432845943135,0.7431070229978629,0.47353995534740756,0.534826386746917,0.6283239068306602,0.6467395003560638,0.6151106009411402,0.6523020191741927,0.7414520970158085,0.6787301526244894,0.6808913794646223,0.6695016286488272,0.7126839618898396,0.4781225711622249,0.6245243613502596,0.667765083933305
2023-07-01 13:00:00,0.562449356561989,0.6767465433299665,0.6971759296226254,0.6466296935220369,0.429161392367686,0.5374713677814539,0.7641374718678069,0.7336321469321202,0.4878337679758154,0.6600288490175231,0.6559120892162603,0.6081186526045934,0.45995016077168954,0.7590026027028929,0.5688681141399733,0.6035565507639639,0.6263272691580741,0.5441541204651554,0.6000593749625015,0.7454266828254978,0.7625639509178662,0.5742863484983931,0.7487957652408351,0.6763284287862663,0.7230500843103597,0.5656638769405469,0.6173690428061761,0.6936349458355727
2023-07-01 14:00:00,0.579523621590356,0.6530466916150972,0.7120790526723092,0.6355504769537513,0.45456765895541607,0.5680447979870548,0.7317591824115052,0.7038058049713728,0.6089009959601005,0.6492656803255631,0.6318811235201306,0.6427245697665231,0.5942438620049806,0.7410389545631263,0.5783626610881358,0.6009232136867915,0.6411968699520032,0.4886778764835918,0.6178962906820707,0.758630392735633,0.7487540213036569,0.5828324501362151,0.7910345856733939,0.6770583820991128,0.703536639233452,0.5909363071005538,0.6240223937969771,0.7065615258874922
2023-07-01 15:00:00,0.6311679021446318,0.6801439276652197,0.7498315745250258,0.7182469705789395,0.4575190150814884,0.5748102069174225,0.7694403620883103,0.7324723056748024,0.6490649818108334,0.6810941749797572,0.6830835222086006,0.6950301983265941,0.6429081981273055,0.7468308952833321,0.5416408365222792,0.5942348324295702,0.6597018561584457,0.5273218515331957,0.6088422062266394,0.7451195286994814,0.7490538053421505,0.618192556263017,0.75110375983744,0.65618789642913,0.6591670443535694,0.6042138010471554,0.600816195167842,0.6656806314202254
2023-07-01 16:00:00,0.653684333303517,0.6664185023209241,0.7503524301177787,0.653716063904234,0.44614730513529494,0.5851176589840367,0.753903494336628,0.7189575419098738,0.6633291230506559,0.6992855860118099,0.6964586990099495,0.6786667623315306,0.669062603376906,0.7201559431037601,0.5437371063624772,0.5939095157009658,0.6617989625492015,0.5594625746287607,0.6288148891078759,0.686415921104531,0.7213763100802194,0.6507060680752313,0.7605239086951862,0.6386263462159437,0.5678638214864472,0.5753999341173018,0.5394402614105281,0.6759388071940297
2023-07-01 17:00:00,0.6653454207906161,0.6042612535040004,0.6998554276026683,0.6319689368934357,0.4041540571405705,0.5516762524234015,0.7321505103109343,0.7087438960855451,0.6702366248174061,0.6647189804586646,0.6680103188060968,0.6277520708139926,0.6491101108934786,0.7182966270463349,0.5274231641950814,0.5675650880821043,0.655270735016823,0.6096956773358503,0.6210867974593224,0.6952008834944766,0.7184023768937609,0.6083135160021683,0.7435060739029951,0.6041659043132047,0.5257356142160323,0.5330842416598466,0.39027692242338274,0.6551177924508378
2023-07-01 18:00:00,0.6779652707454834,0.5899594094339178,0.6870259831996174,0.6757205033252552,0.3301683114133241,0.46533927758024535,0.7056828534238665,0.6761285341703482,0.6373622007022752,0.6257996101724688,0.6419470106907207,0.6835847789180979,0.6035601134182802,0.6836142383428047,0.4258433453231853,0.46092266084784556,0.5786450544966113,0.6912424823597031,0.5368559071242253,0.6255363000616327,0.6827742092608058,0.6507852302671088,0.7120459821515626,0.5512575529849713,0.5926220220825368,0.44686112302959885,0.3485353380124605,0.606273525168272
2023-07-01 19:00:00,0.6020236456190561,0.5964460611641471,0.5781178634833332,0.6364275478839159,0.247725026846087,0.38997807552938635,0.6351583365298217,0.591296303605348,0.5832087255153088,0.509271433905168,0.5101496033419,0.6557219222217293,0.5552335269514037,0.6143554983477322,0.3935349206511051,0.43897623995752816,0.525176770137566,0.5981460748256997,0.4498667817381524,0.6301448586949104,0.6169669519844354,0.5557431417062458,0.6337393684981981,0.46894917442877204,0.4686408373615125,0.42443482319242465,0.3618241168275593,0.5119404375898642
2023-07-01 20:00:00,0.5650523491086535,0.4857901604157536,0.5465220789971404,0.5655562489327172,0.19814154804609138,0.3509231004570976,0.5433989013976025,0.5218322082758862,0.5416223423221816,0.510165054940257,0.5130207210795446,0.589628621210823,0.5159119246108809,0.5238675763024351,0.30881002089324533,0.3678070829050765,0.47082680405213884,0.5683729701867949,0.39481734609183883,0.5221399086152689,0.5240053891253234,0.5462576745050308,0.4975876874823136,0.39753425075329246,0.2891307216502647,0.3593907751573093,0.28580311886822285,0.44306907488594877
2023-07-01 21:00:00,0.3888070197982142,0.3789765450366575,0.36525968055551217,0.37408404671167544,0.1746441825145728,0.3079748470529866,0.3522691290971822,0.3328635287888077,0.37974504492301964,0.33359048058532637,0.3333049119996705,0.40811551653692324,0.3612205746751299,0.3284737392307216,0.29296903695120474,0.3147374730226722,0.3718183920979801,0.3942754236521689,0.32424124726469755,0.3373548379996897,0.32817714157968586,0.37242458360913716,0.2736943732342112,0.3151805440027896,0.21923067058838838,0.3420900818999521,0.23000384394620738,0.32180772781600636
2023-07-01 22:00:00,0.016114506783862843,0.055412497171484054,0.0,0.0,0.11401540674802484,0.21680734024667875,0.0,0.0,0.16452903528203922,0.0,0.0,0.0,0.1223007297075607,0.0,0.2001843903816943,0.21623009474259008,0.20936413228999812,0.0,0.1774430016631528,0.0,0.0,0.0,0.0,0.0,0.0,0.21423881760637378,0.007208908824175906,0.0
2023-07-01 23:00:00,0.0,0.0,0.0,0.0,0.0214877753947889,0.0047938189898859935,0.0,0.0,0.0,0.0,0.0,0.0,0.0,0.0,0.0,0.0,0.0,0.0,0.0,0.0,0.0,0.0,0.0,0.0,0.0,0.003659432562829968,0.0,0.0
2023-07-02 00:00:00,0.0,0.0,0.0,0.0,0.0,0.0,0.0,0.0,0.0,0.0,0.0,0.0,0.0,0.0,0.0,0.0,0.0,0.0,0.0,0.0,0.0,0.0,0.0,0.0,0.0,0.0,0.0,0.0
2023-07-02 01:00:00,0.0,0.0,0.0,0.0,0.0,0.0,0.0,0.0,0.0,0.0,0.0,0.0,0.0,0.0,0.0,0.0,0.0,0.0,0.0,0.0,0.0,0.0,0.0,0.0,0.0,0.0,0.0,0.0
2023-07-02 02:00:00,0.0,0.0,0.0,0.0,0.0,0.0,0.0,0.0,0.0,0.0,0.0,0.0,0.0,0.0,0.0,0.0,0.0,0.0,0.0,0.0,0.0,0.0,0.0,0.0,0.0,0.0,0.0,0.0
2023-07-02 03:00:00,0.0,0.0,0.0,0.0,0.0,0.0,0.0,0.0,0.0,0.0,0.0,0.0,0.0,0.0,0.0,0.0,0.0,0.0,0.0,0.0,0.0,0.0,0.0,0.0,0.0,0.0,0.0,0.0
2023-07-02 04:00:00,0.0,0.0,0.0,0.0,0.0,0.0,0.0,0.0,0.0,0.0,0.0,0.0,0.0,0.0,0.0,0.0,0.0,0.0,0.0,0.0,0.0,0.0,0.0,0.0,0.0,0.0,0.0,0.0
2023-07-02 05:00:00,0.0,0.0,0.0,0.0,0.0,0.0,0.0,0.0,0.0,0.0,0.0,0.0,0.0,0.0,0.0,0.0,0.0,0.0,0.0,0.0,0.0,0.0,0.0,0.0,0.0,0.0,0.0,0.0
2023-07-02 06:00:00,0.1621936676856496,0.3129961826332757,0.0,0.3124207149959201,0.0349243212764568,0.0387303588402339,0.05380443582565564,0.1682090748237339,0.10912330550239856,0.1659916720005587,0.08595502915694894,0.3458976943992377,0.12238710839762043,0.17870213593760542,0.14638458087361716,0.08452861011988991,0.04666380449349985,0.2898757212520083,0.027992796905672156,0.30608330730504973,0.2010399029298061,0.2359443544294946,0.3443519436071121,0.3396939174535821,0.42228856541247556,0.11677953984423872,0.20172099746724734,0.32679289539707046
2023-07-02 07:00:00,0.4807096914184939,0.4938073947455682,0.43958626787179544,0.49806407691434185,0.1022861970789462,0.18251894720437822,0.4452309485092498,0.45516690538643134,0.41667152888267966,0.45346580304529954,0.4559306882617913,0.5397290455622706,0.4418149896689455,0.4543239181502451,0.346591736728947,0.4306636484820095,0.2399433637491193,0.5028050476550027,0.25700465259565236,0.4552379749317089,0.45373686101345506,0.5079495183411074,0.5807200585947725,0.5465169904780077,0.6265990512217757,0.23480996659608652,0.33550197411009103,0.5346697755195068
2023-07-02 08:00:00,0.6372765955484121,0.6443970543118297,0.6075550301239248,0.6444242497523673,0.15105705281492693,0.27585704355507007,0.6079111267832821,0.6137269222544608,0.5821965131249548,0.6108200633323859,0.6147911747615771,0.6857681553215799,0.6031019426429897,0.6128045266231319,0.5150239750105758,0.5810545364535165,0.3273523387593785,0.6435481251993573,0.3649168550842345,0.606654988382816,0.6122511785299637,0.6571337546605638,0.6896735981023313,0.6827828476317854,0.7121450748911443,0.37237529619962856,0.44344712370734185,0.6632615729437877
2023-07-02 09:00:00,0.7290317481594226,0.7245184900797333,0.6919632432765491,0.7311682757055334,0.17953355559374792,0.36134293435915366,0.6985610622661059,0.6967091197825622,0.6760719879425696,0.6946142244727816,0.6986798973912726,0.7636145985690714,0.6957460813385917,0.6962190743443769,0.6139585110312681,0.6955406714178761,0.3999827737073649,0.7334375154772728,0.45545079167733143,0.6882603492999481,0.6958516543428588,0.7396788074032731,0.6896004014883942,0.743523613637015,0.7562308492344766,0.4270129781536591,0.5001884748560532,0.7297662441130195
2023-07-02 10:00:00,0.7779338611464606,0.7612032890437822,0.750084578057082,0.7629626119892702,0.23798297160618162,0.4131586011016077,0.7474542122792852,0.7448689983186045,0.7447713570016016,0.74327850497575,0.7475358368455715,0.802270947865712,0.7650972263070678,0.7445200849670432,0.7304390819250889,0.7610601768564306,0.49233482214472124,0.778552025310845,0.5255600698952075,0.7260002004058369,0.7442070447523401,0.7847586295980945,0.7310949451668094,0.7438254600771521,0.7555784604903301,0.456113049128146,0.5505490593899091,0.7618095855589425
2023-07-02 11:00:00,0.8058754276950608,0.7910345938224654,0.7819887408924368,0.7477814700421681,0.2911776182420777,0.40552285351738354,0.772699320786538,0.7677313580909094,0.7780236474405451,0.7673220149756398,0.7734765435777904,0.8124837613937621,0.793746128951408,0.7688340714200824,0.7899944010111717,0.7950783685697399,0.5373707069545943,0.8049552485307371,0.534254424247138,0.711043639322132,0.7684741455223625,0.8103179582062018,0.7659854638939345,0.7467119818608098,0.6846115379273411,0.4691333086177571,0.5215236241260649,0.7681551979903538
2023-07-02 12:00:00,0.8214979652804031,0.7569331617304285,0.7579636264591794,0.7890010038589869,0.4001289349887031,0.41541615487857064,0.7498954956780545,0.7703329129822488,0.8142918014159886,0.7675238468671272,0.7652993221596766,0.8290998204933071,0.8203298179263904,0.7879121375770279,0.8115790929973072,0.8094280647499545,0.5831322124645759,0.817504557961701,0.5519332739230157,0.7248097603900799,0.7877172684992741,0.8216862956828327,0.805732015440846,0.670477011581182,0.6646378717297,0.49591245857799576,0.45749913959484323,0.7354484475005495
2023-07-02 13:00:00,0.8275940540136876,0.7950726955067828,0.7777176407304581,0.8033046634718343,0.4109824487332283,0.43233050306309967,0.7699044585121211,0.78309742967946,0.8203813211378775,0.7830363904146402,0.7778190482946337,0.8327472928791303,0.827463564852778,0.7987035405276761,0.8202602966252428,0.818625384994145,0.5915695887336996,0.8214039248556787,0.5850226536556667,0.7645608682199879,0.7993615030510752,0.8263605188512311,0.7865966092459422,0.7450767858668309,0.7934990421461837,0.5042232725986904,0.6496718557530858,0.786397072696194
2023-07-02 14:00:00,0.826614394122356,0.7820157684452869,0.795606560678441,0.7986180314632918,0.43449021507375335,0.4483688096158497,0.7866316131822412,0.7857272959045343,0.8218335596193442,0.7877384412494681,0.7843819089521236,0.8290767111767686,0.8269996110581568,0.7967927383825665,0.8164777627004322,0.8197380002073253,0.617545042402143,0.819758960115804,0.6150562577727566,0.7611391341091615,0.7977174914257927,0.8249888090236791,0.7520254729369377,0.7659432553253768,0.8117816318655907,0.5049425945207799,0.6453215405727177,0.7890985516750887
2023-07-02 15:00:00,0.8130648322380353,0.7373088847599117,0.7930130137830864,0.7575531406704109,0.45304851286221237,0.46110829399896686,0.7824039407092697,0.7822034081450889,0.8152034192479396,0.7807279763808279,0.7808726146395022,0.7724579509246792,0.8197325638366967,0.7907309317781195,0.798246208227312,0.8131395967868146,0.6249263962115057,0.8057632168620975,0.6528430925047102,0.7362554886824682,0.7911340147086545,0.8051367950039877,0.7489464052381622,0.7775259004252757,0.7937087476154755,0.5179831820906412,0.6196080658477752,0.7840831495909039
2023-07-02 16:00:00,0.7973916313970458,0.6989968978336941,0.7834423335341567,0.6885873350502627,0.4096718362308815,0.4039247226096172,0.7738465290214265,0.7712969350875216,0.8029720977325152,0.7730292825682796,0.7703292710079354,0.7026838730543464,0.8074291994746161,0.7785966119584051,0.7372591396372569,0.8039540363650174,0.623529305790253,0.7874755626858051,0.6475012155666217,0.7579433012530701,0.7798682322586241,0.7899112861228632,0.724465304671949,0.7579159219399257,0.7669055111952793,0.4464959401884082,0.6546311292595525,0.7556998542084761
2023-07-02 17:00:00,0.7391287004716731,0.5060689144201501,0.7596459113378953,0.5892215816482417,0.39535899661997664,0.3668787845428464,0.7466617090314669,0.74861761954904,0.7804862811764592,0.7508708853097643,0.7476255778938511,0.5384636534457579,0.7851572729156862,0.7567045410126576,0.6888370192488863,0.7789836388382474,0.5624727171883488,0.7501724710516702,0.5933220511692697,0.7335080057691401,0.7579976993447255,0.7180770302291938,0.6870329182126589,0.6813250136852317,0.7300242574804173,0.4219917264306284,0.5806848424554311,0.668113823267392
2023-07-02 18:00:00,0.6658824391430975,0.44805685560247915,0.7314540240272945,0.5833086407951248,0.39423458038769843,0.3658040141561285,0.7234029103520557,0.7146005115681153,0.7464860457865129,0.7190261231431837,0.7157307189979373,0.4942296907813416,0.7498187984357157,0.7183794504871003,0.5792240769631406,0.7302638841454391,0.5111510783005144,0.6671235859809181,0.5397588760622709,0.7057148233468464,0.7195120813604948,0.6153053222175692,0.6288318339629136,0.6054704647366458,0.6533277353263006,0.36411333763941617,0.5064692806706445,0.5718421919675618
2023-07-02 19:00:00,0.5971238980206232,0.3468565972374587,0.6733765583111153,0.4881752656306711,0.3452976392572408,0.3128122057204091,0.6621531508782766,0.6581950962606561,0.6904950452320826,0.6634496771108236,0.6595984712390122,0.38558390006962084,0.6988387008388398,0.6603992067207689,0.4702799846755619,0.6698021719873437,0.509476858329841,0.5916315879455071,0.531889618285771,0.6581578066769387,0.6614008894464761,0.5346500702773669,0.5416513846261453,0.49746237534297516,0.512640429800311,0.3494455436369216,0.3515400139287904,0.5012669812253074
2023-07-02 20:00:00,0.5208655371860602,0.3316108548023834,0.5763498565069072,0.4693624128435568,0.3047107657898648,0.2645597999993707,0.5664630856843085,0.5568928774246493,0.6104789413336213,0.5620920060174749,0.5612526084529221,0.370361216037972,0.6142445330138854,0.5556056830970041,0.49773068327868314,0.591004786896918,0.5034743450585819,0.5136748135509261,0.5773422875468175,0.5486115566638159,0.5556365431549376,0.4506412866698928,0.44615487618014893,0.46317792647044703,0.38417140948508943,0.35041311832405314,0.3233014513262778,0.44016272300356535
2023-07-02 21:00:00,0.3956199809242461,0.3273510624249537,0.3982485519647793,0.3216939692975815,0.24405149562719283,0.23546518283676282,0.38036333504493003,0.3733132441762355,0.4509625742638697,0.3810082240095737,0.3817447814310081,0.297765208620424,0.45273448804893096,0.36691700053553833,0.4240969472426973,0.4543012426961712,0.37623394982324554,0.381678378414068,0.44995331812020717,0.361263948157249,0.36595557052451205,0.3486757753715278,0.2744751451362499,0.33458812830831475,0.21301571725306656,0.29648900494744357,0.2536157502544408,0.34131707856472954
2023-07-02 22:00:00,0.0,0.05313741327377503,0.0,0.0,0.1742893763865359,0.20926687188945045,0.0,0.0,0.17370744887348555,0.0,0.0,0.0,0.12735956214668678,0.0,0.2787911497122286,0.270839463901776,0.25315033917385976,0.0,0.28732915692183003,0.0,0.0,0.0,0.0,0.0,0.0,0.22214584045895974,0.008196593165691997,0.0
2023-07-02 23:00:00,0.0,0.0,0.0,0.0,0.1151559242031324,0.005633375833941129,0.0,0.0,0.0,0.0,0.0,0.0,0.0,0.0,0.0,0.0,0.0,0.0,0.0,0.0,0.0,0.0,0.0,0.0,0.0,0.002651295992196538,0.0,0.0
2023-07-03 00:00:00,0.0,0.0,0.0,0.0,0.0,0.0,0.0,0.0,0.0,0.0,0.0,0.0,0.0,0.0,0.0,0.0,0.0,0.0,0.0,0.0,0.0,0.0,0.0,0.0,0.0,0.0,0.0,0.0
2023-07-03 01:00:00,0.0,0.0,0.0,0.0,0.0,0.0,0.0,0.0,0.0,0.0,0.0,0.0,0.0,0.0,0.0,0.0,0.0,0.0,0.0,0.0,0.0,0.0,0.0,0.0,0.0,0.0,0.0,0.0
2023-07-03 02:00:00,0.0,0.0,0.0,0.0,0.0,0.0,0.0,0.0,0.0,0.0,0.0,0.0,0.0,0.0,0.0,0.0,0.0,0.0,0.0,0.0,0.0,0.0,0.0,0.0,0.0,0.0,0.0,0.0
2023-07-03 03:00:00,0.0,0.0,0.0,0.0,0.0,0.0,0.0,0.0,0.0,0.0,0.0,0.0,0.0,0.0,0.0,0.0,0.0,0.0,0.0,0.0,0.0,0.0,0.0,0.0,0.0,0.0,0.0,0.0
2023-07-03 04:00:00,0.0,0.0,0.0,0.0,0.0,0.0,0.0,0.0,0.0,0.0,0.0,0.0,0.0,0.0,0.0,0.0,0.0,0.0,0.0,0.0,0.0,0.0,0.0,0.0,0.0,0.0,0.0,0.0
2023-07-03 05:00:00,0.0,0.0,0.0,0.0,0.0,0.0,0.0,0.0,0.0,0.0,0.0,0.0,0.0,0.0,0.0,0.0,0.0,0.0,0.0,0.0,0.0,0.0,0.0,0.0,0.0,0.0,0.0,0.0
2023-07-03 06:00:00,0.1569176446124813,0.3153724099665762,0.0,0.31860751670943394,0.18004084851950422,0.1587075792187616,0.05411509040361789,0.05549263768162364,0.10329626353665577,0.08117263560542683,0.0,0.33789689289638053,0.1245544066227387,0.14562754280101065,0.22767674902298546,0.09999891305599237,0.08621966103618113,0.2863686957132454,0.05035721703768523,0.30778404122728215,0.16383098565113696,0.23040194231821642,0.4043006864868292,0.36194395106307786,0.4098229857101435,0.24018807635782155,0.302700480593078,0.35205916328439507
2023-07-03 07:00:00,0.44406316631712917,0.49791147698520544,0.4412475434743471,0.5124148547218668,0.33751255156730403,0.3399557023254192,0.45176801446227904,0.45557602566077443,0.37568000365115395,0.44261748790381056,0.4515879390339766,0.5299370194650415,0.38732789858078664,0.45550575976821267,0.4581105733480599,0.4293425616387661,0.3967060873790206,0.46926338087821007,0.39084539781751576,0.44555595637964834,0.45456919209481444,0.4881254852021872,0.5972431718151886,0.550570269194049,0.5780242850064319,0.43280542133873795,0.44992501570668353,0.5443470927432271
2023-07-03 08:00:00,0.6135303910004533,0.6320073339823165,0.603539883152532,0.6529453645178948,0.42736586386714887,0.4798221755264969,0.6147288117779582,0.6100246836783512,0.5263718562023614,0.5990360808025013,0.6086458945566764,0.6712791620255895,0.5539587071342099,0.610326252199175,0.6138034029885664,0.5904506197357031,0.5657201855084965,0.6403987507416308,0.5520751005746635,0.5964058680090736,0.6095455267738283,0.642816605561201,0.6795441547560807,0.6769809597919024,0.6822030792186038,0.5743821321882989,0.4734054247226501,0.6635391042402715
2023-07-03 09:00:00,0.7121204103340703,0.696888788190788,0.6871147086604918,0.7280538202194051,0.5421863258190662,0.5818721625572767,0.6938678400855709,0.6929142951274322,0.6230695000664802,0.6837931648039556,0.6923908070381937,0.7485113099914329,0.6410351192041805,0.6928826506528053,0.6899265414826793,0.6744380801124787,0.6637577124626691,0.7198932204936765,0.6385342798846423,0.6787370472761189,0.692412372544279,0.7245715327473025,0.7260369569929174,0.7372825620016842,0.7360967129877227,0.6685063741501122,0.4417731682682968,0.7260330899714905
2023-07-03 10:00:00,0.7631043973177636,0.7329884848078644,0.7436406268401345,0.7694744938341611,0.6322879333643383,0.6437384087671887,0.7438720604880666,0.7381947203770395,0.7158263782838826,0.7319498685415751,0.73793032795612,0.7914101852417902,0.7263769659618797,0.7398964056358166,0.7458893311961129,0.7342211243281472,0.716931386702946,0.7621892354545562,0.6931890689586475,0.7260952020482938,0.7398622922059847,0.769177980568413,0.729154256736071,0.7431285179445783,0.7061546195751698,0.7241903822731323,0.40209100673863507,0.74704035110916
2023-07-03 11:00:00,0.7916212700603383,0.7159375729882682,0.7753718629005456,0.7670928893121066,0.7012657327980747,0.7305816560843305,0.7661756050884613,0.7577614142736259,0.7718715046172825,0.7535909993374748,0.7615655974814277,0.7999365061442106,0.7719977236962139,0.761783947439575,0.7757028781044998,0.7717891716618713,0.7495350490574361,0.7898363061413601,0.7378410488801275,0.7013070443332338,0.7617015092521371,0.7959200929795659,0.7658871873903558,0.7257960063075984,0.6837641272789879,0.7670135684556781,0.3874714629087493,0.7312278934193281
2023-07-03 12:00:00,0.790153182000856,0.5900564603622417,0.7924536522844323,0.7447724806061305,0.6972176379989644,0.7599611952084755,0.7874106477841801,0.7778114537963856,0.7811460800201718,0.7730501810750758,0.7781888609162046,0.7615555544168999,0.7852336394679943,0.7828264460841766,0.7793954647918125,0.7864099804340522,0.7740920977916774,0.8032298529091442,0.76107402154569,0.7421265715068497,0.7831606259575897,0.7982147060842338,0.7584459555109311,0.6091903548518128,0.560058823478412,0.7891688505313362,0.42327014576200345,0.6463302252551336
2023-07-03 13:00:00,0.7933040641441329,0.591451403761067,0.7994048691064292,0.7191752945238327,0.6695030306794257,0.7657129185310018,0.7930733283767001,0.7827547075627521,0.7954114524387327,0.7783960511223491,0.7804200148497623,0.7742986533461783,0.7927391534485951,0.7901566124916957,0.7887675644192855,0.7963851316253703,0.7919104268065466,0.798507073774084,0.7823900708463326,0.7576021617422916,0.7909227123568792,0.7998617136104315,0.7219370959209934,0.5442453662146431,0.52430188876005,0.777177772211313,0.39694360468841833,0.5804617327666598
2023-07-03 14:00:00,0.7985028962448814,0.5765284323511404,0.7988951118382865,0.694101203747162,0.6308891379308018,0.7704612474789156,0.7873310315297433,0.7705133606182093,0.7964099766753796,0.7586007125374028,0.7705945884922514,0.7250608377047807,0.7960143497343426,0.780620833393204,0.7689211079631794,0.7904003056273966,0.7978977408205151,0.7610996522734775,0.7925998308916636,0.7111574426597013,0.7811731017981054,0.7757433023821397,0.7061806442218949,0.526392355556917,0.4720729585158431,0.7679295136864273,0.36949981538798354,0.5358585831099538
2023-07-03 15:00:00,0.7744828076680976,0.6214661014251041,0.7940603431976095,0.7114214317502869,0.6135090292988182,0.7891828909958415,0.7886542628717423,0.7627614827326297,0.792909652877508,0.7763491829222827,0.771958243127125,0.7365624284190561,0.7951484625818883,0.757144415394043,0.7752569107245845,0.7917952971685656,0.7914985641423776,0.7621381276603417,0.7670269589907671,0.7502613617996203,0.7571909121328076,0.7699728807154073,0.684389944213371,0.5618265597116436,0.46143804766174534,0.7360583351269236,0.456145029790041,0.5441759035270518
2023-07-03 16:00:00,0.7398859964775546,0.5821893605489756,0.7812808172160084,0.671433311791102,0.5552337030241008,0.7814131025445353,0.772103533856285,0.7572830158726936,0.777322213936606,0.7590353168952029,0.7600808656823815,0.6405744174804268,0.7762432027382689,0.7623231577885389,0.7533073320814465,0.7795380348313418,0.7713062515438911,0.7183406753469308,0.7448494691709658,0.7229121936696659,0.7631628982499002,0.71742019528693,0.5950577987122911,0.571679440223298,0.44921462516354893,0.6815674808952363,0.3958506948400841,0.5612860354452022
2023-07-03 17:00:00,0.683653948819945,0.5298470127747625,0.7573376649952605,0.6243596561154194,0.5020275844628292,0.7432206650953175,0.7498492846176644,0.7334584198624721,0.7418293204211096,0.7390113367482163,0.7347665727566847,0.5996308367307008,0.7422306613631706,0.7394724317803661,0.6941789032636121,0.7485608616076157,0.7023313102770722,0.6844555586451763,0.6794086116659802,0.7181782541386514,0.7405505908369211,0.6621814594907305,0.48832333250794724,0.5102320310325015,0.4170749695055542,0.6173208839746233,0.4305164598984904,0.46941743970292427
2023-07-03 18:00:00,0.6491421649083382,0.5535611979714004,0.7185568472381876,0.5493578600239801,0.4467534052293994,0.6595781847495834,0.7137123340964405,0.6993610428792917,0.6991357811488526,0.7040085252353042,0.7003115537550221,0.5236930806576494,0.6962368164764885,0.7049615346795317,0.6278290280929409,0.7007368997035999,0.5664496261205,0.6432163373257271,0.5971931569816409,0.7033890338088981,0.7061575384415799,0.6211903118444926,0.38889181240942533,0.5395423099716188,0.4730823687085788,0.5614771991812562,0.4896863720588261,0.49618594982662556
2023-07-03 19:00:00,0.5658183560140247,0.49536060121380626,0.661421230804742,0.6108741471749424,0.3161570737303311,0.5695282090194844,0.6563943350802817,0.6388135581527752,0.5852786674361875,0.6467884752010851,0.6454325522385748,0.5607347603331205,0.5693713882639134,0.638538808287011,0.6053219263022238,0.6148196108647953,0.48048474581645345,0.5710888700720715,0.5407231957914912,0.6337782694870423,0.6390275596648147,0.5935887732142965,0.2520711483705399,0.48560084473384996,0.46145644091308463,0.49394017065065,0.42835097546666967,0.4645067682806626
2023-07-03 20:00:00,0.536823074160603,0.422694549821407,0.5649284330160546,0.5346048914361029,0.2668190405448283,0.48757871205149356,0.5541961889854169,0.5433941614694157,0.534609024795976,0.5466919791587392,0.5471891462585964,0.48870226249417914,0.5062868544587817,0.5424948466401763,0.5459489990086285,0.5478519481961305,0.3652487612431525,0.5402685760733291,0.41538077321299804,0.5361280376013831,0.5426671641272214,0.543192626658093,0.20891538836036738,0.3693001220712263,0.3863807490925977,0.44076461172786746,0.36353265988398353,0.37531599271534144
2023-07-03 21:00:00,0.4151296683133709,0.30782846874414665,0.3853086094803505,0.36278068878947056,0.18658678955744656,0.34964755653464025,0.36742369670235786,0.3595661080525752,0.42527623031591016,0.36520611243438383,0.36836372489388813,0.39550490584251485,0.4303409212078333,0.3533524702900623,0.42189351384874146,0.44165600653025955,0.22721720179984697,0.39064760535225257,0.24504045956981213,0.34379963475113634,0.3527479967678509,0.4002676022686666,0.15652653169081066,0.2750058694222286,0.20645254164177754,0.3729279958798644,0.25283084295477104,0.28139633205354597
2023-07-03 22:00:00,0.0,0.055500874734616686,0.0,0.0,0.12619648570158798,0.16934840274637442,0.0,0.0,0.13418399174154408,0.0,0.0,0.0,0.09087498726566028,0.0,0.26943624050057774,0.2494853367214574,0.08478707125638886,0.0,0.07642092354046932,0.0,0.0,0.0,0.0,0.0,0.0,0.21266014453805018,0.01848694340404738,0.0
2023-07-03 23:00:00,0.0,0.0,0.0,0.0,0.018177603753776746,5.6388250776982516e-05,0.0,0.0,0.0,0.0,0.0,0.0,0.0,0.0,0.0,0.0,0.0,0.0,0.0,0.0,0.0,0.0,0.0,0.0,0.0,0.00017728285094528888,0.0,0.0
2023-07-04 00:00:00,0.0,0.0,0.0,0.0,0.0,0.0,0.0,0.0,0.0,0.0,0.0,0.0,0.0,0.0,0.0,0.0,0.0,0.0,0.0,0.0,0.0,0.0,0.0,0.0,0.0,0.0,0.0,0.0
2023-07-04 01:00:00,0.0,0.0,0.0,0.0,0.0,0.0,0.0,0.0,0.0,0.0,0.0,0.0,0.0,0.0,0.0,0.0,0.0,0.0,0.0,0.0,0.0,0.0,0.0,0.0,0.0,0.0,0.0,0.0
2023-07-04 02:00:00,0.0,0.0,0.0,0.0,0.0,0.0,0.0,0.0,0.0,0.0,0.0,0.0,0.0,0.0,0.0,0.0,0.0,0.0,0.0,0.0,0.0,0.0,0.0,0.0,0.0,0.0,0.0,0.0
2023-07-04 03:00:00,0.0,0.0,0.0,0.0,0.0,0.0,0.0,0.0,0.0,0.0,0.0,0.0,0.0,0.0,0.0,0.0,0.0,0.0,0.0,0.0,0.0,0.0,0.0,0.0,0.0,0.0,0.0,0.0
2023-07-04 04:00:00,0.0,0.0,0.0,0.0,0.0,0.0,0.0,0.0,0.0,0.0,0.0,0.0,0.0,0.0,0.0,0.0,0.0,0.0,0.0,0.0,0.0,0.0,0.0,0.0,0.0,0.0,0.0,0.0
2023-07-04 05:00:00,0.0,0.0,0.0,0.0,0.0,0.0,0.0,0.0,0.0,0.0,0.0,0.0,0.0,0.0,0.0,0.0,0.0,0.0,0.0,0.0,0.0,0.0,0.0,0.0,0.0,0.0,0.0,0.0
2023-07-04 06:00:00,0.15023699404672936,0.286471566065846,0.0,0.31770179793240466,0.09704991665103765,0.059298250522476614,0.05470199520643628,0.055747091121347764,0.07581789787016939,0.08205299280965442,0.0,0.33185534836469005,0.09174024575523379,0.14506364129889335,0.10347192918239807,0.04924968613184693,0.0083509071763518,0.22483989926089676,0.003909073129160668,0.3118160918891102,0.163196596461255,0.22656687161673342,0.2846187717610394,0.33814731627176653,0.26985085505692213,0.05182374843495302,0.22283730402669635,0.3162229741737194
2023-07-04 07:00:00,0.44528587117031976,0.4434019470435539,0.41848453185679785,0.5037157798811425,0.161372127957895,0.1443058313649379,0.4361866512735097,0.4361233877681016,0.3148404255515101,0.4303184583614693,0.4338529036782662,0.5166277425788108,0.3591962123116619,0.4383149202821439,0.15347206321400164,0.24630202774246007,0.22738237307046805,0.47585692127528434,0.16940183405724432,0.4399309214913534,0.43797840430426305,0.47871526792263436,0.45194285260619804,0.5000567230767239,0.44763993964654675,0.11330126784450661,0.3450833349022772,0.4958514366693699
2023-07-04 08:00:00,0.5755756815451912,0.5679283100059606,0.58426823737483,0.644253993473718,0.24068787283319787,0.3326660991618627,0.59490124733847,0.5911506698518293,0.41597666601669314,0.586915391839494,0.5902133146015534,0.6619587315319879,0.4781868346833205,0.5934512858725175,0.250013304165526,0.3405304930384648,0.4091366001340463,0.6268392132273205,0.3398127270563849,0.5904184176238514,0.5934452794632934,0.6309184506686631,0.6048949738847034,0.618794818127038,0.554044910860338,0.2865658394660624,0.49226587007578876,0.6215634859519358
2023-07-04 09:00:00,0.6403275936860495,0.6574958814341432,0.6733395774025852,0.7196343159296739,0.31795122361546957,0.5038440560884871,0.6782019642219419,0.6741706607396609,0.5088742446743787,0.6727555505974929,0.6743605946303242,0.7352973068429731,0.520694272491945,0.676968342223389,0.37933126008832946,0.38864073214960027,0.5279269671779545,0.6947826264931427,0.4630618263771624,0.6722493666871102,0.6773713640179537,0.7036412259925099,0.5864694453888958,0.7105003016889078,0.6986644720705681,0.4801635895648073,0.7196505364147588,0.7131348764423776
2023-07-04 10:00:00,0.6673867551125636,0.6983516918687386,0.7225874195619526,0.7589227510486147,0.4307549179570146,0.6501011544724508,0.7234065036264196,0.7207780167940725,0.5593260280729015,0.720779392131957,0.720482051992479,0.7713128930285232,0.5210939115021468,0.7247081167711746,0.4611810408660149,0.46147061326211736,0.6359205549259034,0.7322463916299768,0.5797906903737524,0.7192317460716484,0.7253682320817035,0.7404757072150603,0.6260024023902534,0.7587062073434776,0.7748141247478192,0.6092451849597479,0.7821998666288539,0.7563497438733218
2023-07-04 11:00:00,0.701744697627732,0.7286891049420893,0.7311387964044754,0.7786089235885272,0.4583564865040018,0.7030064737815317,0.7547557615243922,0.7485206183213652,0.628832515206786,0.750227511803333,0.7473193602405748,0.7957353932536899,0.5948477702832327,0.7539318615624784,0.5732959274461891,0.6231695138463349,0.6926061031557981,0.7687004072017274,0.6338353524551688,0.7480744648244897,0.75492540344813,0.7749115354906638,0.6872099965902657,0.7491764852557146,0.7639400251882403,0.6884698336817657,0.7895615878203555,0.7506495337781454
2023-07-04 12:00:00,0.7376472992870498,0.7263949463260603,0.7506888863887619,0.7862822983012223,0.4382544290566582,0.747411374035535,0.7718171295287891,0.7626828939973694,0.6051431089135952,0.7667531597986615,0.7603308301605082,0.816224499886965,0.5498323218496411,0.7698766998127611,0.6387056781821187,0.6253920868720183,0.7264662583344711,0.7777438121785641,0.7005408907067734,0.7650301195527167,0.7712511240787405,0.7953148204189148,0.708819683703842,0.7307927741565357,0.7623389643415791,0.7377846478618865,0.7755042960476972,0.7358205823434464
2023-07-04 13:00:00,0.7162053214416686,0.656471895489796,0.7466306889348964,0.7602988245342942,0.43425257437354,0.7577714646837438,0.7774618268564054,0.7622480839648608,0.6381843835323242,0.7528889256817737,0.7441317093025913,0.7871570528412499,0.6189675304325404,0.7745714457894528,0.698975701204019,0.7004515677859655,0.7447141913328351,0.7496108180783478,0.711639973623821,0.7727939294225538,0.7764646401324049,0.7718377888165348,0.7114752478243705,0.7146880742856259,0.729854102820223,0.7038735798442675,0.7191021039165517,0.7091057351382016
2023-07-04 14:00:00,0.6553607436632001,0.6223498101882246,0.7053518324646448,0.6904297769113611,0.4446338923209945,0.7106317323194459,0.7663321244987884,0.7433730217308442,0.6660759478001484,0.7067055041153291,0.6959007685815026,0.6932371557073609,0.6671961647212484,0.7653525418447916,0.6993027280595132,0.7356464875187912,0.7408358853711257,0.6573822816087671,0.7149216494066986,0.753223578744316,0.7681837553810427,0.6861023822335547,0.6442337536685855,0.7225892897324752,0.6655032449494167,0.6333455313401408,0.6826654693903266,0.7321268494042329
2023-07-04 15:00:00,0.5484141957598115,0.5276657758804936,0.6367530493367508,0.5738415523460001,0.44545540647875426,0.6800820367387641,0.7079492809335401,0.6846849862719621,0.697234081655264,0.5910145836017425,0.5791377482516533,0.5599140899898253,0.7085221133538858,0.7365725192915457,0.6700981063270114,0.7513082370849329,0.7435309807819839,0.4622528823288896,0.7289317258827172,0.7451739367090209,0.7436197508178716,0.5212565448348254,0.5706034637811365,0.6405788964784606,0.6422001351350043,0.5903920536533042,0.5877008102697843,0.6450364739780532
2023-07-04 16:00:00,0.46408093801693057,0.4457716759949666,0.6130418659105618,0.5879505911797649,0.4477953530715374,0.6307825242925217,0.5889800063596972,0.5410985058181986,0.6799828779347483,0.3786704334989942,0.4033966805477582,0.4438320074610372,0.6919401888451349,0.6508142723759366,0.5930852153342608,0.7083198087655953,0.7112195928423558,0.3272921099082578,0.714458633042109,0.6605382240334028,0.665213944585413,0.32763020556354133,0.5094866787645548,0.5644620086539589,0.5782960834250462,0.5674584534140269,0.5277990964980763,0.5768865673392517
2023-07-04 17:00:00,0.45668970135040066,0.4120403575496524,0.5571220348287558,0.4707615856485017,0.4188939654978204,0.6225426309480648,0.4935175760313552,0.42001185826698145,0.6584312177795412,0.26392525522733534,0.3191739868352455,0.3515029392718783,0.667094636646929,0.5216962543323276,0.5998364755120151,0.6616118283073712,0.693457894412851,0.2845691048647469,0.6982636803101149,0.46045951141266017,0.533276776696761,0.23170509420776095,0.37593453779283603,0.4912150147979094,0.4975214480362956,0.5740852042135167,0.40938357449206136,0.5285346074025054
2023-07-04 18:00:00,0.46807927189320864,0.3332210817351625,0.5969114838685184,0.31862498135637957,0.3884410085238354,0.5859088718356676,0.48240177946139484,0.3471805852605414,0.5590241956909718,0.2864759957935522,0.37167144283503717,0.20540785712863371,0.5427557241620586,0.3623077673578868,0.5710078590301858,0.6160018656258616,0.6740741344838128,0.38049163116321644,0.673157117968008,0.2011067175019791,0.36103708866266004,0.24267209151555344,0.3320841343435064,0.36630361923122357,0.49042914733340726,0.5321368205692742,0.39131359194520365,0.3899058627457814
2023-07-04 19:00:00,0.5061771016221375,0.3326648041589699,0.5910350614440684,0.1460648660964151,0.3542663498282037,0.5617333685141982,0.41449980993351526,0.29685252890858144,0.5373588044221538,0.35817620300266984,0.39293822556994584,0.1699832278475112,0.5079943696295304,0.27138875959884157,0.5150753176649863,0.553415791296339,0.6231749379527757,0.4669767961643064,0.5986215949771924,0.11876087761023622,0.2707387366129661,0.3485432301734439,0.2953134672157452,0.4143073004293049,0.4496850329119652,0.4978754933364554,0.40033077181140964,0.4259179850967003
2023-07-04 20:00:00,0.4260933807692207,0.33245783536316365,0.5417860401743427,0.1079668788379761,0.3588275502588773,0.5284410936259895,0.4601356763941973,0.37015850278836043,0.44474524481354266,0.4419043766377279,0.45436704055418087,0.12929894646006346,0.41771331682546764,0.30270388849222774,0.4791161127505455,0.4806394898543094,0.5597182890941697,0.3979645830486949,0.5328073574803539,0.16939640418090104,0.2959699286373501,0.33709356176599226,0.22167995920889988,0.4020535551430663,0.3827961783602518,0.4526239192353934,0.3831391884052366,0.4005681059922061
2023-07-04 21:00:00,0.3248136205277253,0.24634552171180935,0.3749156455508316,0.049302243211629876,0.30445038351292036,0.43081930785832756,0.34210794902245784,0.3052567379903029,0.34655110292679825,0.3289486702252206,0.34250551412882857,0.11090278428252988,0.31418945519802494,0.26593383223109995,0.320822270964588,0.3490917484361994,0.4627067191144864,0.31090835798905386,0.42393740568524724,0.21025065705705337,0.2604872011845731,0.2646338134946448,0.14294445575942136,0.2758323114078853,0.2805324356018506,0.39951249881088297,0.3399693109920727,0.2896713488497923
2023-07-04 22:00:00,0.0,0.053069313741243844,0.0,0.0,0.2110421937068477,0.24410390493846978,0.0,0.0,0.12552559244232692,0.0,0.0,0.0,0.06614640096050732,0.0,0.212007790897587,0.20097122708732287,0.28670870188010983,0.0,0.2609783816305517,0.0,0.0,0.0,0.0,0.0,0.0,0.25171796905652494,0.02451676557606963,0.0
2023-07-04 23:00:00,0.0,0.0,0.0,0.0,0.07523163938967767,0.002602495546358324,0.0,0.0,0.0,0.0,0.0,0.0,0.0,0.0,0.0,0.0,0.0,0.0,0.0,0.0,0.0,0.0,0.0,0.0,0.0,0.0025231866540910974,0.0,0.0
2023-07-05 00:00:00,0.0,0.0,0.0,0.0,0.0,0.0,0.0,0.0,0.0,0.0,0.0,0.0,0.0,0.0,0.0,0.0,0.0,0.0,0.0,0.0,0.0,0.0,0.0,0.0,0.0,0.0,0.0,0.0
2023-07-05 01:00:00,0.0,0.0,0.0,0.0,0.0,0.0,0.0,0.0,0.0,0.0,0.0,0.0,0.0,0.0,0.0,0.0,0.0,0.0,0.0,0.0,0.0,0.0,0.0,0.0,0.0,0.0,0.0,0.0
2023-07-05 02:00:00,0.0,0.0,0.0,0.0,0.0,0.0,0.0,0.0,0.0,0.0,0.0,0.0,0.0,0.0,0.0,0.0,0.0,0.0,0.0,0.0,0.0,0.0,0.0,0.0,0.0,0.0,0.0,0.0
2023-07-05 03:00:00,0.0,0.0,0.0,0.0,0.0,0.0,0.0,0.0,0.0,0.0,0.0,0.0,0.0,0.0,0.0,0.0,0.0,0.0,0.0,0.0,0.0,0.0,0.0,0.0,0.0,0.0,0.0,0.0
2023-07-05 04:00:00,0.0,0.0,0.0,0.0,0.0,0.0,0.0,0.0,0.0,0.0,0.0,0.0,0.0,0.0,0.0,0.0,0.0,0.0,0.0,0.0,0.0,0.0,0.0,0.0,0.0,0.0,0.0,0.0
2023-07-05 05:00:00,0.0,0.0,0.0,0.0,0.0,0.0,0.0,0.0,0.0,0.0,0.0,0.0,0.0,0.0,0.0,0.0,0.0,0.0,0.0,0.0,0.0,0.0,0.0,0.0,0.0,0.0,0.0,0.0
2023-07-05 06:00:00,0.14380003514950213,0.3185378549521216,0.0,0.2173737222455115,0.07287571885379916,0.10266809566076836,0.0,0.0,0.05173943488867269,0.0,0.0,0.22878593939378286,0.09087657794734712,0.05286312572446819,0.14318390352363947,0.049281126019011696,0.005332620487157475,0.2225267528551873,0.008901104316804737,0.2363603737920888,0.05947101644002672,0.15518572563840674,0.1972245394639994,0.2976914276574584,0.32224235442808885,0.1983899249663125,0.3724516902244923,0.2802833393259511
2023-07-05 07:00:00,0.4149790434415655,0.507596284395242,0.3197917459011045,0.3451536444135335,0.17766625463583668,0.22771417322263113,0.23734443320321366,0.22221857642722653,0.399292551629451,0.27853604143040056,0.2392094803066509,0.3606722207227374,0.40764403390694276,0.23208795382195924,0.3397451520369993,0.3611154076035631,0.19014231908064846,0.44344267440931223,0.16298319572416564,0.30299070376734005,0.2398963562529911,0.3888800753852042,0.3561190703987013,0.46483119818427643,0.5027757600017381,0.35985250008517583,0.5563576251162928,0.4509285784484458
2023-07-05 08:00:00,0.5885188166430309,0.6386234629503382,0.5164612222875212,0.49460776640411713,0.30574654470437995,0.31052494084604,0.43519410167000955,0.40003008604264934,0.5189500091361597,0.5064730153748804,0.4596569997929297,0.5472755732217721,0.5288318225055406,0.37435082402078723,0.43805125035352627,0.48234147095741353,0.34867503587223697,0.6021370389501041,0.3244959289229018,0.45842111669051416,0.3782302023084262,0.5809516674465244,0.47633268921707506,0.6214016696840008,0.6283243820281789,0.47995843372027813,0.6695919196657337,0.6172816925713068
2023-07-05 09:00:00,0.6735250498466294,0.7113553688114652,0.6374466838987705,0.5681385611466209,0.4314787998947346,0.39448087271935517,0.542003324601125,0.5081519671753916,0.5785618202661025,0.6162221039913113,0.5684008539864395,0.6377548237943095,0.5949098844342349,0.4834268886619682,0.5635558421989462,0.5361397905666929,0.4334801095992065,0.6831388704393943,0.4059120507678805,0.561511047411913,0.48834937498124603,0.6747157972820662,0.7202022934735914,0.6918447779844124,0.7476519774608417,0.5754061474145328,0.7296538667727853,0.6905023228468321
2023-07-05 10:00:00,0.7361243179398619,0.7486680352622815,0.7142135563188466,0.6587336172557617,0.5283317946905626,0.5316333824498194,0.6770093781948536,0.6535441064860882,0.6224373830702705,0.69904665140456,0.6802004431660967,0.7276656900142904,0.628983450721869,0.6389263016873673,0.7061570530547676,0.6014279999605368,0.5950755992618231,0.7328043243344508,0.5451550802627613,0.6761000718846915,0.6400691207773392,0.7395009465211239,0.7793936889970944,0.7426539056501341,0.7809886823020555,0.6598980897197753,0.7566743868392408,0.7400043529396052
2023-07-05 11:00:00,0.7627223151939431,0.7428137354851865,0.7503648019601904,0.7063993751457897,0.5955816258806675,0.6417174971627718,0.7235609813245846,0.705002130279745,0.6652191495968636,0.7333494067615995,0.7188716890550833,0.7649564637194816,0.6750307689111383,0.7020590478510352,0.7475858677989056,0.7114454662864874,0.6871924713751411,0.7595733326464641,0.6344283136290659,0.7236789917080367,0.7036635937251244,0.7695470975882034,0.7347502916672246,0.7536952956262256,0.666818177451344,0.7213544708992905,0.7176878142148442,0.7587561281131471
2023-07-05 12:00:00,0.7678899845923706,0.7196337203856664,0.7739501895416107,0.7157859670015002,0.6878736414301012,0.64933161124533,0.7654794175302803,0.7541020436272138,0.6663832886836453,0.757074950283043,0.7527056845223725,0.7619305854913058,0.6843243470059838,0.7586669447082767,0.7135617116988762,0.6465205934144326,0.7370605578584815,0.751300318504439,0.6988261812939739,0.7549138879175303,0.7598555171196556,0.765720229316794,0.6755109360879965,0.7309487306240907,0.6874784405909582,0.7218310616989502,0.7257566075623261,0.7379124572927508
2023-07-05 13:00:00,0.7563258731579054,0.68720250248415,0.7820007946974938,0.7058020691654462,0.7185380348444272,0.6949237385316271,0.7729749402934969,0.7597353441883756,0.6811746761296228,0.7622788919685022,0.7568544004197024,0.704178555679924,0.7095527240090933,0.7669567800182332,0.7497853170431628,0.7226199848637039,0.7540976819158512,0.7446234151636529,0.7461393874633953,0.7490957275072014,0.7683772240937455,0.7466306422392842,0.7313078876391453,0.7441057324018016,0.7087574120800773,0.7388002247717947,0.7152289499008833,0.7412090103337575
2023-07-05 14:00:00,0.6896081057551958,0.6645473267680367,0.7738015812605022,0.6652579414167273,0.7093414461884368,0.6938509002271532,0.7649632024031586,0.7530737773353423,0.6894916645412342,0.7514234085014255,0.745132765010939,0.6162937735744884,0.7267120658537191,0.7676348797986227,0.7456940776290468,0.7356494374080247,0.7677030297232357,0.69159226922896,0.7615162027911471,0.754207658925398,0.769447625695251,0.6548319062240827,0.7605591914184611,0.7324875897025404,0.7475176474035252,0.7316277212118225,0.7240145870995305,0.7305068455479051
2023-07-05 15:00:00,0.6823379348314506,0.6293409217728541,0.745242374664695,0.6607640651697501,0.7151595498229586,0.6831644978673818,0.7537447713846915,0.7516431781629443,0.6130358695995339,0.7608114012492424,0.7464113886991137,0.5904003070930328,0.6161880028421084,0.7643878772490695,0.6940303573954975,0.6352301688432741,0.7737840261900899,0.6949488805669285,0.7770781409004371,0.7634756840586687,0.766545967910942,0.6620848305162129,0.7386667246223063,0.7229166553928852,0.7341507417234289,0.7010044952971521,0.6582316897869441,0.7243253106912105
2023-07-05 16:00:00,0.6203194675484633,0.5606205973416134,0.7340321098471208,0.648316165478589,0.672692779516749,0.6396691671221348,0.7399304552191727,0.7414367803275422,0.5832131292194654,0.7496418038041438,0.7377904664284504,0.47997054604500344,0.6028380095432769,0.7502176905141136,0.6361784566205816,0.6589706770420515,0.758172212731075,0.5943681703809326,0.7602173578924964,0.752179028554453,0.7524834230566844,0.5776354094182826,0.7292783652672913,0.7043271573511058,0.7297270778629318,0.6071334658545934,0.6219967918995455,0.7068735901133367
2023-07-05 17:00:00,0.6269167374139638,0.5237337722020654,0.7221048659714251,0.6308175087847269,0.6164500434997584,0.5978111649899597,0.7247987994060087,0.7155913072412932,0.6129853251217503,0.722782790468131,0.7168625954828527,0.525281528011472,0.6206250951369436,0.7212557344960628,0.6136005812542491,0.6564491180522483,0.7334335178424709,0.5973732430617102,0.7310463063020272,0.7041543928481132,0.7229937452899178,0.6189424094502435,0.636585160556641,0.6724019750264811,0.6299869658312848,0.5763312449522242,0.5616594621528967,0.6574037045638332
2023-07-05 18:00:00,0.5723906025633986,0.41957007258811024,0.6739087669814338,0.5556812840592653,0.56968848147553,0.5335781094316233,0.6847478070085972,0.6803893903760404,0.5681613627283632,0.6837138093322324,0.6837229827064115,0.41503645296475866,0.54103570731357,0.6840279088004035,0.5545104627157666,0.6000912191101837,0.6733888722235968,0.5590650700453353,0.6795047687014264,0.6293646577971626,0.6848225806773572,0.5391757938193651,0.512782067613464,0.5668700587973664,0.5635139346207363,0.5046168662479943,0.5111739721838043,0.5550109288832057
2023-07-05 19:00:00,0.5537781487074402,0.39030297018728566,0.6274309150569336,0.5096093267528712,0.498443809017328,0.468431102281599,0.634346082920128,0.6273758224740601,0.5582374585041702,0.6235038761843711,0.6245466078645657,0.5104922098029595,0.5354855430925703,0.633350568443001,0.5476976736625877,0.5664743387022833,0.5754336908127395,0.5777572801163868,0.5899491647656727,0.596361819280578,0.6335817003996917,0.5510314320496854,0.38575766810278306,0.5149606963270326,0.44034910206344685,0.4513988105472513,0.3870602257639152,0.49271263470417453
2023-07-05 20:00:00,0.480843427424366,0.37931126216509925,0.5484770706038792,0.3298658204518356,0.4285409541587454,0.3795583810106416,0.5352273404523649,0.5317011357109205,0.5102011240823524,0.5311557520674235,0.5330864885173039,0.3283424636360725,0.48981527053899504,0.5302625656349197,0.4327558717863293,0.45655002535732986,0.43931574562183384,0.474048961620482,0.461807466916339,0.5125332503619602,0.5301160428708702,0.45809901187290847,0.30247833634280896,0.3498825427987434,0.3076555075158838,0.3464306431351227,0.27810493348453963,0.3819500781282488
2023-07-05 21:00:00,0.3872333378369488,0.32844393640294745,0.370737198083862,0.2849460412303946,0.3588546962156228,0.30248233224375576,0.3555492991765217,0.3468353786564959,0.38061558307182464,0.352117299984418,0.3550033330743845,0.3479393089083627,0.36156818243568234,0.34155301140394934,0.31785564380635106,0.3270077762767214,0.32861342060664034,0.3573400986365103,0.34328950774728884,0.31773510462947796,0.3405232398011228,0.3662815920356721,0.20387803151635717,0.22417586373598197,0.1494006263224523,0.22380268868572298,0.1774378841769495,0.26888450616054643
2023-07-05 22:00:00,0.0,0.05029124693334521,0.0,0.0,0.26652214013296865,0.21022732262349045,0.0,0.0,0.094442952209575,0.0,0.0,0.0,0.053591383587568625,0.0,0.16888980504711057,0.1530412794778535,0.21578076348081046,0.0,0.23378376326525788,0.0,0.0,0.0,0.0,0.0,0.0,0.11472822955049201,0.01710136611748972,0.0
2023-07-05 23:00:00,0.0,0.0,0.0,0.0,0.14941612791200923,0.006911492503707998,0.0,0.0,0.0,0.0,0.0,0.0,0.0,0.0,0.0,0.0,0.0,0.0,0.0,0.0,0.0,0.0,0.0,0.0,0.0,0.010759920947584203,0.0,0.0
2023-07-06 00:00:00,0.0,0.0,0.0,0.0,0.0,0.0,0.0,0.0,0.0,0.0,0.0,0.0,0.0,0.0,0.0,0.0,0.0,0.0,0.0,0.0,0.0,0.0,0.0,0.0,0.0,0.0,0.0,0.0
2023-07-06 01:00:00,0.0,0.0,0.0,0.0,0.0,0.0,0.0,0.0,0.0,0.0,0.0,0.0,0.0,0.0,0.0,0.0,0.0,0.0,0.0,0.0,0.0,0.0,0.0,0.0,0.0,0.0,0.0,0.0
2023-07-06 02:00:00,0.0,0.0,0.0,0.0,0.0,0.0,0.0,0.0,0.0,0.0,0.0,0.0,0.0,0.0,0.0,0.0,0.0,0.0,0.0,0.0,0.0,0.0,0.0,0.0,0.0,0.0,0.0,0.0
2023-07-06 03:00:00,0.0,0.0,0.0,0.0,0.0,0.0,0.0,0.0,0.0,0.0,0.0,0.0,0.0,0.0,0.0,0.0,0.0,0.0,0.0,0.0,0.0,0.0,0.0,0.0,0.0,0.0,0.0,0.0
2023-07-06 04:00:00,0.0,0.0,0.0,0.0,0.0,0.0,0.0,0.0,0.0,0.0,0.0,0.0,0.0,0.0,0.0,0.0,0.0,0.0,0.0,0.0,0.0,0.0,0.0,0.0,0.0,0.0,0.0,0.0
2023-07-06 05:00:00,0.0,0.0,0.0,0.0,0.0,0.0,0.0,0.0,0.0,0.0,0.0,0.0,0.0,0.0,0.0,0.0,0.0,0.0,0.0,0.0,0.0,0.0,0.0,0.0,0.0,0.0,0.0,0.0
2023-07-06 06:00:00,0.08552997155609827,0.18096961222215108,0.0,0.3145694364235594,0.17553080631176649,0.18797613585241463,0.0,0.0,0.011137734827508678,0.0,0.0,0.29870640758463546,0.009120350455713898,0.0,0.036144631498072975,0.0030378870601909993,0.04365913407734749,0.15309205804985382,0.01086676433345128,0.15972352436122444,0.0,0.1240062181332577,0.36794749636556917,0.3302682808393299,0.338669095677441,0.19360507368241378,0.2854021649941687,0.3148967712214943
2023-07-06 07:00:00,0.27794063500121213,0.32628930558950614,0.25412176208398546,0.4845777444463433,0.30969487839304854,0.38823290680092,0.30364672009359633,0.3809671411795479,0.2141278778401977,0.3180762891163692,0.3160043835108333,0.4362245837068523,0.17300992234861254,0.4094730560310851,0.2195490934941342,0.22756818239865295,0.33667887838744814,0.2985031135075002,0.3223854587915504,0.41915844559687215,0.40947126878192397,0.33268762504272015,0.5670992430254996,0.5215270997323582,0.5447720842198712,0.39557667477129066,0.4440176826660524,0.5020197900569733
2023-07-06 08:00:00,0.421286576464197,0.5063695557034809,0.3402037589678873,0.6255645097185755,0.4569425385692283,0.5291860819568014,0.36795186960633325,0.4898704323579623,0.36378739256237086,0.4283584876633241,0.4163224878499729,0.5770975168867202,0.34396448042306804,0.5399122539556515,0.3903805733224664,0.41297240502516624,0.4908561534918835,0.4184794782525357,0.4508085565454315,0.5546640635513858,0.5417004248055052,0.4708133063416406,0.6707051770592919,0.6427326108994094,0.6595041397169028,0.5446318856403416,0.5943388697933424,0.636018179067491
2023-07-06 09:00:00,0.539222875144986,0.604003740419416,0.4819195577319284,0.6935143176514618,0.5773916183877724,0.6509279573620598,0.47878638417634334,0.5886922291289739,0.461984726791221,0.5487689634469191,0.5380717543857061,0.6366518148280491,0.47053805659564946,0.6357536815103297,0.6366030539625279,0.593975347242643,0.6085203122161943,0.531958678165319,0.568183435940968,0.6309829397345764,0.6389603974695099,0.5563937873383037,0.7126844323706532,0.7159857696515293,0.7384791283386917,0.636623074833987,0.6848793414183147,0.707181017960902
2023-07-06 10:00:00,0.621648484107784,0.6624773048166233,0.5476427466190388,0.7297482169607362,0.6727666712118026,0.7197750040789985,0.5389572549894196,0.634629964071722,0.5689473926384109,0.5980941287297137,0.5826521275781191,0.6812335444490649,0.565595849277421,0.692090163970253,0.7036848946690819,0.666149827442861,0.6821805845844169,0.5816972170137311,0.629989784353567,0.6786123286394408,0.6972915366754013,0.6090965285019481,0.6931328166284386,0.751315356623935,0.7363530240656776,0.6953090567267429,0.7289233384533355,0.7445321870630419
2023-07-06 11:00:00,0.6745730528166145,0.6991036272024085,0.6133305291350503,0.7239386118575882,0.7216651436930335,0.7569403963945552,0.6084393198154915,0.6624695569569928,0.6511075528846932,0.645115600789655,0.6301922083049252,0.6822479831207855,0.665398400893233,0.7090381091127456,0.7285589471972203,0.7177325187370887,0.7386437437870043,0.6578691489655735,0.7090890970013908,0.7032505878790689,0.7150308673560481,0.646819362407865,0.7469948243300699,0.7421112994566088,0.7426386416759748,0.7199932856556536,0.7439413823019425,0.732914936719032
2023-07-06 12:00:00,0.6883203096339339,0.6278745236576181,0.6690558931098424,0.6560488876767973,0.7684937903589667,0.7757615376590745,0.6966744506820493,0.7262865276797342,0.6554694038765362,0.7153299604455593,0.7067185425547311,0.6237225999268657,0.6749966618592561,0.7538735921451745,0.7450865562086588,0.7150284763547926,0.761559099925538,0.6716571283592314,0.747166139808377,0.7482735461089371,0.7578261079578114,0.6696224635229121,0.7169158818957255,0.7163480371529419,0.7522341369180711,0.7349591525559518,0.728967202145847,0.7034432279632549
2023-07-06 13:00:00,0.6951629944307955,0.6984015568868214,0.6664671147240442,0.6873772861599995,0.7601459714159807,0.7852764482952003,0.6966760694250004,0.7272662123361083,0.6879310858146368,0.7133660929189771,0.7029574184891418,0.6208949417281667,0.6980732856492881,0.7555487658139657,0.7627509545518614,0.721628542115498,0.776990957174048,0.6309866648009411,0.7643974145716431,0.7269211031720357,0.7587434371912806,0.6467247228137897,0.6754432128242717,0.7376031069227997,0.6990360344229531,0.7486583860517122,0.6876720612920016,0.7156524195803299
2023-07-06 14:00:00,0.7038052083262881,0.6884764099991527,0.677965478204618,0.7050043377985101,0.6815053483505525,0.7843865918059664,0.6975899417644977,0.7232547157375313,0.6710129101778712,0.7215202922529467,0.7025334988227488,0.6682889883051922,0.679087569368109,0.7472479038111208,0.7487190567310757,0.7161264894959553,0.7860101491223845,0.6502752967563793,0.7675912316651856,0.7404507139350582,0.751745857849201,0.6650433989042276,0.6497566028278793,0.7237857929452656,0.6699681284304823,0.7295521016903008,0.6410383437646416,0.6988476455595877
2023-07-06 15:00:00,0.6764089135653942,0.6201739797827851,0.6758675356953063,0.679711444049754,0.6360206682694003,0.7775300592233728,0.6859930225100249,0.698073554658853,0.6735735856162687,0.7195741137838609,0.6914187704200139,0.6708495290394653,0.6752486031066587,0.715499634965643,0.7062433832713414,0.7068259622881629,0.7837000144859493,0.6553132493940567,0.782303674417853,0.7193889625458971,0.7206629440369807,0.6639448026842842,0.6190110718844677,0.6666406898944087,0.6320235024002264,0.6940831484919492,0.537478660172836,0.6562180354534791
2023-07-06 16:00:00,0.6577503972455295,0.5816158299191878,0.6108146460412178,0.6908232855345908,0.6166701096915227,0.7427324526321992,0.6175481529478021,0.6340469937162355,0.643590849136071,0.6709269891405554,0.6368943869523243,0.6459899470197438,0.6335322990632154,0.6535077466317273,0.6783488437527586,0.6878185563972862,0.7711166592629606,0.6622507594850184,0.7700690628434871,0.6541905486535038,0.6601388058159254,0.6470150767284936,0.5307182382186454,0.641710185089342,0.5403263063472171,0.6658168419853151,0.4593530892179419,0.6182445803816474
2023-07-06 17:00:00,0.660399858102947,0.5570643644339642,0.591657678624277,0.5639993712764022,0.6065825979985282,0.7066432345453517,0.567648454390415,0.5880287095652394,0.536908089580786,0.6366115458115307,0.6049145544463591,0.5885182216306543,0.5065550414335219,0.5949444958057052,0.6508205292483163,0.6046269910469769,0.7534673153945342,0.6852058870739949,0.754989087233315,0.5498620228674336,0.6002375614875993,0.6789553823112904,0.3661918072566143,0.589934263528555,0.46205300033186175,0.6255316269530615,0.39599477346973544,0.562692673077983
2023-07-06 18:00:00,0.5629030016114774,0.37811018342271335,0.5254603507744521,0.5044732973241047,0.5917680640824305,0.6794038010347255,0.5280917342781903,0.5676056691422344,0.4824932079561943,0.6282741108651956,0.5790137057000341,0.5674335124180886,0.446607493027384,0.5872341989568053,0.5625360045328099,0.5333449932695186,0.7150277931688486,0.584683692353949,0.71833138839066,0.5784976922971783,0.5967433844499777,0.6294607817417539,0.2641080047161117,0.4821746555924866,0.32545739892877773,0.5873274170180657,0.23567782106981658,0.46837661654561275
2023-07-06 19:00:00,0.43660707611507943,0.25121264799391957,0.46945375919816623,0.39230860887135255,0.5798346268249212,0.6514585916578898,0.499249023004529,0.5166828344352142,0.40615776614994514,0.5592454302626738,0.5318404569357383,0.3528945834988309,0.3951646915582481,0.5135527512215785,0.46403459055982743,0.5353533898878328,0.6707253394409836,0.4130623601594605,0.6670796947953387,0.5082922788290939,0.5202989417190584,0.43842509015477554,0.19352443034097144,0.28974630365962023,0.22278099740581778,0.55067179045038,0.23999031469571974,0.3386907380519339
2023-07-06 20:00:00,0.2989135754216977,0.17449320724974668,0.39919024489171806,0.20078470428966633,0.5491511005853836,0.575375305683061,0.3956809046364698,0.40254642109938593,0.3742976362558578,0.45636574522977713,0.4380196529990405,0.1225204267547714,0.3482931695521686,0.3729234382307702,0.37737861898976405,0.47094407959602885,0.5900410380423894,0.24404297433924602,0.5843901408467281,0.3338171237466012,0.3747722353275285,0.2579388045175333,0.13361812812636079,0.1832129175596307,0.11304356045226735,0.4935278297289843,0.17022129631897626,0.23755336975859354
2023-07-06 21:00:00,0.20554425541188218,0.08730603392230878,0.2756836083923464,0.14000016317799951,0.496973170810454,0.4910620873448063,0.3001461876815079,0.32917013126429034,0.28817596013297697,0.33288914450696777,0.3435838809932525,0.08094811781899022,0.27680256532525227,0.3180221021038584,0.3001853100957212,0.35532148307676487,0.4756707861048361,0.17084033217278374,0.47257987468816587,0.2685836527417177,0.3172513107944371,0.1943683819441154,0.0491933707555881,0.0972358536896859,0.05234898689102179,0.41116006918634407,0.11193726181393023,0.12923460452334973
2023-07-06 22:00:00,0.0,0.00947487855135277,0.0,0.0,0.3958893859027548,0.31597170681390446,0.0,0.0,0.09769698523177539,0.0,0.0,0.0,0.044800662223401753,0.0,0.1632247226912933,0.19713060391188378,0.28784015126689927,0.0,0.29190020228316127,0.0,0.0,0.0,0.0,0.0,0.0,0.27086387045312904,0.007906454995113435,0.0
2023-07-06 23:00:00,0.0,0.0,0.0,0.0,0.1767037686866781,0.007475357360743909,0.0,0.0,0.0,0.0,0.0,0.0,0.0,0.0,0.0,0.0,0.0,0.0,0.0,0.0,0.0,0.0,0.0,0.0,0.0,0.011956210291756983,0.0,0.0
2023-07-07 00:00:00,0.0,0.0,0.0,0.0,0.0,0.0,0.0,0.0,0.0,0.0,0.0,0.0,0.0,0.0,0.0,0.0,0.0,0.0,0.0,0.0,0.0,0.0,0.0,0.0,0.0,0.0,0.0,0.0
2023-07-07 01:00:00,0.0,0.0,0.0,0.0,0.0,0.0,0.0,0.0,0.0,0.0,0.0,0.0,0.0,0.0,0.0,0.0,0.0,0.0,0.0,0.0,0.0,0.0,0.0,0.0,0.0,0.0,0.0,0.0
2023-07-07 02:00:00,0.0,0.0,0.0,0.0,0.0,0.0,0.0,0.0,0.0,0.0,0.0,0.0,0.0,0.0,0.0,0.0,0.0,0.0,0.0,0.0,0.0,0.0,0.0,0.0,0.0,0.0,0.0,0.0
2023-07-07 03:00:00,0.0,0.0,0.0,0.0,0.0,0.0,0.0,0.0,0.0,0.0,0.0,0.0,0.0,0.0,0.0,0.0,0.0,0.0,0.0,0.0,0.0,0.0,0.0,0.0,0.0,0.0,0.0,0.0
2023-07-07 04:00:00,0.0,0.0,0.0,0.0,0.0,0.0,0.0,0.0,0.0,0.0,0.0,0.0,0.0,0.0,0.0,0.0,0.0,0.0,0.0,0.0,0.0,0.0,0.0,0.0,0.0,0.0,0.0,0.0
2023-07-07 05:00:00,0.0,0.0,0.0,0.0,0.0,0.0,0.0,0.0,0.0,0.0,0.0,0.0,0.0,0.0,0.0,0.0,0.0,0.0,0.0,0.0,0.0,0.0,0.0,0.0,0.0,0.0,0.0,0.0
2023-07-07 06:00:00,0.07529728858210723,0.16490365406658583,0.0,0.2606958999627965,0.2530645001828872,0.1739292027164179,0.0,0.0,0.0005853482578033427,0.0,0.0,0.224683185968455,0.00525768227346677,0.0,0.005099830162448109,0.002059942648866524,0.020664929079766286,0.1736672538839801,0.0,0.0,0.0,0.10573266196367265,0.3706867408930157,0.31914060855735915,0.2936779521220363,0.17825779492955676,0.2549990255076635,0.299415400963767
2023-07-07 07:00:00,0.21719494453702598,0.26336803763817973,0.12492982008616578,0.4247922189659828,0.43373793671277006,0.3797049794953709,0.23767993130193354,0.34230640184722927,0.20875946708193777,0.3165489317664646,0.2866780545859656,0.327602121522316,0.1990825290716314,0.38764058510684907,0.16363259509240513,0.22348328412794707,0.3451908122676171,0.3178220161016086,0.31144632691356666,0.40746354626389175,0.39157679464895195,0.26337200817046863,0.5441863106679606,0.500642454316678,0.4638799388110442,0.3657777812707556,0.401116722170089,0.4679015661429045
2023-07-07 08:00:00,0.3781359289128893,0.3751828750567879,0.25064970620228766,0.589623439807736,0.5763417689844272,0.5233991290127668,0.40665450737488934,0.5172998635453331,0.38116664004508755,0.4933806005196287,0.47586901631174616,0.5235235574169266,0.3892751307139171,0.5371994149154493,0.29726793900792586,0.3999944259513767,0.4920911687206498,0.4988849017745332,0.4435096855559795,0.5556940854577208,0.5348639843464008,0.4709549988942205,0.6762984590407849,0.6262331084233922,0.6134586727181518,0.5118366365923783,0.5388552727933481,0.595062238517697
2023-07-07 09:00:00,0.5006370809725041,0.4781037700688059,0.36933105943099465,0.627593972192165,0.6834750574901365,0.6185756344136067,0.4847627314089123,0.6201896223443226,0.5194084407516653,0.5858560343517648,0.5678786071961459,0.6124919646474594,0.5503504944482779,0.6653242244609011,0.39205241006717517,0.576257562006549,0.5768673296319928,0.5944963797357882,0.5354411804673184,0.6568226030272029,0.6658171670597974,0.5781274173576275,0.7435667164562748,0.6960030311410541,0.7406087969731853,0.6143216775841565,0.6865040839676457,0.6835949035710173
2023-07-07 10:00:00,0.5583482703973907,0.5520655841356408,0.4541557724874267,0.7203988680637823,0.746958193979125,0.6993469724684173,0.5722800252907612,0.6848277360530443,0.6346008588946453,0.6563282488614637,0.6476307744921215,0.6671679308643266,0.656575186131002,0.7271133842134877,0.5471392841399878,0.6720532342299199,0.6559587172762705,0.631973552841412,0.6310850756660024,0.7007973227095675,0.727865065724508,0.6113035852041137,0.7739453070435731,0.7427773265139397,0.7791258761450625,0.6958733833957362,0.7335059515172466,0.7320118724386998
2023-07-07 11:00:00,0.6228268928025213,0.6190368145270474,0.5231730813784621,0.7354435069893078,0.7691300306484335,0.7207902017560599,0.6000007262658603,0.6938520634645373,0.6734851151133152,0.6523298222635697,0.6451295167576306,0.7218424337429867,0.6956955082050492,0.7428625954200402,0.6107718017880469,0.7110003592088864,0.7013471652647623,0.6734949397664614,0.669761459805066,0.7277930946559427,0.7446774443362708,0.656640123847335,0.782310672539046,0.7563300200898326,0.787749988205426,0.7214732650672135,0.7617684181733415,0.746525528313761
2023-07-07 12:00:00,0.6425461022403747,0.6588147247010715,0.5664579815858547,0.706721517570129,0.7805677300121708,0.7414500241391747,0.6457965239376979,0.727508932388579,0.6516997655493398,0.7264454117431036,0.7132030700196417,0.6905935069090166,0.6957639130658274,0.7517906528695161,0.6699554596172698,0.6809675374374236,0.714761426859937,0.6997052410174814,0.694519942174316,0.7371875794729403,0.7505363857914663,0.7031663097352001,0.7341046351964163,0.7425125968083435,0.7657842969923128,0.7448596505480033,0.7512077592918812,0.7318139609716416
2023-07-07 13:00:00,0.6778692774761568,0.6783458039768427,0.6643567804895889,0.7337241838544017,0.7807612025465375,0.7325862526764084,0.7315704487297853,0.7622860395730963,0.6526618416976836,0.7495958616920271,0.7426260858360412,0.7307758763781134,0.6873831314185439,0.7858168810809224,0.6933440487775209,0.6978193233536725,0.7524066045153358,0.7064406003303217,0.7252813865410596,0.772655648030163,0.7867159483978228,0.7267725246215296,0.6383954759235981,0.731129098442938,0.7083129681958256,0.7432518256021825,0.7181237246974773,0.7228579605718328
2023-07-07 14:00:00,0.6755231051014201,0.6240247605395625,0.6696331171228815,0.6872504886380773,0.7602145636420822,0.7173920781051436,0.7349564460545012,0.762901529333423,0.6331252189383578,0.7597958077171115,0.749608367625085,0.7027186041118371,0.6564286291460353,0.7814342853816671,0.6498999406022913,0.6796124182566778,0.753516335169901,0.7111879044972702,0.735060639535648,0.7630936033069302,0.7820517597849482,0.722952785936974,0.6031679634423334,0.6384689211646352,0.6452440357201631,0.7009571969291654,0.6557829892961615,0.6711082503848911
2023-07-07 15:00:00,0.6268276286921013,0.48781481446573144,0.6710316671744316,0.5904873839019185,0.7554591991479341,0.6960835002959918,0.7554464242782449,0.7611965669203595,0.6291701593988887,0.7577306180776147,0.7584610736291688,0.5587997512427566,0.6201083455424384,0.7699122568061773,0.5697939298682192,0.6251771232286248,0.7435352745464748,0.6619023287390187,0.7191429679434943,0.7709274337728131,0.7706402059764402,0.6478060987044258,0.45832693419623216,0.6006752942090102,0.588907061394997,0.6260962993416854,0.6046116471946739,0.6045503588396333
2023-07-07 16:00:00,0.6127208297852592,0.48380602462610267,0.7003037531965193,0.6085460138013751,0.742416259962579,0.67760520743001,0.780686711078717,0.7566377218563133,0.6166592803573152,0.7618078152293004,0.7585509245410813,0.590441196202142,0.6493483379662316,0.7625314833471184,0.43278111285455767,0.6027704976955657,0.7238514494790929,0.6731802558849659,0.6949067448576741,0.7625948295835847,0.7641732817828768,0.6459426488210466,0.4322857608672654,0.5828284099082123,0.5717959577727659,0.5899705529305219,0.5666811747982025,0.5902927221978556
2023-07-07 17:00:00,0.551542023437263,0.40723552013921244,0.6784386399025696,0.5172485631091729,0.7195037911244162,0.6208339266104326,0.7410687197285563,0.7189962141261256,0.5231096393243939,0.7363457487652396,0.7341615469200538,0.507324135070069,0.5472545501188589,0.7064341390155049,0.4256436049038239,0.5253635834541813,0.6714829750226828,0.5925511577483314,0.6562005958516888,0.7141590116213536,0.7057893422707056,0.5793805677050158,0.3028721828428167,0.4669480005358622,0.4668449373609104,0.49473757933617496,0.4684632141961087,0.5089228167224629
2023-07-07 18:00:00,0.49395133996606944,0.28305719455833533,0.6316756695685449,0.5053089449478266,0.6870237629829946,0.5414328375883058,0.7027446160974694,0.6858072388587936,0.4658053774923854,0.679456419314404,0.6872469274713271,0.4255314442086473,0.5212122791036654,0.6894013552252974,0.28707492718050454,0.4387685113172989,0.566910425732021,0.5138526185076615,0.525799199561007,0.6918559224603639,0.6911231463244653,0.5229135623525483,0.3265133244553237,0.3454732098607413,0.41728458640077615,0.42280458337921817,0.43797580386924945,0.3504590655382004
2023-07-07 19:00:00,0.40575481774728184,0.18635080370157212,0.5854832290573388,0.42259821327439684,0.6691771448197728,0.462436740977458,0.6422513191877026,0.618269292027925,0.41919516022291586,0.6239187048828118,0.6242203174430885,0.30037398019852846,0.45170307996124565,0.6207942619824215,0.1728848273889689,0.3622213852154691,0.4631477318991243,0.474053161222087,0.4423993139831879,0.6292260920670008,0.6229830462557115,0.4463130519071517,0.3412477410518028,0.2731551463776515,0.3442338266252513,0.36080805861796444,0.34118423291384686,0.2650371261784351
2023-07-07 20:00:00,0.32096955004650407,0.18617944932709427,0.4395594649302317,0.448841221804277,0.6341986545186226,0.396785153449003,0.5607723725929343,0.5139964613756473,0.2769017207961533,0.5229122776044041,0.5381621327175605,0.3788374003495139,0.3256345320154765,0.49081228612410016,0.19184546975507258,0.3057740536198788,0.3796492075039163,0.4262351150155004,0.35713149454606535,0.47234370935550296,0.4884022957348661,0.4313456721385193,0.24589036416317575,0.21131099400136977,0.24915910701525182,0.32160332499763233,0.31155441697269776,0.19482912492146415
2023-07-07 21:00:00,0.256547757234206,0.10930469741633099,0.31241377802805403,0.2786705569773907,0.5569328671575573,0.31323964632685375,0.35755095954683075,0.3468637473225528,0.18839932224349823,0.35593113760271444,0.36048029500436435,0.28067905001251353,0.2282149193974386,0.3332256402978013,0.1538771340895935,0.19046465566960466,0.26948139258616566,0.3190202783607407,0.2621584308009387,0.3315167436412399,0.33209009314701343,0.31142342593483135,0.09626114909942667,0.16434755221382127,0.12207812725477908,0.26459746690838637,0.20006040759908555,0.1555970430802456
2023-07-07 22:00:00,0.0,0.012161009284650174,0.0,0.0,0.4075373136183074,0.22813054543568062,0.0,0.0,0.034165817499021436,0.0,0.0,0.0,0.04036291014582775,0.0,0.09540009944731623,0.12517786114405163,0.1686348057422934,0.0,0.16113614909720766,0.0,0.0,0.0,0.0,0.0,0.0,0.19349346465075076,0.017076518375325478,0.0
2023-07-07 23:00:00,0.0,0.0,0.0,0.0,0.16246449167724245,0.007486066320709619,0.0,0.0,0.0,0.0,0.0,0.0,0.0,0.0,0.0,0.0,0.0,0.0,0.0,0.0,0.0,0.0,0.0,0.0,0.0,0.007939330862508717,0.0,0.0
2023-07-08 00:00:00,0.0,0.0,0.0,0.0,0.0,0.0,0.0,0.0,0.0,0.0,0.0,0.0,0.0,0.0,0.0,0.0,0.0,0.0,0.0,0.0,0.0,0.0,0.0,0.0,0.0,0.0,0.0,0.0
2023-07-08 01:00:00,0.0,0.0,0.0,0.0,0.0,0.0,0.0,0.0,0.0,0.0,0.0,0.0,0.0,0.0,0.0,0.0,0.0,0.0,0.0,0.0,0.0,0.0,0.0,0.0,0.0,0.0,0.0,0.0
2023-07-08 02:00:00,0.0,0.0,0.0,0.0,0.0,0.0,0.0,0.0,0.0,0.0,0.0,0.0,0.0,0.0,0.0,0.0,0.0,0.0,0.0,0.0,0.0,0.0,0.0,0.0,0.0,0.0,0.0,0.0
2023-07-08 03:00:00,0.0,0.0,0.0,0.0,0.0,0.0,0.0,0.0,0.0,0.0,0.0,0.0,0.0,0.0,0.0,0.0,0.0,0.0,0.0,0.0,0.0,0.0,0.0,0.0,0.0,0.0,0.0,0.0
2023-07-08 04:00:00,0.0,0.0,0.0,0.0,0.0,0.0,0.0,0.0,0.0,0.0,0.0,0.0,0.0,0.0,0.0,0.0,0.0,0.0,0.0,0.0,0.0,0.0,0.0,0.0,0.0,0.0,0.0,0.0
2023-07-08 05:00:00,0.0,0.0,0.0,0.0,0.0,0.0,0.0,0.0,0.0,0.0,0.0,0.0,0.0,0.0,0.0,0.0,0.0,0.0,0.0,0.0,0.0,0.0,0.0,0.0,0.0,0.0,0.0,0.0
2023-07-08 06:00:00,0.030940369859679785,0.24053727370411918,0.0,0.2689197366292244,0.20958784017362908,0.1468511768307382,0.0,0.0,0.013197184204141866,0.0,0.0,0.18763151535131758,0.0076904915928470135,0.0,0.02002098778918196,0.0,0.0,0.09888038450620167,0.0,0.0,0.0,0.05137330159318624,0.39411794316237425,0.28501635422177807,0.2948659973107724,0.16200660439705591,0.23023879033333988,0.2732319790382352
2023-07-08 07:00:00,0.1773899328615502,0.3834060626810548,0.2176063783224402,0.35363505785027544,0.35402637492040967,0.27920685179482013,0.22729433022545065,0.2542870977662753,0.11763625245652486,0.32656287408421625,0.2733360371222806,0.28169658350486065,0.12475214308013766,0.24196711960757433,0.1365935237968364,0.09676031070311562,0.10789546597432541,0.3048260886719469,0.04713867161124511,0.3287432655840444,0.2453063456226626,0.2788821834870122,0.5902303257992537,0.45023766311493785,0.4301483588286445,0.2936763429407018,0.38389671059447555,0.4402134096331813
2023-07-08 08:00:00,0.35804267982964244,0.5569885554151915,0.32679877641607846,0.5065337534638902,0.475870538119546,0.3921288480639298,0.45031898016994965,0.48845125152378105,0.2380194234762618,0.48401096853150016,0.4715588672291449,0.49509450244598013,0.24506016893082752,0.4841964434946823,0.24499590395221368,0.18778044735143154,0.1771378688677936,0.5206596033222434,0.11812587049570174,0.5425382400323837,0.4820861284232954,0.46476964332507587,0.6940021047494909,0.5858704551989544,0.5989681140594398,0.39881838843215217,0.5632810576942775,0.5702806346155405
2023-07-08 09:00:00,0.417901727874937,0.6613624953809805,0.387651991923297,0.6179802633714715,0.5561622463276863,0.49484365936959107,0.6076715278625248,0.6349779663573206,0.36960371888694005,0.6178223629512161,0.6208148532202311,0.5880182347940851,0.3739489225117972,0.6156116673688232,0.3795818089819464,0.2879796796914472,0.2630190840835534,0.5835756195251952,0.2066078700427604,0.6514635123856038,0.6092056439633325,0.5575714687954508,0.7480340772304267,0.6968397904736515,0.7400677886341238,0.4912517594262634,0.698380734221491,0.6831190033505726
2023-07-08 10:00:00,0.5366967405156154,0.7202373987105746,0.5801256057258506,0.6595928523316348,0.6443868686753668,0.5850347573371648,0.6874423848670245,0.6984233608661259,0.48419802295217285,0.6903338692991356,0.6962563248408453,0.6801036527482729,0.5176445947847019,0.6873035207865272,0.5550330819042558,0.4535570918482657,0.37570691406044116,0.6550504148296636,0.3439325422229049,0.6786275476025875,0.6831746587141561,0.6686871017314462,0.7754821600186731,0.7382619157835708,0.7783827333387169,0.5724638987978985,0.754094850581414,0.7338689736032862
2023-07-08 11:00:00,0.6233969337602352,0.7424132290456351,0.6545683800700067,0.6782143380437725,0.6976052944111079,0.6374519007884849,0.7176880499282182,0.7264614846110907,0.5626816800851254,0.722355490726437,0.7314918624745919,0.6813155054017936,0.5669101572177528,0.7219023161158625,0.598176511618941,0.4792719942949346,0.4302289375518157,0.7068491810910214,0.40803636904717705,0.6933620426646091,0.7184963118939692,0.7119361583381411,0.7762588850175915,0.7435352349400686,0.7839059827828948,0.6319884108353467,0.760804061398227,0.7497958466279427
2023-07-08 12:00:00,0.5902503788600498,0.7532877933955031,0.6259328400773844,0.7268246821848984,0.7134615843453946,0.6603278445243008,0.6804252521665967,0.661528207018551,0.5536645271657401,0.596040900445205,0.6110806856611538,0.7614857189631217,0.5736520516935065,0.6792538213116119,0.6073985975050984,0.51125540536948,0.5095953744036533,0.5902797537883354,0.43037410584429303,0.6801111017554313,0.676267886086299,0.6499629238692863,0.7753697967831488,0.7399831777417905,0.7594828770691886,0.6873757070731096,0.7273158965350364,0.7486528009111635
2023-07-08 13:00:00,0.6429078702520266,0.7385134915458803,0.7367401590013337,0.7509030332276548,0.7395487531800928,0.684384044300197,0.7621692682184867,0.7516495262208668,0.5692273304212883,0.6831713525540389,0.7028743142679176,0.7632836190101412,0.5967243057105915,0.7695813934947014,0.6497382404234928,0.551188688782266,0.5239110047682544,0.5934792700889592,0.45907300221805036,0.7513657173691859,0.7680268043547046,0.6821449000827946,0.7488340533642572,0.7407818586002558,0.746385307733735,0.7095918171228068,0.702852373378607,0.7439235629359864
2023-07-08 14:00:00,0.6857410515140289,0.7125432831126559,0.7560011372629097,0.6894594168807413,0.715188745517679,0.6478085739001227,0.7708787782848611,0.7512926045980871,0.6088220075360921,0.7081039060039047,0.7288893159260371,0.7224917026624644,0.6261520613634579,0.7668757599488553,0.6511013254894639,0.5953609775779786,0.5468315659328976,0.6523579648383504,0.4956387376154169,0.6791595580916148,0.7667072830275982,0.7106168594067919,0.7689499809181243,0.7194800993701588,0.770255365321621,0.6799954229728606,0.7106194003635656,0.7285129264607124
2023-07-08 15:00:00,0.6561418855859189,0.643978557827147,0.7785509859331197,0.675916680582953,0.7055008003161106,0.558166737760846,0.7739713861578039,0.7585950309031212,0.5986359229744099,0.7168734211919829,0.738449060650683,0.653633327328666,0.598352619109345,0.7815580772486634,0.6074456756037125,0.581838358294587,0.4925213429412853,0.6104040432746775,0.4957769558436298,0.7452636977393362,0.783280046657222,0.6535166580040145,0.7248621256959272,0.7100923037442011,0.7088002379853852,0.6030676660170823,0.6842157940191863,0.7117283637257948
2023-07-08 16:00:00,0.6255088056056974,0.5041642481365294,0.7800049827761654,0.6299324340297722,0.6686941817835715,0.5501512776520731,0.7752359351515192,0.7644970585192673,0.5877467887194264,0.757811624573933,0.760202503079585,0.6392000480737919,0.5705585960476531,0.77262005955086,0.5368694388311164,0.5896745996319669,0.539877124340111,0.644313933671918,0.5406793061938463,0.7646878428151859,0.7741141764461115,0.6774784841634499,0.6518744725716497,0.6508537695658078,0.6816892911163689,0.5366496843709042,0.641209216555977,0.6315777960520291
2023-07-08 17:00:00,0.6133230151784024,0.47994189989111297,0.7630900744460194,0.6212950115746456,0.6684257102473022,0.5342434428235974,0.7454571732443162,0.7288787924970288,0.5254022106366719,0.6997449629860403,0.720829097677639,0.5814025444728856,0.5117224976485651,0.7437919512071587,0.4602325423937233,0.507511681448747,0.5470447151943313,0.5925405106578667,0.5688663935875342,0.7283021290801752,0.7456551191405609,0.6367664291245342,0.5719530819336642,0.6067246028161973,0.671510746811665,0.5666726795400641,0.6121359139605301,0.603077607131343
2023-07-08 18:00:00,0.5613854680639253,0.3869330199247993,0.7287585959877698,0.6185210368088677,0.6326026054032515,0.4588065655904446,0.719393060056527,0.703303912847376,0.5210471149022395,0.6995462955962648,0.7024511686814066,0.5420098972285292,0.4904118194339465,0.7093374018699159,0.34496197662530265,0.4010056524157797,0.5440741066770365,0.5797718340940324,0.5618582216605066,0.7018059529255565,0.7103455533411194,0.5575269842776739,0.5074515147612866,0.5514097183912723,0.635870430375794,0.4795457248379843,0.5551615773266658,0.5319425622843421
2023-07-08 19:00:00,0.5166464438401823,0.2645509816931583,0.662644235250426,0.5560359111744769,0.566464750008307,0.36748277387896133,0.6543989500249108,0.6357845061201391,0.48643988211669464,0.6169846586691317,0.6319896195630379,0.40888966625990825,0.47836925935698144,0.6442902314957251,0.30516378924742593,0.4036078550210752,0.46815812394952394,0.4871777381023162,0.5280215655407541,0.6280958862422065,0.6447532609460658,0.4501311165455162,0.41124012722324244,0.3722340110406453,0.4697023042669986,0.41072034336732827,0.41646347109005105,0.34235060188080174
2023-07-08 20:00:00,0.47469513097666444,0.2565317930185522,0.5592674922166838,0.4384589071964712,0.5303702672923915,0.3092488971015458,0.5518488882141938,0.5397280593255893,0.43857645784247323,0.5404980202586189,0.5457907780098055,0.4030786623237124,0.4102028561483792,0.5364696567821765,0.20928531365802325,0.3307026231086623,0.40063755055984396,0.4694802295108806,0.46216653623327886,0.5368437970542312,0.5364136013552852,0.4756694994598585,0.27077935202794456,0.2826126022038663,0.3803912395550617,0.35180095706608355,0.3705407827807253,0.29937561717519406
2023-07-08 21:00:00,0.3155753008841747,0.14187759255767846,0.3726798847155586,0.3146323272111152,0.42680886255830136,0.2652507991038723,0.3599806754853641,0.34972822406438003,0.30624294476119235,0.3541135854392409,0.35872089379722627,0.3224852495033736,0.29790852753395436,0.3439114785742254,0.18384500776619755,0.2797573202961726,0.36171083884181343,0.32124397384675807,0.35976495713916007,0.33602118619263455,0.34310213817577784,0.3397295669394611,0.22399411157876462,0.19307096905464527,0.26527952218056944,0.24912429744385908,0.27692848322178454,0.21118516864348968
2023-07-08 22:00:00,0.0,0.021444368611731508,0.0,0.0,0.33288327730828227,0.1715182994195002,0.0,0.0,0.05277114140866357,0.0,0.0,0.0,0.05310027318324686,0.0,0.12487367759347608,0.13055780322408256,0.20484735502145685,0.0,0.21679116008068275,0.0,0.0,0.0,0.0,0.0,0.0,0.17207364500374048,0.009055371607091283,0.0
2023-07-08 23:00:00,0.0,0.0,0.0,0.0,0.1444820833274069,0.005691607424035148,0.0,0.0,0.0,0.0,0.0,0.0,0.0,0.0,0.0,0.0,0.0,0.0,0.0,0.0,0.0,0.0,0.0,0.0,0.0,0.0,0.0,0.0
2023-07-09 00:00:00,0.0,0.0,0.0,0.0,0.0,0.0,0.0,0.0,0.0,0.0,0.0,0.0,0.0,0.0,0.0,0.0,0.0,0.0,0.0,0.0,0.0,0.0,0.0,0.0,0.0,0.0,0.0,0.0
2023-07-09 01:00:00,0.0,0.0,0.0,0.0,0.0,0.0,0.0,0.0,0.0,0.0,0.0,0.0,0.0,0.0,0.0,0.0,0.0,0.0,0.0,0.0,0.0,0.0,0.0,0.0,0.0,0.0,0.0,0.0
2023-07-09 02:00:00,0.0,0.0,0.0,0.0,0.0,0.0,0.0,0.0,0.0,0.0,0.0,0.0,0.0,0.0,0.0,0.0,0.0,0.0,0.0,0.0,0.0,0.0,0.0,0.0,0.0,0.0,0.0,0.0
2023-07-09 03:00:00,0.0,0.0,0.0,0.0,0.0,0.0,0.0,0.0,0.0,0.0,0.0,0.0,0.0,0.0,0.0,0.0,0.0,0.0,0.0,0.0,0.0,0.0,0.0,0.0,0.0,0.0,0.0,0.0
2023-07-09 04:00:00,0.0,0.0,0.0,0.0,0.0,0.0,0.0,0.0,0.0,0.0,0.0,0.0,0.0,0.0,0.0,0.0,0.0,0.0,0.0,0.0,0.0,0.0,0.0,0.0,0.0,0.0,0.0,0.0
2023-07-09 05:00:00,0.0,0.0,0.0,0.0,0.0,0.0,0.0,0.0,0.0,0.0,0.0,0.0,0.0,0.0,0.0,0.0,0.0,0.0,0.0,0.0,0.0,0.0,0.0,0.0,0.0,0.0,0.0,0.0
2023-07-09 06:00:00,0.07781358887878279,0.23571500196789077,0.0,0.3087355480603986,0.18962244605083386,0.0177152369930698,0.0,0.0,0.0016850761308048483,0.0,0.0,0.33850493528215825,0.0,0.0,0.008275854469947271,0.0,0.0,0.05706046967066644,0.0,0.0,0.0,0.17565384598774156,0.39268042975508854,0.33234112854178877,0.3856696196710528,0.05291868492178879,0.3530898991139307,0.3233874512531665
2023-07-09 07:00:00,0.23345347538355096,0.3634345533003226,0.14518575817045887,0.4331633045624411,0.350498309442529,0.070340807517783,0.16988250896642001,0.30861730482826216,0.09686010133146972,0.3644104960641933,0.3106523902604205,0.44651883568870887,0.11257782710259766,0.334963146764777,0.16144758192086556,0.14605609905433986,0.07436731136734483,0.3354326918788684,0.09356138905738653,0.4175390614707917,0.3420875572764621,0.40634943822425257,0.5845962020905651,0.5252848387938208,0.5793297232957315,0.1499645514161084,0.5435781531307879,0.5130624928700995
2023-07-09 08:00:00,0.3520281080895242,0.5026412113198312,0.2713350380327803,0.5605137534592838,0.4875691943901043,0.11650575249835426,0.3724545216708078,0.5257003665122852,0.17294586227334496,0.5406577257333618,0.5251581746588314,0.5729364342965915,0.18428244655224296,0.5241205831118813,0.21452900846816275,0.19705798885496484,0.1285925453830511,0.47899672945667454,0.20701279375833484,0.5831936758825088,0.5212988278233455,0.5572417002147706,0.683259929962121,0.6454533860732588,0.6834602983709608,0.19656133360975872,0.6530917281579354,0.6367177739030613
2023-07-09 09:00:00,0.4780359013831875,0.6383976001004912,0.37238701223071563,0.6898029585490708,0.5686385092291849,0.21598290893425953,0.5505603588727419,0.6589221236553627,0.34194749932650575,0.6584039785120148,0.6541599132292121,0.6976748348029498,0.35773626403632663,0.6610635562985726,0.40621755584686303,0.3375464659747495,0.19798172369699746,0.6108998205636409,0.31468555543992727,0.671732117611042,0.6586920255707978,0.6712544053429504,0.7362950894301236,0.7086080071421083,0.7377628914463252,0.32953642104584824,0.7114943672392352,0.7018265509388794
2023-07-09 10:00:00,0.5777136163925876,0.7165052792536178,0.4690031418320281,0.7451038925901894,0.6601024543849349,0.3110447944101499,0.5883255029788896,0.7131659870395018,0.4586569803240545,0.7109252558948513,0.6976033923379208,0.7610950673294806,0.47973948662768007,0.7318377650412335,0.5242103179040938,0.48128978816167994,0.30974871002793686,0.7101019331788608,0.43678055297648616,0.7422366842275154,0.7305352866551734,0.7431930939372267,0.7598655748390865,0.7418442281248763,0.7630489759188147,0.4288043851520435,0.7460297464428569,0.7355926066708257
2023-07-09 11:00:00,0.5854948323062609,0.74505890828808,0.5584076543727292,0.7671626229990324,0.7031890273360698,0.40954631357597154,0.6646183406213341,0.7516728459866391,0.5062742351976702,0.738132217697688,0.7261263496182464,0.7635490741197594,0.5179613448935665,0.7823069322219659,0.6165890979088751,0.5088408966049509,0.37554843170809094,0.6426700286070784,0.4993451578850109,0.7712835302691986,0.7836165433321611,0.7361635626777484,0.7324999218544799,0.7318971679804975,0.7397659402085747,0.5089884065014708,0.7116893194820795,0.7398086720571184
2023-07-09 12:00:00,0.6036828638190599,0.7434719055555935,0.6535033639506052,0.7820415961629337,0.7756658166990096,0.514316408779665,0.7331116102952775,0.7691146711583516,0.46893624594455474,0.7618503663025932,0.7483686170694135,0.7830124457260286,0.4610857509951316,0.7871311174360596,0.5108059834927492,0.4404295524451265,0.45430554413064667,0.5969285270376637,0.5437519325089258,0.7899841570175488,0.7877772249545781,0.7402856945946996,0.7615346496156825,0.7547465949504863,0.7679434245800743,0.5939593771308824,0.7639360567499517,0.7561404662949297
2023-07-09 13:00:00,0.6722122795449148,0.7456809037973973,0.7153797248395581,0.7810181014801241,0.7670482248906043,0.5394536101405164,0.7714228198269776,0.7792781994955571,0.5934225225424486,0.773020295658003,0.7633288300333746,0.7893023826452275,0.5663080534481811,0.8009368090648502,0.586386238935842,0.5443965202923207,0.5304650537481754,0.7183230460637867,0.5873750330147351,0.7922732665027133,0.8029374896679047,0.7674603647057583,0.7480629820537397,0.7580250752513037,0.7541718426957743,0.6250083186688391,0.7540076273671753,0.756135406359502
2023-07-09 14:00:00,0.7104685519555669,0.7136521370517241,0.733280226799401,0.7666960708461041,0.7638782956639856,0.5490574276374102,0.7863647150907793,0.7833143077754959,0.6199256434410763,0.7808946817069218,0.7730202012228649,0.7798593169616626,0.6005701638563865,0.7987531078167196,0.5805024154514409,0.5758607652927953,0.5550288292099711,0.734399746546997,0.632330963202546,0.7936301733650036,0.8008640994795402,0.7723795290522927,0.723557461130899,0.6976164656525131,0.7154419909679625,0.6023918856656104,0.7172777424866718,0.6963126945653549
2023-07-09 15:00:00,0.7282314664468637,0.6407445667904503,0.7391186474871572,0.7372530804576048,0.7423351987711476,0.5795421125439418,0.7849366583711347,0.7759986401428022,0.6520194869418485,0.7771254266855556,0.7690286587424253,0.7796359572809396,0.6535094476588593,0.792688935256412,0.6372264853226814,0.6347213497876504,0.584097804171002,0.7647279647874162,0.6916727262443003,0.7859496444911922,0.7951165022442727,0.7710832446115573,0.6506411138639251,0.6514239127411948,0.6611102248550579,0.61520145391302,0.6371498927961959,0.6687977147799256
2023-07-09 16:00:00,0.7238153223495232,0.5723702558461533,0.7610961031728312,0.7134378229071864,0.6934780194634611,0.5755023013606713,0.7806228241013673,0.7634494530106354,0.6575181232506866,0.7651289536726644,0.7588137540521268,0.7708147957668587,0.6576953176534882,0.7770951191757232,0.6047636457211135,0.6311353655190386,0.6162453142308126,0.7538083368864233,0.6961204535416528,0.7712103010560706,0.7795104551883812,0.7578395323727896,0.5472246880943551,0.5869121032329769,0.5997645988239241,0.5841739857002161,0.6108544038510262,0.5992440383101162
2023-07-09 17:00:00,0.7121416021494547,0.5064131326204875,0.7313979887695313,0.7003897879428244,0.6589716857206462,0.5337920457283212,0.754936128502632,0.7387636252621513,0.5835869710906023,0.738710435030103,0.7332517263620754,0.756235519883363,0.5775868054639614,0.7527234182936505,0.4880510101438088,0.5430548964973605,0.5991304164690238,0.7430201214057739,0.6815794791289962,0.7466741340326318,0.7548884174504629,0.7442841379716523,0.4559607492438159,0.525422173029719,0.5578630179695536,0.5176266432272947,0.5676878184733782,0.5355785555435736
2023-07-09 18:00:00,0.6688082599425702,0.5254968619802066,0.6709275881006063,0.6545863294514761,0.6125514820867045,0.5493544436118748,0.712995549932988,0.7027615392618372,0.5775346784217273,0.7016323244829603,0.6970628821555931,0.7071355862380849,0.6012249126571405,0.7161430853430621,0.5129130914055651,0.5576318833633026,0.6275765160401474,0.7074882489350326,0.6880608765132264,0.7123710799233806,0.7179502046483573,0.7119151622203752,0.4268080671564621,0.4911892932511415,0.48331215452611215,0.4768563585109725,0.48298700228780217,0.4804946301211488
2023-07-09 19:00:00,0.6262718029465513,0.4434847661362649,0.6252723285918582,0.6200310572360639,0.5489641589174844,0.4752051820484511,0.6590640140400429,0.6448282183981701,0.5432547104332992,0.642562674314662,0.6418635554895996,0.6643006272030969,0.560518003335735,0.6529944228965493,0.5321320973922345,0.5701549605620793,0.6164560081300996,0.6426123909525677,0.6503239441913926,0.6485442911359871,0.6543542695016835,0.6516005730980693,0.38058392823568366,0.41648211003116903,0.387049954874262,0.3964430233777123,0.39544300445275704,0.44826926240754117
2023-07-09 20:00:00,0.5322885968619482,0.3855812580172718,0.507958899087368,0.5443913016918386,0.4936994296506703,0.4332090159170755,0.5212497346237515,0.5306107832728758,0.4777616667105804,0.5298804646594426,0.5224280199402134,0.564194702104965,0.49456721294577327,0.5462735024168991,0.521864304639608,0.5111944115033042,0.5697450172954067,0.5444226648024345,0.6001810776881333,0.5406914632637012,0.5467812778202477,0.5448655908382402,0.33105069623703,0.33983754264597593,0.29242831697207944,0.3653423872993685,0.30897207229469487,0.3694787910535871
2023-07-09 21:00:00,0.38579756217531286,0.2943499368555844,0.35620175540013116,0.3648104072194151,0.3877982032661227,0.27751409307398084,0.3591679955477512,0.3520273970107967,0.307784281132826,0.35671503411332683,0.35740169077971207,0.39526944518013285,0.3311212757744413,0.34926117490830116,0.354147878217471,0.3392971423835514,0.40032306917847943,0.38453183346747605,0.4378922841374846,0.3484852030817575,0.3490172723017113,0.38542324524878135,0.11376274758361193,0.21946386294644984,0.1124456671627422,0.25876833745794137,0.19905148547047902,0.23156717229004442
2023-07-09 22:00:00,0.0,0.041371811791564954,0.0,0.0,0.28310829911345364,0.15380437949597084,0.0,0.0,0.024432816269771774,0.0,0.0,0.0,0.04429725659930161,0.0,0.23522798101394193,0.17515014909345344,0.2654240809894614,0.0,0.2837283873875136,0.0,0.0,0.0,0.0,0.0,0.0,0.17229693281164016,0.012711172678339332,0.0
2023-07-09 23:00:00,0.0,0.0,0.0,0.0,0.1583666018146564,0.0010777679859848472,0.0,0.0,0.0,0.0,0.0,0.0,0.0,0.0,0.0,0.0,0.0,0.0,0.0,0.0,0.0,0.0,0.0,0.0,0.0,0.0,0.0,0.0
2023-07-10 00:00:00,0.0,0.0,0.0,0.0,0.0,0.0,0.0,0.0,0.0,0.0,0.0,0.0,0.0,0.0,0.0,0.0,0.0,0.0,0.0,0.0,0.0,0.0,0.0,0.0,0.0,0.0,0.0,0.0
2023-07-10 01:00:00,0.0,0.0,0.0,0.0,0.0,0.0,0.0,0.0,0.0,0.0,0.0,0.0,0.0,0.0,0.0,0.0,0.0,0.0,0.0,0.0,0.0,0.0,0.0,0.0,0.0,0.0,0.0,0.0
2023-07-10 02:00:00,0.0,0.0,0.0,0.0,0.0,0.0,0.0,0.0,0.0,0.0,0.0,0.0,0.0,0.0,0.0,0.0,0.0,0.0,0.0,0.0,0.0,0.0,0.0,0.0,0.0,0.0,0.0,0.0
2023-07-10 03:00:00,0.0,0.0,0.0,0.0,0.0,0.0,0.0,0.0,0.0,0.0,0.0,0.0,0.0,0.0,0.0,0.0,0.0,0.0,0.0,0.0,0.0,0.0,0.0,0.0,0.0,0.0,0.0,0.0
2023-07-10 04:00:00,0.0,0.0,0.0,0.0,0.0,0.0,0.0,0.0,0.0,0.0,0.0,0.0,0.0,0.0,0.0,0.0,0.0,0.0,0.0,0.0,0.0,0.0,0.0,0.0,0.0,0.0,0.0,0.0
2023-07-10 05:00:00,0.0,0.0,0.0,0.0,0.0,0.0,0.0,0.0,0.0,0.0,0.0,0.0,0.0,0.0,0.0,0.0,0.0,0.0,0.0,0.0,0.0,0.0,0.0,0.0,0.0,0.0,0.0,0.0
2023-07-10 06:00:00,0.07420235520484258,0.2239012844824984,0.0,0.312236877148872,0.11701674832098947,0.01971984429913434,0.0,0.0,0.0,0.0,0.0,0.3036333065819225,0.0,0.0,0.008451342695081313,0.0,0.0,0.0,0.0,0.0,0.0,0.12438286623509702,0.3352451120482412,0.19606307868071454,0.23782505078395452,0.029015240612254332,0.10550725856236721,0.23935946782029796
2023-07-10 07:00:00,0.29958497609762835,0.36443748895629047,0.13110002107723598,0.48448461506588053,0.2697756454853638,0.13004956965104167,0.23903855787385364,0.3341048971254872,0.12310756919544877,0.3487878628618795,0.32483238208559106,0.4953625886475996,0.08554107426790941,0.3418583886057533,0.12523199625744963,0.13262445740517853,0.16118217703277124,0.4079889682238827,0.16612586798570253,0.4108257649519116,0.3398859139577501,0.4293322763814689,0.5577766544698913,0.34451305953505146,0.36679163739538473,0.14714253427881174,0.1814401702763354,0.41296458045985673
2023-07-10 08:00:00,0.40807809209864737,0.4609077181979543,0.20122261619868248,0.6250149263792119,0.4053764994205004,0.24080511976398972,0.34940941032544576,0.4804307266020816,0.22424120978956458,0.5110047470191761,0.4743345180875246,0.6328235030485995,0.18461005879618284,0.4841573734473521,0.25811320662900855,0.27083805575494796,0.28151883198106165,0.558143270535754,0.2660497298625077,0.5827994248679669,0.4813972615331707,0.5782637849520799,0.6485529492787976,0.4221451898201004,0.5062727882749122,0.24448240953200834,0.26730500757630377,0.5261551315102281
2023-07-10 09:00:00,0.5176921425380061,0.5855877907182756,0.2922892687370911,0.6965266557661917,0.49363511796956633,0.2981893501641991,0.4446264197844836,0.5742935270542994,0.347181852757227,0.5848626276809114,0.5731801420864333,0.7053662480765612,0.2815013819858486,0.5646319401630938,0.3724726058588009,0.31128443929263944,0.3873521787358444,0.6339809843017624,0.36371458439835397,0.6357647315041548,0.5563059548323153,0.6580208067709551,0.7216436403158958,0.5166477581615491,0.6455638120289812,0.35805332240442145,0.3796106844623875,0.6092628977865338
2023-07-10 10:00:00,0.5284589655177201,0.6430436550449888,0.3435367898480887,0.7153002232777631,0.5587833313204275,0.4117831069896953,0.5635319937294251,0.6565007589361248,0.47109681649323665,0.6540406059012214,0.6543148571853643,0.7055948938098356,0.43820835809704617,0.6435020808338423,0.5171370457702625,0.5102348055485884,0.4781481216930143,0.5555529223603033,0.40595234237074784,0.6877229833205498,0.6339633890250012,0.636785125568832,0.715957458263014,0.6515348639596141,0.691438776790692,0.43517372922723546,0.44587688679876014,0.679366111366289
2023-07-10 11:00:00,0.560696672989324,0.6682154859469772,0.42725367773429024,0.6938205685813243,0.6356753754652921,0.45610716689561864,0.6038864441708135,0.6827995874713029,0.5662189909153309,0.7028489434145904,0.6962143893405534,0.66743196509438,0.5384130336369557,0.6518889304481355,0.5969567676189256,0.5783747274503794,0.5453268629992284,0.4705977942126586,0.4848696484139327,0.6516706397403768,0.641556688609912,0.640188200560294,0.7133219353663702,0.6628612024951489,0.6783359335523378,0.5011436441773454,0.4323343078560427,0.6886418840751996
2023-07-10 12:00:00,0.4952943704232752,0.6992135380471636,0.39377449208119186,0.6123463108274163,0.6277189296169838,0.47949635996191114,0.6390988284895812,0.7033192268015583,0.45863189422266903,0.590969185113465,0.618496225369718,0.6404332595155248,0.423178160365404,0.7324040320299813,0.5306560117017948,0.4106569367775174,0.5460030183215777,0.38375979580498165,0.484852111058916,0.683284771263686,0.7264670788101768,0.5432038981318418,0.7188401585521778,0.6041695884680235,0.7031906199151965,0.5258724161004725,0.6030611242965432,0.6605766807410827
2023-07-10 13:00:00,0.5448336326299122,0.6781394044071213,0.41333432911916357,0.5834505414832533,0.6564435498159884,0.5526492704288245,0.5994159639239687,0.6862161743994953,0.5295197272844314,0.6003295041778269,0.5891117854253805,0.6495995203996121,0.508223606948871,0.7357018766453964,0.5965775449356608,0.4842706825943818,0.5654299516552591,0.4693892479041362,0.5166002735683238,0.7326409742704865,0.7358613365446283,0.5845019127715249,0.7075100333354257,0.6630217984434795,0.7243220221678514,0.5561953811959187,0.6226165303849234,0.6628292601970054
2023-07-10 14:00:00,0.5542803813622734,0.5979212363604277,0.4301873818462851,0.5478877186464716,0.6705572344119752,0.5569666687437879,0.5654103767262435,0.6246106732508417,0.5545542230663094,0.6076501452885108,0.585076401462587,0.6503407909699568,0.5198206059351476,0.6430224627003482,0.564239576216404,0.5077619961793779,0.5759509600674924,0.4668093520425914,0.53386321886709,0.6110234759625088,0.6419648085981722,0.5864325599212096,0.6389064961232688,0.6351073336347662,0.7156637154687387,0.5595786434123788,0.5573381413856936,0.643868384307162
2023-07-10 15:00:00,0.5367334895690219,0.5600450734256321,0.454574600595022,0.5766063181001787,0.6784423108171117,0.5399105560155567,0.5119766324784746,0.5706308551213134,0.6173795875090846,0.5587679477259078,0.5115809504361327,0.6236108789222273,0.5993043331699466,0.6241831835615959,0.5524568574461045,0.520212772688303,0.5984610989380529,0.5345775445835125,0.5736860226600092,0.6445572134889881,0.6311768648691319,0.5435898911160492,0.49421493092159735,0.5858822943263625,0.6383303785339793,0.5546480554438079,0.4839326704723225,0.5567960779842567
2023-07-10 16:00:00,0.530793715446143,0.5082228094599703,0.441298849970167,0.4681644239383517,0.6371756435614105,0.5127946332676061,0.6378658367558444,0.6794896419921823,0.5561594539758002,0.5589331811495196,0.5794716677334555,0.6102388316466311,0.5468825933460932,0.7204756467456108,0.4912841087911446,0.5124552840635718,0.5511399521094085,0.5798067447765941,0.5277351095796807,0.6854562495476467,0.7169529767889148,0.5350397097000531,0.2968102941173261,0.5843860948625725,0.5638310171063096,0.5117859399123865,0.5220119570804729,0.5494798687132187
2023-07-10 17:00:00,0.5433792573209798,0.4717322184453889,0.4295873197342194,0.44779835577474125,0.618672420656027,0.5401679838746536,0.5670597040837715,0.619327144155663,0.5605031724672658,0.554668464615147,0.5764228575266332,0.5876178997088511,0.5539941171066998,0.6584273413762747,0.5444422681987523,0.5106557258595141,0.6065023620257939,0.5432222889836814,0.5977709767576003,0.5451121452188898,0.6565736771782161,0.5540719100136572,0.211597179084447,0.49506595158747907,0.3704740946341982,0.560763165593318,0.43241272921895824,0.42927701764089515
2023-07-10 18:00:00,0.4710181042311362,0.4154855005290298,0.42301010394739147,0.3200865106250348,0.5744506843890725,0.5211146105166733,0.5207681960932703,0.564341425876758,0.5511308804872083,0.5308063963332335,0.5649195463622374,0.43027588968057107,0.5863422612735981,0.5668696353597275,0.5688031290404254,0.6040547004624706,0.5884621166457269,0.39169245825356835,0.5613678920038988,0.38700680864030923,0.5595427715481484,0.46462299966674886,0.132111888039143,0.3555676328814913,0.20876654876778009,0.5150759487492327,0.3722411319332335,0.26325072665440824
2023-07-10 19:00:00,0.4528848321803044,0.34930419478189223,0.32388691566605476,0.28106213257783386,0.5140285278525957,0.49370885977084983,0.48240072917420096,0.498635981800096,0.5041732563611505,0.539507250563138,0.5321906441982303,0.3803602629692084,0.5518420072656519,0.4538204552281797,0.5283245453311345,0.5462198613169987,0.524359636684996,0.42421263957399846,0.5023060354301004,0.38381476458108377,0.4459221854885173,0.47744545497694163,0.17816619962491106,0.20529510143300864,0.10835543557511675,0.4958620195543865,0.2858218919752996,0.18246738617162472
2023-07-10 20:00:00,0.327305754660182,0.2580258471800141,0.19449260302122642,0.1685264720665841,0.44698043470529475,0.41801851650578337,0.35943389159210976,0.3969964913192649,0.452926518006281,0.35507129392302034,0.37527004973324923,0.26198255057572095,0.5003159509529559,0.3919413487346897,0.43638968922581883,0.4833492212898579,0.477655874482716,0.23186187813704762,0.45911345277253046,0.2800618541447526,0.3830913775012801,0.2882540918856704,0.1439692827142375,0.10022742615575277,0.06777864380528106,0.40405474343503817,0.2639734923217413,0.10000526139749881
2023-07-10 21:00:00,0.2695317450021032,0.22276247957860748,0.13407833726361396,0.09454761210181316,0.35352365088055165,0.32348280790025374,0.22945848598625598,0.265519013821873,0.3208729306855011,0.24859362357510068,0.25874764868291156,0.20174302544978825,0.36963289067889565,0.2503687169873871,0.3319718061967687,0.34678136985896363,0.3440587921893848,0.21206313462465917,0.3573747536732365,0.19377683561726983,0.24384936571485177,0.23062434422301345,0.06442506413340263,0.03030428319147683,0.03087922846761931,0.3214621130014588,0.15339893454066214,0.027436186950237213
2023-07-10 22:00:00,0.0,0.04157880616005485,0.0,0.0,0.2651628016324055,0.21996208521667185,0.0,0.0,0.02344166500464338,0.0,0.0,0.0,0.022380292114566474,0.0,0.19783709967555949,0.12794117522756285,0.1944487433683336,0.0,0.1924082017054026,0.0,0.0,0.0,0.0,0.0,0.0,0.221278062660161,0.009261356247672652,0.0
2023-07-10 23:00:00,0.0,0.0,0.0,0.0,0.11379539204974344,0.0,0.0,0.0,0.0,0.0,0.0,0.0,0.0,0.0,0.0,0.0,0.0,0.0,0.0,0.0,0.0,0.0,0.0,0.0,0.0,0.0,0.0,0.0
2023-07-11 00:00:00,0.0,0.0,0.0,0.0,0.0,0.0,0.0,0.0,0.0,0.0,0.0,0.0,0.0,0.0,0.0,0.0,0.0,0.0,0.0,0.0,0.0,0.0,0.0,0.0,0.0,0.0,0.0,0.0
2023-07-11 01:00:00,0.0,0.0,0.0,0.0,0.0,0.0,0.0,0.0,0.0,0.0,0.0,0.0,0.0,0.0,0.0,0.0,0.0,0.0,0.0,0.0,0.0,0.0,0.0,0.0,0.0,0.0,0.0,0.0
2023-07-11 02:00:00,0.0,0.0,0.0,0.0,0.0,0.0,0.0,0.0,0.0,0.0,0.0,0.0,0.0,0.0,0.0,0.0,0.0,0.0,0.0,0.0,0.0,0.0,0.0,0.0,0.0,0.0,0.0,0.0
2023-07-11 03:00:00,0.0,0.0,0.0,0.0,0.0,0.0,0.0,0.0,0.0,0.0,0.0,0.0,0.0,0.0,0.0,0.0,0.0,0.0,0.0,0.0,0.0,0.0,0.0,0.0,0.0,0.0,0.0,0.0
2023-07-11 04:00:00,0.0,0.0,0.0,0.0,0.0,0.0,0.0,0.0,0.0,0.0,0.0,0.0,0.0,0.0,0.0,0.0,0.0,0.0,0.0,0.0,0.0,0.0,0.0,0.0,0.0,0.0,0.0,0.0
2023-07-11 05:00:00,0.0,0.0,0.0,0.0,0.0,0.0,0.0,0.0,0.0,0.0,0.0,0.0,0.0,0.0,0.0,0.0,0.0,0.0,0.0,0.0,0.0,0.0,0.0,0.0,0.0,0.0,0.0,0.0
2023-07-11 06:00:00,0.011574090459857809,0.182468114659865,0.0,0.01673553917517849,0.11639046402692103,0.0392563378567221,0.0,0.0,0.0,0.0,0.0,0.06839469463454594,0.0,0.0,0.0,0.0,0.0,0.0,0.0,0.0,0.0,0.013041084578213498,0.14183469623354003,0.07341996088779773,0.01702742709955659,0.07450198870208748,0.12817539206459722,0.10414146549539656
2023-07-11 07:00:00,0.1048283096617761,0.3182639001151554,0.0573092783534686,0.0681213233231143,0.22214264332951134,0.10876846689742062,0.20224516958585428,0.24148043602514938,0.09097079148468583,0.14658684719313003,0.19615819732012005,0.1167586110203518,0.10048628703968425,0.25920742045376827,0.11670143115121838,0.08338474618325498,0.1782426483479482,0.14158379526236434,0.14445825907133322,0.16539690849438365,0.253349829701138,0.1074114002334623,0.25632180940199495,0.1634594334886332,0.0284565236524838,0.1691693420179029,0.20632601986658924,0.22026791941074425
2023-07-11 08:00:00,0.1574039178184169,0.4554549743530692,0.11437239269601165,0.10776526480423283,0.33674009306985175,0.21075077273556342,0.29979571567449703,0.3485557811576909,0.1598402853619435,0.22568795637634192,0.2802015877998833,0.15632673977188605,0.17563420561327364,0.3748524995493578,0.14493163964340008,0.1631325434074089,0.30022465026713,0.17965130754990688,0.26357511310507786,0.28115649144932714,0.36840689265885374,0.17042877353239072,0.251751831474472,0.28993441264279596,0.06608913390372978,0.27622741030168607,0.3517372348450636,0.38901222702330984
2023-07-11 09:00:00,0.2916514860009444,0.5759903573350779,0.15188095334234106,0.18610852898639435,0.46455013819769153,0.24365162249808392,0.38048719522877716,0.44782898245173325,0.3731452287894717,0.28062560714948676,0.3467614428505459,0.21754657442552275,0.3996552504545333,0.48829791560774866,0.36287678795241635,0.3252915673468402,0.33160701394666264,0.253121027303061,0.2781098644573425,0.3916836227707577,0.48118461984343386,0.2266450770272184,0.2774120022076898,0.3924897129402833,0.09722058105177513,0.334647956871687,0.4306371909036669,0.45571964667035025
2023-07-11 10:00:00,0.4219672120864697,0.6809215758960577,0.286631181588173,0.25195923100091494,0.5485895989589462,0.31192211526835467,0.4678293655200237,0.5577371769067768,0.5117461808446307,0.3979809467475161,0.44150274077678786,0.3150731448447906,0.5316007975601352,0.6161081614558661,0.40676013526012145,0.4523118104887417,0.4131054356118213,0.30071839985129833,0.3952150600532808,0.543065255398848,0.6132643951513158,0.35059504062391617,0.3838150357422096,0.4970341931386665,0.19310087628783645,0.39243333500332434,0.5702870387997574,0.5615349308245362
2023-07-11 11:00:00,0.46426923327148834,0.7174948190619493,0.29619203163690266,0.2653079513197427,0.5913759052180388,0.35991696854658106,0.45260547736606593,0.5102766104214472,0.6302090054264875,0.34988491161631347,0.39006407921431674,0.3699814322853646,0.6550488141775244,0.5779445517982704,0.5324457272434456,0.5738915357549768,0.38144443567871106,0.3116578248178709,0.3627317212692102,0.4880840628914602,0.5763238036695447,0.36658048696634454,0.4360232481520451,0.5516638423900303,0.22616740772032215,0.4470327578255705,0.5821920992128993,0.6115418667214152
2023-07-11 12:00:00,0.5453313910726972,0.7255153694525945,0.3220649941837419,0.4657881634672595,0.546347591430287,0.4330191207022976,0.44816483480553243,0.5446306272739531,0.6663613037768937,0.4679102740324872,0.4239804496525366,0.5686002646425385,0.661300545819065,0.6299440181707804,0.6560472065793822,0.6130474909298301,0.4489182745243475,0.46984710477897623,0.4146767631841102,0.6054530751141785,0.6380898333616736,0.5555592620102902,0.3947274038168792,0.6104336920133225,0.41511717345618493,0.5358279958702489,0.6605513525346309,0.6369573107190469
2023-07-11 13:00:00,0.6002611293647988,0.7516916785579073,0.4187909306582573,0.4309925563368777,0.5787766921609974,0.47327497963606335,0.4767630806302707,0.5271530254668666,0.7120906674654871,0.4890489689325716,0.4388960743094278,0.6035186488239573,0.7268741589917213,0.6010570897855891,0.6513462555562798,0.6421393989971763,0.4976232382518203,0.5370586139250991,0.4794825873679805,0.5564960557524732,0.6115860397688054,0.6133855820864655,0.3312216481202405,0.6140070445719212,0.3965910203336774,0.5652522585007906,0.628465595110446,0.6575643194768861
2023-07-11 14:00:00,0.6310820847819261,0.7547483837511443,0.49189310453334795,0.48711199415271333,0.5743758693434284,0.5169630613797536,0.5338309720583782,0.5736627470961154,0.7201026607940643,0.5400647843135761,0.48572662533682753,0.6384984128753969,0.733123339053069,0.6408460268439219,0.6563498330672116,0.662818638452344,0.5403816230570511,0.5803722193203474,0.5238847852489166,0.5862498483051068,0.6537226633153889,0.6311288015202775,0.3575473583833681,0.5931975227325247,0.35523688022181105,0.5773713821160524,0.5502570557828391,0.6411247435640748
2023-07-11 15:00:00,0.6460180638713164,0.7604717055136587,0.45188680723926605,0.5685629130687705,0.5586615341398325,0.5101356036605463,0.503183478638929,0.5529621123664867,0.7267495039274955,0.5007988417857431,0.4686875134175301,0.743411980936274,0.7474214961196296,0.6328074144240694,0.6737909419694584,0.6761999617323593,0.6090033638586663,0.6554147576438845,0.5483014793523265,0.5516213088171695,0.6437568587993133,0.6609487715843309,0.40268599602317656,0.6157114816652174,0.34526547447727135,0.599223032944132,0.4823627904931584,0.6356690837940816
2023-07-11 16:00:00,0.6542968740371744,0.7388160825288788,0.520409517968342,0.5740695295900434,0.5353806934412643,0.5283629483162471,0.5124447054196782,0.5303288512443317,0.7211369629382384,0.5071432312756303,0.452513853926688,0.7426642559466151,0.7400240632807553,0.5952588073019954,0.6871129177373515,0.68435227060935,0.5984253271517591,0.687565359110085,0.5369624446648561,0.5785162170794821,0.6057585716722196,0.660687530643452,0.40448517429507136,0.5866840519024852,0.32716843129213324,0.6178025444925637,0.4237665327547586,0.6177142399568368
2023-07-11 17:00:00,0.6546962617925389,0.7111364939619277,0.6602201843564202,0.5048831922260127,0.5158628356658221,0.5002353404336382,0.6623761555131401,0.6474888749093303,0.7015509036314078,0.6412261216616402,0.6376952216609115,0.6815812230296756,0.7226981402863016,0.6515680086867974,0.7012521153992968,0.6994778627374671,0.6311868766157044,0.6845410530396975,0.5765557807735275,0.5378357478667608,0.6511642541374738,0.6904758844999407,0.3918754723818776,0.5586290517990258,0.2842736736589569,0.6190590372849709,0.42708299990795007,0.5816968573886644
2023-07-11 18:00:00,0.588133044186709,0.6507619028708421,0.5897863596510522,0.4339147985936986,0.44519818680726625,0.47337138977140375,0.5398905434566922,0.5673555530379049,0.6435837601104266,0.6179257687718936,0.5822243310980146,0.6008205048215232,0.6729696440125473,0.5995105880804644,0.7106723779862556,0.6940896397837074,0.6061497369782449,0.6290702585782776,0.5656622276605012,0.48515504589402203,0.6074185804244288,0.6392702870419719,0.29628976487128134,0.5094586718650007,0.2598288763100809,0.597056980112318,0.38205428486122056,0.5219539361726048
2023-07-11 19:00:00,0.5319199428963894,0.5669557697504636,0.5900903851768706,0.5024069328687649,0.43088058159565573,0.45773999422702555,0.6384924075745256,0.6255332258293449,0.6113913774294664,0.5947740382041778,0.6089661801471263,0.550290115579852,0.6355654374577376,0.6256809282093433,0.686093637221505,0.6775969050304357,0.5610671518402173,0.5522695066927866,0.5283540290770729,0.5856863153865078,0.6234905274589144,0.5479230981093696,0.1880052539962657,0.46451614133946806,0.13379816988715926,0.5867788118450188,0.30994981280850337,0.44795710942920675
2023-07-11 20:00:00,0.409216825466998,0.4911581842489336,0.5175956812655181,0.4359174164938811,0.3727403484920705,0.39398412327864124,0.5228031093300242,0.5138757518670871,0.509912020708442,0.5137410147711452,0.5135244739821097,0.4157082766155851,0.531809095524128,0.5042511836933194,0.5923663006042228,0.5854319505666181,0.5106425713812243,0.4189629747108103,0.5052451869258013,0.48992058606874056,0.5021579763467503,0.42357758250418165,0.11922785389989705,0.3722070403126885,0.09905549406775842,0.5246458248643842,0.2753147073404119,0.34672398296665874
2023-07-11 21:00:00,0.2557851534435597,0.33599013508996217,0.3373429664317708,0.2974726162444741,0.28845828492210235,0.31398840676665585,0.3338747011796679,0.32657554625368074,0.35528657460767255,0.3418713820104803,0.3363743832948716,0.2967399382135906,0.3716376530894584,0.3176191655518845,0.4577916912370775,0.43075632477471776,0.39245596439365416,0.23317917565731017,0.39381545595747747,0.3126522921734549,0.3170050573790104,0.2599135326606485,0.07045004866248732,0.24458427207335026,0.06185333188659809,0.4164409125839942,0.241076685427421,0.21849315731060037
2023-07-11 22:00:00,0.0,0.037395106869051516,0.0,0.0,0.1875038163677477,0.21154197034739308,0.0,0.0,0.03777537389455044,0.0,0.0,0.0,0.0,0.0,0.2439492647001422,0.16287346471738012,0.23850715065163144,0.0,0.2306535842597583,0.0,0.0,0.0,0.0,0.0,0.0,0.2749907371167574,0.019529515295937647,0.0
2023-07-11 23:00:00,0.0,0.0,0.0,0.0,0.05218714557874455,0.0,0.0,0.0,0.0,0.0,0.0,0.0,0.0,0.0,0.0,0.0,0.0,0.0,0.0,0.0,0.0,0.0,0.0,0.0,0.0,0.0,0.0,0.0
2023-07-12 00:00:00,0.0,0.0,0.0,0.0,0.0,0.0,0.0,0.0,0.0,0.0,0.0,0.0,0.0,0.0,0.0,0.0,0.0,0.0,0.0,0.0,0.0,0.0,0.0,0.0,0.0,0.0,0.0,0.0
2023-07-12 01:00:00,0.0,0.0,0.0,0.0,0.0,0.0,0.0,0.0,0.0,0.0,0.0,0.0,0.0,0.0,0.0,0.0,0.0,0.0,0.0,0.0,0.0,0.0,0.0,0.0,0.0,0.0,0.0,0.0
2023-07-12 02:00:00,0.0,0.0,0.0,0.0,0.0,0.0,0.0,0.0,0.0,0.0,0.0,0.0,0.0,0.0,0.0,0.0,0.0,0.0,0.0,0.0,0.0,0.0,0.0,0.0,0.0,0.0,0.0,0.0
2023-07-12 03:00:00,0.0,0.0,0.0,0.0,0.0,0.0,0.0,0.0,0.0,0.0,0.0,0.0,0.0,0.0,0.0,0.0,0.0,0.0,0.0,0.0,0.0,0.0,0.0,0.0,0.0,0.0,0.0,0.0
2023-07-12 04:00:00,0.0,0.0,0.0,0.0,0.0,0.0,0.0,0.0,0.0,0.0,0.0,0.0,0.0,0.0,0.0,0.0,0.0,0.0,0.0,0.0,0.0,0.0,0.0,0.0,0.0,0.0,0.0,0.0
2023-07-12 05:00:00,0.0,0.0,0.0,0.0,0.0,0.0,0.0,0.0,0.0,0.0,0.0,0.0,0.0,0.0,0.0,0.0,0.0,0.0,0.0,0.0,0.0,0.0,0.0,0.0,0.0,0.0,0.0,0.0
2023-07-12 06:00:00,0.013488709980645015,0.23538568795220907,0.0,0.16698805720308124,0.08398423961308873,0.028673101111242338,0.0,0.0,0.0,0.0,0.0,0.13459701395552506,0.0,0.0,0.0,0.0,0.0,0.0,0.0,0.0,0.0,0.0,0.11948105170653493,0.2644128212281526,0.036443289261277094,0.0658468359859309,0.260936226450554,0.26165151128648173
2023-07-12 07:00:00,0.33522241672502934,0.47566148216137555,0.09774456456292474,0.3731575867129409,0.16903727882897546,0.22454769317197318,0.09386380612573364,0.22800279331494613,0.3527188135428817,0.29592327039848015,0.21909850556746785,0.3989591561463035,0.39598522725862356,0.2690910035805346,0.4380719735460397,0.4075334573121109,0.2971869039360429,0.4092036476747069,0.2938047364229691,0.3899986315770617,0.27933920996376566,0.37140224776850955,0.21018797948629392,0.42851426112561664,0.07681902126473636,0.3470958146601136,0.39974277393798896,0.4174040629348288
2023-07-12 08:00:00,0.5188202881165527,0.6050511599833012,0.24442235126849118,0.5134582728913212,0.28758982946822076,0.38562026636462565,0.22890165653624303,0.3777121535164573,0.4963218723236171,0.4859162642798379,0.3995423371345444,0.6029954954797646,0.5480272639187899,0.39400883844591594,0.6030288612596708,0.5767316579797528,0.4746802205349609,0.5941574240737463,0.4733977396703213,0.529952739111589,0.40123063495487127,0.581050107878684,0.43351908174696546,0.5483582813042808,0.25287217588718325,0.5175044651129808,0.5477619315077777,0.5720673061582069
2023-07-12 09:00:00,0.6287817143061819,0.69325512525575,0.33506926375878854,0.6880871592304412,0.38626364003398794,0.4883056541601152,0.4244174342896511,0.5629234608607193,0.6108122278306779,0.6167030108585672,0.5762145454830836,0.6923066392796259,0.6503034623387761,0.5507726290935858,0.6810363619861367,0.6733324234782717,0.5592211668049358,0.683962131006238,0.5789917419384928,0.6453908041060816,0.5470170923253072,0.6764696304942373,0.5448886153505295,0.6304983564413679,0.41104405817100814,0.6184584788785602,0.6681360962793779,0.6610721844567282
2023-07-12 10:00:00,0.6910522979754974,0.7398104859455868,0.4376875922097226,0.6731763249332041,0.4769862051968432,0.5776965795866638,0.4941795134340167,0.5995994709521874,0.6810065920615128,0.6597667889358525,0.6249135950804683,0.7100927563256074,0.7247416083162529,0.570802591923902,0.7437320060945471,0.7337941833104574,0.6297444554766591,0.7189324746268594,0.6543840277508379,0.6543764735344839,0.5640596547248808,0.7107824749671332,0.6578474287577852,0.7254604979104062,0.6492832202336172,0.6883131549595704,0.7649446274572927,0.7159197801044219
2023-07-12 11:00:00,0.7149281751308583,0.7620910616786328,0.551239304645257,0.6655340321756456,0.5411187526523826,0.6384824084325752,0.5966201374353822,0.5950215658171417,0.7134087423630366,0.6432705676281196,0.632226765761935,0.6754335708085251,0.7606755750398835,0.5402671275140034,0.7720074517106635,0.7645589028692713,0.6993369792403863,0.6555466374953477,0.7125803038801087,0.5474102041152076,0.5325285913670512,0.6702006102831807,0.7065399082277062,0.721116512406904,0.6774852714613386,0.7224193066730131,0.7588334961525209,0.7252200413025507
2023-07-12 12:00:00,0.683634372746657,0.7709159612629592,0.5451468802295483,0.6229112523130719,0.5330870349905062,0.7205928649467183,0.5688943201061822,0.6371740994965789,0.7282852556637137,0.5744823873503749,0.6007128498798925,0.6091655966702502,0.7824985308683778,0.6688917249849742,0.7892297069930978,0.7874533906984708,0.6781149612850252,0.5492445710633543,0.6750395459993898,0.5686366295467163,0.667674160093041,0.6152996653543391,0.6430934732182229,0.7013244124923903,0.6202559761401772,0.7316834416035215,0.7621853836271342,0.7086424989553188
2023-07-12 13:00:00,0.6682136418714715,0.7694007352712717,0.6116682858594413,0.6161231936679139,0.5797050430236473,0.7651887807534171,0.6707726475525325,0.717072454311736,0.7458809038092185,0.6475156882965412,0.6666006610198849,0.5782660002449636,0.7950342005617215,0.7373145637410501,0.7948643602853496,0.7977004337984199,0.697948137400482,0.519049139814303,0.6916406515492889,0.7012063731510523,0.7362339473257719,0.5909181602768442,0.6454069774243699,0.7140838164757382,0.5627938250187265,0.7633586511779131,0.7809643074763575,0.7179947486765851
2023-07-12 14:00:00,0.6325287440951304,0.7396750499849546,0.5607328495880121,0.5217794904335665,0.5537951793146461,0.7795030689804925,0.7001280249721441,0.723927091946067,0.7644088893873952,0.7135286464325632,0.7229063644911268,0.4753153209427973,0.7978223416517255,0.7134329926341179,0.792521722839235,0.7985244810127431,0.7248220857788098,0.5349836012834561,0.7028695317013597,0.6376058542992765,0.7113960049890229,0.5519419438132648,0.6194337239972865,0.6687466828375168,0.5933267305475304,0.766558737656993,0.7717756706701892,0.6783222374980246
2023-07-12 15:00:00,0.6424411257151369,0.7271124404171665,0.663930635541043,0.5490300474470486,0.5152840221186589,0.7734838387932156,0.7322410942688536,0.6762627621714191,0.757133106323744,0.7304331464422702,0.739199220388949,0.5010589946912527,0.7850494591615234,0.5896038888370284,0.7840117736029883,0.7885804044645979,0.7235372117025243,0.5799096167264836,0.7162384056909962,0.58974253278189,0.5790939003193346,0.5760637175294472,0.5822756320060977,0.6437936607230543,0.5626784335329499,0.7611022124036458,0.7395076961631493,0.6378693325345224
2023-07-12 16:00:00,0.5615230114584012,0.6736841960973302,0.6458466798129139,0.48911991404371996,0.5090701183140314,0.7367874390523256,0.7177955616103476,0.704150299549002,0.7184218760613074,0.7023259349030041,0.7105641945636261,0.360861035024139,0.7582551912349171,0.6811882372987261,0.7768798796444878,0.77972204866,0.7327238310357677,0.46812529778235756,0.7072845755615462,0.6648154173258294,0.6782864708492821,0.4494829635512181,0.578116796296431,0.6062669397699026,0.5429386451112642,0.7468986752647298,0.7234706764315874,0.5865823231654309
2023-07-12 17:00:00,0.5726706270062477,0.605738763980389,0.6599332904747557,0.4618524592221959,0.4551105487851994,0.6815496315296227,0.6933372110759818,0.6613736129598309,0.6789560861096569,0.6725535979709211,0.6704123631168828,0.3510064498099027,0.7022532639493934,0.6501741547555691,0.7415730479801498,0.7460066085150707,0.7022400948397101,0.502405484078857,0.6954500774364633,0.6002000285927378,0.6512715293829962,0.5250185134951443,0.4643558017186324,0.49585001409276924,0.5303406705340095,0.7140406364768365,0.7133796454568926,0.4046758066646901
2023-07-12 18:00:00,0.4762264646375504,0.5024297860958011,0.6212051443985283,0.42256265093425077,0.4363403378721116,0.6207605777658162,0.6140903062403903,0.6370371781584042,0.6303837350546226,0.6337300344979855,0.6293657336890702,0.24309898666769417,0.6263235876584421,0.6499411841832564,0.6808400185258472,0.6721751507781184,0.6556786224312897,0.33833249698064677,0.661562028696504,0.6496086543215733,0.6551853109414647,0.372715274256533,0.33291031227251977,0.3626941914917524,0.38610127768299185,0.6811204598965354,0.6432014652836459,0.28744372955276853
2023-07-12 19:00:00,0.39731145504965054,0.39419266884089377,0.4547378355059638,0.4048795991987625,0.40926452193635104,0.5497018815796847,0.48097307539937556,0.5136161617535898,0.5697205555488524,0.5377363758370468,0.49841215179148374,0.2800120399005424,0.5909656668564724,0.5337943878415025,0.6534812648775523,0.6374064366529509,0.6612165006513507,0.34488715398576697,0.6586498686443216,0.5803872254257001,0.5402499477692475,0.36977159501023266,0.33062843498270683,0.20403785955248788,0.2784826435767663,0.6075733450082972,0.4518202652338,0.16232080112091943
2023-07-12 20:00:00,0.2725228276328651,0.31360902198388785,0.4482184655587462,0.2999408730434716,0.34845215664372214,0.4644685834473178,0.38974059929420574,0.3864434132355052,0.4689232741071144,0.4631475091545296,0.42519331808279537,0.14677304510321945,0.5163911847421042,0.369256011529897,0.5877990115783517,0.5615727193746528,0.5803110032032888,0.1913928589192095,0.5880183905606855,0.4253280441778831,0.37470880907749593,0.24969459686064263,0.2354280946433598,0.1210190974920269,0.17779339545503928,0.5454718328861223,0.4086097448342938,0.11087339827247601
2023-07-12 21:00:00,0.19449025754047827,0.19056953397311907,0.2933383541292962,0.1947267969223562,0.30365062001949394,0.3616926931643644,0.28178231295827605,0.32248780533510507,0.33309641424114145,0.33207808950699197,0.32936375996119027,0.1018631381273629,0.3735356680150743,0.31503489195325973,0.44411030261075624,0.4266301451122991,0.4344332477602656,0.13483787865084576,0.4459596113542273,0.3103737345393748,0.31317454025906,0.17585438083393612,0.06868875420850762,0.07556053518488592,0.07634767300969682,0.44328887851139365,0.2638996458659464,0.06043313978300566
2023-07-12 22:00:00,0.0,0.030435058411318373,0.0,0.0,0.2474418661330928,0.21818333281507948,0.0,0.0,0.014685650222390156,0.0,0.0,0.0,0.0,0.0,0.24102992679877766,0.1259793814674308,0.23993607303925105,0.0,0.25918398226657957,0.0,0.0,0.0,0.0,0.0,0.0,0.2858144928117742,0.014479790325451554,0.0
2023-07-12 23:00:00,0.0,0.0,0.0,0.0,0.05094561031646965,0.0,0.0,0.0,0.0,0.0,0.0,0.0,0.0,0.0,0.0,0.0,0.0,0.0,0.0,0.0,0.0,0.0,0.0,0.0,0.0,0.0,0.0,0.0
2023-07-13 00:00:00,0.0,0.0,0.0,0.0,0.0,0.0,0.0,0.0,0.0,0.0,0.0,0.0,0.0,0.0,0.0,0.0,0.0,0.0,0.0,0.0,0.0,0.0,0.0,0.0,0.0,0.0,0.0,0.0
2023-07-13 01:00:00,0.0,0.0,0.0,0.0,0.0,0.0,0.0,0.0,0.0,0.0,0.0,0.0,0.0,0.0,0.0,0.0,0.0,0.0,0.0,0.0,0.0,0.0,0.0,0.0,0.0,0.0,0.0,0.0
2023-07-13 02:00:00,0.0,0.0,0.0,0.0,0.0,0.0,0.0,0.0,0.0,0.0,0.0,0.0,0.0,0.0,0.0,0.0,0.0,0.0,0.0,0.0,0.0,0.0,0.0,0.0,0.0,0.0,0.0,0.0
2023-07-13 03:00:00,0.0,0.0,0.0,0.0,0.0,0.0,0.0,0.0,0.0,0.0,0.0,0.0,0.0,0.0,0.0,0.0,0.0,0.0,0.0,0.0,0.0,0.0,0.0,0.0,0.0,0.0,0.0,0.0
2023-07-13 04:00:00,0.0,0.0,0.0,0.0,0.0,0.0,0.0,0.0,0.0,0.0,0.0,0.0,0.0,0.0,0.0,0.0,0.0,0.0,0.0,0.0,0.0,0.0,0.0,0.0,0.0,0.0,0.0,0.0
2023-07-13 05:00:00,0.0,0.0,0.0,0.0,0.0,0.0,0.0,0.0,0.0,0.0,0.0,0.0,0.0,0.0,0.0,0.0,0.0,0.0,0.0,0.0,0.0,0.0,0.0,0.0,0.0,0.0,0.0,0.0
2023-07-13 06:00:00,0.0,0.2255133638565274,0.0,0.11463590827497859,0.1472294698327033,0.050393070609138675,0.0,0.0,0.0,0.0,0.0,0.04277578062572586,0.0,0.0,0.0,0.0,0.0,0.0,0.0,0.0,0.0,0.0,0.1882859457585478,0.2518715749700804,0.14735474810258783,0.09174090231284936,0.3249169490106716,0.25474364583956594
2023-07-13 07:00:00,0.2522717879929595,0.4596327474166608,0.14340466366978494,0.29567246777356443,0.2570253000652391,0.3459109931722871,0.2596355411603895,0.3533216514173541,0.25899890607279874,0.3542274693859655,0.33906495334878145,0.25369814601613794,0.2913160745736239,0.36824044739306344,0.4045834104519893,0.27535602656870245,0.21181317452336684,0.3147673801428322,0.21974777600191833,0.3677783579044391,0.3672379356295864,0.2717035089555282,0.29563028851270484,0.44008066747180724,0.2722569605867158,0.385774676840006,0.5061064310625016,0.42251863138338364
2023-07-13 08:00:00,0.41214384175532637,0.6050811413388657,0.22100201117355533,0.46600753215312696,0.36002969444772187,0.4561622196218281,0.3034784666362171,0.4272173756996606,0.40165953312807706,0.42272461417913765,0.37682797780805555,0.42763081424723787,0.4228206319304216,0.48234003937894165,0.5252478170501282,0.355785463785765,0.37910865551269785,0.4460555504209318,0.3832191262266744,0.5256982899315555,0.48968055408367317,0.4073737209245521,0.45198911001171443,0.5833284390504628,0.4499578021592845,0.5452710655051678,0.622956617588933,0.5759054008472193
2023-07-13 09:00:00,0.5402795294730345,0.6813061315050416,0.4455334816022487,0.6295582790563864,0.4430990838643361,0.5651478601515181,0.5273841876718477,0.5983903696186027,0.5158151485347191,0.5492921364454669,0.5700592688197127,0.5586016684416811,0.5340036322170071,0.6267872139935764,0.6256984229935355,0.48532271293514756,0.540794601678213,0.5358386590410232,0.5526355328022557,0.6117651822419622,0.6263075877698006,0.4943911242831242,0.6102013989543046,0.6856881670920469,0.6011809296570033,0.6559264180421757,0.7001626527649738,0.6741049706838551
2023-07-13 10:00:00,0.6227106153292464,0.7397779509649971,0.5735326059911636,0.5982132629206606,0.539014514421125,0.6434859983127178,0.6194860769238554,0.685282382097197,0.5762841795041115,0.6375637881079812,0.667571798991007,0.5294749111610544,0.5985483159988451,0.6942938735640082,0.6018228366678003,0.5110404312083962,0.6536764425509702,0.5253540981398581,0.6564426865895883,0.5859462681200818,0.6920035520609662,0.5601975971484902,0.6883071116086648,0.7316067465371522,0.7240583538084143,0.7223792778248153,0.7192981768239852,0.7285145412629359
2023-07-13 11:00:00,0.6769352649207319,0.7502489932351121,0.6005130735457471,0.6332459992992145,0.59001835665781,0.6947915269250454,0.6347656555921228,0.7114213593302608,0.6205102984924816,0.6446694462024886,0.6869228791447993,0.6142674620029844,0.6340944476624767,0.7485591894084439,0.6131061447252776,0.5208568043438494,0.6528330354820742,0.5951397979053769,0.6802270158575354,0.6376043795036155,0.7480000817914523,0.625532141892332,0.7287152491087366,0.7140194845663153,0.7392405707242365,0.7545131984998277,0.7023221924571459,0.7251838422905031
2023-07-13 12:00:00,0.6781453980862139,0.7595664264408372,0.6894077038617878,0.6476044140795557,0.6437967808018147,0.7427625169491703,0.7295869104312036,0.7556451062433868,0.6304893394422983,0.7433746255213567,0.7505762829038868,0.6994958935153266,0.6243499844407019,0.7655638328281329,0.6411531532240764,0.5701792193525563,0.6383747729749217,0.6398532616437566,0.7060812903724916,0.6965186742281414,0.7652695985631873,0.7177046789241128,0.6515435883914582,0.7383931614486494,0.6928058353017069,0.7658340471874463,0.7395543811677906,0.7282583179529845
2023-07-13 13:00:00,0.7140942450297144,0.7709649929574502,0.7169040651898392,0.6531246279153967,0.6614690893047526,0.7417090890173984,0.7694551102815396,0.7730924406951036,0.6397140298155827,0.7575180967963666,0.7644138775346434,0.6764147000949028,0.6216350143529453,0.7794724538691925,0.6877779262551558,0.610933443267006,0.6561730480662957,0.6363509321918578,0.7153249344291079,0.736718751711007,0.7801105617587771,0.728153815445582,0.6081522733776632,0.7349585163294163,0.6834797382810023,0.757534566779577,0.7289113785204167,0.7253157157095956
2023-07-13 14:00:00,0.6711148644086302,0.742272097861796,0.7442286537335774,0.5961178222467457,0.6502047442789904,0.7415141063066015,0.769947139527751,0.7635485504096535,0.6562541386250903,0.7270224551555651,0.7502158999068173,0.604110234362127,0.6309470767962851,0.7767219652480745,0.6094632072286538,0.6054775381648496,0.6864603222585557,0.5450896545632781,0.7458099676922881,0.6928717801351525,0.7765989740499976,0.6325450685118054,0.5835951632391891,0.7133143101166929,0.6504385897653507,0.7409046714977114,0.7059536098107609,0.7170810276139405
2023-07-13 15:00:00,0.6288420848249633,0.7330374522375496,0.7434795015825699,0.5904620773577367,0.6609285352457579,0.7447003987352883,0.7367073721469967,0.7384889982538795,0.6689595163442847,0.718903171226942,0.7288660352662235,0.5258913527263832,0.6611105542740455,0.7502896474643107,0.6506121424267942,0.6339472441720106,0.6806562573516549,0.48949026654356803,0.7548730472795172,0.7048422806949621,0.7510185035029124,0.5591579796779307,0.6339094980368707,0.6984275372218155,0.585217206980915,0.7184787825090722,0.7016644158967651,0.7004668217020921
2023-07-13 16:00:00,0.5948710277895862,0.696119566885165,0.7453597227535931,0.5400454644607783,0.6107899717383641,0.735542836483396,0.7509300292376629,0.750507914657108,0.6601718035989462,0.7552176039366596,0.7475246852813299,0.46713783228927297,0.6520623835970468,0.7539128773015016,0.6324819406570742,0.6174245402235409,0.7028659475260308,0.5106586247307537,0.7384757783848157,0.7416205576586365,0.7545959889759924,0.5416533970002176,0.5424152121367223,0.6298874466482065,0.4715759938375903,0.6815498328474774,0.6040789417763293,0.6520928829282349
2023-07-13 17:00:00,0.6104725653801262,0.669429839864852,0.7010999230900821,0.5988376667959601,0.5766306389209216,0.7146165225601345,0.70152002193442,0.7158296340955076,0.589021010719755,0.719716146463962,0.7137698717366674,0.5456164208917538,0.5799346641022985,0.7247743323654564,0.5587488979782028,0.5913444363672414,0.6666530368213858,0.5619877372397042,0.732118705894688,0.7032341853042322,0.723746588773563,0.6008414342674226,0.5007923318539871,0.635128102848741,0.5560882249491562,0.6527846115441078,0.6527825351742242,0.6380127942156091
2023-07-13 18:00:00,0.4852930249606483,0.5157119875858597,0.6962461610618114,0.5041233284242944,0.5120916096902033,0.6819396984020532,0.6827711083950628,0.6828121689169592,0.5633627131214465,0.6879745397698095,0.6936790196876315,0.3095427442935014,0.5840302720782136,0.681047652722367,0.5567806812053535,0.6079561500009968,0.6073414325681689,0.4530053845589273,0.7159369051066986,0.632990183392089,0.6800582769931132,0.43992772754607135,0.44209049698126424,0.5540616887239361,0.47059929882104473,0.612507265293121,0.5582131276528355,0.5295129031843115
2023-07-13 19:00:00,0.49697941541544666,0.4620946652362281,0.6131567670723489,0.5367668482282414,0.4536631374307321,0.5900832922299895,0.6069647550047558,0.6219791788568643,0.48369363723714826,0.6294478986844156,0.6247895077062653,0.36677737769246643,0.49842418570195174,0.6231105860441866,0.44139776414250126,0.4793446064021386,0.47914083503883753,0.5070840473605606,0.6516148465570274,0.6516095134044317,0.6218504744691782,0.4896937206644542,0.32874777467975386,0.5009701834493906,0.30245221364278785,0.5717012626255605,0.4899181706538448,0.4765364852237782
2023-07-13 20:00:00,0.41201030250403126,0.3410989544339387,0.48183322982289195,0.43261468196228764,0.38639864454007966,0.5148346162604622,0.4843982621294256,0.5174111290108232,0.39768723336913714,0.5252370273001722,0.5227147678799117,0.31315797612809504,0.4166131900340631,0.514739197533726,0.395607273399641,0.34262756573896413,0.3701474986089168,0.4164920356831426,0.528464423788219,0.5373630066059414,0.5132752291764735,0.427656631466089,0.20610593546600114,0.38535843150202986,0.22040673109769654,0.491356650038818,0.4072336643007581,0.31774497860955
2023-07-13 21:00:00,0.22122655790707357,0.22575343945266188,0.2746332604475058,0.31893394470942593,0.30336610935206215,0.3692522161371786,0.2756536410822102,0.2970399627850942,0.23953205708151903,0.2952449919901506,0.28964576956473465,0.2507196375889901,0.27103015987793855,0.3032969508529748,0.19496265223444192,0.2049504153183471,0.2445478996845078,0.2417115702519341,0.33912363047009647,0.32609368971365166,0.3042250130179524,0.24362856787858908,0.06926616175393911,0.2337397389404612,0.1087863663989675,0.33706296116737505,0.241811633746424,0.1924527518182296
2023-07-13 22:00:00,0.0,0.0024577680911130255,0.0,0.0,0.23699709429565075,0.21852252309910564,0.0,0.0,0.0002496806395016812,0.0,0.0,0.0,0.0,0.0,0.027376994551703435,0.012267103408908023,0.1465554289410604,0.0,0.14053709819921215,0.0,0.0,0.0,0.0,0.0,0.0,0.17898106533292754,0.010823121836992525,0.0
2023-07-13 23:00:00,0.0,0.0,0.0,0.0,0.10083304466170236,0.0,0.0,0.0,0.0,0.0,0.0,0.0,0.0,0.0,0.0,0.0,0.0,0.0,0.0,0.0,0.0,0.0,0.0,0.0,0.0,0.0,0.0,0.0
2023-07-14 00:00:00,0.0,0.0,0.0,0.0,0.0,0.0,0.0,0.0,0.0,0.0,0.0,0.0,0.0,0.0,0.0,0.0,0.0,0.0,0.0,0.0,0.0,0.0,0.0,0.0,0.0,0.0,0.0,0.0
2023-07-14 01:00:00,0.0,0.0,0.0,0.0,0.0,0.0,0.0,0.0,0.0,0.0,0.0,0.0,0.0,0.0,0.0,0.0,0.0,0.0,0.0,0.0,0.0,0.0,0.0,0.0,0.0,0.0,0.0,0.0
2023-07-14 02:00:00,0.0,0.0,0.0,0.0,0.0,0.0,0.0,0.0,0.0,0.0,0.0,0.0,0.0,0.0,0.0,0.0,0.0,0.0,0.0,0.0,0.0,0.0,0.0,0.0,0.0,0.0,0.0,0.0
2023-07-14 03:00:00,0.0,0.0,0.0,0.0,0.0,0.0,0.0,0.0,0.0,0.0,0.0,0.0,0.0,0.0,0.0,0.0,0.0,0.0,0.0,0.0,0.0,0.0,0.0,0.0,0.0,0.0,0.0,0.0
2023-07-14 04:00:00,0.0,0.0,0.0,0.0,0.0,0.0,0.0,0.0,0.0,0.0,0.0,0.0,0.0,0.0,0.0,0.0,0.0,0.0,0.0,0.0,0.0,0.0,0.0,0.0,0.0,0.0,0.0,0.0
2023-07-14 05:00:00,0.0,0.0,0.0,0.0,0.0,0.0,0.0,0.0,0.0,0.0,0.0,0.0,0.0,0.0,0.0,0.0,0.0,0.0,0.0,0.0,0.0,0.0,0.0,0.0,0.0,0.0,0.0,0.0
2023-07-14 06:00:00,0.0,0.16599790120998983,0.0,0.19148159618630362,0.17074280029841865,0.028039286091831636,0.0,0.0,0.0,0.0,0.0,0.0632530433185113,0.0,0.0,0.0,0.0,0.0,0.0,0.0,0.0,0.0,0.0,0.36515707975991957,0.3259212633920595,0.3344227156334474,0.07271497431389509,0.2932373615110735,0.3143489907354639
2023-07-14 07:00:00,0.1492007445980505,0.30189835792349967,0.23747232211742178,0.46973579796351445,0.3348930454094468,0.17041349355619964,0.3193953110531738,0.3821564591028224,0.09217233090297676,0.33053993988645536,0.36038059597658095,0.22318625336179168,0.11372164172051538,0.39711934256662434,0.08104176930373519,0.08147429286567459,0.1601038195173631,0.17867051088038877,0.26312192161998554,0.4079269846942292,0.39479372569267585,0.1771645563206933,0.5643666402166844,0.49348569894814265,0.5087987101761382,0.2046300106179908,0.45582298825936624,0.4756826385652908
2023-07-14 08:00:00,0.31030692678259386,0.41092333235546735,0.31582684950281953,0.6242332393753401,0.4959057834286233,0.25739100277456617,0.47141784553616634,0.5521619178124372,0.22538705661802927,0.5059620529257666,0.5220757425402931,0.41202704353374303,0.24035873455193185,0.5612534254280815,0.19230076510439595,0.20370612535853677,0.2669279774025903,0.3836591650760958,0.41242465392662436,0.5858624841931004,0.5585449446967413,0.3770234873768758,0.6811670819997431,0.6388468379304773,0.6472398271834933,0.32788652251444234,0.600067956542698,0.6226668817176971
2023-07-14 09:00:00,0.5133302303183854,0.534432327328527,0.48571394604664797,0.7105218136875169,0.5833522920950996,0.37782345568202824,0.5238861602265955,0.6411725682143413,0.4344396931389179,0.6313736727525154,0.6244850498511768,0.617422465458807,0.419210863308371,0.6602927188378863,0.3517430833528477,0.41225301954094135,0.3544559286864565,0.5935198313164493,0.5037822174385238,0.67390135421241,0.6585562459852725,0.5730103934504827,0.7360256882739169,0.7153026607748169,0.7133448652860274,0.4399322841609704,0.7147996551482687,0.7044198322965439
2023-07-14 10:00:00,0.622668582910327,0.6132670129028536,0.6047435677420059,0.752188702295581,0.650065977171899,0.4636664301886201,0.6497499080436744,0.7141222419525198,0.5420401001369252,0.7102204888657426,0.7073774768931199,0.7356763496771538,0.5723623004309104,0.7250810692751734,0.548732056144088,0.5750798035908201,0.44004243560369044,0.6883488527982736,0.5530519122351459,0.7240459388947079,0.7256569649015217,0.6958734413195081,0.70901219718333,0.7392240598575807,0.6822969173491941,0.5584592440027216,0.7063779368083335,0.7340305921580529
2023-07-14 11:00:00,0.6612380076059663,0.6427886190573414,0.6602740751434446,0.7699331769669097,0.686266153680976,0.5168567847546187,0.699124033752117,0.7477849334983713,0.5840838596869133,0.7465414131887215,0.7441939089475054,0.7722713330445117,0.6297641425869296,0.7550821168683147,0.6212830519105614,0.6278530654003668,0.5381267711259364,0.7137008407062994,0.6322019306708064,0.7536340162636228,0.7562894722890753,0.7439612140648678,0.6833026463258062,0.7548056407587228,0.6617954714068812,0.6019404206242495,0.6633489331564053,0.7455307893464155
2023-07-14 12:00:00,0.6513631742122497,0.6378821046371496,0.7333438481917782,0.6985334648996522,0.7498064045249296,0.548004977508558,0.7245221369002156,0.7611852828972204,0.5750396655446088,0.7513427448180031,0.7516864841329891,0.6232323803046568,0.6074095477596668,0.7775954626921036,0.6593195170539592,0.6441895867985347,0.5485229544481723,0.597063018806967,0.6306441160040792,0.7437938355797058,0.7795263125816785,0.6636118611527345,0.5953857111054631,0.7257684030074575,0.6354531592485603,0.6427605953133558,0.6535960321934721,0.7442770699726022
2023-07-14 13:00:00,0.6995985491666199,0.627548345588215,0.7359570849972827,0.7348673019426443,0.7590821740781403,0.5764254987184753,0.7382002155142793,0.7650306851473685,0.6098564714785993,0.7561116136950808,0.7502100533435997,0.6718363603853577,0.610323344878642,0.7853317826578426,0.65781318871714,0.6194656413632545,0.6171293761131943,0.6718883703512774,0.6981127509522507,0.774683220576386,0.7878833017917208,0.6895048214508231,0.6915632147779978,0.7188163718351819,0.6844878710922969,0.6678213740091822,0.6425806527968937,0.7182826742590939
2023-07-14 14:00:00,0.6581365278865909,0.6048752769833631,0.7553121892288824,0.7167000182795802,0.7182456165803874,0.5941720616218187,0.7586475259629979,0.7657030241764472,0.6163370756412168,0.7637494816525829,0.7535688913666836,0.6034525445098992,0.624503743184347,0.7863322440163736,0.6472699259391945,0.6218353464783648,0.5940954496084285,0.6400923175159201,0.6902710216146608,0.781473958443522,0.7889332215764141,0.6333672080921312,0.6837381638061446,0.709068547498548,0.6700819461263288,0.6520375731613502,0.6876262177567212,0.7011653410965855
2023-07-14 15:00:00,0.6224784026091174,0.5667938086673401,0.7513087654317009,0.6928647451872717,0.6873376987872929,0.5543941227000226,0.75809477363951,0.7579344024857297,0.5992464584753726,0.7563885304998612,0.7466653514960037,0.5838256115687142,0.5913760703046483,0.7755211033348244,0.5596189635819081,0.5685000759498793,0.5885369317557207,0.5990974460347924,0.6935686363082084,0.7723120696183303,0.7781367238217367,0.6144472244491261,0.6826047289071541,0.6654620346991331,0.7119378315036632,0.5856459792801357,0.6572758169782297,0.6719859192300733
2023-07-14 16:00:00,0.5898733392949019,0.5594412639462983,0.7349878094352893,0.6427772352777906,0.6554788913491422,0.5844031080054604,0.7353807559464841,0.744329366116003,0.5784431369164152,0.7384308548821089,0.7308459209892681,0.5466075430576526,0.5896001278843174,0.7630101743258646,0.4847747015887864,0.5533113171235305,0.5764710972467879,0.5676057550874811,0.6321143468103557,0.7601950799378058,0.7656550835160859,0.5813126122620705,0.633062521817093,0.6423406759407146,0.7048389678840393,0.5600900976438229,0.6218045318953292,0.6450803167209677
2023-07-14 17:00:00,0.5796779043431962,0.4853328785772825,0.7018600840092734,0.608168060209548,0.54824738571504,0.5067621897447724,0.7093041721664174,0.7212159939636712,0.558303330556231,0.7075067185592028,0.70550601508158,0.47587193018983004,0.5414919992668866,0.7379865305258763,0.4140430473486712,0.47193863696623367,0.5199200887415196,0.5087831374371851,0.5615435072268573,0.7267151298428424,0.7403424681452727,0.5572185569407179,0.5958208904918318,0.5996516996528024,0.6221169787097626,0.4691330718692556,0.5641285067514231,0.5818101344321502
2023-07-14 18:00:00,0.5544148149390834,0.41477465176568873,0.6666712141110149,0.5638807898283962,0.5643985945220943,0.5262330665106363,0.6710532450718265,0.6884000116116334,0.5061741815128339,0.6868421856063582,0.6805233149109569,0.5129053901051169,0.49451312732847374,0.6987377920048216,0.37292132255134436,0.45451717869921526,0.4902576191947345,0.5481180958945834,0.5240992372016811,0.6963970839755251,0.7010753985259429,0.6085272921597226,0.589055176042622,0.5357109127144354,0.5759961626268078,0.4403480919110876,0.5115526321296212,0.5245382010982907
2023-07-14 19:00:00,0.47608660404229514,0.3102587742268989,0.5989564065199319,0.5694869963667114,0.4978594938684461,0.43706462521511835,0.598098739945096,0.6256237354852369,0.4343751795837184,0.6251845536060274,0.6157596453074959,0.5078078484418844,0.40690268259527845,0.6374137475562744,0.32466903699873634,0.4488089947207462,0.398183488212932,0.4972704290177836,0.477354859864596,0.6353981428075977,0.639177879647348,0.557583187592787,0.48641560212098706,0.5539116946614534,0.551034971437953,0.36627922673373614,0.4475612849884796,0.509373767921679
2023-07-14 20:00:00,0.38844887372935144,0.20000762107111822,0.4872121441238263,0.5043144937778491,0.43182939717133223,0.36715676607469383,0.49556105540106926,0.5281843384729861,0.40597129822438965,0.5339030430122911,0.5303953561475383,0.42713884713485883,0.40146092075418804,0.525394522823717,0.3922946637788054,0.46860304655890705,0.31801513010611815,0.37361223082847933,0.41319870197618574,0.5119356427743535,0.5261460325342715,0.43361902009221875,0.3561679824755856,0.4270271670794147,0.4228576840965795,0.36656887721839015,0.3082958532233542,0.38235641621537586
2023-07-14 21:00:00,0.30631606513354265,0.16212811305581795,0.27519272097301994,0.33670482053090467,0.3751449117001237,0.29477098515034755,0.3019839295713047,0.3287067547210863,0.31431794020882203,0.33045594048945853,0.3243437083722588,0.3541170405872274,0.31062528683743296,0.3302209489111809,0.35755347372631097,0.3755738323202604,0.2130512522357905,0.30514449345279493,0.30266895740915095,0.3320703146919146,0.33085662647572506,0.33489769563905986,0.2125083745735181,0.23764572272376766,0.24605304408103806,0.3121331272148779,0.2034085049990852,0.2134578848932861
2023-07-14 22:00:00,0.0,0.004542914101270773,0.0,0.0,0.2650066764883762,0.20007727763036975,0.0,0.0,0.0,0.0,0.0,0.0,0.0,0.0,0.17837064375916944,0.11152468713839633,0.11979181883142875,0.0,0.19277271221095785,0.0,0.0,0.0,0.0,0.0,0.0,0.20949678697523424,0.00619458174885695,0.0
2023-07-14 23:00:00,0.0,0.0,0.0,0.0,0.12325078236194162,0.0,0.0,0.0,0.0,0.0,0.0,0.0,0.0,0.0,0.0,0.0,0.0,0.0,0.0,0.0,0.0,0.0,0.0,0.0,0.0,0.0,0.0,0.0
2023-07-15 00:00:00,0.0,0.0,0.0,0.0,0.0,0.0,0.0,0.0,0.0,0.0,0.0,0.0,0.0,0.0,0.0,0.0,0.0,0.0,0.0,0.0,0.0,0.0,0.0,0.0,0.0,0.0,0.0,0.0
2023-07-15 01:00:00,0.0,0.0,0.0,0.0,0.0,0.0,0.0,0.0,0.0,0.0,0.0,0.0,0.0,0.0,0.0,0.0,0.0,0.0,0.0,0.0,0.0,0.0,0.0,0.0,0.0,0.0,0.0,0.0
2023-07-15 02:00:00,0.0,0.0,0.0,0.0,0.0,0.0,0.0,0.0,0.0,0.0,0.0,0.0,0.0,0.0,0.0,0.0,0.0,0.0,0.0,0.0,0.0,0.0,0.0,0.0,0.0,0.0,0.0,0.0
2023-07-15 03:00:00,0.0,0.0,0.0,0.0,0.0,0.0,0.0,0.0,0.0,0.0,0.0,0.0,0.0,0.0,0.0,0.0,0.0,0.0,0.0,0.0,0.0,0.0,0.0,0.0,0.0,0.0,0.0,0.0
2023-07-15 04:00:00,0.0,0.0,0.0,0.0,0.0,0.0,0.0,0.0,0.0,0.0,0.0,0.0,0.0,0.0,0.0,0.0,0.0,0.0,0.0,0.0,0.0,0.0,0.0,0.0,0.0,0.0,0.0,0.0
2023-07-15 05:00:00,0.0,0.0,0.0,0.0,0.0,0.0,0.0,0.0,0.0,0.0,0.0,0.0,0.0,0.0,0.0,0.0,0.0,0.0,0.0,0.0,0.0,0.0,0.0,0.0,0.0,0.0,0.0,0.0
2023-07-15 06:00:00,0.0,0.13392569170893254,0.0,0.12562081451272264,0.09299415707377856,0.0063645806947841945,0.0,0.0,0.0,0.0,0.0,0.043805493345706194,0.0,0.0,0.0,0.0,0.0,0.0,0.0,0.0,0.0,0.0,0.2685924572481742,0.21733192428041093,0.26454928574152925,0.04198987848135004,0.27481156569515913,0.22223444395497852
2023-07-15 07:00:00,0.3423237822463604,0.3072024532363919,0.3258196305811054,0.4619650735222164,0.2958852700312154,0.07040237794884618,0.31746679301713276,0.3789424420205862,0.16979650749382325,0.3749089192608982,0.37415019934711025,0.4685756807278964,0.1533630962674529,0.38064065267320163,0.07038283144148737,0.06533466635630905,0.03411818996439917,0.4164111834530892,0.03410110996620813,0.40090353138433765,0.3792754214328235,0.42636763199909633,0.5105221830389403,0.37742304566281076,0.4719187046053504,0.1446276966296577,0.4693567626724292,0.3672196515579977
2023-07-15 08:00:00,0.5216092922487445,0.46308178023299046,0.4693289435780696,0.6172762054426593,0.437739791235248,0.14880333101405724,0.42860097700074684,0.5351217955351056,0.3408337106756354,0.5377992919026048,0.5258009165255926,0.6314505144715595,0.3420582904197598,0.5436507226396784,0.10803639125308004,0.16571558567915437,0.05355757993705764,0.5971560391374978,0.04548696414068567,0.5667183896763359,0.5418136160022343,0.6024411722566247,0.6547734862128541,0.53987161636643,0.6148755858506011,0.2254682756107145,0.6114390288934912,0.5250916320556945
2023-07-15 09:00:00,0.6169258147786867,0.6032612764618049,0.5826736247380827,0.6951576722122664,0.5480123694852902,0.25105254798115506,0.5532283483480573,0.6331116702237273,0.45560723067873365,0.6335517145779858,0.6271396946993212,0.7099651015891019,0.4824445489808915,0.6395284156788752,0.19043724926132205,0.29905784512395334,0.08481992140248101,0.6836997575597884,0.07033229439165749,0.6424792339497417,0.6382088584764414,0.6872023413373296,0.7307112379300991,0.6427792504568347,0.7029370791153092,0.2881279034065728,0.6950359467388454,0.6492094628478299
2023-07-15 10:00:00,0.6635431728972332,0.6400147643986706,0.6129007850864892,0.7368445193817657,0.6322551005774253,0.38875303175338055,0.6027160882189002,0.6881663648521079,0.5205285254841564,0.6800024579461299,0.6686565678625674,0.7427947475477186,0.5449965019566162,0.715643869473439,0.3036661037999872,0.449565147900013,0.13598365752885258,0.7210179714425607,0.11263833625547662,0.7002346262215187,0.7166811033633966,0.722172209026108,0.735881677804061,0.6907569014355709,0.6653122873913172,0.394802239371019,0.6900264453393318,0.6892119063555613
2023-07-15 11:00:00,0.7098470916404943,0.6151533209530431,0.6960231896369399,0.7434838333795462,0.6771634910455975,0.5156377373720599,0.6822777531083455,0.728633924967769,0.6018179606388143,0.7243782732686427,0.7173059631671683,0.7575398119448896,0.614814506442026,0.7490802911611303,0.4548807722444632,0.5666859053983234,0.14652811246521252,0.7504678826324894,0.1383006404308198,0.733715527748479,0.7509239723563349,0.7538989832620708,0.6711073504370807,0.6717313351958047,0.7027805906478046,0.4504439041526888,0.6834644613943153,0.6634747088186707
2023-07-15 12:00:00,0.6701477111169709,0.6066978585519814,0.6763826559513979,0.7786334609602968,0.705422045772523,0.5464410876047944,0.718844499025529,0.7476585236420465,0.5882028011379334,0.7376347735407633,0.7319616252824974,0.7615902272149182,0.6010278033863485,0.7652870071901811,0.5685494160922765,0.6092652401522367,0.13572961436312622,0.7072320634910515,0.13463481897536686,0.7546201007988458,0.7675096116083959,0.7161879646136916,0.685044739588488,0.6426724451149686,0.7187049636366253,0.49413500991268994,0.6594099088710791,0.6256984872399459
2023-07-15 13:00:00,0.675242139234787,0.6006148956994282,0.7063280763986479,0.7810780634663105,0.6870245433306676,0.5030809200663714,0.737612985870796,0.7538980341270176,0.6089984814771437,0.7555471007988872,0.7474515912276264,0.7631973678956643,0.6409107325752575,0.7707695140719434,0.5259090269003348,0.6292831751078032,0.14856469947792195,0.7115555763813689,0.17715373930782355,0.7600522766154751,0.773334384895125,0.7270058406342089,0.6688198055343942,0.6244269511803011,0.6437167314419197,0.47710907231538974,0.6047252936826188,0.6287453987517315
2023-07-15 14:00:00,0.6771926504415706,0.6230869770569931,0.6745697183399693,0.7216462613549731,0.6620938049524876,0.47560765423048657,0.7136099279336259,0.7489752752081115,0.6206292601196924,0.7532393116743925,0.7388523893601454,0.6784529234401652,0.6646253091067051,0.7721987157597083,0.5087809714613373,0.6380273927199637,0.19439112300240888,0.721609499039312,0.21315475638505513,0.7681117502963717,0.7749317425762536,0.7151463884660868,0.6591992103360774,0.647387375468749,0.6508013054171031,0.4742647086326405,0.6230577563710261,0.660839985213487
2023-07-15 15:00:00,0.6766498676500932,0.598901374382508,0.7035054756745509,0.7341327189462162,0.6459565084743074,0.49226408735860017,0.7146047803048102,0.7454596714404583,0.5879040235808969,0.7514053865577792,0.7389496311863228,0.7227419471317196,0.6249010406981544,0.7627972171320841,0.5910171837002328,0.6650995468945459,0.24931546242244632,0.6842724607687801,0.25358811957991856,0.7588419705887689,0.7658733857159004,0.7317451434889609,0.6459506193356124,0.6306437876884813,0.6550891612589521,0.499169026178578,0.5862858448450411,0.6544652253205224
2023-07-15 16:00:00,0.5910565545198601,0.49057272082102943,0.6451695448518199,0.7017567832296354,0.5877154912637652,0.40792145710656114,0.7030635083316358,0.7278487999770853,0.5343521084965831,0.7290854287222794,0.7210230747053866,0.6623499041621249,0.6023935778681266,0.735149104904237,0.5401464636996314,0.6312304209559879,0.25797465757096477,0.6520280289085845,0.27658869463348024,0.7395678757328207,0.7359901114035818,0.6618382627845026,0.5764556046959508,0.5768527255717665,0.616110650337849,0.4719150960664665,0.47903235091523716,0.6102340993202998
2023-07-15 17:00:00,0.5199389843167135,0.42280982876000994,0.5103222625221675,0.6588896675682867,0.5522201071546308,0.3819920713294109,0.5436104065027701,0.6449444466549833,0.5004162411328095,0.633107575180231,0.605497888644825,0.5884579671033594,0.6154893596890845,0.6855401289891094,0.565488150131493,0.6445022046617357,0.2313994675156803,0.5888758788465563,0.24701641495238177,0.7130663547456895,0.6896727225575847,0.6004805174089888,0.6109501033201644,0.5136578026475958,0.586310182367857,0.45558550948909404,0.4270377418129783,0.5436581301830662
2023-07-15 18:00:00,0.4479803203624422,0.37330781402993757,0.3250069409510551,0.6439698025993619,0.5282915963661966,0.32947215830718685,0.20894362884106685,0.29925025162982083,0.45880984388878854,0.28206010952080823,0.2522445496571794,0.5168183676050196,0.5832770889099594,0.38287905670662886,0.492720506320836,0.5397196206776862,0.32725628076744895,0.4890156890230546,0.2895063609791218,0.47712089604708036,0.3942075871632373,0.41391287083811923,0.5646454321924417,0.4746617268786165,0.4952865725699558,0.43714152096775855,0.34004094733417656,0.4603252661781078
2023-07-15 19:00:00,0.37589897467071004,0.2639928350629544,0.3606873952941202,0.35213260842827077,0.46423289090914777,0.25673419123316965,0.1105960517988726,0.12515009288163217,0.4336021411678501,0.1756088951997723,0.16587275248777256,0.3436999601839383,0.5259820667161984,0.15750856277141845,0.46784405073541036,0.41833511715462374,0.2791609445452722,0.4407238541154799,0.23689558959134338,0.13090127819068273,0.1625971466298361,0.32202930190819,0.470458858003017,0.3863839249277417,0.43750919042376374,0.3802562703070421,0.2598514097032466,0.36927910914251844
2023-07-15 20:00:00,0.36838158981921015,0.28667969446830843,0.41157323636142024,0.06133753515686525,0.40711487901877313,0.17920422830624208,0.22159328306303364,0.15146781144973567,0.3179974694938413,0.2864642417073821,0.2756843226281119,0.272538039326321,0.3887771453385228,0.09553412226101192,0.3887326276618356,0.29350699280522563,0.20721033898986105,0.43677563801710223,0.19675595008657734,0.05413307997192027,0.0958190805098359,0.41272676486139087,0.41065417657107384,0.23264298750401197,0.2680445441363832,0.2824350891665062,0.18782089261802135,0.2772809767679412
2023-07-15 21:00:00,0.2835754067374407,0.2554306334077233,0.30299374155610903,0.07250657208490269,0.3401033231214521,0.10719056506198556,0.2909992386986891,0.23302917339295312,0.24061849501365773,0.31421736912052134,0.3041230579646421,0.29216526141484767,0.28228700481236485,0.16384075788382546,0.24402755594422634,0.19484785185050282,0.15185783052699584,0.3194997721222993,0.14712163629013159,0.13456792349020363,0.15687667167768354,0.35491400516237886,0.19709363668175942,0.07010058741665005,0.1507474120655967,0.21643869868042184,0.09351982058219145,0.06801778056930863
2023-07-15 22:00:00,0.0,0.0,0.0,0.0,0.24284643082441343,0.060627985050422925,0.0,0.0,0.0,0.0,0.0,0.0,0.0,0.0,0.10255928704346605,0.022812272256708628,0.11949180413984371,0.0,0.1116816583046629,0.0,0.0,0.0,0.0,0.0,0.0,0.12044296720101515,0.01050055520161421,0.0
2023-07-15 23:00:00,0.0,0.0,0.0,0.0,0.11787955613892223,0.0,0.0,0.0,0.0,0.0,0.0,0.0,0.0,0.0,0.0,0.0,0.0,0.0,0.0,0.0,0.0,0.0,0.0,0.0,0.0,0.0,0.0,0.0
2023-07-16 00:00:00,0.0,0.0,0.0,0.0,0.0,0.0,0.0,0.0,0.0,0.0,0.0,0.0,0.0,0.0,0.0,0.0,0.0,0.0,0.0,0.0,0.0,0.0,0.0,0.0,0.0,0.0,0.0,0.0
2023-07-16 01:00:00,0.0,0.0,0.0,0.0,0.0,0.0,0.0,0.0,0.0,0.0,0.0,0.0,0.0,0.0,0.0,0.0,0.0,0.0,0.0,0.0,0.0,0.0,0.0,0.0,0.0,0.0,0.0,0.0
2023-07-16 02:00:00,0.0,0.0,0.0,0.0,0.0,0.0,0.0,0.0,0.0,0.0,0.0,0.0,0.0,0.0,0.0,0.0,0.0,0.0,0.0,0.0,0.0,0.0,0.0,0.0,0.0,0.0,0.0,0.0
2023-07-16 03:00:00,0.0,0.0,0.0,0.0,0.0,0.0,0.0,0.0,0.0,0.0,0.0,0.0,0.0,0.0,0.0,0.0,0.0,0.0,0.0,0.0,0.0,0.0,0.0,0.0,0.0,0.0,0.0,0.0
2023-07-16 04:00:00,0.0,0.0,0.0,0.0,0.0,0.0,0.0,0.0,0.0,0.0,0.0,0.0,0.0,0.0,0.0,0.0,0.0,0.0,0.0,0.0,0.0,0.0,0.0,0.0,0.0,0.0,0.0,0.0
2023-07-16 05:00:00,0.0,0.0,0.0,0.0,0.0,0.0,0.0,0.0,0.0,0.0,0.0,0.0,0.0,0.0,0.0,0.0,0.0,0.0,0.0,0.0,0.0,0.0,0.0,0.0,0.0,0.0,0.0,0.0
2023-07-16 06:00:00,0.0,0.12507408330498093,0.0,0.07181309036232902,0.09386249620489871,0.0008415821952641716,0.0,0.0,0.0,0.0,0.0,0.0,0.0,0.0,0.0,0.0,0.0,0.0,0.0,0.0,0.0,0.0,0.3631575457763606,0.3024207578994536,0.32325126597631443,0.01479920393985129,0.28500503008413336,0.31320983338323444
2023-07-16 07:00:00,0.2951603873286276,0.3185710840756666,0.09797137216593726,0.46096013155146365,0.26194139572996433,0.041130413414024763,0.18716131189444218,0.30010135195810894,0.13071127488735543,0.32135720939186824,0.2791342701345544,0.48358163914464847,0.12639869169879014,0.3275680364025574,0.010424937140253956,0.04545909426793652,0.0563197351181282,0.4356471941995305,0.06433141399099683,0.38085419378571556,0.33126231068559525,0.4276124473278981,0.5649978247163859,0.4942719058397773,0.5316184573722444,0.05595968922110448,0.4582360517788896,0.4969871849843016
2023-07-16 08:00:00,0.4214902865224067,0.49037989878133925,0.20390358599250097,0.6179561322669026,0.34802925797643935,0.06500650855552699,0.39018423315392153,0.5261340885415978,0.20662959241378467,0.4841326547602479,0.47537328924238476,0.6394276129700021,0.2006164904317886,0.5425952197706443,0.040789208493294905,0.09650668888438371,0.10347340194863654,0.5982600618022552,0.12235623626310159,0.5837392840564117,0.5382591178662961,0.5780733773903887,0.6737358497944806,0.6212624822757863,0.6537756587490166,0.09972608264727978,0.5718925674792046,0.6262696724539941
2023-07-16 09:00:00,0.523142781126244,0.5935293830907705,0.35587989987371826,0.6997293294891901,0.4874998621941782,0.15048325128284776,0.47930671531155267,0.6329352421212322,0.3016961843690787,0.6001648330608884,0.5857928605842702,0.7209649404884645,0.3141081083070783,0.6644426223655978,0.0955210243440869,0.1787463592173164,0.14852027882998325,0.6900173682292868,0.15178849890177884,0.679336450638186,0.6621754146179509,0.681618352697067,0.7308118183847611,0.7011871965281359,0.7329861021699053,0.16704509215354574,0.6550442366602389,0.700859570575028
2023-07-16 10:00:00,0.6022850065844906,0.6417668352015434,0.4844734564882544,0.7442734444138442,0.5448126824072919,0.2193517864339412,0.5681644514754475,0.6929923481656196,0.339169620273361,0.6858003658755176,0.6688334060113612,0.7671991574411254,0.3524938834890832,0.7264499920975745,0.16438374008057097,0.3358560700907903,0.19369318355420193,0.7389119163880097,0.1925241176656849,0.7260564248558999,0.7257021102700107,0.7484850236008714,0.7383459226967787,0.7298640501246955,0.7200086273467771,0.26006636866729976,0.7085363172857592,0.7341561992914247
2023-07-16 11:00:00,0.6252648488507637,0.6220487234497766,0.5261085006821552,0.7699202636445645,0.6169992199165532,0.287491518088278,0.6271121753587731,0.7309809753036527,0.39988607684179167,0.7244327843404342,0.7102607562606258,0.7882466593425013,0.4030944910838217,0.7621575487821488,0.2786072072229678,0.33310595136990967,0.2662616555028664,0.7324482827627049,0.2655425372472324,0.7563410445862583,0.7626274431060741,0.7638145821924462,0.763634990345341,0.7168395272297583,0.6627485944758464,0.3427178704520327,0.6525034474947644,0.734153737953364
2023-07-16 12:00:00,0.6152158578683522,0.6116261081228523,0.6379109010393306,0.7681735290911327,0.6267980258037462,0.27219010132740107,0.7053634516709529,0.7615877693959301,0.3854511292676237,0.7564948672397814,0.751166622310569,0.7379534028164861,0.28324632799848676,0.7782198995358995,0.2568487244271332,0.2169386006816032,0.2946549247281703,0.6571363773654998,0.2923105864396601,0.7704646061429861,0.7801053650374469,0.7242925978552718,0.7662510117159144,0.6893097754283682,0.6410139354288255,0.3582666634050303,0.5717094659161195,0.7123491391603946
2023-07-16 13:00:00,0.6259964761895059,0.6738772730416979,0.6748687545585683,0.7705652144165632,0.6264695846449583,0.27880095402409055,0.7493428487558081,0.7700342545114521,0.4416605568946892,0.7705289002463316,0.7657925217814516,0.7499271168430088,0.3684049615544288,0.7822502650347918,0.24349388734693675,0.2568849474206493,0.2682575170521734,0.6472214611784933,0.26000557408664404,0.7771738441875853,0.7843040877419472,0.7239530707188068,0.7343899698843809,0.7507158706928596,0.7130240043894585,0.3566064840951295,0.6642091353905142,0.7488337687468116
2023-07-16 14:00:00,0.6615168582150888,0.64711584277318,0.6621050276128106,0.7770755146652871,0.5882273352128394,0.39725191301548085,0.7599266829091497,0.7675788054028115,0.5112923003680085,0.7738031362708747,0.7696688214255797,0.7680070807556056,0.4773580280188912,0.7711391181323916,0.37492894367061314,0.435514039424715,0.3742589610922096,0.7052308845268147,0.3304089279486993,0.7771591332030952,0.7720498345234325,0.7570316227823438,0.7480557487164814,0.730662228774025,0.727661784957728,0.4312965664864454,0.6364260295700688,0.7386815330078003
2023-07-16 15:00:00,0.6552724790375133,0.6433954659045436,0.6536273866202745,0.7649297021132043,0.5534476242093587,0.37887482883520834,0.7575488005658958,0.7560999351923287,0.5480564966106108,0.7650970083175115,0.7633651532812612,0.7594964148287003,0.5240947131268213,0.7510220328554795,0.3693835618337707,0.3998635962835084,0.38208069781981996,0.6721932938214028,0.36890358629374215,0.7701952068528091,0.7508282046813008,0.7420271897849253,0.7336435796745193,0.7152729213094379,0.7292161608586589,0.4289576335695943,0.6116568866104539,0.7122455823621952
2023-07-16 16:00:00,0.6419343796075816,0.5320601316458412,0.6328210972971523,0.7235480812088994,0.5407004586455086,0.41050361159071097,0.7261316052636135,0.7376993489528053,0.5403478574416912,0.7339551654413723,0.7303215354125627,0.7209524552112898,0.5249014077363988,0.7445775951011067,0.4022778537649523,0.37276244332990416,0.4181933612316407,0.6744955647116108,0.3615858243225541,0.7489993637911028,0.7451021416915538,0.7158861214840364,0.683831483205838,0.6568695029698266,0.7019874769765572,0.44585905314483487,0.5736985173308937,0.6842979792574715
2023-07-16 17:00:00,0.6345661591829456,0.5022489384590754,0.620744125112796,0.7047600064068883,0.5363508443939591,0.3180047460717472,0.7032891283264232,0.7045077277550019,0.470131297599543,0.7214717371146195,0.7165411977011488,0.7269407912396476,0.45137687011788424,0.6954512977156,0.3008791959561942,0.3330705250957571,0.371167291781555,0.6448137907159852,0.35936268700585833,0.7020132931083057,0.6940572257798016,0.7072180997736455,0.6259313699619199,0.5169368996541097,0.6486225700716572,0.3445984361444041,0.466213699862155,0.5818313289267463
2023-07-16 18:00:00,0.5958855289479243,0.474586614527875,0.5409630350367266,0.66353001663462,0.5126170107226318,0.31804626944890235,0.6527008463835428,0.6849800826063251,0.516216107502515,0.6939925357479009,0.6892079912979003,0.6829254491574687,0.5007478850220152,0.6895433426741127,0.3843575559031161,0.3524984924296477,0.3304407581829899,0.6379878861484722,0.31414372956585995,0.6800995443209592,0.6899918515321857,0.677205906725879,0.4797151320509241,0.4638813135355172,0.5362894398669822,0.3739713327619046,0.37182712809903956,0.5280595623716624
2023-07-16 19:00:00,0.5278881199478813,0.44710837176018414,0.5035388323483514,0.5849885011659649,0.41402220319778754,0.2204585263847741,0.5933834242674616,0.6063096974084617,0.40365792422968905,0.6290238689441427,0.6224853275801325,0.6343087691431223,0.4009641045344671,0.5933885455588812,0.2758933716317416,0.25048340688698134,0.1927505366426713,0.5492245664459895,0.23132504506197202,0.5751459431971669,0.5906083049132057,0.6162022058318152,0.36833778190226346,0.5056867006273842,0.518977201879123,0.26489243547336006,0.3495125361001001,0.5400189547943152
2023-07-16 20:00:00,0.33231840599396467,0.3129119476120749,0.4280271604689394,0.5017442588324479,0.3322678171467264,0.1661346261183743,0.4907476734588692,0.5229245911037222,0.306874431660731,0.5217400151800309,0.5194770812512702,0.48247846736309125,0.30428895474403106,0.5220013567656475,0.21197715803728662,0.260331057895199,0.21339557815543952,0.2771305596676543,0.23056245474725304,0.5092690117869066,0.52147007984228,0.39338253300360443,0.23478962869876088,0.3915142623085937,0.37016283374508013,0.20332801786095153,0.2157486203392264,0.42170404224774555
2023-07-16 21:00:00,0.20524492653953547,0.22754290685663922,0.20778563776878065,0.3328745201028431,0.23979689637056129,0.1114862186625824,0.28843473421597027,0.3277470818503228,0.17021948074564539,0.32021146960834335,0.3181417300350289,0.32275809027825125,0.1974591909218169,0.32943542602588366,0.20692960264189328,0.20686487756064997,0.13292105298122486,0.2253904509017827,0.15856971832066089,0.32437972037747775,0.3284033548891068,0.26286412903243445,0.1039709992881882,0.2953347046158792,0.2892236700156329,0.16451874492679525,0.13366339704882987,0.30986376998270176
2023-07-16 22:00:00,0.0,0.0,0.0,0.0,0.13921368742740664,0.05260545736260179,0.0,0.0,0.0,0.0,0.0,0.0,0.0,0.0,0.05440082045616978,0.020363599774240477,0.06979936565680582,0.0,0.08695980174166884,0.0,0.0,0.0,0.0,0.0,0.0,0.05985044669248062,0.000230224420799517,0.0
2023-07-16 23:00:00,0.0,0.0,0.0,0.0,0.05694301205166724,0.0,0.0,0.0,0.0,0.0,0.0,0.0,0.0,0.0,0.0,0.0,0.0,0.0,0.0,0.0,0.0,0.0,0.0,0.0,0.0,0.0,0.0,0.0
2023-07-17 00:00:00,0.0,0.0,0.0,0.0,0.0,0.0,0.0,0.0,0.0,0.0,0.0,0.0,0.0,0.0,0.0,0.0,0.0,0.0,0.0,0.0,0.0,0.0,0.0,0.0,0.0,0.0,0.0,0.0
2023-07-17 01:00:00,0.0,0.0,0.0,0.0,0.0,0.0,0.0,0.0,0.0,0.0,0.0,0.0,0.0,0.0,0.0,0.0,0.0,0.0,0.0,0.0,0.0,0.0,0.0,0.0,0.0,0.0,0.0,0.0
2023-07-17 02:00:00,0.0,0.0,0.0,0.0,0.0,0.0,0.0,0.0,0.0,0.0,0.0,0.0,0.0,0.0,0.0,0.0,0.0,0.0,0.0,0.0,0.0,0.0,0.0,0.0,0.0,0.0,0.0,0.0
2023-07-17 03:00:00,0.0,0.0,0.0,0.0,0.0,0.0,0.0,0.0,0.0,0.0,0.0,0.0,0.0,0.0,0.0,0.0,0.0,0.0,0.0,0.0,0.0,0.0,0.0,0.0,0.0,0.0,0.0,0.0
2023-07-17 04:00:00,0.0,0.0,0.0,0.0,0.0,0.0,0.0,0.0,0.0,0.0,0.0,0.0,0.0,0.0,0.0,0.0,0.0,0.0,0.0,0.0,0.0,0.0,0.0,0.0,0.0,0.0,0.0,0.0
2023-07-17 05:00:00,0.0,0.0,0.0,0.0,0.0,0.0,0.0,0.0,0.0,0.0,0.0,0.0,0.0,0.0,0.0,0.0,0.0,0.0,0.0,0.0,0.0,0.0,0.0,0.0,0.0,0.0,0.0,0.0
2023-07-17 06:00:00,0.0,0.10948917815307367,0.0,0.0,0.04628809215039169,0.0008633555387991419,0.0,0.0,0.0,0.0,0.0,0.0,0.0,0.0,0.0,0.0,0.0,0.0,0.0,0.0,0.0,0.0,0.37227365822885533,0.24625392817984737,0.33640746822921175,0.0057250676766403144,0.13292542776836253,0.25720750218610305
2023-07-17 07:00:00,0.1732742943999625,0.19676638842161817,0.0955574994100537,0.15075171882601202,0.08221982585800224,0.031811448418475184,0.03158448893784764,0.14554625074685867,0.12330939919338467,0.15071622903162948,0.10781908748383581,0.17013282125519275,0.07686731446173983,0.19831556297161443,0.03350752564431902,0.05428441266508903,0.13731000310398134,0.1261128018521881,0.12704027025006975,0.19854224293472322,0.20753176463186976,0.16873826577402565,0.5622044437863225,0.34075681648360795,0.5297446540597225,0.05421897816915609,0.19911765858920868,0.34771444837912596
2023-07-17 08:00:00,0.30730205205391004,0.21462728640286882,0.26296830817965333,0.11612957466579119,0.12608961543731367,0.06808933895473629,0.08935930918607173,0.26250146687446296,0.23108065212755777,0.3527218686781194,0.27677963272719824,0.17984481956249107,0.20086730118922483,0.3120159108486658,0.04801674617479509,0.20559348812719752,0.23298265570933138,0.24533478413094786,0.2127475898486021,0.3043344478366466,0.32461598110297823,0.3382049805975491,0.657112475472581,0.44848380129614424,0.6372310486495529,0.12046904922668084,0.2936343093180268,0.4449957073637564
2023-07-17 09:00:00,0.36118189204069445,0.30462706107818177,0.4209073559951569,0.15465617714300037,0.179682158814131,0.136434735192561,0.39564320477700515,0.5091826627009635,0.32984045921097904,0.48743829309178455,0.497273860870764,0.24508222171529465,0.2760270452184218,0.5277912499995321,0.09046000107244308,0.2500641749601592,0.3423661917920616,0.34277588833275735,0.3206712273057351,0.39735697170970896,0.5260967490120475,0.4043224954060404,0.7097115831740576,0.5028292781472316,0.7035303649363226,0.2315389770029188,0.4361185712051509,0.5060092494407231
2023-07-17 10:00:00,0.45953051181178217,0.3949202034572244,0.5097307323525978,0.2959175495662827,0.21745069292768848,0.1656535565996884,0.5285623281759001,0.5769051475253425,0.35283308721281115,0.6029085165149352,0.6120546076045982,0.3691361241578175,0.321374298504855,0.5475138657914991,0.12928324217867745,0.2851623023641485,0.3887494583440796,0.43570595824742103,0.351731724184631,0.4273435752886052,0.5420342224473186,0.4928528610744884,0.6642818084474623,0.47744887634233807,0.5501650239595525,0.26139495350180636,0.4692626717678785,0.4757449199984448
2023-07-17 11:00:00,0.46936820025564374,0.442053769709911,0.5381891902753363,0.2350827487131834,0.26396314396806186,0.25041242452213774,0.5387171628346769,0.6058106404593009,0.4134271300959394,0.622773971375388,0.6081734269656571,0.3537927902076315,0.38677840220242105,0.6177236353614001,0.16725742157089854,0.2792050655387167,0.46818743346041997,0.4643910216630526,0.3511127631719681,0.5110085631644506,0.6182216992591261,0.5161539936288579,0.5352294806685322,0.4788862650471409,0.45640512414004564,0.3363481217566702,0.4901451396603307,0.5053832329718865
2023-07-17 12:00:00,0.6059514910818604,0.5776488341448196,0.6679750929293089,0.5651370951214072,0.31875772127189667,0.3306257581381506,0.6060843440481,0.6119291610479317,0.5552304133946299,0.6780683475479392,0.6362255781744114,0.5674019929092512,0.5311601800760835,0.6098759152735315,0.44364165336825373,0.5050286995591478,0.4669554768603086,0.6111237397169006,0.32521464200289696,0.635251055390968,0.6161380392408401,0.6214775064577259,0.4673123073003956,0.5557080782929421,0.45163028855336923,0.35033432225884303,0.5798072371512907,0.5990023646589666
2023-07-17 13:00:00,0.5724744542977538,0.5928354371184176,0.6503849491883191,0.5790153329219516,0.34228753200469975,0.3908577131215899,0.680857857878947,0.6707647384397711,0.5661555375648679,0.6403897684369196,0.6568247196644684,0.6213835919204629,0.5376914652081886,0.6446145362176622,0.4650532654448193,0.4879554733173636,0.5456521103117447,0.6206151013994189,0.410195716320689,0.6468694942599169,0.637309517761749,0.6013840416083168,0.6044128855950595,0.5502577213263943,0.49912981835241194,0.3851166516156645,0.5626518462479468,0.6006873162960757
2023-07-17 14:00:00,0.5725404718526504,0.618163551409168,0.66995110046039,0.6111951941452286,0.3624823579369087,0.4196673578813726,0.7415215537773364,0.7220690762435703,0.6126264081212965,0.6876709283779396,0.6967419650482747,0.5882489574593193,0.5749102415120376,0.707309284784866,0.5111509961012551,0.5796835106214026,0.589539474367563,0.6334127063977231,0.5197519703815937,0.7371748339982664,0.7040760880793652,0.6030878629651489,0.7003676492073376,0.5042905821127786,0.5684934268394756,0.4037980032345395,0.571926237126402,0.5488621894360018
2023-07-17 15:00:00,0.5753184057883469,0.5595355735386685,0.6249849316358292,0.6524659099780511,0.3367496032891931,0.41226729621207353,0.6775640296968248,0.632418458512216,0.6108646466286904,0.5544535356999086,0.5620566888016039,0.6002170772033064,0.5452934162095805,0.6477370868800394,0.5264765317352401,0.5152876980088742,0.5640328568578812,0.557241270451507,0.488198153769729,0.6448409146635883,0.6477755093098315,0.5278819096662494,0.656934837494501,0.5248725143718942,0.5114996693430484,0.43032639347824037,0.49497842121007063,0.5362200910002238
2023-07-17 16:00:00,0.5215257146359928,0.5366807309910486,0.5966903837425644,0.5748194661055545,0.3097151385178172,0.373445358543818,0.665224016583719,0.5915552606003722,0.6035170682742098,0.48151880998000535,0.5042011213628705,0.5130757830873942,0.5639315039814086,0.61344397667512,0.4910083603388076,0.5755289162510631,0.4833173797598522,0.49572284472540673,0.44520533101185994,0.6338598859023379,0.6137166696270091,0.4458571399872444,0.6760088756489363,0.4442073448410747,0.42545254617721057,0.3986070936775547,0.44745300980334574,0.44425216687843805
2023-07-17 17:00:00,0.5645994440006377,0.5144578093114953,0.5679428288102231,0.5429772101929673,0.2845818747445811,0.341908272981275,0.6449285830754518,0.6062526148961714,0.590503459099641,0.5173713491406466,0.5148044650899662,0.5529453101978313,0.5406844455119455,0.6408270259540355,0.5163852345031523,0.557762845477261,0.4622709522701456,0.5330848418171589,0.39871850953716115,0.6304641639885271,0.6439720744787804,0.5068081063911908,0.5968122406594475,0.38057805062554523,0.33722320267242534,0.3802691770980577,0.3852044837659189,0.37909673296514323
2023-07-17 18:00:00,0.46752075533864634,0.42154563332812234,0.5607444528481043,0.5243495036486272,0.2879674084658845,0.32573824210704516,0.5909525546725704,0.5860924729273008,0.5419048497222972,0.5373830944975779,0.5208364103806767,0.47839070723748145,0.4859506024908371,0.6197818306739418,0.44976465309890046,0.4705330338298357,0.41152537048228544,0.3891061536803639,0.3922134373418038,0.6099103320302035,0.6219545090352055,0.440731516287576,0.5164298607206819,0.3263317330246405,0.24807247537336094,0.3465920802667449,0.33254523957275267,0.3373251184138455
2023-07-17 19:00:00,0.43370089192632993,0.39749303459344376,0.46644610295300537,0.4700467179180015,0.21297665192315274,0.2871841148481438,0.5190051846205502,0.5429288392045513,0.43516920225810646,0.44707734828604734,0.46124845872223785,0.5188247837997049,0.37767781975635933,0.6018181438289899,0.40105805517209897,0.41428835043786205,0.34015837816082584,0.36473464779468284,0.3513070234996732,0.511824902900684,0.6023542472198292,0.44477583129528425,0.4402424430785229,0.2821740221749861,0.22583335189918624,0.337401583993711,0.273677371975123,0.2999602834497311
2023-07-17 20:00:00,0.3242729212916321,0.3171117020544116,0.3831025608323757,0.33273024702131915,0.171429478323491,0.31063308124083555,0.42098023069178936,0.45276324512186267,0.3062091348163129,0.3844447212643365,0.3893257263994004,0.3632206174632816,0.2684133847827647,0.5013859021030401,0.3933782602697394,0.34164085575009745,0.271732515257153,0.26705105264479106,0.3354733058180608,0.4290150327072249,0.5024262669064974,0.31939932081544536,0.3170116600670521,0.20446527005607001,0.0852108842467709,0.31068963887100487,0.13605274403493478,0.2915240785535301
2023-07-17 21:00:00,0.23295681570688193,0.25016139657520786,0.2788333478717713,0.23546728721626564,0.1479943339744812,0.26958614176421214,0.29441521280443544,0.31789930470297173,0.2720455715943779,0.2863241422543696,0.27980466998602616,0.25995437685818895,0.26451130572998666,0.338406576957216,0.3022574224415783,0.29195115106255937,0.21356235344452323,0.22646116908359606,0.2900252612461987,0.3379557054459201,0.3377247667161989,0.23291708596358562,0.13616750375235126,0.1399092090187175,0.04487504186279168,0.25128486628241214,0.10644332178063923,0.20401001652718379
2023-07-17 22:00:00,0.0,0.0,0.0,0.0,0.09801550682657094,0.106218818092796,0.0,0.0,0.0,0.0,0.0,0.0,0.0,0.0,0.028592528106222762,0.006830640981536982,0.08717782607924449,0.0,0.1205234957663191,0.0,0.0,0.0,0.0,0.0,0.0,0.09592107633232651,0.0026123234290279167,0.0
2023-07-17 23:00:00,0.0,0.0,0.0,0.0,0.03289558122886761,0.0,0.0,0.0,0.0,0.0,0.0,0.0,0.0,0.0,0.0,0.0,0.0,0.0,0.0,0.0,0.0,0.0,0.0,0.0,0.0,0.0,0.0,0.0
2023-07-18 00:00:00,0.0,0.0,0.0,0.0,0.0,0.0,0.0,0.0,0.0,0.0,0.0,0.0,0.0,0.0,0.0,0.0,0.0,0.0,0.0,0.0,0.0,0.0,0.0,0.0,0.0,0.0,0.0,0.0
2023-07-18 01:00:00,0.0,0.0,0.0,0.0,0.0,0.0,0.0,0.0,0.0,0.0,0.0,0.0,0.0,0.0,0.0,0.0,0.0,0.0,0.0,0.0,0.0,0.0,0.0,0.0,0.0,0.0,0.0,0.0
2023-07-18 02:00:00,0.0,0.0,0.0,0.0,0.0,0.0,0.0,0.0,0.0,0.0,0.0,0.0,0.0,0.0,0.0,0.0,0.0,0.0,0.0,0.0,0.0,0.0,0.0,0.0,0.0,0.0,0.0,0.0
2023-07-18 03:00:00,0.0,0.0,0.0,0.0,0.0,0.0,0.0,0.0,0.0,0.0,0.0,0.0,0.0,0.0,0.0,0.0,0.0,0.0,0.0,0.0,0.0,0.0,0.0,0.0,0.0,0.0,0.0,0.0
2023-07-18 04:00:00,0.0,0.0,0.0,0.0,0.0,0.0,0.0,0.0,0.0,0.0,0.0,0.0,0.0,0.0,0.0,0.0,0.0,0.0,0.0,0.0,0.0,0.0,0.0,0.0,0.0,0.0,0.0,0.0
2023-07-18 05:00:00,0.0,0.0,0.0,0.0,0.0,0.0,0.0,0.0,0.0,0.0,0.0,0.0,0.0,0.0,0.0,0.0,0.0,0.0,0.0,0.0,0.0,0.0,0.0,0.0,0.0,0.0,0.0,0.0
2023-07-18 06:00:00,0.0,0.11646136042709386,0.0,0.0,0.006753140471481244,0.0,0.0,0.0,0.0,0.0,0.0,0.0,0.0,0.0,0.0,0.0,0.0,0.0,0.0,0.0,0.0,0.0,0.3630086968530783,0.18400927096840095,0.18645114849693406,0.0023200413617041364,0.21038518238514553,0.24593539033533884
2023-07-18 07:00:00,0.216933494720348,0.2913086715947598,0.2590888075039043,0.39405172139277217,0.0417163647937366,0.0337295081305408,0.2592290635504676,0.32985265006786973,0.08951717408342956,0.30878938924231325,0.3141596247311721,0.2763398278816979,0.09951454795356421,0.34184374519941707,0.03439459982442467,0.05512791237497169,0.00010928020130024542,0.2742916137865831,7.03009916379714e-05,0.3760872056211014,0.3420291327901032,0.27498434681948164,0.5474742550346092,0.31348969665619836,0.36211607855416433,0.025992113634949,0.3305479621968303,0.3698169134385167
2023-07-18 08:00:00,0.39218767386295605,0.40016752351985074,0.425741545516998,0.5521005138609308,0.12958833328979072,0.07441007017048222,0.44479189308406775,0.5414868949488408,0.20832499048571998,0.5328469789241956,0.5331762633970262,0.4200207652325045,0.2487212478355513,0.5405720469962616,0.07524814866517446,0.11532708922371405,0.010838826483759301,0.44351645231486597,0.011853605261666395,0.575905179523007,0.5375843698702834,0.47335834193796406,0.6574677361169279,0.43889367262322593,0.4914915628910586,0.06479899112754672,0.46916578443303214,0.47989316323362363
2023-07-18 09:00:00,0.5159071807662332,0.49642301659575355,0.5907965342515717,0.6458956693336786,0.17626176796284576,0.12522694616763433,0.569170323593452,0.6426373519258141,0.2734471105266402,0.640067227158038,0.6414280031901913,0.5826148503125382,0.3097231744273894,0.6443037946019817,0.07235122415279502,0.14460625148745349,0.014604854591014427,0.5943265444323482,0.013266330564120809,0.631018740514394,0.6428730619547072,0.6182701192844491,0.6950581288197859,0.5447852767988263,0.46057503770032454,0.0850083683214271,0.4756222550309698,0.5743958049477457
2023-07-18 10:00:00,0.6478572620965026,0.5269077628119521,0.6883018446521565,0.7014664504735021,0.27751001129237846,0.20040353386882662,0.6603678049392544,0.6948580022381755,0.345613272001876,0.6906790688459129,0.6987737398601995,0.7123923118225122,0.3514105074659298,0.6895151263369611,0.12433669041660049,0.1735392399855049,0.027922362209317386,0.7153582611990599,0.02884422337122919,0.6929614373351889,0.68788659870487,0.7278489810148216,0.6921224085234298,0.6486577861627175,0.5062371105544968,0.1412814100028591,0.5154673876889058,0.654579858706133
2023-07-18 11:00:00,0.6948716277024475,0.5812058281591999,0.7187288976836474,0.7244371968107566,0.3046612659948418,0.1904357227171251,0.7111459147696563,0.7190079769840473,0.4014817278855863,0.6824033055438985,0.7043010964189679,0.7314091494265967,0.37697622012889437,0.7288228075005228,0.10613191562499318,0.15907106451165764,0.04582447261667932,0.7411670225058691,0.04074519456801983,0.6858913163289391,0.7278891088593474,0.7394571031712284,0.6860209516886043,0.6240308855142894,0.5410768453288385,0.145422560001888,0.5575136295442786,0.6021644023226299
2023-07-18 12:00:00,0.6708148111801535,0.4960996777628438,0.6954122289542669,0.7482291074587831,0.27315484675221263,0.16694386092689398,0.6427328938242326,0.66553213316499,0.3489335967255517,0.6478319154132725,0.6364316459615701,0.7722886888934342,0.29260921380594884,0.7038480356298428,0.0668317252921503,0.13263317989106677,0.07244995852290248,0.7151701314954649,0.06994022998221909,0.6632753239282937,0.7101049221563713,0.7219815458309519,0.709077651804156,0.5399520357640493,0.5677714841513415,0.12916340278692248,0.4877105439912829,0.513247138851549
2023-07-18 13:00:00,0.6219594129084329,0.45688562863079846,0.717655720962119,0.7490556529358742,0.3207004854317104,0.1975380351108045,0.7337368103211902,0.716802737116175,0.38722936033673144,0.6446705903203034,0.6580367763981119,0.7410182489228353,0.34501738075745697,0.7480314013908855,0.12260394877646172,0.20264002763447625,0.10729869406693011,0.6579052565443122,0.09516434017374564,0.6776278249504293,0.7506455511040551,0.6563723781106713,0.7255510522406032,0.5232941715082692,0.6290959752513502,0.1870165483788216,0.45609175786805173,0.5223466631220791
2023-07-18 14:00:00,0.5508711563100925,0.3543481903242321,0.7380804532656816,0.7402485696603489,0.3699583661452712,0.16715476708235963,0.6807157062492797,0.6809824536421581,0.3727236125158302,0.6965834185928168,0.6580268625294184,0.5729196399987551,0.3186869012157551,0.7122233504195661,0.1433970038901573,0.2209149708463117,0.1275383086512919,0.4771074196752469,0.08929011547186223,0.7502737228676859,0.7226977059190876,0.5260023357004381,0.7104261205678052,0.4699736743397111,0.5709459081926375,0.15409429016472068,0.3746415762892313,0.489821955677852
2023-07-18 15:00:00,0.5656382896750027,0.33114109748142995,0.7361216341996537,0.6917370729655516,0.35166121402808315,0.13569287621796688,0.6162042277410716,0.6232002456518626,0.3722382357362306,0.6885784473789062,0.6309095650364589,0.5117990210588632,0.3601383456093962,0.6608235675466342,0.16572075079450443,0.2574712842117634,0.1275166866790335,0.45778781637567606,0.10058763453681481,0.6535488593821691,0.6755965063385695,0.5472192790269422,0.676070955998589,0.47822397835814895,0.5289179562060261,0.1617558121424304,0.3800507056677052,0.4790296860597079
2023-07-18 16:00:00,0.512787365350837,0.3250224944755959,0.7388764104868134,0.652158061105866,0.3530911399054735,0.17108147200126075,0.7522778877578177,0.7371087515152309,0.4183281004495911,0.7162611641762449,0.7156161082775648,0.42903143102593655,0.4172478630494522,0.7417916289410648,0.19770816610238795,0.26749819689842513,0.13182892888986525,0.3772170997873497,0.10124916017219303,0.7338439864531057,0.7434064015954147,0.4707802352084674,0.6851612296891106,0.4405103130357135,0.45606751051044375,0.1919149383156127,0.3545348664782749,0.4020554189377286
2023-07-18 17:00:00,0.5048244446400687,0.2122641868566073,0.7116727775903912,0.5599735587761783,0.32158694041519686,0.15024749794268658,0.6182677003512239,0.624730317096904,0.36628011239265945,0.690216908946473,0.6397632689577453,0.3170621857924243,0.3663098731725456,0.651314563225681,0.1724088643055452,0.22633513789869997,0.09736735076937726,0.4614334487181339,0.07804151030791337,0.709338763504507,0.6632711049157325,0.4751597965093078,0.6408506555558385,0.3961315218626812,0.4410688157618532,0.18658041486207863,0.33761359847009553,0.36428399315973065
2023-07-18 18:00:00,0.443645983923907,0.17997044601656137,0.675100826904605,0.5299538421437094,0.2798907814989615,0.10249627509155754,0.6731267845813472,0.668386204851796,0.3253187331570027,0.6577031554368562,0.6557408232999276,0.3039999289603441,0.3173258870236665,0.6725952790575633,0.10082409820712769,0.13371310077326176,0.07476563658789233,0.3605128817678614,0.07627321386080692,0.6790046457570329,0.6747805767466728,0.41299083133343717,0.6387019124307498,0.3160085705567668,0.40263513065720724,0.14254277298779777,0.2801570115707204,0.2957531946950113
2023-07-18 19:00:00,0.42257711633830636,0.12504311938745818,0.5977042915195852,0.499524792530442,0.21477894640057424,0.0599735283207597,0.5538529584783407,0.5558284919667257,0.27643436236299007,0.5975961443834842,0.5731766411993486,0.29300497388730384,0.27339790732290226,0.5628567453369784,0.05199343222994234,0.09667152631911041,0.035607039770463284,0.40716683243522717,0.03923044133490845,0.588916856265139,0.567496595805506,0.39158736304010505,0.5585556690169109,0.25530986187232424,0.3949811109150524,0.09824591256584866,0.24921466128482325,0.2815055599302612
2023-07-18 20:00:00,0.35681056512215265,0.14414343857470677,0.42024504676351304,0.39674371983456125,0.17388413938538944,0.04005777173147428,0.3671921578427046,0.3822030196248212,0.2889936684368934,0.447634773830604,0.40575145077658786,0.20107801029190717,0.27571309413183653,0.39220628586933587,0.05007138624636044,0.08103670586121407,0.022620779497751358,0.3394602070457547,0.03036693898980632,0.42644940486315047,0.3972258327074022,0.3025361363444313,0.4616060474280261,0.29376258508229025,0.27917061230332585,0.06829975951605557,0.20917070707838845,0.35154529689093994
2023-07-18 21:00:00,0.3073223821169329,0.12286587234818143,0.21396180336760914,0.2986604565795481,0.1514118165999417,0.02115152627829347,0.14421449740311235,0.1610538263952427,0.22589319902617166,0.22249924618636835,0.16404399252242274,0.26302078983003113,0.20640672823060935,0.19166577656595246,0.028389369005431087,0.06733993698742329,0.01260331961104407,0.31919394593338896,0.00930335732515742,0.24785392051339492,0.20118872964308648,0.2674873131386705,0.18906274359886463,0.2734501000918135,0.2468535070893335,0.07227005254377031,0.20197122538796575,0.27586135218937996
2023-07-18 22:00:00,0.0,0.0,0.0,0.0,0.12215613873828352,0.02354284482716137,0.0,0.0,0.0,0.0,0.0,0.0,0.0,0.0,0.0055470714111707856,0.0,0.00673268625795838,0.0,0.01011349408274822,0.0,0.0,0.0,0.0,0.0,0.0,0.058363371537601405,0.002786245100516397,0.0
2023-07-18 23:00:00,0.0,0.0,0.0,0.0,0.023768122569449244,0.0,0.0,0.0,0.0,0.0,0.0,0.0,0.0,0.0,0.0,0.0,0.0,0.0,0.0,0.0,0.0,0.0,0.0,0.0,0.0,0.0,0.0,0.0
2023-07-19 00:00:00,0.0,0.0,0.0,0.0,0.0,0.0,0.0,0.0,0.0,0.0,0.0,0.0,0.0,0.0,0.0,0.0,0.0,0.0,0.0,0.0,0.0,0.0,0.0,0.0,0.0,0.0,0.0,0.0
2023-07-19 01:00:00,0.0,0.0,0.0,0.0,0.0,0.0,0.0,0.0,0.0,0.0,0.0,0.0,0.0,0.0,0.0,0.0,0.0,0.0,0.0,0.0,0.0,0.0,0.0,0.0,0.0,0.0,0.0,0.0
2023-07-19 02:00:00,0.0,0.0,0.0,0.0,0.0,0.0,0.0,0.0,0.0,0.0,0.0,0.0,0.0,0.0,0.0,0.0,0.0,0.0,0.0,0.0,0.0,0.0,0.0,0.0,0.0,0.0,0.0,0.0
2023-07-19 03:00:00,0.0,0.0,0.0,0.0,0.0,0.0,0.0,0.0,0.0,0.0,0.0,0.0,0.0,0.0,0.0,0.0,0.0,0.0,0.0,0.0,0.0,0.0,0.0,0.0,0.0,0.0,0.0,0.0
2023-07-19 04:00:00,0.0,0.0,0.0,0.0,0.0,0.0,0.0,0.0,0.0,0.0,0.0,0.0,0.0,0.0,0.0,0.0,0.0,0.0,0.0,0.0,0.0,0.0,0.0,0.0,0.0,0.0,0.0,0.0
2023-07-19 05:00:00,0.0,0.0,0.0,0.0,0.0,0.0,0.0,0.0,0.0,0.0,0.0,0.0,0.0,0.0,0.0,0.0,0.0,0.0,0.0,0.0,0.0,0.0,0.0,0.0,0.0,0.0,0.0,0.0
2023-07-19 06:00:00,0.0,0.1207322691367733,0.0,0.0,0.09559362525702603,0.003546831648887471,0.0,0.0,0.0,0.0,0.0,0.0,0.0,0.0,0.0,0.0,0.0,0.0,0.0,0.0,0.0,0.0,0.36343363815785673,0.2767694318708859,0.3603341476695562,0.03653633030802468,0.27966558312777173,0.26082805321812874
2023-07-19 07:00:00,0.3828234688814297,0.39732810664548696,0.2589670297053709,0.4509663737782256,0.19794752567205365,0.07474634557888603,0.2929330600646126,0.3559988108299465,0.2849174233530618,0.32223401222734444,0.3140680691782405,0.4504142987125998,0.3205524939610536,0.3850063063003191,0.3229143929698387,0.3297665640682443,0.01661390528524082,0.40879585081371017,0.014329271974963524,0.39242018004121215,0.3839294079506718,0.39689987241561536,0.5538704134757664,0.48365902164566865,0.5714344735253637,0.18935195455932424,0.4478058176008678,0.455468013999856
2023-07-19 08:00:00,0.5638173911318596,0.5599828490847445,0.43157044525176375,0.6101868203059657,0.295756826991204,0.15269702189206363,0.44105014108188695,0.526880637031594,0.46820947378641076,0.4994957713137168,0.48761076001394305,0.6205199804895483,0.5203869982634984,0.5590437000707633,0.4809551573351677,0.504496877356163,0.05911017743275749,0.5765386427895467,0.09406067897385473,0.5621129590099929,0.5580415165080702,0.5721220363766061,0.668133296484931,0.6325911137758552,0.6892537800853964,0.31704457839035577,0.6089865328036861,0.6182414848158427
2023-07-19 09:00:00,0.6705500897940527,0.6704963265658236,0.5606552396913833,0.6934319317089285,0.39533715288203836,0.18301665929937574,0.5139825827393,0.624873692497264,0.5452049172039901,0.6231529795000683,0.6096760668133493,0.7063381147549281,0.6133822591611298,0.642052415329688,0.573200505468822,0.5754089347857315,0.08832344664754709,0.6753844835299594,0.10918221954757969,0.6540583946749434,0.6403993797212253,0.679942362274989,0.7006717431496224,0.7056439091560462,0.7496381617419996,0.39994888178309473,0.7071898082132345,0.6965466216791165
2023-07-19 10:00:00,0.719275537899701,0.7266109946532482,0.6884497601094149,0.7367628758414654,0.45484050159191625,0.280644138221193,0.6348014676041674,0.6958853639243108,0.6329584611239241,0.697432371307886,0.6956631074160671,0.7496309338651602,0.6872286322039475,0.6952127146995356,0.693158489782961,0.6820249250457918,0.1568568425548368,0.7179475955351816,0.1941678099469049,0.7021003678332833,0.6947817001157465,0.7258696317445299,0.6996265755864371,0.7446905649260664,0.7799272538834497,0.5038864395074781,0.722578470277493,0.7377617727416239
2023-07-19 11:00:00,0.7499674659537952,0.7295463169447584,0.7220452014760824,0.7606892241853651,0.4426431017495167,0.3424414070321449,0.6811580808667924,0.7266106046814743,0.6802168759793146,0.7281396438179701,0.7238345585360969,0.7766418241388917,0.7268986203529139,0.7319452907637201,0.7173289188568068,0.7196023309163441,0.2312155354007889,0.7506156573918586,0.27459874660889017,0.7328083286474448,0.7322650458903089,0.7575581507265126,0.7161630297844939,0.7464912451773728,0.772435744926522,0.5639250307202518,0.5971003584255699,0.7459656173064881
2023-07-19 12:00:00,0.746123304932578,0.7085391496032756,0.7402232303750852,0.762510465343966,0.4303072437081836,0.2963252423508258,0.7215026370484413,0.7384542089137588,0.719412768148649,0.7408853703855114,0.7318948466159452,0.7550741167566353,0.7479967160323635,0.7525355747269046,0.7003537516956707,0.7126286483005592,0.30723222546267714,0.7344894881812825,0.35521736952679717,0.7484124500396725,0.7538849257066567,0.7302416500876926,0.7315735879083209,0.7381865657954811,0.7777782478655609,0.5052244205611043,0.5823074773735761,0.7542558114508547
2023-07-19 13:00:00,0.7516049584631691,0.6532621393589999,0.7572544212470181,0.7729364109572944,0.42398681384348297,0.3088561438770702,0.7367808164239503,0.7467473566948546,0.7186095457475131,0.7520707384425283,0.7431640754230945,0.7603043616650464,0.749224273894276,0.7563843751221078,0.6460559362252017,0.6825141987229737,0.34104629681653054,0.7426767423195356,0.38886680511699273,0.7570973259613477,0.757634799374858,0.7382899233765229,0.7313849615434326,0.661036719738462,0.6677817372971776,0.49702476518215205,0.469059328998751,0.7075439593090409
2023-07-19 14:00:00,0.7448804310534964,0.6243934935772454,0.7754282376870543,0.7698169316169067,0.3904665396007387,0.35360029074256466,0.7542175574396168,0.7517336812834126,0.6994672849447006,0.7574857764864205,0.7503259566881496,0.7381077050571295,0.7334882243204912,0.7601290149205416,0.5684620058400317,0.667714400103994,0.3727512921518345,0.7444704153306532,0.39757549318754826,0.7567336297948628,0.7620387705049738,0.7378307017750722,0.7031358743353217,0.6230501294884432,0.5843681771783398,0.4627323750198956,0.4412505312451064,0.6896562877026624
2023-07-19 15:00:00,0.7057976587360748,0.5936177020044796,0.7608126794812153,0.7312285753578412,0.3608604487280699,0.3602693188964043,0.7421824386805453,0.7434376009471162,0.6794658291108863,0.7502479178663529,0.7407245726752891,0.6845551051305022,0.7081503403210083,0.754946432817343,0.4626499208644289,0.6517970858348621,0.3746008843781708,0.7265235803022995,0.3779314917040356,0.7510956674293545,0.7571414795379979,0.7199073328464368,0.7086456535318807,0.6142800656115982,0.49135304312042477,0.44023030174627664,0.36914313766563434,0.6664177441447275
2023-07-19 16:00:00,0.6626887979624531,0.5115412546253542,0.7440841635366037,0.731171651002819,0.41123714605868034,0.343411587295251,0.7431173434978948,0.7301881238425819,0.6388854259493116,0.7388426309653076,0.7285761068940952,0.6537885995925189,0.6713553173242007,0.7398971141484822,0.5355627781001945,0.6774737990285741,0.34009088470043897,0.6918664023473262,0.35036347728763395,0.7401463324079589,0.7420899678020566,0.6661957378665543,0.6760381194477557,0.6181244487383305,0.5366561724405893,0.3503666066144273,0.47616889674639695,0.6547433539906707
2023-07-19 17:00:00,0.6514412671503623,0.459187475377842,0.7184792196812606,0.6776617633061984,0.3719960331225694,0.37482082088744134,0.7254445525417138,0.7045628236643814,0.6165207501464879,0.7046137249125412,0.6960279376104901,0.6290951134119643,0.6617310814549439,0.7166193383675826,0.5635820041263061,0.6694652634865405,0.298880870780254,0.6703654771950731,0.27752000452115666,0.715430440772584,0.718696711411631,0.6412191826880603,0.6911988040289959,0.5601209558405713,0.47441262258680617,0.40477760828715276,0.4214010630626697,0.5918660887997188
2023-07-19 18:00:00,0.6403608780869914,0.44338224173602075,0.6944089894828157,0.6349687200304085,0.36770727513926776,0.39564585071733205,0.6904099871935592,0.6725948585658575,0.5540596870951993,0.6778917371300198,0.6717122638795303,0.6301942633603043,0.5992304968246194,0.6792693100710779,0.5767872866220085,0.6230587987312715,0.3081237923590612,0.6549025916355701,0.24877352493466062,0.6798067601569093,0.6808817656840712,0.6497407785576716,0.630659357568193,0.549636009416071,0.45081026802648905,0.41961009169034635,0.41507583032402184,0.5488792341004501
2023-07-19 19:00:00,0.5401207215361488,0.39863716623132867,0.6349603897221929,0.5657079227362029,0.3335778170095616,0.35190421670751826,0.6288681937431465,0.6138496886585462,0.5115812721509507,0.616275510323338,0.61354214962386,0.510718641120095,0.5733781954253837,0.6157884693797457,0.5541960017366369,0.6025000675840296,0.2889662719704708,0.5334272250957731,0.2195421785169215,0.6212078368984475,0.6170141916161571,0.548924468837387,0.5162395785220754,0.5099541910540405,0.46672380419916126,0.3704310574435646,0.48429912617973114,0.5061882383350672
2023-07-19 20:00:00,0.4519303611420744,0.3250138676162295,0.5288893739279614,0.3968319625622288,0.30843647297832416,0.2594284783782924,0.5192874847524263,0.5047795769264393,0.3951412672759583,0.5074560726326124,0.5059971789170112,0.32921978534899954,0.4757665982371294,0.5027777484706086,0.45473787937446164,0.49095462435491527,0.20839970337810437,0.4420805908486358,0.18757586279790772,0.5121310145497135,0.5032070288167335,0.42843186253363524,0.4101215899917734,0.37808768028155,0.3985791906472059,0.3210581040988957,0.4513558778842692,0.37965758999460947
2023-07-19 21:00:00,0.29620204845327525,0.23658600744494207,0.33422700096259084,0.27606180506250433,0.2664872836840607,0.12922009993947942,0.3309632167101655,0.320246357255605,0.25367082342848607,0.32540130199596756,0.323927486739752,0.26423771011384695,0.32361884688094866,0.3145010432334682,0.2979439220052217,0.34025679222979005,0.15135767306816278,0.2886511793838291,0.15488767923025132,0.32051706806954516,0.31425154819024714,0.2887063462981448,0.14138108931609528,0.251712744254781,0.2548389546585858,0.21760324168686762,0.31412906068101776,0.26546723572019576
2023-07-19 22:00:00,0.0,0.0,0.0,0.0,0.2194885354601696,0.049436593388056574,0.0,0.0,0.0,0.0,0.0,0.0,0.0,0.0,0.011948479135277898,0.0,0.0904729394106559,0.0,0.11268179355655696,0.0,0.0,0.0,0.0,0.0,0.0,0.11496883508293633,0.0,0.0
2023-07-19 23:00:00,0.0,0.0,0.0,0.0,0.06169672765014318,0.0,0.0,0.0,0.0,0.0,0.0,0.0,0.0,0.0,0.0,0.0,0.0,0.0,0.0,0.0,0.0,0.0,0.0,0.0,0.0,0.0,0.0,0.0
2023-07-20 00:00:00,0.0,0.0,0.0,0.0,0.0,0.0,0.0,0.0,0.0,0.0,0.0,0.0,0.0,0.0,0.0,0.0,0.0,0.0,0.0,0.0,0.0,0.0,0.0,0.0,0.0,0.0,0.0,0.0
2023-07-20 01:00:00,0.0,0.0,0.0,0.0,0.0,0.0,0.0,0.0,0.0,0.0,0.0,0.0,0.0,0.0,0.0,0.0,0.0,0.0,0.0,0.0,0.0,0.0,0.0,0.0,0.0,0.0,0.0,0.0
2023-07-20 02:00:00,0.0,0.0,0.0,0.0,0.0,0.0,0.0,0.0,0.0,0.0,0.0,0.0,0.0,0.0,0.0,0.0,0.0,0.0,0.0,0.0,0.0,0.0,0.0,0.0,0.0,0.0,0.0,0.0
2023-07-20 03:00:00,0.0,0.0,0.0,0.0,0.0,0.0,0.0,0.0,0.0,0.0,0.0,0.0,0.0,0.0,0.0,0.0,0.0,0.0,0.0,0.0,0.0,0.0,0.0,0.0,0.0,0.0,0.0,0.0
2023-07-20 04:00:00,0.0,0.0,0.0,0.0,0.0,0.0,0.0,0.0,0.0,0.0,0.0,0.0,0.0,0.0,0.0,0.0,0.0,0.0,0.0,0.0,0.0,0.0,0.0,0.0,0.0,0.0,0.0,0.0
2023-07-20 05:00:00,0.0,0.0,0.0,0.0,0.0,0.0,0.0,0.0,0.0,0.0,0.0,0.0,0.0,0.0,0.0,0.0,0.0,0.0,0.0,0.0,0.0,0.0,0.0,0.0,0.0,0.0,0.0,0.0
2023-07-20 06:00:00,0.0,0.0996275842833945,0.0,0.0,0.04115628302165505,0.00032516195041753344,0.0,0.0,0.0,0.0,0.0,0.0,0.0,0.0,0.0,0.0,0.0,0.0,0.0,0.0,0.0,0.0,0.36168242859073585,0.26902641881224104,0.3536645532596847,0.0038627473016884127,0.3195384051828398,0.2649892924891286
2023-07-20 07:00:00,0.3492346647169095,0.3724485704206615,0.27629465651184043,0.4537480241732297,0.20120085835425663,0.17646514668116267,0.2820056453681537,0.3623833078118946,0.2261526450275072,0.33714865379190173,0.32863540551895315,0.46532467029385927,0.25044728653384357,0.3908110241428425,0.22908872822452525,0.1682879482264712,0.08378812310414253,0.42677527722859093,0.05658697556722702,0.3932866009962035,0.3906207118490691,0.41498164764320106,0.5553964466251388,0.4953820050571605,0.5419013900688839,0.23162436176531917,0.5053850479929201,0.4866777161135404
2023-07-20 08:00:00,0.5109265539955525,0.5286619401417804,0.38467876593266265,0.6100785373252576,0.3003152119613312,0.30173096748660677,0.39319712884141994,0.5184978242071662,0.32371782884100303,0.45724264267435794,0.4435186761807486,0.626104100436983,0.34954404223636,0.5732709325533514,0.3462161126416878,0.25580414700322424,0.14198637998844688,0.5888333637318274,0.11058885397675139,0.5679068752957648,0.573657737644255,0.5588285943522177,0.6629074849965386,0.630443078311344,0.6619065359704172,0.36416003475509,0.6309836563926994,0.6259798753528194
2023-07-20 09:00:00,0.6253506111005297,0.6422392119654744,0.5228273353325705,0.6907964734620561,0.42179814615259553,0.4639180186635368,0.48275217433077994,0.6202777950180758,0.4340075100297375,0.5999667475007885,0.5805659752312994,0.7086330618423458,0.4603886641480125,0.668733348267047,0.5505782299327366,0.38463857093324366,0.2083334721157358,0.6839970105115243,0.2150563438544937,0.6569197746968527,0.6697872678898351,0.6773343233969347,0.7302926626217924,0.6963403543681618,0.7292246633940388,0.5050936114967992,0.6963572296479934,0.6945213254886792
2023-07-20 10:00:00,0.7100161320264574,0.7186344609607973,0.671037019554977,0.7324419251980486,0.5150581383073757,0.5505679666544694,0.6167740451402037,0.6927961790178468,0.5248461670826873,0.6880963461011175,0.6811803928833582,0.7516683891683897,0.5733667083928156,0.7136651310181809,0.6425869452213965,0.49200236379621065,0.3180146172433599,0.7259437361273867,0.3268898288261492,0.7034006031992754,0.7154203258004405,0.730683355802816,0.7546622010274064,0.7337848713692955,0.7521863505852611,0.6164945064661281,0.736596884701474,0.7297145726519014
2023-07-20 11:00:00,0.7526360959149572,0.7439275312095563,0.6843807306755672,0.7562031065289552,0.5977975068003852,0.6252168408335999,0.6491814064165866,0.7207134033399548,0.5976073032281576,0.7168886454682468,0.7069470077454013,0.7759171195568885,0.6135200058330389,0.7460675491209456,0.6975582170704714,0.5755462289856588,0.4038497673046773,0.7545710966059621,0.39841822385569736,0.7348393662437557,0.748108625183063,0.759155988571295,0.7651971333863273,0.7461255045129404,0.7584487573917756,0.6994532705478257,0.7490651990281267,0.745566605055996
2023-07-20 12:00:00,0.7369078828302948,0.7556895791647297,0.6672094886154147,0.7688050333721116,0.6267349427106534,0.651413765923114,0.6786173536439731,0.7362394588761565,0.6613734722800825,0.731777949232542,0.7216730823788511,0.7877942515888186,0.6803818311464441,0.763255912382663,0.6699967062191093,0.6578031948135772,0.4095891806640744,0.766882414112446,0.33952470579937694,0.7526297804805657,0.7654823538896758,0.7711869141691133,0.7308000409620192,0.7633760262068301,0.6936350719232002,0.6764859941310587,0.7671809151582911,0.7597499576959841
2023-07-20 13:00:00,0.722709931621554,0.7471316336078251,0.6115664642285845,0.7637321393131752,0.6621862611283479,0.6711268117391969,0.6486861367111609,0.7347274389764663,0.6726434037046292,0.7327871870322662,0.715069298160804,0.7739867737772875,0.7003254464996845,0.7677256936609067,0.6716141087415247,0.6871385492522827,0.475820304879886,0.7521667562706487,0.3659714653256345,0.7651151632486506,0.7699967879223524,0.7644522092303374,0.7166484281756444,0.7551896840419737,0.7214188180722853,0.6558930535743323,0.753382169706495,0.7540198765153412
2023-07-20 14:00:00,0.7383832984157905,0.713694603850101,0.587962502691862,0.7532800148086889,0.6470460752358381,0.6531945729978125,0.6053716942768674,0.6964888122638956,0.6376971198262764,0.7025400376536326,0.6720974066166263,0.7806427650473758,0.6728682076183038,0.7335359196467264,0.6391418709839736,0.6576645293070541,0.3994461503943487,0.7602467484529175,0.31146450349438487,0.7580971190988185,0.736010903403391,0.7576537664145038,0.6859862932636552,0.7420852058083942,0.7333674011743664,0.658972569492744,0.6951713422735777,0.7478619885359201
2023-07-20 15:00:00,0.6830187354816641,0.6716786720279639,0.6027674017437418,0.7327861674359313,0.6418699454941028,0.6390708648465312,0.5944722598466006,0.6237663485384248,0.6342121835065001,0.6442172195225655,0.615400978456344,0.7227380795563236,0.6376932967441491,0.63791815050077,0.6338440849822652,0.6384129406375462,0.43214471983566627,0.6750847745430129,0.34371895128261404,0.7043253173501763,0.6410646264689195,0.6749549278742876,0.5923962160680386,0.6973152358287433,0.6540933044557449,0.6320327015588231,0.6354665873795443,0.7126627955406867
2023-07-20 16:00:00,0.6370976811882642,0.558407140637265,0.5899700345125152,0.6425537936728708,0.5946127181233519,0.5607886241655029,0.5590411787920456,0.5724811500443933,0.5894801451585773,0.583062114284242,0.5783566645817155,0.6500887196505751,0.5852888383643692,0.593764676951534,0.5316632350071971,0.5641786750034762,0.4086592009808796,0.6059994674179844,0.2989648315283204,0.6182704534953317,0.5939661408647,0.6139954856717219,0.5453058146020391,0.641838141935512,0.6471917897172049,0.5751137185413807,0.6058602490492341,0.6480162879897665
2023-07-20 17:00:00,0.5412427169977232,0.4485920461234268,0.5943219255894221,0.5587890788814409,0.5737534702926079,0.43226090572345055,0.5908063850473187,0.5899666875721632,0.4828041243848313,0.555460272021319,0.5934944894586502,0.5270950417458097,0.47859137999558143,0.5920534626723946,0.38721284238843046,0.4391141776595768,0.30159390891523746,0.4695340824749181,0.27530251583808474,0.5283602933157401,0.5866491802294891,0.486388383644214,0.4575395696716804,0.5897230805653729,0.5814433694435446,0.4542766274310558,0.6034454616807851,0.564424152916492
2023-07-20 18:00:00,0.5318578456621379,0.31745187815401216,0.63132735898569,0.4548189147944736,0.5830254671869113,0.37879031458901496,0.6155187272188072,0.6624804279920559,0.49644042194259497,0.6663618871674696,0.6632262751957242,0.387912857494035,0.516098645051037,0.6676000030399305,0.31930967114217584,0.4918448335378275,0.23165888019644673,0.5642226080846354,0.2365182137472403,0.6468101002426294,0.6675171102008831,0.5359675633932657,0.4533380105632864,0.46644234804027257,0.5548714305843894,0.37110311191066153,0.5397131500046598,0.4141917951757645
2023-07-20 19:00:00,0.5588865089239325,0.2919582612133622,0.4841308558628644,0.4531341042165062,0.5288088674764752,0.22497193212928507,0.5157992584089454,0.5960043642854113,0.48389883043433635,0.6025861468740492,0.5869147412799532,0.42739367522015453,0.46956154234119446,0.6184631697407366,0.28784245345983434,0.48583806163029586,0.1426261835880071,0.6081951120706823,0.15828867866591972,0.6144992587270368,0.6185409648862126,0.5714461408415962,0.3692055447290177,0.4253492455722706,0.4564759093949357,0.25947551189353113,0.4229522360092905,0.3665070234659036
2023-07-20 20:00:00,0.4797491792997673,0.23259703956091832,0.42650409437945397,0.3683962072945197,0.4579052092865218,0.17447678026244437,0.41425288959449963,0.48669644318118194,0.4196521620523586,0.5002224919724578,0.4906458400818742,0.3750181913917402,0.41668493668055673,0.4936793299022755,0.3074884384531122,0.4578424479333852,0.10035379474490956,0.5179024747029662,0.11805859998890271,0.4921849478024725,0.49237047217712593,0.48282689190235334,0.2989014554864292,0.3001861514859974,0.32059176149178215,0.16900362652501277,0.29384980061704136,0.32210225329105385
2023-07-20 21:00:00,0.3159324117282047,0.21412098248226433,0.29146478882396,0.29656650062594464,0.3452335179981129,0.12458880208875273,0.2652716624836846,0.30437182882271463,0.31189188610657,0.31896901541196265,0.3108539181308637,0.28071339549069885,0.31570879772940025,0.3053193527053177,0.22641082239018928,0.3365184082346535,0.03493458000557958,0.31469884795987585,0.04067759725362843,0.3107078508676486,0.3042732755441875,0.30236432874187824,0.07949718380892692,0.23512508032548096,0.2118223452302031,0.11175055650822634,0.2270195752325221,0.21958418596610255
2023-07-20 22:00:00,0.0,0.0,0.0,0.0,0.15811674231652975,0.03858889522256024,0.0,0.0,0.0,0.0,0.0,0.0,0.0,0.0,0.0,0.0,0.007357070211460682,0.0,0.029675562035965813,0.0,0.0,0.0,0.0,0.0,0.0,0.04510776966594875,0.0,0.0
2023-07-20 23:00:00,0.0,0.0,0.0,0.0,0.0391404345738685,0.0,0.0,0.0,0.0,0.0,0.0,0.0,0.0,0.0,0.0,0.0,0.0,0.0,0.0,0.0,0.0,0.0,0.0,0.0,0.0,0.0,0.0,0.0
2023-07-21 00:00:00,0.0,0.0,0.0,0.0,0.0,0.0,0.0,0.0,0.0,0.0,0.0,0.0,0.0,0.0,0.0,0.0,0.0,0.0,0.0,0.0,0.0,0.0,0.0,0.0,0.0,0.0,0.0,0.0
2023-07-21 01:00:00,0.0,0.0,0.0,0.0,0.0,0.0,0.0,0.0,0.0,0.0,0.0,0.0,0.0,0.0,0.0,0.0,0.0,0.0,0.0,0.0,0.0,0.0,0.0,0.0,0.0,0.0,0.0,0.0
2023-07-21 02:00:00,0.0,0.0,0.0,0.0,0.0,0.0,0.0,0.0,0.0,0.0,0.0,0.0,0.0,0.0,0.0,0.0,0.0,0.0,0.0,0.0,0.0,0.0,0.0,0.0,0.0,0.0,0.0,0.0
2023-07-21 03:00:00,0.0,0.0,0.0,0.0,0.0,0.0,0.0,0.0,0.0,0.0,0.0,0.0,0.0,0.0,0.0,0.0,0.0,0.0,0.0,0.0,0.0,0.0,0.0,0.0,0.0,0.0,0.0,0.0
2023-07-21 04:00:00,0.0,0.0,0.0,0.0,0.0,0.0,0.0,0.0,0.0,0.0,0.0,0.0,0.0,0.0,0.0,0.0,0.0,0.0,0.0,0.0,0.0,0.0,0.0,0.0,0.0,0.0,0.0,0.0
2023-07-21 05:00:00,0.0,0.0,0.0,0.0,0.0,0.0,0.0,0.0,0.0,0.0,0.0,0.0,0.0,0.0,0.0,0.0,0.0,0.0,0.0,0.0,0.0,0.0,0.0,0.0,0.0,0.0,0.0,0.0
2023-07-21 06:00:00,0.0,0.07794629585663003,0.0,0.0,0.04758142958211,0.00010308847478122933,0.0,0.0,0.0,0.0,0.0,0.0,0.0,0.0,0.0,0.0,0.0,0.0,0.0,0.0,0.0,0.0,0.26881948197036437,0.22690551619366464,0.21281488688723516,0.00034670944899606304,0.29230558652729977,0.1916903930293765
2023-07-21 07:00:00,0.19080536832069778,0.34566446836860865,0.09819690040313678,0.4233704620170133,0.12031959137933013,0.04768968711488785,0.1844150461427165,0.25227848040481965,0.029705325347978043,0.2408716972877677,0.2159963227951176,0.4192619110309614,0.024721569715097858,0.2780338506695703,0.01330704917381574,0.005774046623124532,0.018571890040909474,0.2942484961974267,0.007338817915592655,0.3357866890894585,0.28072131071377904,0.3164455812532245,0.39510773861512255,0.4263436344050267,0.3236681122095816,0.0468990657288886,0.4558047145497075,0.4453668879677479
2023-07-21 08:00:00,0.26151001928561646,0.4654156363319424,0.18643581104150508,0.6036790359753761,0.2178294215038829,0.09134033900992826,0.302983595831445,0.423590121781179,0.05627219750103286,0.3625480808593962,0.3412730653367941,0.5558192661798679,0.04244904954053947,0.4767955983850743,0.02305695960445148,0.017249710655218357,0.03948843655213639,0.3647366263614837,0.025604855800273642,0.531728048336031,0.4797813297741058,0.4077825235837556,0.5208204069182943,0.5968737450318662,0.48971595974423826,0.10751284986697364,0.6012615061874615,0.6022802296836332
2023-07-21 09:00:00,0.35772532221873027,0.5422341330392261,0.40908457649778485,0.6947145156334882,0.3135743491622433,0.16450568498171744,0.4599116308014639,0.5756899485022456,0.11142462845922421,0.49738843880990924,0.504335208070075,0.675893803364959,0.09709160894071882,0.6143659583003633,0.04931845998251755,0.06471462314898555,0.10541598043694946,0.42641183169856295,0.07727824333958452,0.6281958664124,0.6120057078281449,0.530734708561386,0.7074474710094664,0.6874033193177694,0.6506136171834899,0.19148435576940254,0.6751638543574486,0.6776266690808741
2023-07-21 10:00:00,0.4159091665108212,0.5424741790800661,0.5154842339754953,0.7402393097850909,0.45238879877116417,0.21185878190187785,0.57642769312135,0.6881311474801293,0.15474351282034204,0.6572486995903297,0.6529341932277192,0.7110546470213712,0.17470258252384674,0.7200658588256437,0.11083929920977169,0.1313119493978935,0.14170585244988376,0.4826085354012959,0.12986680301065304,0.7058781776151778,0.7200192127208345,0.621334643169882,0.7479045915054326,0.7267655189719526,0.7438082315711232,0.25152235280903273,0.7142578008938697,0.7166053224275959
2023-07-21 11:00:00,0.4747624191678022,0.5148001820478417,0.5702606190945068,0.7663179217894627,0.5087119422524974,0.24718522976452312,0.6303653189636482,0.7214849142580011,0.29724398704691607,0.6864484443967189,0.694497561738734,0.690276415003005,0.33859203748818584,0.7599772288622982,0.12942255867832486,0.2180320793424126,0.2244780762155601,0.63658483033611,0.20385924810739137,0.7389028890229681,0.7608236588217326,0.6241451311084827,0.7583130884396009,0.7497178444300738,0.7497135366272677,0.31475497327055,0.7265394449811674,0.7434076679218062
2023-07-21 12:00:00,0.5136360250071984,0.43753519121017703,0.5492616776890602,0.7239757945882661,0.4703302544663121,0.3085848651962854,0.5889523347091047,0.6953141764766905,0.34836824442389425,0.5992876436555001,0.6186020806041673,0.624732113550814,0.37102180685591885,0.7602668776789329,0.21132416725205974,0.33232494471340895,0.3440059609058172,0.604611095109412,0.2756591132869575,0.7482614090444661,0.7604569781663895,0.5719277227814007,0.72578210565024,0.7022887341797974,0.69723451831803,0.29323520358495925,0.6789574788931512,0.7138594752247103
2023-07-21 13:00:00,0.5931231221203045,0.4529951002351723,0.6440281819122555,0.7540071317086,0.4791857151319158,0.34719305349494073,0.6708795860765217,0.7412356259804458,0.49102560874032275,0.6945228856705031,0.7075727922235029,0.7001766050261156,0.5725206231020114,0.7815915383392854,0.36188428104517595,0.4312567164552605,0.34884828565636783,0.6850779243110837,0.2819244864343307,0.764290050885474,0.7810380975648755,0.6809203232083484,0.7122419758764578,0.7119413293942743,0.6974809546630634,0.3390300896683664,0.6677141782497494,0.6993463120536846
2023-07-21 14:00:00,0.5850296618364761,0.48447182435852254,0.6991952306184195,0.7321233634813662,0.46754674800061785,0.3620204430017528,0.712741220007938,0.7586768726128755,0.5199031169696814,0.7377485500224238,0.7358370739237481,0.6862218244241292,0.6058146492654439,0.7784777725854314,0.437785575868088,0.581883728968482,0.3853615552389503,0.649103155051186,0.31536124115832204,0.7775740046713983,0.7798847254541806,0.6725803741544306,0.6593978856680751,0.6891455236688864,0.6489822266299657,0.3457288776141728,0.6477429360122208,0.7069797816051399
2023-07-21 15:00:00,0.5787996672458415,0.4716916435629473,0.744467111819583,0.7477468931872753,0.4322853638344836,0.34356571683725157,0.7550509947395955,0.7565464164771094,0.5182404994303468,0.7201573012965986,0.7353251299576291,0.6548513333235554,0.5645020272386957,0.7723622769967058,0.40715836892265544,0.43764770045990903,0.4169404552223934,0.6216512691296373,0.32090868579102183,0.7536255699561973,0.7726842928198041,0.6346159203015523,0.5705798111070362,0.6241070409138912,0.5321886532230808,0.3596653004445695,0.5772852196947538,0.6495292191248667
2023-07-21 16:00:00,0.5646949242759934,0.4952615438429029,0.7029213106258714,0.7105714394271264,0.36497632885220843,0.3311896028626928,0.7415292557004745,0.7485653547316503,0.516528914190661,0.7307370839604312,0.7366009570025713,0.6248039258730308,0.5395659854679069,0.7600378475230265,0.42803314647887386,0.39928906701208694,0.45417209280603194,0.6084320730035658,0.34184885711113866,0.7464115466607566,0.7608450486436955,0.6155445250121908,0.48597117219541724,0.5498282397316958,0.4732970406270898,0.35567157915928516,0.487617731239114,0.573808028763159
2023-07-21 17:00:00,0.4920165833702074,0.5077612198815743,0.6490044383401891,0.6995349368560512,0.2917741179170041,0.28447026983370444,0.7017121464969126,0.7149872048300061,0.42688867400501007,0.7048722426377516,0.6966365906991882,0.5698207802455121,0.43604883217775764,0.7307043924693054,0.3658702797334533,0.2713677926180201,0.4460173535263424,0.5045052060626966,0.32619624863265434,0.7355779017353111,0.7331879970090724,0.5667734682736988,0.40401544076382145,0.5265552158852942,0.3457710743317981,0.3149949898312549,0.3947123303889823,0.5501323893736041
2023-07-21 18:00:00,0.45717182988408583,0.45299049551702064,0.5396373395140843,0.668352480527687,0.26171918671058464,0.23040825092609937,0.6139668279056807,0.6377797425057762,0.3953107123741026,0.5837135234161693,0.5827205620020803,0.565909672477172,0.4041308473796311,0.6756542116371984,0.3583353050736003,0.2900627353201744,0.45813112676566287,0.5075193865747475,0.3396026888778412,0.675566787953183,0.6762223056334568,0.5291737610977045,0.26683528079061664,0.4348759763919728,0.3213954494861544,0.2954972940112888,0.28740493147107565,0.5038478048306487
2023-07-21 19:00:00,0.3939559413790672,0.4002870290620312,0.49164106996935775,0.5967314557286204,0.20078743886189954,0.24847454442347883,0.5571392949202352,0.5651457889833181,0.35857199419316743,0.5355104302361519,0.5366620076357802,0.5022846131710883,0.39201733515969506,0.5871282754198138,0.3308453704689206,0.29032697888153514,0.47092578953198705,0.41724678565288437,0.35834467690953076,0.575169296106612,0.5882336135585531,0.4644094462061819,0.2976881068856088,0.3722948547914045,0.30567211214049944,0.24722130307389728,0.23262995130379088,0.4561510879151064
2023-07-21 20:00:00,0.2713057740333706,0.37395417989373997,0.307487512664775,0.43939192036310587,0.14867535427620168,0.12369011676488169,0.3023080829348331,0.3307263399407989,0.2900573835316988,0.27254479516303276,0.2715180028540262,0.3384517169054065,0.2820593554058912,0.4185684378740057,0.24672980768735905,0.16093169885808703,0.3609398076998741,0.2747788331547858,0.2693226675287909,0.43057328889336643,0.4275539247005595,0.282094892655724,0.2231332810413017,0.3245746390266812,0.17779752489431624,0.14788396992144273,0.11905528188124062,0.3804233896479332
2023-07-21 21:00:00,0.1832771643305172,0.25693377631457054,0.25099010082953066,0.2112948757561136,0.09330355572446501,0.08093295695208146,0.25792936401609134,0.27890354956499014,0.2359577404612052,0.23440544505990277,0.25259972076915305,0.18135243871453174,0.23025724970389772,0.3072378698340771,0.14459373123369526,0.13878928680591177,0.2786125979688496,0.1930187383257529,0.29507802512826176,0.2671472594439245,0.3069852159984485,0.21704595670939184,0.06300711364002835,0.23325533478948857,0.16383753419007793,0.09658225562620812,0.08432337383935788,0.23197340216700055
2023-07-21 22:00:00,0.0,0.0,0.0,0.0,0.07623953406785798,0.02887345919006544,0.0,0.0,0.0,0.0,0.0,0.0,0.0,0.0,0.0,0.0,0.11015784656611421,0.0,0.15778251541300428,0.0,0.0,0.0,0.0,0.0,0.0,0.04923630200126085,0.0,0.0
2023-07-21 23:00:00,0.0,0.0,0.0,0.0,0.021865508615973524,0.0,0.0,0.0,0.0,0.0,0.0,0.0,0.0,0.0,0.0,0.0,0.0,0.0,0.0,0.0,0.0,0.0,0.0,0.0,0.0,0.0,0.0,0.0
2023-07-22 00:00:00,0.0,0.0,0.0,0.0,0.0,0.0,0.0,0.0,0.0,0.0,0.0,0.0,0.0,0.0,0.0,0.0,0.0,0.0,0.0,0.0,0.0,0.0,0.0,0.0,0.0,0.0,0.0,0.0
2023-07-22 01:00:00,0.0,0.0,0.0,0.0,0.0,0.0,0.0,0.0,0.0,0.0,0.0,0.0,0.0,0.0,0.0,0.0,0.0,0.0,0.0,0.0,0.0,0.0,0.0,0.0,0.0,0.0,0.0,0.0
2023-07-22 02:00:00,0.0,0.0,0.0,0.0,0.0,0.0,0.0,0.0,0.0,0.0,0.0,0.0,0.0,0.0,0.0,0.0,0.0,0.0,0.0,0.0,0.0,0.0,0.0,0.0,0.0,0.0,0.0,0.0
2023-07-22 03:00:00,0.0,0.0,0.0,0.0,0.0,0.0,0.0,0.0,0.0,0.0,0.0,0.0,0.0,0.0,0.0,0.0,0.0,0.0,0.0,0.0,0.0,0.0,0.0,0.0,0.0,0.0,0.0,0.0
2023-07-22 04:00:00,0.0,0.0,0.0,0.0,0.0,0.0,0.0,0.0,0.0,0.0,0.0,0.0,0.0,0.0,0.0,0.0,0.0,0.0,0.0,0.0,0.0,0.0,0.0,0.0,0.0,0.0,0.0,0.0
2023-07-22 05:00:00,0.0,0.0,0.0,0.0,0.0,0.0,0.0,0.0,0.0,0.0,0.0,0.0,0.0,0.0,0.0,0.0,0.0,0.0,0.0,0.0,0.0,0.0,0.0,0.0,0.0,0.0,0.0,0.0
2023-07-22 06:00:00,0.0,0.025481446653459007,0.0,0.0,0.01893639741783301,0.0,0.0,0.0,0.0,0.0,0.0,0.0,0.0,0.0,0.0,0.0,0.0,0.0,0.0,0.0,0.0,0.0,0.35127294750416815,0.11020254240037455,0.29506203762091865,0.0,0.08533665622382698,0.14331020559826776
2023-07-22 07:00:00,0.2007417736339193,0.22332396187012651,0.06791152855157831,0.41479708542657173,0.09200792656273647,0.03241961754409553,0.23737228504773053,0.3172981898543246,0.12675380140483575,0.27291148426825496,0.2556536394911067,0.413094665960833,0.16421368645600792,0.35535466260161874,0.0846806314965115,0.06103768698776704,0.026367555619680703,0.32027562819786,0.024914088125296593,0.3839306161634648,0.3575715827404513,0.3219597030366272,0.5482964860550282,0.33326775209025833,0.4669651896784694,0.04906505569911114,0.17584495988180845,0.389074574182654
2023-07-22 08:00:00,0.2839813627073859,0.3414202326240634,0.19491687774887223,0.5376738254442263,0.16013663777528817,0.05558403070099723,0.3367598036470392,0.46759185898152245,0.20375198149788581,0.4294208540691319,0.39004617246132123,0.5139737081593967,0.23941571787643667,0.5305327155582968,0.06593145048622183,0.09279439218738209,0.08396486411305272,0.37726036583537875,0.065958321306718,0.5613770219667354,0.5356669670812424,0.40017949098354233,0.6666619721688128,0.4766501765890569,0.5928276145317434,0.07769563358671895,0.31382505444408104,0.5355158924412159
2023-07-22 09:00:00,0.3908394842343984,0.43046943600745297,0.2717000762677637,0.6862687945313338,0.26923270412964095,0.08351873919998737,0.4943665383771596,0.6265180386252861,0.26396349153558757,0.5887950319154961,0.5784044305795919,0.6183419905307497,0.24945295903241957,0.6564810527791898,0.1332317222120771,0.09903963409822218,0.12315294000893139,0.5241921633434824,0.08050586005270435,0.6642166161313263,0.655215051407474,0.5214661199684006,0.7282194513956838,0.615616341707024,0.6871528271253048,0.11087377490340185,0.49752250182299845,0.6574458531484472
2023-07-22 10:00:00,0.49697160690244846,0.528191593848422,0.2456095779443378,0.737242902187931,0.37688456870172177,0.14632445062725444,0.3914396950585775,0.586871905380486,0.3720163136910389,0.5732719873678795,0.5267393622175751,0.7039027614138402,0.3196178516411818,0.6506403635260246,0.14666896186992878,0.15806103268208443,0.2567813047173707,0.6000983948407393,0.13177188329416062,0.7020640619475929,0.655113280653481,0.6086195678680051,0.7589320805371248,0.7057705203273554,0.7386679846736695,0.17701428793572646,0.6011647132063709,0.7272056640384306
2023-07-22 11:00:00,0.5278199782680709,0.5614001184721853,0.37109795382566746,0.7290743226818496,0.4004957229835117,0.24776779102683802,0.37431749808149695,0.5529594795125528,0.4551875841669908,0.5865963231937934,0.5092307660323883,0.6298432884009242,0.36998476429426513,0.6100260957960416,0.17505049628637984,0.21360087968377256,0.3499732661132065,0.49337792420144466,0.17862863754995018,0.6964906901802213,0.6180482734860772,0.5302055334526892,0.7527673018420705,0.7474981505886689,0.7348557379340086,0.2451403180593362,0.6927732720178188,0.7526392556092153
2023-07-22 12:00:00,0.5342881198975782,0.5688909990251607,0.4506222557596778,0.6538406287651013,0.3407138683637634,0.37363892293076745,0.4729237804440975,0.6303348128379905,0.4290602111582357,0.5756620294265786,0.5656943516464189,0.6464274505371841,0.41368515460812355,0.6644336597917092,0.24008012010963423,0.39054739739907113,0.3462071280750477,0.5077840633359089,0.14808137998578122,0.6678318728247126,0.6599425712883678,0.5761145476949749,0.7232512947503081,0.6677825501248984,0.6451305863722484,0.23949191844698878,0.6048040732264087,0.7063625655418865
2023-07-22 13:00:00,0.5687579173300307,0.5515450825144462,0.5278875792110655,0.5930581217559688,0.3657951828483942,0.36958993977658405,0.4980966636880963,0.6136669130059983,0.4584715959684236,0.6007449818105743,0.5805802096116298,0.6100108715910049,0.49568833338693735,0.6550664089761068,0.28184913494504604,0.44163918778805195,0.3396716449568168,0.5865994663944476,0.22657217697913515,0.6711625699923478,0.6542734923937046,0.6088154918780088,0.7480477223214631,0.6776217032060733,0.6971953885025441,0.27891816296839317,0.6262916256429714,0.7103240526505115
2023-07-22 14:00:00,0.5943932433191862,0.5846535284892923,0.622737598031234,0.6113383759758526,0.3814254117760779,0.4269991814057707,0.6051683517322597,0.6889854125418267,0.4483662617544486,0.672353170645156,0.667520459302755,0.640459811774166,0.4639487294034312,0.7163080161976795,0.3386915141800854,0.424845217489364,0.32953164820391156,0.6389617464986491,0.3308390682232685,0.6834263097487212,0.7155233406193348,0.6419668830325221,0.7469566486789395,0.6528151793142168,0.6818643009521957,0.34835302362149356,0.5673135002187766,0.7015795492137759
2023-07-22 15:00:00,0.5896485724811052,0.5390280436009716,0.6276915011738884,0.620663271470995,0.3697820468986911,0.40705746045593183,0.651965229442471,0.6727600574227038,0.44333684924216143,0.6512312405877239,0.6594304013205455,0.6211890253234574,0.47943690329498084,0.6890297177066735,0.3217672429799042,0.3597534703862768,0.3784840899495507,0.5415566398312534,0.38118237797505866,0.6362663060307876,0.6868850756595172,0.6268077782003552,0.7143302118301155,0.6756644257417123,0.6830319879919338,0.35337706715696543,0.549997460094926,0.6970673318916187
2023-07-22 16:00:00,0.5902505398284598,0.4767629520960324,0.6773168574426854,0.6227763630378333,0.3280784721511898,0.3780782238054617,0.707349091516828,0.727887671202752,0.46373579766325856,0.7170396240638122,0.7167549112399065,0.6418166730882754,0.4736534735142783,0.7355471789997655,0.34527136430686917,0.352273257832137,0.3820848243065313,0.5933198582451341,0.40918540418406363,0.7141301959023113,0.732437917096743,0.6827837141608525,0.7017482932578702,0.6698612596350668,0.7262761632575766,0.3366301961714895,0.5519416400261422,0.6785727812704054
2023-07-22 17:00:00,0.5486654554929967,0.49043802553116367,0.6730045148877797,0.552676119914768,0.3220348034620243,0.30761849600173774,0.7273762200148258,0.7139270325944812,0.5272036739686478,0.6976087512522763,0.7121597126114148,0.5433862756576396,0.4908614742041907,0.7128688689222158,0.3286075983380846,0.29054954048782267,0.4327528292215496,0.5935645322119102,0.3401097177412737,0.717280975827954,0.7101464970584673,0.6022703126488645,0.6784563765540557,0.6104909590344967,0.6903619695369346,0.3214421966276836,0.5626300349869657,0.6532099680102575
2023-07-22 18:00:00,0.46884032797946046,0.5060223523831736,0.6423796310500894,0.6216047692438484,0.2511509407717984,0.2774299619094676,0.6588707255864815,0.664853367078496,0.46592892072277176,0.678981995261857,0.6827595259978497,0.6091050778863181,0.43803567742349603,0.6495839848655854,0.38074960680043657,0.3286176270336883,0.41079950998828,0.5322428641066695,0.3511075712362625,0.6501131134586141,0.6455384256491112,0.6094109982176259,0.5743707831984325,0.630184488911695,0.6406681172644282,0.27629551642330136,0.40670508227275215,0.645465788993319
2023-07-22 19:00:00,0.4008119672274052,0.4925010185692185,0.4594860942402224,0.5193735781599489,0.1960432391876481,0.23689833713203606,0.4611192101768089,0.4875630140653111,0.4877999739676895,0.5237308076179851,0.5044591319097094,0.5238821490930745,0.477066511576049,0.5015757707573741,0.3816879748299452,0.41219387999348195,0.38047668811936836,0.45653166082279567,0.3523413568230028,0.5215985937715352,0.5042192667336594,0.503443142610461,0.537355448496278,0.5185031679532797,0.6129014203559544,0.26828606951529566,0.35590637443610035,0.562237572114971
2023-07-22 20:00:00,0.29183127493900735,0.46826561889078755,0.19958120665182227,0.42344853718697445,0.1583299625858176,0.1455102043453771,0.31114102583204234,0.3156838750699146,0.3667461604315895,0.3065153558854884,0.2932845156383055,0.4793856484818806,0.3254319434465197,0.3401042690667239,0.27864061685882274,0.24995430441236546,0.3347026842838971,0.38757353527105015,0.3033726916960539,0.37943991842233726,0.34379618462413913,0.38362453644148226,0.4409024817792133,0.43403252011217014,0.5011568564332303,0.220603964549409,0.30196505438316873,0.4541766963186047
2023-07-22 21:00:00,0.1693700161478719,0.3447528895430057,0.12895249310238444,0.254107931828792,0.09273403068745101,0.11710138487135754,0.1784330261555049,0.15407618846265209,0.20066276462004023,0.14739776581879044,0.14272800483023415,0.3067094309022955,0.17474931518297468,0.1651730459018362,0.2858364593759583,0.21507841934004931,0.27626422729375655,0.21210410136919422,0.2724386947253627,0.20504718972130348,0.16938646596792828,0.24144109023663995,0.07825541541451655,0.2503172710914489,0.3300774420684336,0.1699893815901552,0.252763296531325,0.2269424221066352
2023-07-22 22:00:00,0.0,0.0,0.0,0.0,0.05245273900373684,0.03659195815323869,0.0,0.0,0.0,0.0,0.0,0.0,0.0,0.0,0.0,0.0,0.18619976589938897,0.0,0.17762316008335247,0.0,0.0,0.0,0.0,0.0,0.0,0.05679362537624601,0.0,0.0
2023-07-22 23:00:00,0.0,0.0,0.0,0.0,0.0010580346951345125,0.0,0.0,0.0,0.0,0.0,0.0,0.0,0.0,0.0,0.0,0.0,0.0,0.0,0.0,0.0,0.0,0.0,0.0,0.0,0.0,0.0,0.0,0.0
2023-07-23 00:00:00,0.0,0.0,0.0,0.0,0.0,0.0,0.0,0.0,0.0,0.0,0.0,0.0,0.0,0.0,0.0,0.0,0.0,0.0,0.0,0.0,0.0,0.0,0.0,0.0,0.0,0.0,0.0,0.0
2023-07-23 01:00:00,0.0,0.0,0.0,0.0,0.0,0.0,0.0,0.0,0.0,0.0,0.0,0.0,0.0,0.0,0.0,0.0,0.0,0.0,0.0,0.0,0.0,0.0,0.0,0.0,0.0,0.0,0.0,0.0
2023-07-23 02:00:00,0.0,0.0,0.0,0.0,0.0,0.0,0.0,0.0,0.0,0.0,0.0,0.0,0.0,0.0,0.0,0.0,0.0,0.0,0.0,0.0,0.0,0.0,0.0,0.0,0.0,0.0,0.0,0.0
2023-07-23 03:00:00,0.0,0.0,0.0,0.0,0.0,0.0,0.0,0.0,0.0,0.0,0.0,0.0,0.0,0.0,0.0,0.0,0.0,0.0,0.0,0.0,0.0,0.0,0.0,0.0,0.0,0.0,0.0,0.0
2023-07-23 04:00:00,0.0,0.0,0.0,0.0,0.0,0.0,0.0,0.0,0.0,0.0,0.0,0.0,0.0,0.0,0.0,0.0,0.0,0.0,0.0,0.0,0.0,0.0,0.0,0.0,0.0,0.0,0.0,0.0
2023-07-23 05:00:00,0.0,0.0,0.0,0.0,0.0,0.0,0.0,0.0,0.0,0.0,0.0,0.0,0.0,0.0,0.0,0.0,0.0,0.0,0.0,0.0,0.0,0.0,0.0,0.0,0.0,0.0,0.0,0.0
2023-07-23 06:00:00,0.0,0.022152126036341847,0.0,0.0,0.004945386326528249,0.0,0.0,0.0,0.0,0.0,0.0,0.0,0.0,0.0,0.0,0.0,0.0,0.0,0.0,0.0,0.0,0.0,0.36044274146861177,0.16228988932793934,0.32234713471034593,0.0,0.13497655197549185,0.13395471225073713
2023-07-23 07:00:00,0.08587731143079709,0.1554368525682376,0.1146787156428385,0.4273239715379681,0.03607479106177636,0.09324175224187449,0.25600249173136064,0.3151185813820854,0.11043922435007202,0.22340426054107257,0.24428179794464008,0.31039855121649984,0.11601994579478515,0.3516993038973352,0.11036011147907081,0.1206389415045005,0.13825124665254498,0.09086540709739016,0.13822226809754432,0.35742597692562045,0.3506696969543222,0.14058626182010725,0.5571435656114575,0.44106739619430474,0.5251624837375682,0.07695462398601387,0.2562437202511945,0.46183745073265725
2023-07-23 08:00:00,0.19362839579905372,0.3326405049760292,0.2101295703557911,0.5932209413175489,0.07784923865896017,0.18277270157323044,0.4134085730689465,0.4931939949999862,0.28073107770109546,0.3758513780160188,0.40697024054833303,0.4992827776832514,0.3516740843554547,0.5344396116906818,0.39866963308751135,0.36353141898032415,0.2386620102618614,0.19874493357522657,0.19619211196540193,0.5419782839819283,0.5311401047539419,0.3107240657702724,0.6649705682303683,0.5904920082765184,0.6456927497616642,0.17512147866820543,0.34392796247803237,0.6069225508454184
2023-07-23 09:00:00,0.28442933012352445,0.5095756749567952,0.29524509767677243,0.7011314100958993,0.14214838363065824,0.2954770831189449,0.5296826394483203,0.6293198678767572,0.31093165934952494,0.5377377329886193,0.5345137836940779,0.5789529242582833,0.377755616221549,0.6712518213643738,0.522234785310253,0.45984480988644916,0.40773276824563676,0.25382604369892564,0.35423454698525747,0.6683697666966198,0.6712701595218347,0.4277832188911925,0.724100605147687,0.6614359979225893,0.7232811852118103,0.27128821180920376,0.4558581145879048,0.6719559767496615
2023-07-23 10:00:00,0.32507281269878485,0.5350805669320647,0.3938667505661791,0.742413624857846,0.18959831539904873,0.339428452280117,0.5788039565771325,0.6792449172384559,0.3302386203171313,0.5928866675304645,0.5992035570487012,0.6289960109421397,0.38317652002278796,0.7217673010574169,0.5277401312589036,0.4510250509483347,0.46963359373204233,0.36006920416323646,0.45742477103421403,0.7104055344571766,0.7216087340237096,0.5008632053680983,0.7617395463023009,0.7049551334133984,0.754460660297605,0.34854397071870324,0.5442363131567284,0.7056755514679117
2023-07-23 11:00:00,0.3361132246781471,0.5380931493513577,0.3615052488295963,0.766632731130792,0.26392865417105255,0.31535955951960026,0.612543479442559,0.71122275586931,0.28953689832762947,0.6277421198961043,0.6309696662635782,0.6703865054858505,0.31831372221309384,0.7598735795069119,0.3987262372561569,0.30840696928561295,0.4958546649317753,0.41021210567603555,0.45863985986178124,0.7452390535990242,0.7608887022238049,0.543360615696936,0.7769066686080169,0.7082437353962163,0.763880348551734,0.37411745771267924,0.6015279117272024,0.7016884511771568
2023-07-23 12:00:00,0.44215155587432714,0.46126325457067935,0.4367336567156737,0.7141392868193819,0.2717850441984581,0.3317437357046992,0.6302029634973177,0.6769147003373998,0.5458051106717294,0.49594793761381833,0.5322280393160908,0.5011536241236672,0.49897395006428313,0.749563315889855,0.40310023023134595,0.3890123541664253,0.5214143178109921,0.2557982727280426,0.4426484481510191,0.6881656178586905,0.7505599921287234,0.3573187674956401,0.7689248089404691,0.6831559504606134,0.7439603771575033,0.38902975582086424,0.5161294880069235,0.6929641178740035
2023-07-23 13:00:00,0.4208034083845785,0.3960210043924506,0.4407325727919527,0.7203555237515128,0.29830255066064026,0.37054829415191737,0.6144622723005905,0.674138082112164,0.5306301476885179,0.4613343129946353,0.5082746067749528,0.4620842530028396,0.49791072405571224,0.7638394689450899,0.3586898351829526,0.4339931953838105,0.6332605860694445,0.23580281722876315,0.5254409985402775,0.729380576450221,0.7658999428696542,0.3048972506560618,0.7811444552267681,0.6824137285078709,0.7649043662293855,0.4041267094407879,0.5681265816142176,0.6962588783080729
2023-07-23 14:00:00,0.4531057003209809,0.37274298755761187,0.4474423385252111,0.7505752943217158,0.338037577173445,0.4078614222617645,0.6099914117192026,0.6917206376180386,0.5326021268520301,0.5108664160156643,0.5494404776827931,0.4731203496999088,0.5024688693753782,0.78734052433789,0.30433289632862004,0.456314151672858,0.606514410684889,0.3166108212199226,0.4761711177577698,0.7518179233404807,0.7892969373877775,0.35892098043728876,0.7785145179564674,0.6565029677503327,0.7454434602937912,0.41121568695661664,0.5271408536600666,0.6812162265484079
2023-07-23 15:00:00,0.4357562731658229,0.3129813009609519,0.4703228501730254,0.7366900833718177,0.3593162284593311,0.3916436462511681,0.5544752732080586,0.6268822863851917,0.4406274626945982,0.4235013460666222,0.4914349581059066,0.45983070728157976,0.40819639368962085,0.7436092097645578,0.24310254344736473,0.4521657819554927,0.5225299650180538,0.3094584607605441,0.4488719202149037,0.6755559907380331,0.7468439336241957,0.3531845399302922,0.7592257341480887,0.6086181986461581,0.7244986320832767,0.31002994996021804,0.4951563866286121,0.631024592668922
2023-07-23 16:00:00,0.42243821641679097,0.3470156182991657,0.3801327443912986,0.7101775215540568,0.3467482207546302,0.4438974911991845,0.5442540607226654,0.6084860467133649,0.4238894845047274,0.3869936509588157,0.47373860753246466,0.4618749025459175,0.39263080194457933,0.73110666446906,0.3141514925074812,0.5064917466827805,0.45684976951649126,0.3867322562043481,0.3993257693941287,0.6617271125118229,0.7330133481877346,0.3906344712971339,0.7301861383521174,0.5783211673909125,0.7240596873862678,0.3634169042626715,0.4991812825004415,0.5762927396597397
2023-07-23 17:00:00,0.3063470213479176,0.3364692130428206,0.24493625205439157,0.659676935209429,0.32436150106992867,0.38029403501922915,0.48232808193666615,0.5604613712927814,0.3566933470137683,0.3039299286043249,0.3937745258714419,0.3902267213301866,0.3230190306755598,0.6964222482980036,0.24512756429484536,0.4405228267001536,0.4368431083650827,0.31304458117293904,0.48566319445131684,0.617689228310218,0.6987034557335801,0.3078098724672638,0.6712899573665903,0.555060633289187,0.695726866939009,0.3238189317055271,0.4566142591384726,0.5726022660041831
2023-07-23 18:00:00,0.17729212349321113,0.17923753202656126,0.12965813028844042,0.6267015706914436,0.26114837663921725,0.3832270743458632,0.32393900741906695,0.4340467280443457,0.2828271541363103,0.19375542801871984,0.25695749291607795,0.3017242576462746,0.2306046921750806,0.6019035374126944,0.34001347229389284,0.41196001568217805,0.42746307552742163,0.16342950074940468,0.48517286749221666,0.5432615604556198,0.6122076728655821,0.16487257696860902,0.6614133349003448,0.4517954177258394,0.6196765156050753,0.3415372244961971,0.3937304095999543,0.46460487387741495
2023-07-23 19:00:00,0.10368658774483781,0.17298197549549088,0.05940120711742035,0.5258233126694393,0.22084492592815333,0.37883037058055874,0.16963134050443676,0.2909803123317842,0.2212429763148241,0.09795273855108164,0.13399205763723493,0.2055523294869119,0.1574117549196239,0.45280539360904903,0.32755233893805125,0.3193615904748933,0.433391760119869,0.06581247132253505,0.52912414547937,0.398244660319599,0.4655750089187544,0.07561014765289983,0.5932557716693874,0.469745794844895,0.5494061583005737,0.37609713148522034,0.38694800119483214,0.46339640719548525
2023-07-23 20:00:00,0.04474661178849119,0.09683560314090747,0.03018883026073856,0.3726135157776474,0.1603975813214194,0.34956235041582856,0.10483678011928389,0.18911947963618017,0.14281270496953055,0.052821305258929606,0.07550165756182715,0.10933708780898552,0.07840754127437856,0.3189399158382184,0.3324427460495166,0.24081599090563613,0.32500959526615125,0.025322201263594597,0.4785121397727911,0.2671401031102207,0.33018230038424,0.029490249539041818,0.4356570719048987,0.3826442146406854,0.4295221519831731,0.3492864145903457,0.29338032520080903,0.3673370001794842
2023-07-23 21:00:00,0.0052741742093065785,0.0399318169830936,0.0031523003696621093,0.16479237796842075,0.11339057507931712,0.3058045797417881,0.020246446033201585,0.07178616868671862,0.08130500911267206,0.0034566420877866957,0.009920841449962659,0.025617530074683814,0.04734239082985132,0.15659224722007173,0.22757253487071935,0.14227468289996084,0.23083425562459284,0.0019637497679778062,0.3320970828748438,0.08380431044364416,0.16592101726059763,0.002558301655555552,0.038617808778701045,0.22060118480846114,0.3163746319589942,0.30710182842888495,0.2014840417233063,0.19355535668119014
2023-07-23 22:00:00,0.0,0.0,0.0,0.0,0.10260313564132416,0.1438356366281089,0.0,0.0,0.0,0.0,0.0,0.0,0.0,0.0,0.0,0.0,0.11701977651764697,0.0,0.17477690515064798,0.0,0.0,0.0,0.0,0.0,0.0,0.13084323926294802,0.0,0.0
2023-07-23 23:00:00,0.0,0.0,0.0,0.0,0.002330518387294117,0.0,0.0,0.0,0.0,0.0,0.0,0.0,0.0,0.0,0.0,0.0,0.0,0.0,0.0,0.0,0.0,0.0,0.0,0.0,0.0,0.0,0.0,0.0
2023-07-24 00:00:00,0.0,0.0,0.0,0.0,0.0,0.0,0.0,0.0,0.0,0.0,0.0,0.0,0.0,0.0,0.0,0.0,0.0,0.0,0.0,0.0,0.0,0.0,0.0,0.0,0.0,0.0,0.0,0.0
2023-07-24 01:00:00,0.0,0.0,0.0,0.0,0.0,0.0,0.0,0.0,0.0,0.0,0.0,0.0,0.0,0.0,0.0,0.0,0.0,0.0,0.0,0.0,0.0,0.0,0.0,0.0,0.0,0.0,0.0,0.0
2023-07-24 02:00:00,0.0,0.0,0.0,0.0,0.0,0.0,0.0,0.0,0.0,0.0,0.0,0.0,0.0,0.0,0.0,0.0,0.0,0.0,0.0,0.0,0.0,0.0,0.0,0.0,0.0,0.0,0.0,0.0
2023-07-24 03:00:00,0.0,0.0,0.0,0.0,0.0,0.0,0.0,0.0,0.0,0.0,0.0,0.0,0.0,0.0,0.0,0.0,0.0,0.0,0.0,0.0,0.0,0.0,0.0,0.0,0.0,0.0,0.0,0.0
2023-07-24 04:00:00,0.0,0.0,0.0,0.0,0.0,0.0,0.0,0.0,0.0,0.0,0.0,0.0,0.0,0.0,0.0,0.0,0.0,0.0,0.0,0.0,0.0,0.0,0.0,0.0,0.0,0.0,0.0,0.0
2023-07-24 05:00:00,0.0,0.0,0.0,0.0,0.0,0.0,0.0,0.0,0.0,0.0,0.0,0.0,0.0,0.0,0.0,0.0,0.0,0.0,0.0,0.0,0.0,0.0,0.0,0.0,0.0,0.0,0.0,0.0
2023-07-24 06:00:00,0.0,0.012103983293751994,0.0,0.0,0.07048990640754928,0.0,0.0,0.0,0.0,0.0,0.0,0.0,0.0,0.0,0.0,0.0,0.0,0.0,0.0,0.0,0.0,0.0,0.29105601633845685,0.09164713684793092,0.33548583848280145,0.0,0.09683233545220164,0.0651662593465534
2023-07-24 07:00:00,0.03312452571922943,0.04528098606524471,0.012838985994149473,0.07903522342636028,0.18872113389585685,0.13898704681733487,0.0,0.00020716904187252598,0.028366480218401578,0.0013250203066219519,0.001247085504156806,0.007071265427119313,0.0114374902839613,4.217771009840921e-06,0.09228647497638905,0.012503975333692336,0.09618920152004619,0.0004037668398115773,0.13638984403424143,0.0,4.744992386071036e-06,0.0019097035496850178,0.5007678767863231,0.2371673576406774,0.529102749200534,0.18820499220616577,0.1511127051522732,0.23078480025967013
2023-07-24 08:00:00,0.02149100664312826,0.12379571007818649,0.012309604708473995,0.10773092688535581,0.2625597105869866,0.23573496165506228,0.007292920038918645,0.008469743018277668,0.06209291226164099,0.016469577878200012,0.016784693262246686,0.021140289563003647,0.036001276001544874,0.005531020631505531,0.13391710165821424,0.02819841250923159,0.1724949346427984,0.010357939552858969,0.22105187955246156,0.005403835125210336,0.00526669632964319,0.016150124213408532,0.644070357491508,0.34423905443559644,0.65123378108614,0.28875137397398826,0.20771315422692374,0.34986619066476105
2023-07-24 09:00:00,0.0603548505008943,0.19625670546197702,0.053560994633582416,0.11943670007203987,0.3462076128499232,0.37936946688313433,0.038894765411314806,0.0431801441826627,0.15403425796126724,0.07064654359999653,0.07456300190285084,0.04813270236850549,0.1584277009612662,0.030071514445345632,0.17939405660107097,0.12689306054665353,0.2507205465931072,0.033475420719710824,0.32882038250625556,0.020219976079228062,0.028169844074825014,0.06365742652923151,0.7193376778937811,0.3848334885013853,0.7169169844668677,0.4169856857496017,0.2953788430101236,0.4073787813833494
2023-07-24 10:00:00,0.08387594409307716,0.2550467191727323,0.06091395605054665,0.1116065642357289,0.41803723482292016,0.4824717134323576,0.08625904010999158,0.08283432651375695,0.10932668688362791,0.08983223330270891,0.09660326079631243,0.0702228346221818,0.10074197478273043,0.06960423432122191,0.24793479015784717,0.11831239775536499,0.3260822571111737,0.051764437469612824,0.3587114605591158,0.051434377702270544,0.06722621752763461,0.08033594700908857,0.7543311953926554,0.4558227250954721,0.7532518598734558,0.5115076210258537,0.4239283393028496,0.4604640825245279
2023-07-24 11:00:00,0.15922097325116052,0.33977821591924373,0.1415098942662026,0.17480897577364624,0.4670804010650242,0.5730408599859848,0.14756727043576304,0.15472887652336073,0.1591744201046547,0.16787397426187123,0.16766436597901868,0.12802284614829057,0.10133050112652675,0.14652464566665896,0.3329851112175587,0.13395272045195966,0.35479523479832425,0.08469495200284181,0.3479472000704682,0.14871403461032723,0.1469488317364736,0.1306607291484382,0.7664558198481284,0.4882887495773128,0.733087066046894,0.602690493117488,0.47967194214066605,0.427476800918727
2023-07-24 12:00:00,0.2000408134014599,0.3516383890112028,0.09823613145893828,0.14880515014640402,0.4899778665949795,0.5590315104481223,0.13065888843696424,0.10046865738256255,0.23199437693580877,0.10291986616967759,0.10723228535694616,0.12749722001662167,0.1205802790080387,0.10051014525259952,0.2583094294438471,0.10329549278519005,0.3426025682768827,0.11952891043529212,0.34525047763122,0.08465110970315415,0.1015842766485666,0.1163752613003422,0.7322127090853418,0.4196066307535642,0.6828118791735633,0.5223062479507616,0.4504197051898357,0.3967158307864471
2023-07-24 13:00:00,0.2625347165518284,0.33909920098047874,0.15695310033754864,0.189532960397183,0.5141470489949374,0.5740283124256058,0.28355647960529845,0.2891968218001498,0.33180391544157894,0.33469134134801887,0.29570699780472687,0.2075897499767854,0.2448726670836839,0.22854968311560553,0.22772386697579786,0.151031510033997,0.43480964400700534,0.13670508763349748,0.3890911420348678,0.22394669995299155,0.22270123739818454,0.24157926354004297,0.7315654877235543,0.4272202002470722,0.7173430136720852,0.5550436611638806,0.45275364270121765,0.3900239433342243
2023-07-24 14:00:00,0.28720938558068887,0.29604051423432126,0.17361626850564166,0.20155962242950268,0.4829104279377455,0.5308970567964436,0.1879181502012106,0.21468900793344237,0.3332101981795283,0.21131265558897014,0.18996578349484017,0.21045307121789075,0.24895602659737567,0.22578125436899643,0.09414439467172799,0.3092121426423602,0.36481303193454573,0.12948222534020457,0.4005858086542059,0.20350603117489524,0.22783593074231553,0.19532486664165816,0.7071888000917825,0.39622612342706,0.6948545853433779,0.4798048073024229,0.468103844200666,0.35904938910338957
2023-07-24 15:00:00,0.3360754730466437,0.28994924448663034,0.1968950308669481,0.25102826651596327,0.45676864907501247,0.47658250504591876,0.15296543146288324,0.18635367295412594,0.28774673696631475,0.1637709409663048,0.14627740939357065,0.2814913501170255,0.21885759760346576,0.20585385102764783,0.13697064911241735,0.3564807840483435,0.40014052396906763,0.14035370622270862,0.38995321609520833,0.21471540931823985,0.20795875076781706,0.222495284753799,0.6414418324086478,0.36988541513760986,0.6714664368789115,0.41393164966920476,0.41790258069343744,0.38170873981701886
2023-07-24 16:00:00,0.32576211689913426,0.35766649783726306,0.2695730232946135,0.24383106492986845,0.4862805249116718,0.5018917114894589,0.11962410248157272,0.21908138365019061,0.3118823736554627,0.19656273126125617,0.14971881154795302,0.2717937495188141,0.23247320403819008,0.2737586833387431,0.2763456866333237,0.291169399933617,0.3324095380000306,0.1140335062883925,0.3269526845084193,0.25409342866523826,0.28259651985931356,0.24006288326841932,0.5439038340949288,0.3411409513713849,0.5802538774399304,0.4154345753902368,0.36107357246314564,0.41403735697615646
2023-07-24 17:00:00,0.24502275015296743,0.31347015694918123,0.2734954530011155,0.15404036295079074,0.4587131108443474,0.4145615729977471,0.03792555059772435,0.15035912993785072,0.3215876989812838,0.08729842861797926,0.064167777347002,0.1961382355169516,0.2956173254991352,0.250113266786896,0.1697821885341782,0.32038533312912404,0.3197807428594475,0.04729847043117022,0.272892580123469,0.20551480257945304,0.2640962227186454,0.11154346033625316,0.5257806896767645,0.36029756453963946,0.4692811684683072,0.3338400361395737,0.30559175040071807,0.4726442985862678
2023-07-24 18:00:00,0.2147490012560115,0.2709783676084332,0.2930572318838308,0.1470862273956181,0.47448701832152423,0.4011000584830413,0.02916818283241948,0.11623255430066748,0.33110410801495016,0.050503271861796435,0.04022139878777803,0.1335081213027646,0.30607349313605964,0.21118919563956232,0.14474352308879979,0.2972086362573461,0.2738859641378119,0.032609688322348514,0.2688218106433704,0.20412892753540735,0.22408923594733124,0.0668223838520323,0.5268086174845276,0.34085770167169666,0.37993242952136,0.3094736641726554,0.19353373218028483,0.4393552931661526
2023-07-24 19:00:00,0.16955507462899433,0.17426179392552274,0.3275974550590037,0.0915149191661941,0.4186983536500522,0.336715622346718,0.16425882128459265,0.05980965428641897,0.2934767536202779,0.06377332462870916,0.07939658822263443,0.05627615311205322,0.2802061365763106,0.05755453976242638,0.10206774058100286,0.30337757367723084,0.26963698150529614,0.023486550281896824,0.18825454669911637,0.056095608578443173,0.06233347582823952,0.034181740652312394,0.5169943301089485,0.3462833970973995,0.3620327445504365,0.2279543927133287,0.1605948215619417,0.3679707419369003
2023-07-24 20:00:00,0.1545104283237762,0.11311347494498475,0.3371992068202887,0.056564549356989534,0.3846074959836552,0.2571437710244596,0.23066814075291367,0.14907028265439884,0.2030646400501661,0.16732413320172132,0.2188202564611434,0.016647054779675045,0.1905776216031307,0.11494975619568135,0.06170976358442261,0.19979754745822248,0.17024363134155907,0.033266352444358015,0.12958765284024942,0.029554025098592347,0.1108176136706639,0.08223113392788899,0.40571709478684004,0.303079635424919,0.2735479945156215,0.15583239321880935,0.18887285460467768,0.33480535089959673
2023-07-24 21:00:00,0.08681654291674837,0.06728350749383544,0.23108731586447526,0.04305326880019619,0.2645683757473453,0.16946111141620548,0.2523973159883138,0.19623533770127224,0.13638243154867075,0.2090775008358616,0.247920462967939,0.01687195007386855,0.13456562915912848,0.1461857159819316,0.021644728558030228,0.1001388724875441,0.09209626509763112,0.03142426766465355,0.07827198797276379,0.05535988250677189,0.138112479890691,0.09339972520513018,0.01480151588305293,0.20717354577575445,0.16882983532283677,0.08677331563008145,0.15167773718520614,0.197141234877602
2023-07-24 22:00:00,0.0,0.0,0.0,0.0,0.18801576803885037,0.1033638659969938,0.0,0.0,0.0,0.0,0.0,0.0,0.0,0.0,0.0,0.0,0.05031931274508689,0.0,0.022049085469608144,0.0,0.0,0.0,0.0,0.0,0.0,0.05736488012276551,0.0,0.0
2023-07-24 23:00:00,0.0,0.0,0.0,0.0,0.016571053732704868,0.0,0.0,0.0,0.0,0.0,0.0,0.0,0.0,0.0,0.0,0.0,0.0,0.0,0.0,0.0,0.0,0.0,0.0,0.0,0.0,0.0,0.0,0.0
2023-07-25 00:00:00,0.0,0.0,0.0,0.0,0.0,0.0,0.0,0.0,0.0,0.0,0.0,0.0,0.0,0.0,0.0,0.0,0.0,0.0,0.0,0.0,0.0,0.0,0.0,0.0,0.0,0.0,0.0,0.0
2023-07-25 01:00:00,0.0,0.0,0.0,0.0,0.0,0.0,0.0,0.0,0.0,0.0,0.0,0.0,0.0,0.0,0.0,0.0,0.0,0.0,0.0,0.0,0.0,0.0,0.0,0.0,0.0,0.0,0.0,0.0
2023-07-25 02:00:00,0.0,0.0,0.0,0.0,0.0,0.0,0.0,0.0,0.0,0.0,0.0,0.0,0.0,0.0,0.0,0.0,0.0,0.0,0.0,0.0,0.0,0.0,0.0,0.0,0.0,0.0,0.0,0.0
2023-07-25 03:00:00,0.0,0.0,0.0,0.0,0.0,0.0,0.0,0.0,0.0,0.0,0.0,0.0,0.0,0.0,0.0,0.0,0.0,0.0,0.0,0.0,0.0,0.0,0.0,0.0,0.0,0.0,0.0,0.0
2023-07-25 04:00:00,0.0,0.0,0.0,0.0,0.0,0.0,0.0,0.0,0.0,0.0,0.0,0.0,0.0,0.0,0.0,0.0,0.0,0.0,0.0,0.0,0.0,0.0,0.0,0.0,0.0,0.0,0.0,0.0
2023-07-25 05:00:00,0.0,0.0,0.0,0.0,0.0,0.0,0.0,0.0,0.0,0.0,0.0,0.0,0.0,0.0,0.0,0.0,0.0,0.0,0.0,0.0,0.0,0.0,0.0,0.0,0.0,0.0,0.0,0.0
2023-07-25 06:00:00,0.0,0.005780084711811105,0.0,0.0,0.059250950828273356,0.0,0.0,0.0,0.0,0.0,0.0,0.0,0.0,0.0,0.0,0.0,0.0,0.0,0.0,0.0,0.0,0.0,0.3268999986688208,0.09688413627745765,0.26245267717615917,0.0,0.060741585212575194,0.0568760447492583
2023-07-25 07:00:00,0.05333622225359423,0.22993609152871583,0.05789004548474498,0.0433292713565586,0.28683983490494896,0.0976121807736139,0.037296030993735955,0.030046951088783025,0.05472551967819974,0.07710640812170844,0.050973145813076846,0.035278505435472125,0.0581539828837316,0.018499407251137596,0.015235903021692148,0.06439262671893292,0.07299467097956838,0.013539150181299675,0.037718182057985244,0.02381172309334345,0.020407795258080366,0.04631905091750252,0.49126579966645695,0.29201741045875296,0.38274852570291973,0.11283855039390742,0.12344551384164995,0.32773845095751036
2023-07-25 08:00:00,0.13411488368084573,0.35246519369216883,0.09557414412654425,0.12264562691806181,0.43232968829073637,0.18830197698689752,0.05701036428469266,0.0483870139588841,0.08320346320968974,0.09229091003448578,0.07636353620862785,0.13677937834188753,0.08235221482415615,0.07382471394771561,0.04983540769390019,0.06624930496982809,0.10665699076691001,0.09284162264102629,0.06617622763957534,0.06579538909109955,0.07836158693187958,0.14558477496122657,0.6249868276591283,0.43611331247835794,0.5487829759880086,0.18770855895961722,0.26030825464046536,0.4964653581021448
2023-07-25 09:00:00,0.13879170988963135,0.3882288080282304,0.256691182156991,0.14938418197960424,0.5480511184729804,0.2597200556965349,0.17733845482275515,0.12634656748329787,0.15042543809751038,0.16618937211433651,0.1535126297191805,0.13314078846989003,0.10442516593373409,0.15292193982806856,0.08229072516779508,0.09154581233760344,0.11818921402963065,0.08538504714034072,0.07001857298133125,0.12726658198191326,0.1625044889002749,0.16141075082197187,0.6837454590498429,0.4695038484834466,0.6231178432206173,0.2505621590891001,0.29604244624781717,0.5381640825119423
2023-07-25 10:00:00,0.20732277555397194,0.45573318887640435,0.3896224790494027,0.2159346836442472,0.6146361211012383,0.29493937247969393,0.2817801631223728,0.24650208510787133,0.19522193296599513,0.2383580851991189,0.24686193142577117,0.2095695764085464,0.1529093196668941,0.2827375195005462,0.11038782674419415,0.13323413861800504,0.21829136134937716,0.14533336174120018,0.1195369415380979,0.2792486711386867,0.2910340649951187,0.2217515114881522,0.7001605226255002,0.5247217234052137,0.6628962098509767,0.2993844167598085,0.3416488344057243,0.5967125747469522
2023-07-25 11:00:00,0.33954405928743064,0.47561402702050953,0.3616815099804663,0.25725314634678537,0.6209563565644001,0.3359043558830602,0.23401288685926502,0.3085769241821695,0.30743364149268976,0.3596160496410022,0.29342090100777946,0.30905125349216606,0.2913723638390136,0.3848910788491827,0.1491040016175616,0.20849223565857306,0.30166952779309,0.19304315399401104,0.1972959054877384,0.38215192975877654,0.39967221183442675,0.3876317648547197,0.7229440762694649,0.5178455858236595,0.6974832626344755,0.33596959236084556,0.3634991753168742,0.5646863890123276
2023-07-25 12:00:00,0.46971788374862566,0.501385520907475,0.32920827298893773,0.2394868807383381,0.6427158481547814,0.36076512491316165,0.30593904040622427,0.3608600103698625,0.4445297120992755,0.4338553844928882,0.3757701881043329,0.30406289045653234,0.36358883662497815,0.3720549198207393,0.24302545589419408,0.2396826391510373,0.3226640356302238,0.4290239226861339,0.24734944467249784,0.34328936403734633,0.37622621545339496,0.48386235349795265,0.7355470645098364,0.5084564093390928,0.7241281725391006,0.3123494919391526,0.4540240672258107,0.5189888927473745
2023-07-25 13:00:00,0.33093475746463996,0.44849656355641915,0.47347174153309257,0.3134302466476535,0.616948716403142,0.42174056257293563,0.6362667058701332,0.6083522089063785,0.430605139646204,0.5363847188146839,0.5559953320067397,0.2505985677915898,0.40837425018735657,0.595654577388139,0.31696917135678004,0.38107740209187935,0.42997148676832236,0.2496056091872997,0.3743952542182037,0.5359539770325465,0.5916420948403852,0.3789619971068903,0.7182455843681979,0.5471623965330934,0.7423241570820264,0.33021473371983356,0.5425445891568792,0.5931677524348826
2023-07-25 14:00:00,0.415752482588397,0.5542553852872186,0.4804753274465592,0.348410555735175,0.597416181621458,0.43035585529180403,0.6190847000806775,0.639294855274154,0.5436313761600643,0.5541948285623233,0.563241443134356,0.280355578271542,0.49145699152394834,0.6657325411301797,0.3177878145478545,0.4328323890563673,0.49228108614894184,0.23701667711424182,0.44526523899950343,0.5862687367294047,0.6682581400658955,0.3816925878190825,0.6953067347166868,0.5597376806607124,0.751612848878889,0.3232705603067037,0.5579535374862974,0.6014023692309262
2023-07-25 15:00:00,0.4401951073528898,0.5129117955155214,0.4800805833265571,0.3156146362521887,0.5612908265411685,0.3761433323901043,0.5265117158312449,0.49613267713310827,0.5112702438067734,0.46533795919514515,0.46048930780253367,0.2783690960140973,0.46271248595472897,0.49515696363519335,0.21703668703342074,0.36563242673407276,0.46261076471441026,0.26425959401594595,0.4302812747683397,0.4651553431207293,0.49756354577757844,0.3425209192391203,0.6700265345761093,0.5347101935813353,0.702623908140397,0.3094230143205433,0.4854533189688545,0.575016669882762
2023-07-25 16:00:00,0.41244662016629857,0.5040479513141676,0.4852668599554252,0.36315181018796394,0.5549148494221484,0.37227714970894255,0.6139212155877505,0.5971903104023251,0.43979841613139437,0.4597821366935541,0.5433113128465002,0.2622584365492377,0.3977852077974699,0.6325733186124095,0.17279862058268244,0.34448807353572947,0.4716293213682928,0.2789458050360181,0.45089175708240703,0.5433112461742347,0.6318670970236766,0.3193336336723329,0.5151465190091461,0.5532351803072704,0.65662457155291,0.31380835608708246,0.4513248797209341,0.5877486114007653
2023-07-25 17:00:00,0.47582615113239496,0.3637470443965585,0.4605423685958333,0.3453745872401833,0.5580598378266092,0.32073750110950117,0.5074391499249119,0.5595771767611196,0.44526575318890876,0.4950096623606287,0.490241917782516,0.24657555916245763,0.3584612505687969,0.6062003644347478,0.09700647360452676,0.21631702786364992,0.41519634514666637,0.38704960588513426,0.3945863949052604,0.562958394719651,0.6074343883556159,0.3819783850496746,0.3898808007233175,0.4784182916497018,0.5991512248131787,0.28155089354312235,0.37817014773141727,0.5279171930339772
2023-07-25 18:00:00,0.4117822538377077,0.25724637312552723,0.43433983525016384,0.35943011077302517,0.5134472196458314,0.2779487778172411,0.5212603022338432,0.5386274472160951,0.36411247682238,0.4253162980085081,0.4803134366325676,0.291859441218172,0.3039189862697211,0.5783731268209997,0.0585269422047341,0.15415865427207653,0.4348696219550014,0.3715245149468927,0.3946508303616801,0.5092433305859777,0.5743860185769699,0.3478344335946118,0.31992272734998073,0.40514313845004746,0.5258606985252748,0.2249327466347745,0.2938519533159714,0.450703011141517
2023-07-25 19:00:00,0.3849342071632592,0.19252121639966513,0.4808813590702468,0.30532442279910027,0.506068432267559,0.27382683159944454,0.5254314343757056,0.4920073004926229,0.3253077453010412,0.46266055430476183,0.49217763311216056,0.28709154465938297,0.2456797441201721,0.47029992887902633,0.056961722527709716,0.1321643924767564,0.42964715709523693,0.3230344247844393,0.3853018940551708,0.40136017653886036,0.46369034217386657,0.38429813343285785,0.3445687208277567,0.37304034531159336,0.361649875322609,0.20709541865306186,0.2167432777182073,0.3743012725072754
2023-07-25 20:00:00,0.2565813844782761,0.14791860588588981,0.3425314121934965,0.20391871737777834,0.37771431309089526,0.23636370895777997,0.3727225033326566,0.3897200211713289,0.2862456030782018,0.34272987923937154,0.36706824849679476,0.2066620541641135,0.23191171111637493,0.4000450977467311,0.01846734265543421,0.11110207188155947,0.36822719062649634,0.1696590443607596,0.33319889013147996,0.3414041784118238,0.39465602505688424,0.2447006826215273,0.3455867923929327,0.21345324315764339,0.2462412175699176,0.1535853862786903,0.1258919936958909,0.25238729662098236
2023-07-25 21:00:00,0.18469256509292703,0.10016014711360872,0.23097937191869486,0.142791390435387,0.2763963897419428,0.19148208556601296,0.25202822546044096,0.249637868390278,0.1674724581899558,0.24347494205112427,0.23158460469793976,0.13800378607245312,0.10518335023525585,0.24264422480200654,0.009509625728220075,0.02862511156008179,0.2994762137522735,0.13790485088586693,0.24972690542424747,0.25449552297234734,0.24171168154455014,0.16706357349413248,0.0,0.1704820776696826,0.11907481272884088,0.12801049397737624,0.08349979350711481,0.193200729392486
2023-07-25 22:00:00,0.0,0.0,0.0,0.0,0.15685951835591322,0.11792296719532908,0.0,0.0,0.0,0.0,0.0,0.0,0.0,0.0,0.0,0.0,0.16801696704160507,0.0,0.11211025801344618,0.0,0.0,0.0,0.0,0.0,0.0,0.08424900683066859,0.0,0.0
2023-07-25 23:00:00,0.0,0.0,0.0,0.0,0.001703183559611878,0.0,0.0,0.0,0.0,0.0,0.0,0.0,0.0,0.0,0.0,0.0,0.0,0.0,0.0,0.0,0.0,0.0,0.0,0.0,0.0,0.0,0.0,0.0
2023-07-26 00:00:00,0.0,0.0,0.0,0.0,0.0,0.0,0.0,0.0,0.0,0.0,0.0,0.0,0.0,0.0,0.0,0.0,0.0,0.0,0.0,0.0,0.0,0.0,0.0,0.0,0.0,0.0,0.0,0.0
2023-07-26 01:00:00,0.0,0.0,0.0,0.0,0.0,0.0,0.0,0.0,0.0,0.0,0.0,0.0,0.0,0.0,0.0,0.0,0.0,0.0,0.0,0.0,0.0,0.0,0.0,0.0,0.0,0.0,0.0,0.0
2023-07-26 02:00:00,0.0,0.0,0.0,0.0,0.0,0.0,0.0,0.0,0.0,0.0,0.0,0.0,0.0,0.0,0.0,0.0,0.0,0.0,0.0,0.0,0.0,0.0,0.0,0.0,0.0,0.0,0.0,0.0
2023-07-26 03:00:00,0.0,0.0,0.0,0.0,0.0,0.0,0.0,0.0,0.0,0.0,0.0,0.0,0.0,0.0,0.0,0.0,0.0,0.0,0.0,0.0,0.0,0.0,0.0,0.0,0.0,0.0,0.0,0.0
2023-07-26 04:00:00,0.0,0.0,0.0,0.0,0.0,0.0,0.0,0.0,0.0,0.0,0.0,0.0,0.0,0.0,0.0,0.0,0.0,0.0,0.0,0.0,0.0,0.0,0.0,0.0,0.0,0.0,0.0,0.0
2023-07-26 05:00:00,0.0,0.0,0.0,0.0,0.0,0.0,0.0,0.0,0.0,0.0,0.0,0.0,0.0,0.0,0.0,0.0,0.0,0.0,0.0,0.0,0.0,0.0,0.0,0.0,0.0,0.0,0.0,0.0
2023-07-26 06:00:00,0.0,3.1839610354155532e-06,0.0,0.0,0.00038259015185062683,0.0,0.0,0.0,0.0,0.0,0.0,0.0,0.0,0.0,0.0,0.0,0.0,0.0,0.0,0.0,0.0,0.0,0.3317480330441479,0.004533314028609042,0.07886770577473518,0.0,0.013325618456158074,0.01234071900848041
2023-07-26 07:00:00,0.16792536016974452,0.17717053037117184,0.1707516714810877,0.19041608164515011,0.0788225215391314,0.048973192206421906,0.08276271991072236,0.1872341628371973,0.06255219682311329,0.21915054608806372,0.15712503271424397,0.13703020447632164,0.03208848714984829,0.24385609136930192,0.019120847734439513,0.01220072051121589,0.08403246745071427,0.1669012060331144,0.04832579146181002,0.25330429027078843,0.25588957239370214,0.1867942366166627,0.4996782127168932,0.18849288866737104,0.19838619679414446,0.08144308390230871,0.06434656106893862,0.24807192102378725
2023-07-26 08:00:00,0.2908933564873006,0.3113308664023981,0.34833249363489727,0.37213753403686706,0.09888207318274546,0.12711115562858213,0.3000323732413692,0.3885093509843827,0.18087843194569994,0.2987070102765279,0.32006775568374857,0.29055408002506017,0.14438692279978987,0.45229497788220585,0.0955539341764671,0.1080355630428231,0.20620618723218537,0.23838362362977397,0.1956023976331573,0.3915998158895404,0.4547559600154195,0.28869946596770596,0.641804905728638,0.3024556364920343,0.324911160223691,0.1285227443985879,0.08860380604794055,0.40145078711390436
2023-07-26 09:00:00,0.36166408460595034,0.383391088297077,0.5094970123960522,0.5005013713615065,0.1912884126574443,0.24057569453218694,0.4056096405231251,0.5078332958894863,0.2173743689580609,0.4694373480002826,0.47704499036139697,0.3687837768453275,0.19249616512981454,0.547390458213362,0.28062497765292627,0.2669404461775645,0.3172959196179172,0.3244513136396156,0.26886415362247795,0.4858522906892916,0.5491941922078271,0.3412202291803885,0.7037073593252019,0.3530456385519446,0.44624022005283986,0.24262034331320947,0.16254197940285353,0.47192168143828006
2023-07-26 10:00:00,0.4431856373927082,0.4547562055960194,0.5219246118919665,0.5954398833283644,0.22647128828760346,0.31795889682213996,0.4820167808542907,0.5447883855265214,0.2473038031426801,0.49190508680424666,0.48881086464269063,0.5134842346307162,0.1906253079234903,0.5534650084958037,0.29237569152184417,0.3037952009861781,0.3866060699910619,0.4463306534372726,0.33390296373754447,0.5637369742645488,0.5523168746626869,0.4666821559693677,0.6880656105502428,0.39274286124396995,0.48240356631135645,0.3252296290677341,0.20521097630384286,0.5106059638637181
2023-07-26 11:00:00,0.43197946009956134,0.45223068544071426,0.5782485200739235,0.5606311946295269,0.2711538284151833,0.3725893693209548,0.5426864771387744,0.6077500146021537,0.34146409401955546,0.5648771260816483,0.5382633180086911,0.4685654522745399,0.26163018404135036,0.6443666847232548,0.38107259852787917,0.3197471694282018,0.43910623919439395,0.35367200208758875,0.36633416616250836,0.617170620003923,0.6495499483138018,0.46390754616344826,0.7002759168752984,0.40405030579253903,0.37618808535086107,0.39611737957679455,0.1727165814421432,0.5177508892830636
2023-07-26 12:00:00,0.4450925469525132,0.3282418118250154,0.5242556604401776,0.458392269929748,0.35232865640141553,0.3534670701076744,0.41699841301381385,0.4363084917745375,0.3530635720496495,0.49621764556799774,0.39652846681417053,0.40411373576142684,0.27487143938811087,0.4916085505166852,0.33754357774028865,0.33495815491833175,0.4575706315315614,0.3372674837364564,0.3818191603928638,0.5325809576068554,0.5106635455344666,0.44341532710306236,0.7319001597617131,0.2534972258944704,0.29890070455008505,0.3436434426293581,0.19548181909458195,0.2753030919911747
2023-07-26 13:00:00,0.461854203659243,0.35568729541574734,0.5640961855825416,0.43398005537638523,0.37206888140772915,0.40802114253903926,0.47289753308895793,0.505554382683482,0.4256593196222309,0.508517024101127,0.4479303734281382,0.38540691467582255,0.3479510509876404,0.5964061305393884,0.34185813371733836,0.36744414292407845,0.5622348149997618,0.39379742553790303,0.4855682943765673,0.5491035038181383,0.6153143026333611,0.4427054530598283,0.7654870500655373,0.2617610096499325,0.36474337174594496,0.3847723345818237,0.2152196167119659,0.31336465744859954
2023-07-26 14:00:00,0.4514404368008991,0.37692931729311036,0.5994600494905445,0.4373438983287969,0.3591402449876874,0.4192757427564831,0.5405753482383848,0.5102733308412286,0.44457337969353855,0.5074013885763963,0.4517610487736604,0.447820063529346,0.34846135375275933,0.5683264105912254,0.30873983917719205,0.3136542897567808,0.5563058654475549,0.34456486359134453,0.4595995353763859,0.5337746809584297,0.5857334503023913,0.4447006986071466,0.7570086656973601,0.26819532870181906,0.382850453808067,0.37044120196764496,0.21449086400768655,0.3228077032323776
2023-07-26 15:00:00,0.4268559658510693,0.3266314949373814,0.6024623056624637,0.37723264194108563,0.3210601030221625,0.4053315762670706,0.46025847008500437,0.46845248460191685,0.45818937080055966,0.47484691487828623,0.4090044502611593,0.3252439906251805,0.4018879238692369,0.5662302919340513,0.34865634331050266,0.4366705443010607,0.5487056163832081,0.33205824814136226,0.534602154582243,0.560442804094551,0.5905981245775025,0.38894782224932234,0.7227720150111128,0.24992764872029202,0.36276257479715474,0.32655228147129,0.2586705111868352,0.30235270322576563
2023-07-26 16:00:00,0.37114093788561237,0.2383050273877934,0.5253511424884473,0.36903837474408263,0.32370071330503797,0.3829617926579585,0.4232760826546005,0.439562370131344,0.4320154409588975,0.44676824276603083,0.38527233961193585,0.2478702735062887,0.3607210927077689,0.5388579617972664,0.3540265946966687,0.3977102752954446,0.5217576121293707,0.32802529133445324,0.46876654856038175,0.5172178439646825,0.5613554158445714,0.3211172375651249,0.7093257233083351,0.21604452798546658,0.3295315773044269,0.3337858019146163,0.1748474944837959,0.2705186244058213
2023-07-26 17:00:00,0.4258415486996466,0.23424947494994583,0.5299681620644333,0.3514834401817314,0.29599774376459387,0.33618991610234544,0.3832992546169292,0.4343464048669545,0.45556342233135266,0.5208438951285423,0.42067486485686256,0.27519907093232104,0.3776639986299973,0.4916958566903852,0.27697064938354476,0.39731918659835097,0.4896290820741618,0.3818325618809347,0.5196420529555473,0.5486576728890438,0.5123250742922398,0.421243448827011,0.6619706873146001,0.16912410240270356,0.3379305557314216,0.29463365601212615,0.1302085778949036,0.20591785840157242
2023-07-26 18:00:00,0.46163534839870257,0.1847745074649501,0.4334021198102381,0.32729863986886115,0.26766201956486546,0.32347816957444936,0.3053122560853626,0.37783457983050545,0.4170165524562461,0.4252894921080863,0.3312151190754775,0.3439503511735086,0.3340514121455072,0.4677634417891312,0.20365182311804247,0.2911814610167568,0.45327416779397717,0.48514914278111293,0.47401213170801765,0.43767165762304583,0.489915987620542,0.46932637150176126,0.5391629634040002,0.11793386755639464,0.3294698998854922,0.2638174362308037,0.09667223060197316,0.14199295386234156
2023-07-26 19:00:00,0.35605823576900325,0.1597340544189773,0.40069989460763494,0.39035456066937985,0.16776320966086233,0.2426780336085991,0.283748941329593,0.3315619560789869,0.3865918230383721,0.3602600166021638,0.2695697598072702,0.24173800312250687,0.31441926376482027,0.39447312357353576,0.26512548302472594,0.3816564964987116,0.3796743137603508,0.3797342236036309,0.3480294860207932,0.48383390621059236,0.4145716294077682,0.3159685693151461,0.44895496164448684,0.10516989157368417,0.24215058253317523,0.21671908949730526,0.06945618323992304,0.12049072343583311
2023-07-26 20:00:00,0.30619289810977524,0.16518361673497942,0.2985237036466588,0.31581454094955547,0.1341230380772927,0.21944529244196895,0.18866824436548935,0.21603874989003194,0.335203582741148,0.2910667946407302,0.20233070894986566,0.1751325056310401,0.3043724152467818,0.23491079646266627,0.2703406123569171,0.379714735671259,0.3608008199758643,0.24031956848986868,0.3876481493346439,0.36511086639535123,0.2489505842565805,0.2382095133770772,0.43949760655016645,0.1488857412580813,0.21257557994588322,0.16933214192575916,0.053596774546814364,0.17672664762329565
2023-07-26 21:00:00,0.22790141473683168,0.12767254802478065,0.18322423211977437,0.22083433426041033,0.07202921944019354,0.12275270397251956,0.1313652337284145,0.1260280952103275,0.26191679196250567,0.19931119844424286,0.14844889636716782,0.16327159694306706,0.27687405507278445,0.09182067562582134,0.15250218758810158,0.29605882707232184,0.24213285972602577,0.2547976947000575,0.2839183086137159,0.20719252048380654,0.09249813408644757,0.18104786794286695,0.0,0.12526635485429538,0.11377876175666123,0.09973763977500846,0.031164482133007453,0.1451446951625759
2023-07-26 22:00:00,0.0,0.0,0.0,0.0,0.03743931131917875,0.06844545710411806,0.0,0.0,0.0,0.0,0.0,0.0,0.0,0.0,0.0,0.0,0.17835317783970553,0.0,0.16325222760106148,0.0,0.0,0.0,0.0,0.0,0.0,0.041145315349227024,0.0,0.0
2023-07-26 23:00:00,0.0,0.0,0.0,0.0,0.0033161723032823715,0.0,0.0,0.0,0.0,0.0,0.0,0.0,0.0,0.0,0.0,0.0,0.0,0.0,0.0,0.0,0.0,0.0,0.0,0.0,0.0,0.0,0.0,0.0
2023-07-27 00:00:00,0.0,0.0,0.0,0.0,0.0,0.0,0.0,0.0,0.0,0.0,0.0,0.0,0.0,0.0,0.0,0.0,0.0,0.0,0.0,0.0,0.0,0.0,0.0,0.0,0.0,0.0,0.0,0.0
2023-07-27 01:00:00,0.0,0.0,0.0,0.0,0.0,0.0,0.0,0.0,0.0,0.0,0.0,0.0,0.0,0.0,0.0,0.0,0.0,0.0,0.0,0.0,0.0,0.0,0.0,0.0,0.0,0.0,0.0,0.0
2023-07-27 02:00:00,0.0,0.0,0.0,0.0,0.0,0.0,0.0,0.0,0.0,0.0,0.0,0.0,0.0,0.0,0.0,0.0,0.0,0.0,0.0,0.0,0.0,0.0,0.0,0.0,0.0,0.0,0.0,0.0
2023-07-27 03:00:00,0.0,0.0,0.0,0.0,0.0,0.0,0.0,0.0,0.0,0.0,0.0,0.0,0.0,0.0,0.0,0.0,0.0,0.0,0.0,0.0,0.0,0.0,0.0,0.0,0.0,0.0,0.0,0.0
2023-07-27 04:00:00,0.0,0.0,0.0,0.0,0.0,0.0,0.0,0.0,0.0,0.0,0.0,0.0,0.0,0.0,0.0,0.0,0.0,0.0,0.0,0.0,0.0,0.0,0.0,0.0,0.0,0.0,0.0,0.0
2023-07-27 05:00:00,0.0,0.0,0.0,0.0,0.0,0.0,0.0,0.0,0.0,0.0,0.0,0.0,0.0,0.0,0.0,0.0,0.0,0.0,0.0,0.0,0.0,0.0,0.0,0.0,0.0,0.0,0.0,0.0
2023-07-27 06:00:00,0.0,0.007257583813036182,0.0,0.0,0.0008377447974119125,0.0,0.0,0.0,0.0,0.0,0.0,0.0,0.0,0.0,0.0,0.0,0.0,0.0,0.0,0.0,0.0,0.0,0.34824478940974707,0.04993023919518891,0.2413775788426163,0.0,0.01405786222489273,0.013620316537299632
2023-07-27 07:00:00,0.30052614115692233,0.22007254386562491,0.17486468803420444,0.24183386482254535,0.0710320196054997,0.11940283739810303,0.1869596484424092,0.20443949905381967,0.24998654742877838,0.26890192294460724,0.22746264704056474,0.37470091539500694,0.2728012162918514,0.19444921377559465,0.3263387830984031,0.3241684510890233,0.175649604885768,0.34427960662121954,0.1692957555985658,0.17872517391793177,0.1942002008936658,0.3613836432118092,0.5305837244007675,0.30663690739981114,0.4046084361875942,0.13347230622530537,0.07248138247025686,0.31084281341109243
2023-07-27 08:00:00,0.4873398575185589,0.33532183771180507,0.3347119320581527,0.4196900587134017,0.1381353963261776,0.22568294743832734,0.3546179575169186,0.4309129453807148,0.4108075625256898,0.4366290761364868,0.40914931002344157,0.5278611726263928,0.4217757464832865,0.4475791735556532,0.5117512110078151,0.5079067371411138,0.33524864412370997,0.5429745437968466,0.3285035389367462,0.41791172808846744,0.44588668146315463,0.5332640555016407,0.6573788623371687,0.44967952845804116,0.5059006583627971,0.2646960174102755,0.0935272985935945,0.4585489803267392
2023-07-27 09:00:00,0.6328198335367653,0.4486110202807831,0.5075708361929349,0.5868107169072246,0.2261255864870175,0.3140871805649118,0.49381118350658654,0.6026948221381863,0.5363404425449492,0.570895844502759,0.5518006027789264,0.6755209248048976,0.5429598514392249,0.6375114174091486,0.6282063764034328,0.6389242783079777,0.488160864339616,0.6539262789203593,0.4580130633204414,0.6477177661070481,0.6361803805273653,0.6530281048960404,0.7102755791306694,0.4865570370143688,0.5139896959643768,0.3150810040207499,0.09936077809678666,0.5340588705075728
2023-07-27 10:00:00,0.7073035568144292,0.48935963294381996,0.6246605029227214,0.66719962544272,0.30573596074723136,0.3852060182881802,0.5861922012625546,0.6866968250251996,0.613209303405275,0.6709986220045905,0.6594564803108381,0.7151586755762355,0.6141381961950374,0.716258449251097,0.654879551785588,0.6996900028663546,0.5501049971189321,0.7063998100426478,0.5289670919197649,0.6930407501254233,0.7161161632271514,0.7093044930078855,0.7636527107946609,0.5528561812954423,0.4801321720044862,0.3697967685679867,0.1575453517179478,0.5688469812172329
2023-07-27 11:00:00,0.6696605474842462,0.4726088388280845,0.7046979330671174,0.6375003465529926,0.4112943785654981,0.4418323425440566,0.6591893651147455,0.7369724489201487,0.6674804428640058,0.7322656846037056,0.726214150241052,0.5707785785826963,0.6669332485757329,0.7557551793555947,0.7080321435312776,0.73016909800724,0.5853298366999962,0.6867207913244499,0.5848519894207419,0.7342405390570783,0.7562839137831235,0.6368356699773082,0.7686471862398069,0.49124628373562834,0.4268967596231382,0.4483117240890224,0.21463343454117437,0.536286891905926
2023-07-27 12:00:00,0.7339912089045386,0.4758764608222946,0.7086391411626833,0.6595702812375199,0.4960825957391306,0.5073217242078226,0.6329484058660539,0.6933341063306696,0.6885806038150538,0.7226768660916479,0.6963343172750659,0.716286297245124,0.6805157541191529,0.7124679848981263,0.7442221647537972,0.732358327349907,0.5737692716801616,0.7382860889143988,0.5273214245294826,0.7001269064757456,0.716060017617153,0.7318633125776381,0.5452282274006355,0.4537765579568941,0.239507823571788,0.46809937079795916,0.3302632760758152,0.5708794167472143
2023-07-27 13:00:00,0.7101155072495527,0.47768061563261666,0.6095948824860282,0.7126682658696297,0.5531289033405079,0.5416923139686957,0.5153436568413383,0.5927091389454996,0.6499178844842346,0.6138290699087499,0.5539143027483071,0.7120068520809439,0.6332668405327321,0.6531943354599503,0.6779205226152648,0.6517711778146548,0.5875535559171098,0.7157721136149958,0.558049448115244,0.6790667614352908,0.6645334893264407,0.67478503740568,0.5834894369471015,0.5062880178883812,0.27137337799163536,0.5200054601832991,0.36543998723118093,0.6032322564388836
2023-07-27 14:00:00,0.7012341273346981,0.43597924748246675,0.6498730415845065,0.6978791546022262,0.5502740563246725,0.5129092628676126,0.4789333842294945,0.5437089683090857,0.6885082990634238,0.646002264684189,0.541818912540089,0.6849607676993066,0.683549572003678,0.6020439574195063,0.6082762532049639,0.6737255911896642,0.6044050811926854,0.6950781735874235,0.600563029329918,0.6632719652674339,0.6225637709967388,0.6728137300881291,0.6405009158904814,0.4802477828279725,0.35662654240818614,0.49909866827979216,0.42645321407681513,0.5725591750173695
2023-07-27 15:00:00,0.692547538320903,0.4189901118249651,0.6689082456963183,0.6239729112748347,0.5573431588291293,0.48897359949192765,0.5332193102339562,0.5892093146735536,0.6760762395588192,0.6540318930383134,0.5964898385687172,0.6178419603830909,0.6601984840059147,0.6173858919609209,0.48816005674745916,0.6074406093217677,0.5823760104158235,0.6895170249890369,0.6208965401711622,0.6398823318095915,0.6281367924152302,0.6644335254595344,0.6780645688150949,0.5055160402261376,0.42505530737762615,0.43125085512642014,0.42111998673673506,0.583115106462808
2023-07-27 16:00:00,0.6370751705294511,0.35967723677517943,0.6083127386801659,0.5665443024929092,0.5137663996774943,0.4710460989647325,0.47083630120593395,0.5321291159260247,0.6658642715148112,0.62095725660728,0.5269248044713489,0.5700113773870783,0.6950834971229443,0.5921299187857411,0.5083906680877599,0.6888977789393861,0.5657005108262707,0.6563082248946946,0.5865519675675432,0.6723924587765797,0.6101256726550431,0.6208888142044733,0.6651152145629196,0.47438509674451595,0.4600241248540005,0.4036212603977979,0.3722137914761335,0.5453146368800958
2023-07-27 17:00:00,0.5180692389206625,0.3280285481254172,0.606229996762887,0.4430315227844618,0.5067523199790496,0.44413067834626296,0.5070402025923016,0.5397587608664147,0.6093208979262937,0.5747828116294392,0.5144202622801199,0.41842328570191767,0.6209798290973367,0.5849023072529218,0.4443175662139612,0.6580587698298649,0.5444106321332244,0.5350980826888723,0.5801036934774656,0.6360854470044515,0.5998400893081453,0.48953697608300617,0.5976332198243569,0.454346589807978,0.4067083874388358,0.3523650629131243,0.41663982499894797,0.5003812961566936
2023-07-27 18:00:00,0.5041884655230535,0.2841264101902283,0.5631462301047677,0.35321469531220456,0.4464133863412833,0.4240916131545721,0.5168077442768085,0.5483607666111091,0.5645639543390167,0.5739805855987734,0.5216451860588992,0.37831618686810986,0.5876335840958,0.5746547523213784,0.44414788273220623,0.6412696839080487,0.4697979538460155,0.5580890126315577,0.5342060570868716,0.6504648016224017,0.5817617791503602,0.503517808017941,0.48130378283448955,0.3888854724723868,0.3584436841549295,0.37104532924905975,0.4183934896097274,0.41903268286926787
2023-07-27 19:00:00,0.40781023122415494,0.24229642493063328,0.5141761221477579,0.34160726331832547,0.4221819591579443,0.35873688571922463,0.4512018241095757,0.5005325400804509,0.41781021605331703,0.5601932250255759,0.517226006554695,0.3425776426304903,0.4178708594355543,0.496275852641095,0.3583594451215646,0.4864962116723542,0.4119081157582296,0.42529238156136556,0.49700499234805084,0.549265628904649,0.5010642482385403,0.4312521276400188,0.3290439624923283,0.3024564748206134,0.256282782000941,0.3263566227801314,0.34903817254858777,0.311799557001541
2023-07-27 20:00:00,0.3006060301389058,0.18729699178361073,0.3879054826904206,0.32420693319391014,0.3997350586424355,0.30606637902472117,0.37883146373201115,0.4344509718005445,0.35372467277961,0.4378389342242165,0.4264945503787442,0.17191355838123157,0.3346473203307983,0.43490896602405765,0.23883783721943377,0.34424991908458796,0.29149166967499707,0.25965015207703274,0.387577180810085,0.46481337899845887,0.4344910528590962,0.26047874059095805,0.21965089481134764,0.1650467317867134,0.16001290329385437,0.2719844988336557,0.26461543117626274,0.1794455476613872
2023-07-27 21:00:00,0.2051692076955384,0.14119149902825293,0.30967046287493555,0.2078055803191284,0.3483064583057641,0.258434193574976,0.27014738684815676,0.27748696818361923,0.23442405766644683,0.29599245310705413,0.29329239426363873,0.09065612876515458,0.21903582217790524,0.2647876611823408,0.1585663445923458,0.24211814854512045,0.23171140296524168,0.16531147084032402,0.2777293644773246,0.2651304346908342,0.26375220257628157,0.1732849115651496,0.0,0.13190849754435685,0.10518573442957056,0.23806595241721085,0.1963489961583948,0.14732093331782065
2023-07-27 22:00:00,0.0,0.0,0.0,0.0,0.2576646393692246,0.15651817367747423,0.0,0.0,0.0,0.0,0.0,0.0,0.0,0.0,0.0,0.0,0.10729917777503638,0.0,0.1026189963382227,0.0,0.0,0.0,0.0,0.0,0.0,0.10487747099539152,0.0,0.0
2023-07-27 23:00:00,0.0,0.0,0.0,0.0,0.04068164605046025,0.0,0.0,0.0,0.0,0.0,0.0,0.0,0.0,0.0,0.0,0.0,0.0,0.0,0.0,0.0,0.0,0.0,0.0,0.0,0.0,0.0,0.0,0.0
2023-07-28 00:00:00,0.0,0.0,0.0,0.0,0.0,0.0,0.0,0.0,0.0,0.0,0.0,0.0,0.0,0.0,0.0,0.0,0.0,0.0,0.0,0.0,0.0,0.0,0.0,0.0,0.0,0.0,0.0,0.0
2023-07-28 01:00:00,0.0,0.0,0.0,0.0,0.0,0.0,0.0,0.0,0.0,0.0,0.0,0.0,0.0,0.0,0.0,0.0,0.0,0.0,0.0,0.0,0.0,0.0,0.0,0.0,0.0,0.0,0.0,0.0
2023-07-28 02:00:00,0.0,0.0,0.0,0.0,0.0,0.0,0.0,0.0,0.0,0.0,0.0,0.0,0.0,0.0,0.0,0.0,0.0,0.0,0.0,0.0,0.0,0.0,0.0,0.0,0.0,0.0,0.0,0.0
2023-07-28 03:00:00,0.0,0.0,0.0,0.0,0.0,0.0,0.0,0.0,0.0,0.0,0.0,0.0,0.0,0.0,0.0,0.0,0.0,0.0,0.0,0.0,0.0,0.0,0.0,0.0,0.0,0.0,0.0,0.0
2023-07-28 04:00:00,0.0,0.0,0.0,0.0,0.0,0.0,0.0,0.0,0.0,0.0,0.0,0.0,0.0,0.0,0.0,0.0,0.0,0.0,0.0,0.0,0.0,0.0,0.0,0.0,0.0,0.0,0.0,0.0
2023-07-28 05:00:00,0.0,0.0,0.0,0.0,0.0,0.0,0.0,0.0,0.0,0.0,0.0,0.0,0.0,0.0,0.0,0.0,0.0,0.0,0.0,0.0,0.0,0.0,0.0,0.0,0.0,0.0,0.0,0.0
2023-07-28 06:00:00,0.0,0.008994552298880007,0.0,0.0,0.035523825202610826,0.0,0.0,0.0,0.0,0.0,0.0,0.0,0.0,0.0,0.0,0.0,0.0,0.0,0.0,0.0,0.0,0.0,0.15233008420483113,0.04638582112299056,0.1499154205852097,0.0,0.08717369326365125,0.02221581019560418
2023-07-28 07:00:00,0.16423480303958585,0.19813895010403565,0.1834772909915764,0.16754566334207197,0.2984081175779241,0.17193795036664267,0.23021755346702974,0.29029940812239446,0.06627914977576002,0.2149641254617704,0.24031759907181208,0.06704029210892055,0.046479202024323894,0.33599235288857643,0.11333681674582019,0.07630927064050043,0.2970641027923695,0.14684751332339727,0.21149813046976923,0.2399081298319501,0.33677300256825227,0.14185436099095752,0.27632965993604136,0.24140223779426886,0.2133479206800759,0.21241688448220877,0.16392184467641788,0.30239208289805003
2023-07-28 08:00:00,0.31197052709263245,0.32186645633677236,0.3090244063552116,0.35900842209486394,0.45926965114534246,0.30428104539405076,0.33974019467541766,0.4423214214257904,0.14853353499469762,0.4046956887156366,0.38744064871309625,0.2423823594487677,0.11379024222279577,0.49796736612351566,0.17052035649032943,0.11234440550012381,0.4712722384337999,0.275527502968339,0.3510762539821114,0.43537790836985096,0.5033665345234176,0.3103596274747966,0.3492525691832672,0.4120084355852476,0.3463350838717806,0.34057450278253315,0.3192787107346801,0.4736692516822698
2023-07-28 09:00:00,0.4451787679178893,0.45835179841058127,0.4681192450890155,0.506822319838517,0.5847114881485858,0.42094272781864384,0.4890125690685985,0.593208117844786,0.2627037045971755,0.5486181223986473,0.5470351505275088,0.3292762840098021,0.24286581132707552,0.6418677698738466,0.3306970073852701,0.23890481085581636,0.59626319526492,0.460412357540911,0.5309460513235844,0.6391487479274824,0.6449620493882582,0.4243755959181108,0.3876095750438528,0.5751114259467738,0.480615410657744,0.5094005402900902,0.4403984955899897,0.6161331367188524
2023-07-28 10:00:00,0.5725116102750791,0.5535579129699486,0.6424464266419598,0.6876512461784461,0.6486215066154072,0.5060659544961862,0.6089807367454346,0.6776944125719072,0.43695042874769274,0.678740662122395,0.6694544906315049,0.5480590465309089,0.4239806252324703,0.6975872875670661,0.46134794679702185,0.43515146898124957,0.6758380937449846,0.6091631847084712,0.6315084139047322,0.7095366253595174,0.699996033736122,0.5751050645408465,0.4254281307076214,0.6332556504186929,0.524042429842522,0.5700614796679176,0.5318120244553259,0.6611858338826722
2023-07-28 11:00:00,0.6885108336982777,0.5935439783194996,0.6348967567813806,0.7638468264252635,0.7312899598636529,0.6042313828597572,0.6086253734809922,0.6770326393938816,0.5745224494861082,0.6971814884723364,0.6707531441004295,0.713312155088964,0.5783708802805997,0.7053112630079882,0.5647424997834958,0.567673988477952,0.7180408948646079,0.7142363754200859,0.6804188927033616,0.7107798670346674,0.710055676497751,0.6915223451340257,0.4286467953245449,0.6855232656580161,0.4847800417854836,0.677634683260108,0.586940840077926,0.7115931831375014
2023-07-28 12:00:00,0.6619357776459782,0.5604999074257122,0.5722031460169332,0.6524425747755429,0.7058616089419789,0.650667594792901,0.5769341556573371,0.6262056938269076,0.5624813488066748,0.6386715365226803,0.5988192815527644,0.6627920561679409,0.5277927139256686,0.6658384260487172,0.6111338866317555,0.48057480381699025,0.6663284439793973,0.7304014569362267,0.6680416231282166,0.7292546532814719,0.6721513986388191,0.6940659200871013,0.6157494619065084,0.6880548655224091,0.6223563913445124,0.6998125062259991,0.6621823684370403,0.6819069157083636
2023-07-28 13:00:00,0.6788459397703399,0.5708378577331767,0.6048498874041224,0.6493626215483979,0.7098024919214495,0.674615000353158,0.6405804680451452,0.6915743954069441,0.6310196167396064,0.6924083737356861,0.6655876517484305,0.6631417849796369,0.6295099493667093,0.7166753032515015,0.6553767001786709,0.5831319767532812,0.6403142143551,0.6957696638429431,0.6657701425855319,0.7366655179317212,0.7206129390256355,0.6948122758540801,0.561636834970236,0.6671358633536425,0.6778150236297104,0.6971848711382199,0.6809792152795501,0.6789207296173859
2023-07-28 14:00:00,0.6891198217743548,0.6151433264872022,0.6187571249652899,0.6719615047411266,0.687673863378168,0.5932792286034936,0.5724515455913505,0.6053762300804942,0.6061766919841469,0.6199767588892099,0.5639799106767331,0.7176391517441374,0.5813065881031902,0.6507602486473343,0.6263106769955582,0.5299593345380519,0.6301700061764721,0.6489755728066386,0.6582690792678436,0.6965941377658619,0.6600817830392083,0.6770318782643091,0.5754085080648264,0.5963564774245956,0.6513501669684677,0.6624876971026593,0.6804500575565613,0.6514482369220639
2023-07-28 15:00:00,0.6985912569608281,0.5954823687539827,0.6654019737034805,0.6431449396011103,0.6857314208397783,0.6431996005280844,0.6484655600055104,0.6741520158582217,0.6183177224438964,0.7018401538027952,0.6741035945372031,0.6648761908895954,0.604903046642486,0.7035658450443449,0.6698567102944094,0.5961661431172353,0.6680358196515224,0.6713623700619956,0.6816309630151722,0.6901498170172462,0.710133597161859,0.6983872826128041,0.5118997899580772,0.5817073358310435,0.5100183680302547,0.6187535008436905,0.6161116383805358,0.6164106962854721
2023-07-28 16:00:00,0.6458159713514603,0.5954755716376529,0.6016099059383818,0.6487300176141497,0.6647348243329518,0.5775433295099581,0.6038971757001427,0.6372511971630386,0.5990974491702264,0.6381507833889617,0.6023117783688903,0.6127394751875633,0.5909283144995813,0.6835292283439529,0.6065534582931388,0.6235260500220048,0.6569952967983971,0.6623837387345972,0.6214253768161668,0.7068934666519741,0.6903215512212157,0.6355743055709372,0.5298574990730076,0.5688605452954657,0.5872356972339051,0.5659280400288567,0.6028659191141297,0.6006848547310929
2023-07-28 17:00:00,0.6121381857230905,0.5319757190523788,0.5994245437824345,0.59301174537153,0.6358628631280185,0.5107196286865002,0.6397536415253345,0.6506591442748483,0.5820014113096686,0.6664804596615193,0.6442861655848496,0.583533414593764,0.5990821960365407,0.6712283171440933,0.4858897715028912,0.5900930357459232,0.6004158789682034,0.6329521500649548,0.5544456579676876,0.6907844386702703,0.6760338324949311,0.6423478123370425,0.39500627134591515,0.5555399899703259,0.5157677085555851,0.48751146172432785,0.5674456582242813,0.5446061025963902
2023-07-28 18:00:00,0.46192731815745436,0.42665996501394776,0.5603640708916374,0.516312066976642,0.5770075922058505,0.45770499604925124,0.5672147398479365,0.5666574772720887,0.547379335021979,0.570517665412688,0.5622803767372011,0.410286340009682,0.5684122739472497,0.561118170020143,0.35048832235975075,0.532216377231804,0.5491202228744602,0.41144963767023884,0.5033532691434535,0.6114608450450575,0.5611437396076943,0.44872853086205916,0.3439689167733821,0.4555058783681908,0.4809968513661261,0.431844499485471,0.5004784334129523,0.4703902801775473
2023-07-28 19:00:00,0.4493124690884257,0.33315084505080206,0.5062219844588771,0.4551146113062616,0.527365646023145,0.41688692692794227,0.46813136637415953,0.43181140353236974,0.4534576273636532,0.4928207946285208,0.4803751370643605,0.3990587351398562,0.45557092608747607,0.38019239916158437,0.2663801965779682,0.4359225829035349,0.5291253048201174,0.41280745699081867,0.476619705930908,0.4321791397981646,0.3746823837477372,0.427819381464073,0.3074355125014394,0.3942796481611363,0.359821989832331,0.3663940005437594,0.44057345729685016,0.3825618176981703
2023-07-28 20:00:00,0.3509528011608351,0.22375248857585245,0.4271515989532611,0.33476006614304565,0.5389169506974906,0.44233810453561195,0.3340492415911056,0.3543149963084715,0.37914207390338,0.3683538919969362,0.361725093309464,0.2538471771871102,0.3743538082390371,0.3723346150730633,0.23972376908556084,0.383702732864575,0.44164414094085513,0.28744223714958983,0.401990690461906,0.3735762413374242,0.3753898480646942,0.28334066647756256,0.23504304564458087,0.2966304420478475,0.2408976715607021,0.3535924291236078,0.33229125133991716,0.3026286088533632
2023-07-28 21:00:00,0.2221760452724883,0.13493551624018058,0.2402970726711449,0.15374473417530468,0.45220795228290295,0.30959782924035506,0.1501596781043423,0.15460319121277394,0.20893112403659211,0.16350824647273907,0.1577283522264151,0.14166844539623275,0.2111408561797928,0.16983331215190844,0.09612972650256972,0.24421097912726297,0.34224284834748714,0.22200344784288026,0.32197426133118756,0.1794740736812675,0.1727617784968996,0.1808797355827405,0.0,0.14964795917941626,0.09240395213998952,0.26184638293842954,0.2283200781238997,0.1466969835534564
2023-07-28 22:00:00,0.0,0.0,0.0,0.0,0.3106770173167921,0.1868278837249604,0.0,0.0,0.0,0.0,0.0,0.0,0.0,0.0,0.0,0.0,0.16248091125888042,0.0,0.182704330851918,0.0,0.0,0.0,0.0,0.0,0.0,0.10941895786164146,0.0,0.0
2023-07-28 23:00:00,0.0,0.0,0.0,0.0,0.033959823014588705,0.0,0.0,0.0,0.0,0.0,0.0,0.0,0.0,0.0,0.0,0.0,0.0,0.0,0.0,0.0,0.0,0.0,0.0,0.0,0.0,0.0,0.0,0.0
2023-07-29 00:00:00,0.0,0.0,0.0,0.0,0.0,0.0,0.0,0.0,0.0,0.0,0.0,0.0,0.0,0.0,0.0,0.0,0.0,0.0,0.0,0.0,0.0,0.0,0.0,0.0,0.0,0.0,0.0,0.0
2023-07-29 01:00:00,0.0,0.0,0.0,0.0,0.0,0.0,0.0,0.0,0.0,0.0,0.0,0.0,0.0,0.0,0.0,0.0,0.0,0.0,0.0,0.0,0.0,0.0,0.0,0.0,0.0,0.0,0.0,0.0
2023-07-29 02:00:00,0.0,0.0,0.0,0.0,0.0,0.0,0.0,0.0,0.0,0.0,0.0,0.0,0.0,0.0,0.0,0.0,0.0,0.0,0.0,0.0,0.0,0.0,0.0,0.0,0.0,0.0,0.0,0.0
2023-07-29 03:00:00,0.0,0.0,0.0,0.0,0.0,0.0,0.0,0.0,0.0,0.0,0.0,0.0,0.0,0.0,0.0,0.0,0.0,0.0,0.0,0.0,0.0,0.0,0.0,0.0,0.0,0.0,0.0,0.0
2023-07-29 04:00:00,0.0,0.0,0.0,0.0,0.0,0.0,0.0,0.0,0.0,0.0,0.0,0.0,0.0,0.0,0.0,0.0,0.0,0.0,0.0,0.0,0.0,0.0,0.0,0.0,0.0,0.0,0.0,0.0
2023-07-29 05:00:00,0.0,0.0,0.0,0.0,0.0,0.0,0.0,0.0,0.0,0.0,0.0,0.0,0.0,0.0,0.0,0.0,0.0,0.0,0.0,0.0,0.0,0.0,0.0,0.0,0.0,0.0,0.0,0.0
2023-07-29 06:00:00,0.0,0.027318494126043254,0.0,0.0,0.031040793842212956,0.0,0.0,0.0,0.0,0.0,0.0,0.0,0.0,0.0,0.0,0.0,0.0,0.0,0.0,0.0,0.0,0.0,0.23494518824511115,0.1171452200217631,0.21937454527427658,0.0,0.2520250040257901,0.04895145339745316
2023-07-29 07:00:00,0.17350431670620634,0.28555252912188467,0.17271377426577053,0.23832799156378595,0.3084344081105078,0.17704896480187562,0.19100577438564834,0.20224586128522526,0.10620488747943954,0.21732755065247694,0.2146965074816366,0.18750185959874804,0.08236294145341497,0.1800248344192967,0.02805995511881453,0.040396497207727824,0.16832489143398874,0.24071017150080096,0.13429582587471425,0.18977274714031658,0.17517565154653797,0.20890316570661174,0.43273964239995866,0.3706698212435847,0.3136469320498641,0.21493807088154054,0.3758968127113515,0.35695225528609803
2023-07-29 08:00:00,0.32320440685771096,0.44203258217553915,0.3400322045672261,0.37993933898420074,0.45454318432813207,0.3103406987086028,0.2962519289839329,0.3167922082203243,0.21927823074253258,0.39545908157148907,0.38064486309202866,0.31598200493225426,0.16756862022402474,0.26974783606858377,0.06874551155254756,0.08760099023007681,0.266580093482596,0.37358632749225595,0.20626838577195344,0.2623824902033997,0.26420772552821825,0.3734806852687175,0.5906173933069248,0.5284557969532414,0.45581377926271055,0.3388792639275884,0.4910716297694783,0.5265813506498439
2023-07-29 09:00:00,0.4328145294948326,0.5578405273015957,0.37219570243892736,0.506077894891842,0.5576137371735813,0.4087500925088491,0.4224683068748096,0.4748684637259804,0.3596837546460008,0.49581085724378415,0.48034138577591784,0.4677121875517401,0.28501587213414803,0.4590264371585611,0.18980643304014122,0.16399048140937214,0.3539150834589712,0.5303521717479919,0.3211837284694588,0.47436512261038255,0.4508096481962088,0.4953408165121716,0.6881340086810764,0.6314352137554343,0.6328572762196547,0.44829397649923325,0.6556192155039691,0.639471181878436
2023-07-29 10:00:00,0.587781953590647,0.6813688004525348,0.4907583462232099,0.62147952237985,0.6486708703485188,0.5268522067817933,0.5870040096343927,0.6452271113792555,0.44249748215673806,0.6490774497670213,0.6436111564380438,0.6224717470126373,0.3654280000309133,0.6579098369531899,0.2603454480992599,0.20748696064199088,0.5067952507872584,0.6842421954606825,0.4249732919709264,0.6328260925243053,0.6536178335301198,0.6744315461531626,0.7356622325281507,0.7137397783749269,0.7514033727780306,0.5394215443836315,0.7604375585910538,0.7044864617368822
2023-07-29 11:00:00,0.576242002965081,0.6812185562663367,0.557061126014646,0.6268553970180255,0.6840031390614085,0.5931141760957197,0.6306668475489351,0.6709644481920983,0.48809753796061944,0.6791603734145419,0.6818502050024096,0.5494270386696588,0.4239877752959141,0.6673541609710686,0.3301568191877956,0.25273470578013013,0.5503631221209568,0.6022914058688222,0.47172814419632025,0.6268183404908726,0.6607991150148728,0.6248907854733571,0.7749574785263982,0.7183849882350225,0.779443630648847,0.5854794928624022,0.7795450390114699,0.7029675974730406
2023-07-29 12:00:00,0.645886470373527,0.6665123067308781,0.5626692286647399,0.6538327735799965,0.7561771428183383,0.616808498137263,0.6261164207716882,0.6764333506789342,0.5572816735293987,0.6442003428161357,0.659508596530028,0.6084508766482858,0.5224762687095232,0.719079705851157,0.3702989953866198,0.361307973488771,0.6183506442541092,0.6416305844553825,0.5380703458500081,0.6934424656627496,0.717754070498472,0.654385912798798,0.7134982999749732,0.7190729062145704,0.7186895401413139,0.6308268811042104,0.7703124460704952,0.7136971743035527
2023-07-29 13:00:00,0.6019642723625136,0.5934698280522671,0.6391070544317485,0.5982444334657214,0.7587822537812369,0.6114329160735223,0.6673518552766754,0.7121371166111065,0.5531148745352392,0.6927868368009391,0.695307644571615,0.46529200057914494,0.4826927630936591,0.7367144549870056,0.42587760876461045,0.38974216113619964,0.591639828754108,0.5311241504519785,0.5167148360553984,0.7102711127302133,0.7353931637671137,0.5720603348791696,0.7326420592947874,0.6413814023001645,0.6827097269590343,0.5932852099900083,0.716932788175427,0.674688093121103
2023-07-29 14:00:00,0.6321422725603154,0.5876061283830225,0.6263312617138569,0.5713097200419519,0.7472855906809749,0.5974221156460469,0.6707511417326314,0.7326384631298959,0.5334138587978952,0.7016124222459424,0.7131483533475328,0.524095598347258,0.4852501257282231,0.7534429614159858,0.42464566406369575,0.48664454588345313,0.564500530232535,0.6478272001991515,0.5113769329151667,0.6980544064090913,0.7491107121013277,0.6365412089082946,0.7175021181273608,0.6715314800884876,0.6929947407545357,0.576409572014016,0.7282698358315041,0.6734355601907545
2023-07-29 15:00:00,0.600298054078218,0.5250268091466928,0.6503408969564859,0.553474931111836,0.7281679100454076,0.5988806942787179,0.6908280536880138,0.7267775663146395,0.5247149894668008,0.687995255070369,0.715846921815369,0.4712350319599822,0.5137773432984145,0.7447995901762389,0.3347523140988725,0.497575818407378,0.537162328952172,0.5571830160702379,0.5147454990307314,0.6254140391623215,0.7405972988086248,0.5833774027966961,0.6439841511877038,0.658205387958589,0.7133834233550036,0.4960254790820889,0.6958506600347881,0.6665887081629653
2023-07-29 16:00:00,0.6113303133014981,0.451430292213108,0.6823976636780199,0.5695707677038432,0.7084537783662962,0.5371417071128683,0.6991817274327706,0.7033105743768403,0.5224310206965547,0.6539466887191231,0.6951318592461172,0.5401191423881453,0.4839033590140714,0.7184991662337573,0.22815799075075247,0.36865806637760795,0.5094766867995257,0.5818304374562336,0.478302337214819,0.6283557733362791,0.7141671135045248,0.6132663249538373,0.5896447376144823,0.6489957325899807,0.736369326333855,0.44945272913775086,0.6846264885402467,0.6256965786925814
2023-07-29 17:00:00,0.6034482378928056,0.3729710773338427,0.6296387876547791,0.45805752173746617,0.6568841151331621,0.5115197331838769,0.6586362285974864,0.6880075225963243,0.5420894653333255,0.6399523929835387,0.6729903355547013,0.46891475156381124,0.5063945109653304,0.7130876097565001,0.1747181034200786,0.38470761689103566,0.45989793212090946,0.5926736144774106,0.43440825473039724,0.5879820166594317,0.7085321945016244,0.5720133847728578,0.564306664138026,0.5227565009379577,0.6969957520389246,0.3985128219046884,0.6176314800252944,0.4959281055498872
2023-07-29 18:00:00,0.5428590018961763,0.3172987042402874,0.612041818655231,0.4905561416119333,0.6166737827078782,0.4479003087748326,0.6293630423570619,0.6701508670276213,0.4752792335938349,0.6528085877279957,0.6628454661284351,0.44003816625062764,0.4337142023608454,0.6820580176880752,0.17065973528788742,0.3629994081700079,0.3883719985990665,0.5321954153726912,0.32048439832186776,0.6203513791333073,0.6791722300777072,0.556300385493394,0.41464542705226926,0.45530115242327457,0.5920645957858102,0.32485624713778244,0.5323170251496089,0.47927781140487563
2023-07-29 19:00:00,0.4846721118584827,0.2665889031497876,0.5226553382344773,0.4672729261066848,0.5679815877662918,0.41128721922658296,0.5485666355932708,0.5885587914822361,0.39651636984949784,0.5943518056001276,0.5930574289371112,0.4089351776021638,0.3603991194638934,0.5857700655624718,0.08166658407790217,0.2748386002995994,0.2866378676468571,0.4267735512075785,0.24298047292814,0.5206625797014492,0.5808574489902573,0.48858077208772815,0.34242690735730774,0.4466590686183455,0.5072508405061005,0.2825972795854568,0.3977423931542633,0.45014181802071057
2023-07-29 20:00:00,0.4097830020042917,0.1979586274464581,0.43244065695088313,0.38015883790725236,0.49661061198142753,0.4118077008803933,0.4493612500206868,0.4575698843935016,0.40077040240057255,0.44142556538992556,0.4588704533122955,0.3561117086229597,0.4047989465201155,0.4640805311672314,0.08699182755752445,0.3202241065548386,0.16875563158948778,0.3975047598320636,0.16986866995827374,0.43821255400343373,0.46071541231917906,0.3861107294575057,0.24611237907505493,0.335534670710059,0.3359459061096434,0.2550057401212141,0.281314607466627,0.368667573817147
2023-07-29 21:00:00,0.2835912009358298,0.16351931276721268,0.2927591465205777,0.25121925165627806,0.41613548433876324,0.25435264081083736,0.29499130611375435,0.30544732663478186,0.24367983708151084,0.2978401108458092,0.3066570552410633,0.25970265644036666,0.21886372419841893,0.30258581107140425,0.05582185655058162,0.19195551933984115,0.090258650244166,0.200791400004913,0.09629860119688033,0.27844442869931235,0.3009400714927667,0.2758999015952242,0.0,0.19947849202941165,0.12159851727125162,0.17162358866936706,0.1051514891789267,0.24571930055042313
2023-07-29 22:00:00,0.0,0.0,0.0,0.0,0.23788254017631502,0.1660257044356966,0.0,0.0,0.0,0.0,0.0,0.0,0.0,0.0,0.0,0.0,0.035090633682597766,0.0,0.03447740201043472,0.0,0.0,0.0,0.0,0.0,0.0,0.12037428246520183,0.0,0.0
2023-07-29 23:00:00,0.0,0.0,0.0,0.0,0.002440177545906384,0.0,0.0,0.0,0.0,0.0,0.0,0.0,0.0,0.0,0.0,0.0,0.0,0.0,0.0,0.0,0.0,0.0,0.0,0.0,0.0,0.0,0.0,0.0
2023-07-30 00:00:00,0.0,0.0,0.0,0.0,0.0,0.0,0.0,0.0,0.0,0.0,0.0,0.0,0.0,0.0,0.0,0.0,0.0,0.0,0.0,0.0,0.0,0.0,0.0,0.0,0.0,0.0,0.0,0.0
2023-07-30 01:00:00,0.0,0.0,0.0,0.0,0.0,0.0,0.0,0.0,0.0,0.0,0.0,0.0,0.0,0.0,0.0,0.0,0.0,0.0,0.0,0.0,0.0,0.0,0.0,0.0,0.0,0.0,0.0,0.0
2023-07-30 02:00:00,0.0,0.0,0.0,0.0,0.0,0.0,0.0,0.0,0.0,0.0,0.0,0.0,0.0,0.0,0.0,0.0,0.0,0.0,0.0,0.0,0.0,0.0,0.0,0.0,0.0,0.0,0.0,0.0
2023-07-30 03:00:00,0.0,0.0,0.0,0.0,0.0,0.0,0.0,0.0,0.0,0.0,0.0,0.0,0.0,0.0,0.0,0.0,0.0,0.0,0.0,0.0,0.0,0.0,0.0,0.0,0.0,0.0,0.0,0.0
2023-07-30 04:00:00,0.0,0.0,0.0,0.0,0.0,0.0,0.0,0.0,0.0,0.0,0.0,0.0,0.0,0.0,0.0,0.0,0.0,0.0,0.0,0.0,0.0,0.0,0.0,0.0,0.0,0.0,0.0,0.0
2023-07-30 05:00:00,0.0,0.0,0.0,0.0,0.0,0.0,0.0,0.0,0.0,0.0,0.0,0.0,0.0,0.0,0.0,0.0,0.0,0.0,0.0,0.0,0.0,0.0,0.0,0.0,0.0,0.0,0.0,0.0
2023-07-30 06:00:00,0.0,0.0017656824222462473,0.0,0.0,0.014237454195702902,0.0,0.0,0.0,0.0,0.0,0.0,0.0,0.0,0.0,0.0,0.0,0.0,0.0,0.0,0.0,0.0,0.0,0.3365807589348007,0.03299850576657882,0.29496125965755277,0.0,0.07851005771835137,0.008506967236660584
2023-07-30 07:00:00,0.0847180890126136,0.2563088624934879,0.18327850543045707,0.12039512801983424,0.26605922228711243,0.0937010773922035,0.17993846671563116,0.21913512030823115,0.0981828980541291,0.16967621056263013,0.18339528155690915,0.0525359632377076,0.12648710785174772,0.2585893125116317,0.0969230793780568,0.17041190088260177,0.018811280302382456,0.09585685216570755,0.020265345157400458,0.3113667231422509,0.25944174686245364,0.08852028416244577,0.5246961808622155,0.26917359817496544,0.4239746846095317,0.14177769331170192,0.18641920162453848,0.29090007145386443
2023-07-30 08:00:00,0.14939342101248168,0.4179350896223509,0.29667128308584806,0.18434839910926534,0.3504395427831189,0.13476966451906336,0.342642564848858,0.40566948568981975,0.1662863552997964,0.2827764714818265,0.335101983631129,0.08994241527693579,0.2205536684174629,0.4736717260038454,0.1613917702516098,0.28413552471196923,0.020307705543660914,0.13980758647040745,0.048209034558858395,0.41971158879142306,0.4710123833015261,0.152088226084471,0.652998600025846,0.42954932951271996,0.5507452324418786,0.20123434079850863,0.3277671655149429,0.4201522304712462
2023-07-30 09:00:00,0.25695910935724614,0.48517249295785275,0.42195547935511585,0.3784354781259299,0.4933314964046356,0.21270625143600963,0.5031329356770895,0.5623437100844347,0.23416405431330634,0.39546089323270267,0.47449941697226394,0.21367684658163275,0.2875775282274436,0.6222303918705246,0.2521659392378203,0.37327285826216183,0.03516980649408859,0.22512130139290473,0.08544520677390861,0.5744116522566052,0.6149443786032914,0.24839438375966702,0.7133632711489227,0.5544499171979101,0.6284636088338149,0.27071831632322396,0.46974081381154204,0.5688777859043267
2023-07-30 10:00:00,0.41801329811215726,0.5518838292013144,0.5444251728424278,0.5027468110773645,0.5611436596876017,0.28259202704108805,0.602315059627273,0.6091393355133483,0.3137884770553677,0.4841084261266719,0.5741179921877093,0.40428866034256483,0.34849634071142715,0.6547467436638637,0.361097053491651,0.4122916546605849,0.06280135036253824,0.4295346865105764,0.13008189141397222,0.6201520308878081,0.6489786650786667,0.44262944193684256,0.7450410368570218,0.6104266008189745,0.7065396893023638,0.3441926640796207,0.5920315878150312,0.6180950626339345
2023-07-30 11:00:00,0.46856008083254547,0.5904115112592598,0.5563496703510443,0.6708885868499804,0.612949345023129,0.3230114706948652,0.6668965783551534,0.6924270523580911,0.3778175500558129,0.5877521895341565,0.6592801253480949,0.5101611055155438,0.39055759585496963,0.7310903740430139,0.4562709998371305,0.454361585130005,0.1426077317234614,0.4204319969242536,0.18915739886260416,0.7185559290281187,0.7270248961040489,0.4765079281599702,0.7558069077423085,0.6915750106071723,0.6508106940996307,0.37388303598361644,0.6513678995536603,0.6934553089738736
2023-07-30 12:00:00,0.47018777107098053,0.5998057936634119,0.5721526374100591,0.6583305630310112,0.7161450232003206,0.345780512843153,0.6642694380658015,0.6882965815690852,0.40436308545575245,0.5818495718974057,0.6447915009197774,0.5380722960180603,0.42758779543281006,0.7210009963020689,0.43910069467935,0.4237181928575158,0.2875006287880434,0.4490424444930197,0.31387828766730147,0.7139297089984248,0.7160258934067874,0.4903629566918328,0.7588188413938418,0.680577908578771,0.7420900009368594,0.4636599752690551,0.67711303800667,0.6644408471218572
2023-07-30 13:00:00,0.5027688145037654,0.606653280483321,0.5887514413687671,0.6974423049615072,0.7239149985987191,0.3839234395182679,0.7158119118572782,0.7278857814594405,0.47798591559803627,0.6214176228852367,0.6605069444421907,0.5774566558658417,0.4659095317647936,0.7529132750641401,0.5026383300244357,0.39205414279038575,0.2508050958544651,0.5316230718268714,0.30127106757355987,0.7481951027326312,0.7500106328091523,0.5551575067520521,0.7078245970398228,0.6859098832202208,0.6957495176098993,0.48759132117880455,0.6847429120883066,0.720783648673782
2023-07-30 14:00:00,0.5008142475488851,0.5852402962082658,0.5768885599027328,0.6966701652106484,0.6818254538710729,0.40882593451664856,0.6688471257680934,0.6681295264092547,0.505007230552476,0.5441293183707583,0.5702182655589542,0.5678375959336033,0.4905665082621919,0.7028493388716769,0.5124716171470698,0.4642436123285884,0.38695001444847044,0.5131734012221999,0.395653666961043,0.7147998280477253,0.7025451402193774,0.5007393860424338,0.6132462334687299,0.651530146610161,0.61937337685349,0.47289594891041126,0.5276310527756983,0.6946909177395174
2023-07-30 15:00:00,0.5132315617839208,0.5674692608306958,0.5739793693939866,0.6920135338768449,0.6376149068053565,0.4321200609358143,0.6153266350573668,0.6185278816424824,0.5305098463452657,0.5856514393217822,0.5528003370738859,0.5889484802680349,0.5271707652928946,0.660298861321747,0.531664031180768,0.5478032743040787,0.42208132928625985,0.54858332071838,0.43838794082566584,0.70479032374414,0.6680778569508857,0.5604909155303217,0.5786812723518697,0.6141553614373078,0.5913915584187491,0.4717082934904194,0.5431973280430938,0.6413092853239254
2023-07-30 16:00:00,0.4781016120332617,0.5761782759145875,0.5843221969886639,0.71609337080355,0.6057968395630701,0.34394857504340565,0.6102687852526942,0.6129787102210227,0.48874153659712805,0.6225461101260518,0.5885416002387687,0.6178041726456323,0.456115149049235,0.6279048122331073,0.4180432884032917,0.3556456056707394,0.3948044838537298,0.4936133783358032,0.42747711474491173,0.6822603882788211,0.6331764949668025,0.574594234474132,0.4717378929056581,0.6552716183837969,0.5176976007056586,0.3920260281274261,0.4657255007722112,0.6509428368671373
2023-07-30 17:00:00,0.4619232875080569,0.5638283268496744,0.5767904741389578,0.6703278669162879,0.5558220562430592,0.25910276818679917,0.6097216652968781,0.6182591515804318,0.4076720972791551,0.6296945243904888,0.6243177977788431,0.6430062471571095,0.3627327143331511,0.6375121501550225,0.30974925333682574,0.3457728905987828,0.34550998825378904,0.5306883072640526,0.42562128869239896,0.577066821588317,0.6408376655986481,0.6074281760422504,0.3881305095086812,0.5964033024374853,0.4508169839252271,0.26774803145482434,0.4238383377658242,0.5724906240049246
2023-07-30 18:00:00,0.483981484828356,0.4960176951032374,0.5548759400890295,0.6808028617079658,0.4673264290292417,0.2060404171718328,0.622525529814757,0.6354900937160689,0.4429377991932958,0.6230557378025096,0.6181094654871202,0.6420610645779999,0.38105629401999247,0.653727836909097,0.287504946206236,0.29056695805790156,0.30639542875485903,0.5882462169102297,0.3783115029622278,0.6812056475188424,0.6546749714107363,0.6146407559014196,0.3287692150927139,0.47452172982257224,0.46071273786355227,0.28039594402570966,0.41906964194443175,0.5305797644288202
2023-07-30 19:00:00,0.36086456092343766,0.4383156241841841,0.4342589606966885,0.6224354371070612,0.4420863137164652,0.16175292069200214,0.4378331443870301,0.4450986288411724,0.31786600280192073,0.5010488036937508,0.43124571522252864,0.5706571591994936,0.33488856679556067,0.4799088857627478,0.2690271776848362,0.3061580141308148,0.3150295764588195,0.474850025587304,0.37609251007814587,0.5728806882178757,0.4913093984689755,0.5287447344944826,0.2766799915641841,0.4216876234996746,0.3697209929432693,0.23270982286708214,0.30782924136134543,0.49280698312621585
2023-07-30 20:00:00,0.2912302185957209,0.3460671005939264,0.3856326824340758,0.4951660165982846,0.38710056586612673,0.10300864345887407,0.3997487343368618,0.37091268164329055,0.18755822097126407,0.3941110612799471,0.3912038847907834,0.47591618585220485,0.17930055928295427,0.37920988528345656,0.23056215977124908,0.23212271390406408,0.27838983372851006,0.3971721666077706,0.30983104378917625,0.4186265156812845,0.3824923641664376,0.4284791697512931,0.32106671928619407,0.36028993210731897,0.31102000146320324,0.16146925528210065,0.22003481409403633,0.4139445141787376
2023-07-30 21:00:00,0.20460654887315205,0.2590163438240195,0.29658576974966727,0.3016366354052076,0.2859853433627233,0.058759908898788384,0.2945958827347695,0.28320706621823216,0.10227532786822686,0.2879677321774646,0.2932894658944487,0.2923012126400098,0.09826311062526831,0.28112090977717996,0.1318870272049509,0.12594100515280393,0.1765773763932999,0.2746846943917683,0.1976635780397602,0.2706885936613803,0.28083069314502457,0.30075218129106257,0.0,0.2590136598837334,0.1111548405326998,0.08506744729713558,0.10785774191689665,0.2866482819689842
2023-07-30 22:00:00,0.0,0.0,0.0,0.0,0.16626193248036245,0.005019063279550139,0.0,0.0,0.0,0.0,0.0,0.0,0.0,0.0,0.0,0.0,0.0228244218523447,0.0,0.04466543253575594,0.0,0.0,0.0,0.0,0.0,0.0,0.007878501330741873,0.0,0.0
2023-07-30 23:00:00,0.0,0.0,0.0,0.0,0.0037259514735216892,0.0,0.0,0.0,0.0,0.0,0.0,0.0,0.0,0.0,0.0,0.0,0.0,0.0,0.0,0.0,0.0,0.0,0.0,0.0,0.0,0.0,0.0,0.0
2023-07-31 00:00:00,0.0,0.0,0.0,0.0,0.0,0.0,0.0,0.0,0.0,0.0,0.0,0.0,0.0,0.0,0.0,0.0,0.0,0.0,0.0,0.0,0.0,0.0,0.0,0.0,0.0,0.0,0.0,0.0
2023-07-31 01:00:00,0.0,0.0,0.0,0.0,0.0,0.0,0.0,0.0,0.0,0.0,0.0,0.0,0.0,0.0,0.0,0.0,0.0,0.0,0.0,0.0,0.0,0.0,0.0,0.0,0.0,0.0,0.0,0.0
2023-07-31 02:00:00,0.0,0.0,0.0,0.0,0.0,0.0,0.0,0.0,0.0,0.0,0.0,0.0,0.0,0.0,0.0,0.0,0.0,0.0,0.0,0.0,0.0,0.0,0.0,0.0,0.0,0.0,0.0,0.0
2023-07-31 03:00:00,0.0,0.0,0.0,0.0,0.0,0.0,0.0,0.0,0.0,0.0,0.0,0.0,0.0,0.0,0.0,0.0,0.0,0.0,0.0,0.0,0.0,0.0,0.0,0.0,0.0,0.0,0.0,0.0
2023-07-31 04:00:00,0.0,0.0,0.0,0.0,0.0,0.0,0.0,0.0,0.0,0.0,0.0,0.0,0.0,0.0,0.0,0.0,0.0,0.0,0.0,0.0,0.0,0.0,0.0,0.0,0.0,0.0,0.0,0.0
2023-07-31 05:00:00,0.0,0.0,0.0,0.0,0.0,0.0,0.0,0.0,0.0,0.0,0.0,0.0,0.0,0.0,0.0,0.0,0.0,0.0,0.0,0.0,0.0,0.0,0.0,0.0,0.0,0.0,0.0,0.0
2023-07-31 06:00:00,0.0,0.0,0.0,0.0,0.0007156288566545935,0.0,0.0,0.0,0.0,0.0,0.0,0.0,0.0,0.0,0.0,0.0,0.0,0.0,0.0,0.0,0.0,0.0,0.36107873805362095,0.013941935900307846,0.2826379931057272,0.0,0.05467667117742866,0.00349699944849238
2023-07-31 07:00:00,0.24193797494903838,0.3399209293537221,0.23790785828118619,0.42558066837877734,0.0765156697335017,0.024625115113106895,0.2817717347103933,0.3176776491175725,0.09471076509250353,0.3270527303186124,0.31170769290776446,0.399182317850728,0.06947572077923886,0.33604039721153,0.09930899640657935,0.0320023022306706,0.10667363022127739,0.3253995539818256,0.07703634304648972,0.352318976001938,0.33906577559823886,0.3500031692033121,0.541401397076317,0.34888964483819934,0.41266434926191803,0.04551502710876406,0.17096262269958182,0.34703657504363666
2023-07-31 08:00:00,0.38636629492429964,0.4726775359022244,0.3776823667727092,0.5702382591159778,0.130343201462836,0.03206595520727563,0.44450767218025683,0.5275659379828066,0.22971883210374075,0.5235911249638228,0.5116882128223995,0.5766181577491941,0.18819398639998103,0.5396258201033497,0.0978981237809695,0.07101048739884556,0.20908648881150532,0.5259030516946331,0.18861032381206969,0.54963836026967,0.536652145543674,0.5555107730980672,0.6727777480304308,0.42768965234503287,0.5230706243900052,0.06772195745978482,0.27859979049814326,0.4677004730577248
2023-07-31 09:00:00,0.4493038481579751,0.5632734902985602,0.5345159574071143,0.7080114477072699,0.22047494879434623,0.059026542105413464,0.5630272367032684,0.6375309526783766,0.31514768116273106,0.6226411481000098,0.6147602873642742,0.685833715381028,0.25938913691239723,0.6619643319706077,0.13975219614623446,0.11156719195733157,0.2666138272807739,0.5883943283642279,0.24459869685110724,0.6607977102614542,0.660631938685639,0.6224694483134547,0.7334900306593154,0.575358074717853,0.6517010821357105,0.13147921847704214,0.47891811384813143,0.593619807906651
2023-07-31 10:00:00,0.5446106864566358,0.6814918881428348,0.6263753301897338,0.7505401455433017,0.2773455870895276,0.07902323558822547,0.6403765793573167,0.6957234386787259,0.4406910051885843,0.6745016884080874,0.677289663978315,0.7334659219477149,0.378584155408568,0.7154934769916553,0.14567531304030887,0.15314128321841067,0.31442879968353077,0.6493045527174875,0.27113609987373266,0.712857580860883,0.7139256893031433,0.6949584285213497,0.757504713114399,0.7009735348719447,0.7177325394603898,0.16065622352763184,0.6333150153025903,0.7088994991235581
2023-07-31 11:00:00,0.5354810302388879,0.6608361442843791,0.6047903682131617,0.7776316363466184,0.3106383979383626,0.10108822444759918,0.6804591419685706,0.7309526002618942,0.5148335324343603,0.6761819358961241,0.6835287723739122,0.7525261395573918,0.46749117501584836,0.7624534545133087,0.14090085332920826,0.24730978718769972,0.3433134627069904,0.6847864374327721,0.33979946070169315,0.751636850237376,0.7625556146930834,0.7036960861483936,0.7589648288915736,0.7019341577708104,0.7163825503436606,0.2266406427743061,0.6776715490471689,0.678240740718911
2023-07-31 12:00:00,0.5003627288447337,0.5985305121984865,0.5824415090067573,0.7455164481134585,0.452819995931861,0.2200952148382957,0.5837165163546273,0.6277428765419985,0.5392203054548133,0.6619790084384511,0.6107055671034678,0.6165286822992103,0.5402088339300422,0.6769126497004818,0.26302134877532285,0.4660441507971675,0.49146721243205854,0.5849617951470705,0.4421175856341608,0.6842608499953876,0.6892194854135028,0.5889012265322658,0.77020574596206,0.6215304246869503,0.7231479630800478,0.27690300679317703,0.6323250023264565,0.5823858140908531
2023-07-31 13:00:00,0.4654872333270851,0.565187699416612,0.5360388865388911,0.7087095345380036,0.4572689331885685,0.18648101069584236,0.4719005326857928,0.5443590508017648,0.47310642880792075,0.5777196284910959,0.5010302679400991,0.48763360086169016,0.4878981642286627,0.6354011217008675,0.21608441247751015,0.37363772556310176,0.4478397434878039,0.4918959332912702,0.41131802617992635,0.6183794202836487,0.6565502639381264,0.4969668521042095,0.7918766276820829,0.6415015735326621,0.7287130187407542,0.24834336113808483,0.6653117673676543,0.6072010778900137
2023-07-31 14:00:00,0.4944705666836854,0.6091282732040861,0.6248634299733236,0.671519339227731,0.4778825166983465,0.23232237012002804,0.535605612607735,0.5564247922265889,0.4534239343861214,0.5673490495473266,0.5170845606491699,0.5175524802381098,0.4945873217507329,0.6397499538871789,0.27505662340586934,0.4109725184786444,0.5348256323571631,0.5210730715273166,0.46871128889521785,0.6207846729820319,0.6579615658703837,0.5133452332956413,0.7870214292882001,0.6333933843410512,0.720122261709768,0.30777089840617905,0.6482384521175719,0.6453238759162631
2023-07-31 15:00:00,0.5183685643423978,0.5360408615413494,0.6520614895276342,0.5884511082012078,0.45473949110215994,0.19066209911118673,0.5362204616626832,0.5276984050499,0.5035004203288842,0.5764908261714241,0.5180012616318287,0.41536241002810087,0.4915108721087012,0.5844019660296277,0.25357620777142975,0.35603488258756943,0.4741900295325788,0.5339292128460286,0.3890310926671654,0.5941254134581768,0.6035259305987787,0.5050281726827412,0.770303223588175,0.5893755273294099,0.6951317013691578,0.27022991885410663,0.5999476118989798,0.5789347944586614
2023-07-31 16:00:00,0.5275523969163103,0.5218317572075368,0.6802435581412466,0.5869461643073463,0.40966038178227293,0.21609389474350052,0.6926989648254319,0.6707762368965428,0.4326417546543049,0.6454244715233792,0.6492751089608418,0.40440942223173376,0.42145298313080065,0.687583690495909,0.38457147565790734,0.39390102423298917,0.435883826560181,0.5160443889537875,0.35561720049840734,0.6210992612549215,0.6917453682019408,0.5157997679380316,0.7451501744092488,0.5806016179848982,0.6811651843337707,0.3088301314827504,0.5655075778617785,0.5697219769903833
2023-07-31 17:00:00,0.5501342203746653,0.5311710937223347,0.6600310454207623,0.6005819234001427,0.3722840771501585,0.2019004924720906,0.6406530703854127,0.627831205732726,0.33084714576114765,0.6381907665909479,0.621857157821233,0.4744163959302826,0.32527770688519664,0.6580690387799234,0.4767512566797047,0.3631333521931027,0.4226163914021031,0.5382621379851591,0.31592485461611763,0.6277777908242975,0.6668498234216143,0.5796123772828459,0.7141344113741437,0.5582090057577076,0.671688625662855,0.2557837181172935,0.5571876798397655,0.5199158331584545
2023-07-31 18:00:00,0.49353666845014343,0.4726368482724856,0.623083953842109,0.6238615710295998,0.3027936285910032,0.18272483451047244,0.4853499089821554,0.4785710569995005,0.3304548238827395,0.5712659661418622,0.49823791448466603,0.4717070840315749,0.30106227170610406,0.5151208230325416,0.42034389674540595,0.35833952815218195,0.37602362432797276,0.39463509590957463,0.2547741105344491,0.5260940902156985,0.5337633392032608,0.4809254264311749,0.6894486909270299,0.5195746731704088,0.6258079518743676,0.21470551046491224,0.5310669238380572,0.49935110991107307
2023-07-31 19:00:00,0.3872478622862267,0.3694533209777637,0.5619850368545711,0.6279917633165616,0.23889138666796486,0.131008742260527,0.44447924285485946,0.4286258717773541,0.23083486878785892,0.48706101698201953,0.43734214976971897,0.47727250816706096,0.21207194957907557,0.47328651578806585,0.326558204979457,0.2654664114254666,0.2839612663807406,0.29634235690630956,0.17735065353690552,0.5330140334940037,0.48944413136835874,0.41094065337203195,0.611006093606508,0.42559015278454654,0.500852881395558,0.18276138959733274,0.35642923367417906,0.42013295886285196
2023-07-31 20:00:00,0.2871016738238873,0.23381668695015964,0.43526750156623506,0.4873772894853442,0.17141821512747854,0.10521538687123178,0.36250504824450575,0.3389036240861843,0.1907315945510364,0.3659512590064439,0.33979473079383393,0.3585663867897537,0.1888825158056541,0.37060630154636304,0.30202917882218855,0.23107147732731725,0.21427193636346548,0.27162452877502435,0.11768658602505698,0.40599061278936055,0.3810290883225748,0.2950149463124731,0.445498447476804,0.3101712275904983,0.37914305755045513,0.1600311348008574,0.2322661211794621,0.33078634098853127
2023-07-31 21:00:00,0.21285863582565617,0.13718102510708743,0.27426704972118654,0.3446523177488338,0.1300946616218269,0.07978508758555952,0.2770124374708877,0.2770763273973946,0.19779972581975058,0.2908877255734053,0.28322697698619786,0.23157582320145875,0.1955400374470525,0.28132961120026756,0.19742555586801566,0.20994276044863552,0.15947259291216767,0.20533565696164527,0.07361169457436122,0.2885182224033317,0.2835121578678697,0.21294540220642055,0.0,0.22510965146056827,0.06697289668099728,0.11406992186742668,0.14114696913766203,0.2582641447812774
2023-07-31 22:00:00,0.0,0.0,0.0,0.0,0.06287119174938596,0.003950742662888224,0.0,0.0,0.0,0.0,0.0,0.0,0.0,0.0,0.0,0.0,0.0003368965278973417,0.0,0.0022130036062813344,0.0,0.0,0.0,0.0,0.0,0.0,0.006297586363731456,0.0,0.0
2023-07-31 23:00:00,0.0,0.0,0.0,0.0,0.0,0.0,0.0,0.0,0.0,0.0,0.0,0.0,0.0,0.0,0.0,0.0,0.0,0.0,0.0,0.0,0.0,0.0,0.0,0.0,0.0,0.0,0.0,0.0
2023-08-01 00:00:00,0.0,0.0,0.0,0.0,0.0,0.0,0.0,0.0,0.0,0.0,0.0,0.0,0.0,0.0,0.0,0.0,0.0,0.0,0.0,0.0,0.0,0.0,0.0,0.0,0.0,0.0,0.0,0.0
2023-08-01 01:00:00,0.0,0.0,0.0,0.0,0.0,0.0,0.0,0.0,0.0,0.0,0.0,0.0,0.0,0.0,0.0,0.0,0.0,0.0,0.0,0.0,0.0,0.0,0.0,0.0,0.0,0.0,0.0,0.0
2023-08-01 02:00:00,0.0,0.0,0.0,0.0,0.0,0.0,0.0,0.0,0.0,0.0,0.0,0.0,0.0,0.0,0.0,0.0,0.0,0.0,0.0,0.0,0.0,0.0,0.0,0.0,0.0,0.0,0.0,0.0
2023-08-01 03:00:00,0.0,0.0,0.0,0.0,0.0,0.0,0.0,0.0,0.0,0.0,0.0,0.0,0.0,0.0,0.0,0.0,0.0,0.0,0.0,0.0,0.0,0.0,0.0,0.0,0.0,0.0,0.0,0.0
2023-08-01 04:00:00,0.0,0.0,0.0,0.0,0.0,0.0,0.0,0.0,0.0,0.0,0.0,0.0,0.0,0.0,0.0,0.0,0.0,0.0,0.0,0.0,0.0,0.0,0.0,0.0,0.0,0.0,0.0,0.0
2023-08-01 05:00:00,0.0,0.0,0.0,0.0,0.0,0.0,0.0,0.0,0.0,0.0,0.0,0.0,0.0,0.0,0.0,0.0,0.0,0.0,0.0,0.0,0.0,0.0,0.0,0.0,0.0,0.0,0.0,0.0
2023-08-01 06:00:00,0.0,0.0,0.0,0.0,0.00034914369160564157,0.0,0.0,0.0,0.0,0.0,0.0,0.0,0.0,0.0,0.0,0.0,0.0,0.0,0.0,0.0,0.0,0.0,0.38165478544310405,0.009943151947664331,0.30632919543812825,0.0,0.16318711472093592,0.020418451494576016
2023-08-01 07:00:00,0.1345345532522118,0.251756213884077,0.14369390251674877,0.38281875550209515,0.024635021408998727,0.01995409093744801,0.16188932441860682,0.2478578356611394,0.09198780360976887,0.25245825634856034,0.21789714401827845,0.32361096682384044,0.08467539489988443,0.29255337178921825,0.060183485569339217,0.057039890549157854,0.05298098188315614,0.17373368901053796,0.07235877654095742,0.32984895957941973,0.29935622279546664,0.219461913590973,0.5518995291268161,0.41621146796744735,0.5301289566498064,0.044941278486931927,0.3542239268122877,0.41815810595672215
2023-08-01 08:00:00,0.23798608213522746,0.39590959128062425,0.3529269049409485,0.5263788740459302,0.0659352444346385,0.042602945387265195,0.4455656004277657,0.5273004388457446,0.18188642368780697,0.4831927213714947,0.4879774137682693,0.44450099576170465,0.1636318951027283,0.5479027569035161,0.11378365506223127,0.1471432143985487,0.14095984989694973,0.2903241683338355,0.13837274828823398,0.551574499049317,0.5472285592111845,0.34475652377272153,0.6814997386539804,0.5556142337788889,0.6455825618981225,0.0814059369448646,0.5007168012714126,0.5745254348142914
2023-08-01 09:00:00,0.40234781864764935,0.5473821224545753,0.4835004200711025,0.6587996854627712,0.11499922968732722,0.08959813628615436,0.5091089874312756,0.6224034869031204,0.3409528143198935,0.606706754090176,0.5987749370134668,0.5750872625816996,0.3262393222590999,0.6354638206400149,0.15162723277006773,0.19549645010923225,0.19202855098411484,0.4646826809006796,0.18433592101553703,0.6584820974469112,0.6327628227755419,0.4942086700147144,0.7399163480862174,0.667015699534795,0.7333876335495428,0.18633595491227517,0.6496342466617271,0.6809743150444634
2023-08-01 10:00:00,0.5882935315444563,0.6725381179285361,0.6258867454481609,0.754335269993781,0.19629500542095174,0.1328557630386335,0.6368972437448938,0.6985991829163694,0.49179523382432117,0.6645269082247611,0.6757037767693348,0.6993822740972033,0.45018699091348396,0.7219232427543445,0.21821559065507254,0.2993412569389095,0.3695261655017621,0.6046137809550186,0.2833491332242358,0.7038152338184984,0.7224686497616238,0.6332105658979251,0.762565747562938,0.7432354664124632,0.777911217968186,0.23813570920402796,0.7181421887940795,0.7390728897029987
2023-08-01 11:00:00,0.6319996684771503,0.6638066923004023,0.6746507902981989,0.7729819769503927,0.23102818753174395,0.16662232714503739,0.7091099879318773,0.726465876549244,0.5424101122251159,0.691985278539632,0.7083602802706402,0.764382315210579,0.5363589315974772,0.7465089806585538,0.3249959898479073,0.41139651064755883,0.3948735576320451,0.6881257223264,0.4014277167244282,0.7103388235679367,0.7463729062973892,0.7131311191814383,0.7930721535259408,0.7388395080495077,0.7558118819102514,0.2727861949581244,0.649412822529905,0.7367693449158901
2023-08-01 12:00:00,0.5995459070521798,0.5990779834504152,0.7013883754660074,0.7954402083933771,0.37219637598931776,0.2303917574367744,0.7603410795228668,0.7549908576290568,0.6051675004066701,0.7151273171295377,0.7185031930424364,0.7268806898105993,0.5947616030391678,0.7681942258170312,0.41311055201547847,0.48461665085494504,0.4711297061691749,0.5803857680590557,0.44877614958715345,0.7593664130397564,0.7691553853155486,0.6580489521870052,0.8034524643749787,0.6746410706957746,0.7483500851935055,0.34784210050408804,0.6292012724940893,0.7242892476334977
2023-08-01 13:00:00,0.5378854218371468,0.5513313075160621,0.694940995968674,0.7867886990139376,0.4035991054781732,0.2149549912454608,0.7614565415523119,0.7468867322333391,0.5920057711314111,0.6867359408683349,0.6946987666750483,0.6254538442284405,0.5569414204134094,0.7687869982299923,0.3588328142905442,0.4771187898846868,0.49344271983281257,0.45800979207564857,0.5013307056098398,0.7615137335782036,0.7712254892451691,0.5434883339664477,0.8033067627957762,0.6890744226819325,0.7803969247317256,0.31421051510871034,0.6828310597646141,0.7116150674633889
2023-08-01 14:00:00,0.6033519338236392,0.6116031410503964,0.7136823724677647,0.7777729749540495,0.41776039818621025,0.3183827653205637,0.7584696996691253,0.7450375696070087,0.6445193097402135,0.7206689888574097,0.7240643803454472,0.6508634063801557,0.6332187304089757,0.7653185920671906,0.6022822915213542,0.5917724550532262,0.5773650613521008,0.5762511409252181,0.5765897113029915,0.7618344775852787,0.7686507981241949,0.6150720673185402,0.7980084080181941,0.6423473099343804,0.7329762172761797,0.3994978335687902,0.6512346438922885,0.6920799384763128
2023-08-01 15:00:00,0.5491332092291004,0.556510639241328,0.6736580442209921,0.7703375931055402,0.39260658984241487,0.31591629257917037,0.6896245029141439,0.6736474658379548,0.6049476574986754,0.621617964963662,0.6273709317472715,0.6130000210145679,0.57609546657654,0.7153413936489289,0.5313172291162545,0.5187123962810487,0.5844283777856019,0.48605037256637557,0.5544555879311537,0.7369376112168469,0.721167362155887,0.5238131472550532,0.7760046038890233,0.6096172676955849,0.6882781768093353,0.36827607984852273,0.6335396547222018,0.633914505433992
2023-08-01 16:00:00,0.5135958520818328,0.49180049164265066,0.6585644047907437,0.7438150582223172,0.41241537581318255,0.3218557505018109,0.7354139127689384,0.708041138854926,0.6241274045189077,0.6628339710236909,0.6654782591536614,0.4879794161356099,0.613249325442348,0.7300546493320437,0.5070438326977992,0.5606235659521744,0.5944401608897671,0.41527439124282406,0.5743911424969373,0.7357852065989965,0.7339986143007955,0.45694559332125717,0.7632007339186441,0.5833456957296919,0.6712195154179038,0.3883541104611553,0.5428973651031538,0.6198648178995059
2023-08-01 17:00:00,0.5017448427184266,0.4468676196650526,0.6413240828458379,0.7424300161099471,0.3669835167139361,0.32315112859925404,0.7040381714946168,0.6819053101196323,0.5763623833977508,0.6652920044009821,0.6538558012174029,0.5311675312738182,0.5618597723962594,0.6934121458138803,0.4962935020431976,0.5610306449412772,0.5783913803304738,0.38830796422216435,0.5356303249197579,0.7095895221465145,0.6977391731489307,0.46983737599246916,0.7340002173421434,0.5295246739241631,0.6498398350635866,0.36079738498564823,0.4947121256853705,0.5306075943441776
2023-08-01 18:00:00,0.47521653362165434,0.37074582902032654,0.5405718665998678,0.7005761474613279,0.28162587776312303,0.28113485607328587,0.6568414302707667,0.6456237243283113,0.5653943742293548,0.6203414738855817,0.6125744210065542,0.4859480950825758,0.5722264333856802,0.663656162025391,0.42732016538876055,0.5720223219807218,0.5376656485944132,0.3542593061450225,0.5163098788746209,0.6607878632071533,0.6675847801660447,0.43914126174522816,0.671068439150549,0.4816265200565724,0.6076597243585603,0.25861777045712525,0.4084208334805944,0.5217533484976243
2023-08-01 19:00:00,0.3891770500377874,0.3196824027458644,0.43873704513900696,0.6292506360830512,0.26205394751835165,0.2632162311179417,0.6259491281015335,0.5927674319150128,0.4969086830786013,0.5081530937229064,0.5277403024534681,0.43631254633754135,0.4814385828299811,0.6089653663718265,0.4003073369190548,0.5348012270926326,0.4941979157925464,0.2958491560249729,0.4486055751416636,0.608610076527558,0.6095788844631792,0.3596616198401379,0.600175510572373,0.4139249071162192,0.5313460972151688,0.25732398209780116,0.3129368043809796,0.44877506130168054
2023-08-01 20:00:00,0.28233576615193584,0.2731734835646901,0.33501041320359987,0.5004031969667732,0.17960676012888144,0.22873259721089984,0.47541416527217556,0.4517005410965613,0.43103001148197306,0.39338125361916454,0.4005338138868628,0.2569185832001462,0.4362990132715818,0.4647850760063004,0.32718224835067594,0.4052337278526634,0.420361863097737,0.1476026018425371,0.3705045741115034,0.473528524535622,0.46718842822736645,0.21001796054230368,0.422938057607469,0.3085971030378689,0.4039098068178946,0.20505486330291167,0.21939922097696785,0.3407471809994388
2023-08-01 21:00:00,0.13846691028200445,0.20595793947842286,0.2133222442967743,0.2894963584065499,0.13123381916292767,0.16489416090396836,0.3096358324974543,0.29641605264000187,0.27070717012766843,0.2666873210750361,0.26979094001875537,0.12477611160368074,0.28787728014063874,0.2979349774992515,0.20524165010379908,0.29400050578594,0.3127693887729859,0.02411202564089331,0.27027720817242434,0.3089137859480183,0.2988039010507461,0.10706978994223205,0.0,0.17687308754355463,0.05840137291713632,0.1205102703287805,0.12065244520718417,0.1713644648295737
2023-08-01 22:00:00,0.0,0.0,0.0,0.0,0.049437717686514934,0.020465022526637486,0.0,0.0,0.0,0.0,0.0,0.0,0.0,0.0,0.0,0.0,0.014761396945897686,0.0,0.05337261718923245,0.0,0.0,0.0,0.0,0.0,0.0,0.007005516597524662,0.0,0.0
2023-08-01 23:00:00,0.0,0.0,0.0,0.0,0.0,0.0,0.0,0.0,0.0,0.0,0.0,0.0,0.0,0.0,0.0,0.0,0.0,0.0,0.0,0.0,0.0,0.0,0.0,0.0,0.0,0.0,0.0,0.0
2023-08-02 00:00:00,0.0,0.0,0.0,0.0,0.0,0.0,0.0,0.0,0.0,0.0,0.0,0.0,0.0,0.0,0.0,0.0,0.0,0.0,0.0,0.0,0.0,0.0,0.0,0.0,0.0,0.0,0.0,0.0
2023-08-02 01:00:00,0.0,0.0,0.0,0.0,0.0,0.0,0.0,0.0,0.0,0.0,0.0,0.0,0.0,0.0,0.0,0.0,0.0,0.0,0.0,0.0,0.0,0.0,0.0,0.0,0.0,0.0,0.0,0.0
2023-08-02 02:00:00,0.0,0.0,0.0,0.0,0.0,0.0,0.0,0.0,0.0,0.0,0.0,0.0,0.0,0.0,0.0,0.0,0.0,0.0,0.0,0.0,0.0,0.0,0.0,0.0,0.0,0.0,0.0,0.0
2023-08-02 03:00:00,0.0,0.0,0.0,0.0,0.0,0.0,0.0,0.0,0.0,0.0,0.0,0.0,0.0,0.0,0.0,0.0,0.0,0.0,0.0,0.0,0.0,0.0,0.0,0.0,0.0,0.0,0.0,0.0
2023-08-02 04:00:00,0.0,0.0,0.0,0.0,0.0,0.0,0.0,0.0,0.0,0.0,0.0,0.0,0.0,0.0,0.0,0.0,0.0,0.0,0.0,0.0,0.0,0.0,0.0,0.0,0.0,0.0,0.0,0.0
2023-08-02 05:00:00,0.0,0.0,0.0,0.0,0.0,0.0,0.0,0.0,0.0,0.0,0.0,0.0,0.0,0.0,0.0,0.0,0.0,0.0,0.0,0.0,0.0,0.0,0.0,0.0,0.0,0.0,0.0,0.0
2023-08-02 06:00:00,0.0,0.0,0.0,0.0,0.0,0.0,0.0,0.0,0.0,0.0,0.0,0.0,0.0,0.0,0.0,0.0,0.0,0.0,0.0,0.0,0.0,0.0,0.3719594226596783,0.0,0.19759116025588622,0.0,0.029908533466864833,0.0
2023-08-02 07:00:00,0.06075396211837386,0.10416304648163223,0.07471067277775674,0.37208378473993214,0.11447966258294463,0.0587145667796316,0.23289604212771745,0.29021696467863894,0.15297167696683922,0.1634026519349976,0.2039035251059252,0.16274021769321248,0.1511737828759554,0.3401824573562969,0.12449618320299287,0.18929431434723945,0.18219316038170974,0.013132139496613642,0.15164062181792587,0.3203241996786115,0.34061918647735656,0.05131991786042972,0.5238055192909296,0.28430451594261036,0.44054272674636635,0.06179997882193951,0.18420798267957658,0.3230613112183537
2023-08-02 08:00:00,0.13380907505229156,0.20647929209258423,0.13135083620013085,0.47811300441766585,0.2085900137792626,0.13440075207914592,0.35875911136782707,0.4416522569938444,0.2795052289911326,0.2205922084410152,0.2983781350638928,0.20250291573626616,0.29432389319890184,0.5094201411587219,0.209421909951512,0.3372844068396003,0.30394228365205295,0.04802460593138028,0.23684561827815245,0.44240000671336777,0.5061589831512091,0.08885429133469254,0.6550838802328485,0.45015111201430846,0.6041452520496764,0.16861228435442707,0.3086233949585219,0.4705548188335653
2023-08-02 09:00:00,0.2818186778799446,0.325526717157477,0.28617836371586775,0.6111273012176439,0.3280521580576327,0.24774465725495282,0.4270968176955778,0.5198117007090292,0.44798497808476334,0.30104384643451143,0.3662407110259434,0.2947856587198977,0.4699837529605368,0.6165596927164874,0.38691180730083424,0.49171825668871005,0.438514573599677,0.1470382113378695,0.3984523960821454,0.5984210731873136,0.6191382493109502,0.19097865091999555,0.7425009773259269,0.47148611694556497,0.7272273445158304,0.2853149692004505,0.42912013595437937,0.4921835361422228
2023-08-02 10:00:00,0.42709016385044596,0.45909280709517514,0.3166091498219521,0.6697283179068326,0.3857444315837756,0.405761124669596,0.5193061664147834,0.5892270108752066,0.5960218324636537,0.335316495242807,0.426959773152872,0.39494272169805494,0.6300834725641907,0.6945771798684893,0.5661903185377841,0.6261390045660827,0.5666338167378012,0.3379103785696358,0.5393352419893532,0.6159398391523507,0.6962291688232902,0.3032537551210851,0.7736631149839793,0.49298757639965535,0.7537061134750066,0.44708536465967325,0.44659286940433324,0.516805829222923
2023-08-02 11:00:00,0.5030440758311928,0.5311865663998239,0.3176324851402022,0.69389381235704,0.47063304042743526,0.5314715509745583,0.5739535611677121,0.6521732411039066,0.6270463503833269,0.4555975043179476,0.5098945156168861,0.42887775614141443,0.6237434780350732,0.7410543744259371,0.6996991441583772,0.6878669411857129,0.6132362876962564,0.42914369012536135,0.5955016319335883,0.6922243258345392,0.742186218401877,0.4045946877451337,0.7903866964431158,0.5493263092321417,0.7732181574133477,0.6008423450132092,0.49342904154273404,0.5550939913599857
2023-08-02 12:00:00,0.26653866343644833,0.40345853818536087,0.39962392266568686,0.6392169549487501,0.6075940232004728,0.6702662780277607,0.5077118864686144,0.6235482777239314,0.5510353895973883,0.4707108183324837,0.49421404060896373,0.2527175245484524,0.5940632069615455,0.7305241300497394,0.7691851620085396,0.707796811757255,0.6441836628579358,0.1383603955157046,0.5938059518273217,0.6768648196290932,0.7361186835645693,0.2466610581314644,0.7975861627833352,0.5376321307823263,0.7481839886826251,0.7072134748517499,0.5056576191984562,0.5396665976244542
2023-08-02 13:00:00,0.3755018795317294,0.42479447566926837,0.4740536458369829,0.6353548673314833,0.6187507896765392,0.6527996598457594,0.4414497870732417,0.527952964989471,0.6001011907477197,0.46126073741367296,0.4718607711766808,0.3070840479940697,0.6194278735888782,0.6341166075904532,0.6963333376867504,0.6772022057779298,0.6735036257866561,0.19350987146939236,0.6294734874760077,0.5512631164330593,0.6485974277143107,0.2954229112493085,0.7956110800962712,0.5447617067081908,0.7599625353644822,0.6726783094126448,0.5382765085427597,0.5494924148217739
2023-08-02 14:00:00,0.4208711598172229,0.4097928815515076,0.5657484291078934,0.6212464538799302,0.578273726941447,0.6180793718045113,0.47334425781559863,0.5049669816566665,0.6334861032479642,0.48428687609320625,0.4481348674557879,0.3579627005965077,0.6404787930241747,0.6052581605407407,0.6287136832567399,0.6314073403839368,0.6616593606934209,0.20883686512482771,0.5944179203805289,0.6172582392722025,0.6249785455847738,0.3215322132714316,0.7907144227855838,0.4910462035348551,0.7565336470226698,0.6651327871084171,0.4791373251418077,0.5182976858267062
2023-08-02 15:00:00,0.44891958052371334,0.3558066111443408,0.6764300117295693,0.5463394828439145,0.6101527979133418,0.5793968719179002,0.6416237295198783,0.6045502680998905,0.5997509103132971,0.579687453283008,0.5929441715342476,0.351134329692203,0.60454811711205,0.614866683928962,0.6338894989355077,0.6569607448248066,0.7030005654748767,0.2262368677972372,0.6624881983377059,0.5022585472521788,0.6175177788016474,0.357486150527043,0.7759524301654896,0.39549269996781394,0.7246135694732472,0.5962995440909881,0.3577868146917263,0.41177167832264105
2023-08-02 16:00:00,0.5707637543616488,0.4636008726576309,0.6618167820378811,0.48105669020903313,0.5950042844269194,0.5925034655090561,0.6980700590861381,0.6669389206315861,0.627017849100733,0.6120369520263912,0.6455427998797116,0.35765256590730476,0.5829661875655123,0.6711427621513973,0.624389960708165,0.5517601433204005,0.6564291237394345,0.5345744506260944,0.6080933775687317,0.6081759877771097,0.6689573798947076,0.4455895000094672,0.7573597045982862,0.36213689558874756,0.6849898805019642,0.6239913143481937,0.33581414177858476,0.38498565546716434
2023-08-02 17:00:00,0.5333121475044218,0.3999056159551086,0.6163530073650528,0.5406468117307054,0.5504107712386239,0.48781322999333554,0.6387094095259215,0.5962337258302551,0.5775005044666695,0.5024364298857371,0.5414103733398044,0.40882277721856847,0.5293168869000702,0.6391277322342428,0.5866730220600958,0.565726136354756,0.5828534164976319,0.5521297119135588,0.5387715890834387,0.5846644081800179,0.6413624095666762,0.43467893268692753,0.6974047058446106,0.3429032062502103,0.6064199598690183,0.5120473527244752,0.27375326727627397,0.3312614553765125
2023-08-02 18:00:00,0.45980213175134044,0.37267361844437935,0.582606617349769,0.5146662712591268,0.5106944832063357,0.47013000854358394,0.6202523587640715,0.588794517466283,0.5443492704188686,0.5455387843916047,0.5491364666284032,0.3664762140275775,0.5074030161197719,0.620590066189211,0.6009183521328167,0.5559120622290847,0.5966058287452111,0.44994108716578585,0.555924584154309,0.6284242414564336,0.6262773138282983,0.39719933766650595,0.6438134190209363,0.2706821290643804,0.5820674636633453,0.4775343672625879,0.21191856502132064,0.26696001099359745
2023-08-02 19:00:00,0.417279731663048,0.3653200641577008,0.5708660948701128,0.4228058527822727,0.4888229095136292,0.41527296089646887,0.5223512697436983,0.5094399942876907,0.48250697105976725,0.5421100429151393,0.5249806240391818,0.21528804581084968,0.48430869174886043,0.5223888257180846,0.5235182772581496,0.5391561386148577,0.586911512795617,0.33758617852734374,0.5489360152255486,0.5449540842191593,0.529228516273972,0.3350270190745461,0.5615223855894297,0.23340746119610353,0.4836468698793007,0.39150450981070967,0.12742569399162493,0.28049890065117994
2023-08-02 20:00:00,0.3169547399760629,0.2712464533569866,0.4416917783390921,0.409439907590964,0.3733098853630651,0.33414446226246375,0.40366637723482773,0.391678722766497,0.35111437374436444,0.42723316329716166,0.399348359356704,0.20648303338157684,0.31719667665080786,0.4048188924624208,0.43678800397696316,0.3888498272676228,0.5193929918931675,0.28851080901803466,0.48701288892068584,0.4486795911209909,0.4127196518044337,0.2796876677687766,0.41702567123024387,0.21566009036729894,0.3386672726680224,0.27762595037667254,0.07981905276678757,0.29240052792641436
2023-08-02 21:00:00,0.27093586301548056,0.25210045163454975,0.2763174656311249,0.2560710998835592,0.25017585550433763,0.2405456144070492,0.283164032760077,0.26716248986413027,0.26528668708040487,0.24402732822254486,0.24462077564540707,0.27811373652320087,0.2547382542200749,0.2765890049837598,0.33635846782089984,0.2981205171166336,0.37268675821915015,0.2654671529043499,0.3674365987315551,0.29578185772175714,0.2781642729668686,0.24784619766436955,0.0,0.16422856620695278,0.003558796843587289,0.2557877375986947,0.056410636951088805,0.24279563661611245
2023-08-02 22:00:00,0.0,0.0,0.0,0.0,0.16105430961887227,0.059173578948731674,0.0,0.0,0.0,0.0,0.0,0.0,0.0,0.0,0.0,0.0,0.00913674858691299,0.0,0.02687819073429454,0.0,0.0,0.0,0.0,0.0,0.0,0.02232825668268819,0.0,0.0
2023-08-02 23:00:00,0.0,0.0,0.0,0.0,0.0,0.0,0.0,0.0,0.0,0.0,0.0,0.0,0.0,0.0,0.0,0.0,0.0,0.0,0.0,0.0,0.0,0.0,0.0,0.0,0.0,0.0,0.0,0.0
2023-08-03 00:00:00,0.0,0.0,0.0,0.0,0.0,0.0,0.0,0.0,0.0,0.0,0.0,0.0,0.0,0.0,0.0,0.0,0.0,0.0,0.0,0.0,0.0,0.0,0.0,0.0,0.0,0.0,0.0,0.0
2023-08-03 01:00:00,0.0,0.0,0.0,0.0,0.0,0.0,0.0,0.0,0.0,0.0,0.0,0.0,0.0,0.0,0.0,0.0,0.0,0.0,0.0,0.0,0.0,0.0,0.0,0.0,0.0,0.0,0.0,0.0
2023-08-03 02:00:00,0.0,0.0,0.0,0.0,0.0,0.0,0.0,0.0,0.0,0.0,0.0,0.0,0.0,0.0,0.0,0.0,0.0,0.0,0.0,0.0,0.0,0.0,0.0,0.0,0.0,0.0,0.0,0.0
2023-08-03 03:00:00,0.0,0.0,0.0,0.0,0.0,0.0,0.0,0.0,0.0,0.0,0.0,0.0,0.0,0.0,0.0,0.0,0.0,0.0,0.0,0.0,0.0,0.0,0.0,0.0,0.0,0.0,0.0,0.0
2023-08-03 04:00:00,0.0,0.0,0.0,0.0,0.0,0.0,0.0,0.0,0.0,0.0,0.0,0.0,0.0,0.0,0.0,0.0,0.0,0.0,0.0,0.0,0.0,0.0,0.0,0.0,0.0,0.0,0.0,0.0
2023-08-03 05:00:00,0.0,0.0,0.0,0.0,0.0,0.0,0.0,0.0,0.0,0.0,0.0,0.0,0.0,0.0,0.0,0.0,0.0,0.0,0.0,0.0,0.0,0.0,0.0,0.0,0.0,0.0,0.0,0.0
2023-08-03 06:00:00,0.0,0.0,0.0,0.0,0.0,0.0,0.0,0.0,0.0,0.0,0.0,0.0,0.0,0.0,0.0,0.0,0.0,0.0,0.0,0.0,0.0,0.0,0.32774331069944324,0.0,0.20700839077610825,0.0,0.018878070508012584,0.0
2023-08-03 07:00:00,0.22588689942670742,0.24822632391549468,0.2066147098669423,0.307785155899543,0.1625451084654939,0.0874447879328167,0.21520863417676006,0.28889821073216343,0.095748985305091,0.24810449299454362,0.2776093304241048,0.28947174736999826,0.10513972202073145,0.30659962432871873,0.06476199342831179,0.05592620920181625,0.1712466655188197,0.2629753308576823,0.14946243203647758,0.2758698781488045,0.3036777356017992,0.2886272061271746,0.530263986256443,0.27283627922448644,0.4959483690290135,0.11514909053010726,0.15989284879756638,0.2833035652326714
2023-08-03 08:00:00,0.3948662557942134,0.41602233655739573,0.3647570493533358,0.45444448632825746,0.2713854697768408,0.19391110318919288,0.3578606211198036,0.4747418413232782,0.26420665959634,0.4778829877738477,0.45917576358126844,0.41553101951028776,0.2594906865090478,0.5053179187502048,0.1775073842950815,0.18033543406101687,0.3231294175066709,0.40099820547455334,0.255608312435004,0.5109745859481155,0.5064956839712994,0.45955531021013857,0.6641786053392121,0.4137203635687662,0.6398466225520025,0.19443453177011585,0.30054741744535685,0.43457000642635285
2023-08-03 09:00:00,0.547766342067322,0.5613295814826238,0.4959412507636223,0.6135189651726588,0.3571530290309022,0.31151399671965935,0.4740724254634447,0.592388105571562,0.472184352581182,0.5719242484153866,0.5703304983422076,0.5782572884130917,0.4598833950110958,0.6188203804682681,0.35187620012886023,0.3579488775938678,0.454442820247906,0.5779339815938587,0.34228416338617323,0.6335410605252612,0.6179175712397996,0.6066277075784238,0.7387740308872767,0.5253334668738904,0.731862685759661,0.34827194650711213,0.4309266615873275,0.5604846492741173
2023-08-03 10:00:00,0.6758044326146506,0.6695605545850898,0.5696754433829835,0.7172681072216857,0.46703813252226883,0.44298246073017195,0.5664351457287463,0.6628049176256064,0.5868220680002683,0.6593103970420535,0.64132296297557,0.726441415318079,0.5894309727413333,0.6938548561326747,0.5387467192535099,0.5592416680359755,0.5852997669480728,0.7091715915608092,0.5157085551065531,0.6997117911762725,0.6944952478838594,0.7189849760681835,0.7709509936722997,0.6449157621642614,0.7745248665390227,0.5270386044611327,0.5945503096151928,0.6829011375568471
2023-08-03 11:00:00,0.7297266487948253,0.7110468822065275,0.66495516962044,0.6894140805400778,0.5531310042975948,0.562334814526412,0.6686053028059152,0.7214634850966947,0.6850146434856806,0.7161329654236882,0.7113643233283818,0.707710702439577,0.7025435007145662,0.7343467598143855,0.6447321699322777,0.6732351229335831,0.6860265187962351,0.7649640634904848,0.6427887644014794,0.7353494403960918,0.7345102883244509,0.7569813923194809,0.7875734612715144,0.7405228267158285,0.7813942545463253,0.658473429171012,0.7226642749483297,0.7244713101688448
2023-08-03 12:00:00,0.6999962330396012,0.7164293820511373,0.6644220108591863,0.7038575728149216,0.6287694756041533,0.5732466441134357,0.6334007106407846,0.64935767531792,0.7365489124150543,0.6617228901212249,0.6357624058212292,0.6461818389874352,0.7359955304281595,0.6856076856765624,0.6018040680554543,0.69575589314093,0.6768577802709896,0.7289706639654304,0.6303557341173994,0.7211907049084314,0.6941453323766074,0.6995117834949139,0.7905430670897481,0.7526040221122465,0.7777559772540936,0.6510247737947794,0.6371127203289711,0.7295970630024842
2023-08-03 13:00:00,0.6970385900563201,0.6648125264791221,0.6849197384260546,0.7107201737543742,0.6626125586790382,0.6200642266239151,0.6839121059484867,0.7120965272159699,0.7590676762694747,0.7041463461911487,0.6835892720302399,0.6083309805462727,0.7610681051813275,0.7403858952205792,0.6699597792508544,0.7435070539928882,0.6963282956048336,0.6766800354493112,0.6707627048976057,0.760270806505779,0.7452157932307691,0.6771702142931532,0.770605688515517,0.7051055837325398,0.7385519446627296,0.6709384836155381,0.5305442092932702,0.6860152457403341
2023-08-03 14:00:00,0.6354038482274933,0.5974862183689754,0.7005849206653375,0.6951874844838106,0.6669318207513645,0.6346831532629397,0.7114520563536889,0.7296808882177874,0.6788498065371754,0.6958552578637307,0.6924950847171705,0.557345668198184,0.6934189045496055,0.7527780933234381,0.6786985744524445,0.6880923303580572,0.6828647781939601,0.5651933403820253,0.6493991698163878,0.7192514654411097,0.7553084713754834,0.5889392739231595,0.775770032281005,0.7072665843742646,0.733150851706895,0.689143924875115,0.501118407064039,0.6927550476093025
2023-08-03 15:00:00,0.6198564599397068,0.569745984960813,0.7082033956684349,0.7047839608290171,0.6607028270896975,0.578175928587261,0.7379715568874001,0.7286430616534885,0.6501711895605556,0.7039121044093144,0.6943079177005986,0.5563911410149516,0.6485038493215537,0.7448649441438984,0.6460510200003066,0.6750818165803972,0.6736778920509787,0.5179811606591674,0.6546882884904814,0.7545393404789787,0.7482136938046456,0.5705082041071637,0.7452587808228043,0.7022523388360766,0.7409577121147027,0.637876725179565,0.5179672788506748,0.6607000161078681
2023-08-03 16:00:00,0.5915285298808544,0.54578823192401,0.7057039350782771,0.6531479376947813,0.60384969510402,0.6163940001698242,0.6702162827065997,0.6687180021815377,0.5344871246219064,0.6877210606194807,0.6636938879247606,0.5023233824707203,0.5020109267617403,0.6921800759650341,0.6059857828007569,0.5641480287241544,0.6663917877392739,0.5060389759237828,0.647816589068967,0.6704500660073257,0.6995707375075106,0.5650580734656354,0.7111553962525875,0.6597373827286552,0.6673089584265828,0.6340930527818741,0.5114233329559017,0.627859610711877
2023-08-03 17:00:00,0.5366331466206395,0.48232256900714626,0.6610753117767134,0.64300853915406,0.5943550531859418,0.5851677896097252,0.639422371226105,0.6272663918143725,0.5882728362909854,0.6212962118232169,0.5903420252296118,0.4595832706514321,0.5491140945413057,0.6613452820248018,0.5526364037840681,0.5812129753100388,0.6292586644918239,0.45855316631753684,0.6116934641977873,0.6955513631710165,0.6707866971550621,0.474776228648355,0.6814659743422277,0.6095127204387252,0.6819076340334221,0.6038896058806257,0.5049145983556423,0.5832398410700944
2023-08-03 18:00:00,0.517172201978287,0.4414917497568096,0.6374801771773709,0.5988755910070744,0.5332167640815991,0.5568027700827015,0.664504060182416,0.6477832313394439,0.606979265896057,0.6187576057882873,0.6203026297282057,0.46220862939274127,0.5961169462122069,0.6594917631850401,0.523498371823696,0.6228703596369181,0.6226446832346391,0.4955959190205157,0.6112744106139357,0.6232968412876434,0.6618158870407463,0.49245229203087043,0.6180203864080254,0.5750270075073718,0.5990995170148795,0.5394067408488767,0.4865516523718334,0.5712964701838134
2023-08-03 19:00:00,0.5374898693259068,0.441421949798301,0.5738895088447306,0.6155454587254592,0.44686698810194475,0.5243253844352456,0.592158518123905,0.5741006817779533,0.5631303442737784,0.5548335225575666,0.5523003223799058,0.6040337958991586,0.554276687423463,0.5875300386520582,0.5356380355657994,0.5571249164303419,0.5748182058375542,0.5551179214461777,0.5887725772590517,0.5903125071545677,0.5899499359958814,0.5702472208423003,0.49920971822430527,0.4957788189296816,0.5159174490841637,0.5017348999973136,0.41834160975610246,0.5446321542393193
2023-08-03 20:00:00,0.41649962316522326,0.461149574007782,0.42787029325289117,0.47755899630967574,0.3872063809701499,0.3895987519563648,0.46447724052912376,0.4385406379528491,0.3894119509166087,0.40800317581537004,0.40403489249761043,0.5106424280974771,0.36802836869244915,0.4490003155131536,0.3933685985791439,0.3644782354013423,0.40724304754449053,0.46592991980476306,0.46833067622463803,0.457434873824766,0.45069754129147827,0.4621221069385398,0.36013970692641445,0.4529118546654649,0.3779277548026129,0.40015616034429496,0.40535159948233046,0.45566914863023467
2023-08-03 21:00:00,0.2953698536993131,0.3305812896587459,0.2963955660749282,0.27159747056520767,0.30705240999139194,0.30996714004317305,0.2961459004054039,0.29444825841285166,0.29417325520740284,0.291379408258031,0.29282662629290696,0.32929328830253196,0.3038712961449549,0.29874780439916976,0.3210021899109745,0.3158680301529965,0.3375974686306403,0.31243213878125037,0.3583427296381756,0.2939457745109805,0.2993272674850533,0.31137744950880203,0.0,0.24702105241817862,0.0,0.27938393126065225,0.27680611685440654,0.30785050937978464
2023-08-03 22:00:00,0.0,0.0,0.0,0.0,0.14456777538042892,0.07506817945150038,0.0,0.0,0.0,0.0,0.0,0.0,0.0,0.0,0.0,0.0,0.012153232989416963,0.0,0.0204796854966326,0.0,0.0,0.0,0.0,0.0,0.0,0.05682991563644022,0.0,0.0
2023-08-03 23:00:00,0.0,0.0,0.0,0.0,0.0,0.0,0.0,0.0,0.0,0.0,0.0,0.0,0.0,0.0,0.0,0.0,0.0,0.0,0.0,0.0,0.0,0.0,0.0,0.0,0.0,0.0,0.0,0.0
2023-08-04 00:00:00,0.0,0.0,0.0,0.0,0.0,0.0,0.0,0.0,0.0,0.0,0.0,0.0,0.0,0.0,0.0,0.0,0.0,0.0,0.0,0.0,0.0,0.0,0.0,0.0,0.0,0.0,0.0,0.0
2023-08-04 01:00:00,0.0,0.0,0.0,0.0,0.0,0.0,0.0,0.0,0.0,0.0,0.0,0.0,0.0,0.0,0.0,0.0,0.0,0.0,0.0,0.0,0.0,0.0,0.0,0.0,0.0,0.0,0.0,0.0
2023-08-04 02:00:00,0.0,0.0,0.0,0.0,0.0,0.0,0.0,0.0,0.0,0.0,0.0,0.0,0.0,0.0,0.0,0.0,0.0,0.0,0.0,0.0,0.0,0.0,0.0,0.0,0.0,0.0,0.0,0.0
2023-08-04 03:00:00,0.0,0.0,0.0,0.0,0.0,0.0,0.0,0.0,0.0,0.0,0.0,0.0,0.0,0.0,0.0,0.0,0.0,0.0,0.0,0.0,0.0,0.0,0.0,0.0,0.0,0.0,0.0,0.0
2023-08-04 04:00:00,0.0,0.0,0.0,0.0,0.0,0.0,0.0,0.0,0.0,0.0,0.0,0.0,0.0,0.0,0.0,0.0,0.0,0.0,0.0,0.0,0.0,0.0,0.0,0.0,0.0,0.0,0.0,0.0
2023-08-04 05:00:00,0.0,0.0,0.0,0.0,0.0,0.0,0.0,0.0,0.0,0.0,0.0,0.0,0.0,0.0,0.0,0.0,0.0,0.0,0.0,0.0,0.0,0.0,0.0,0.0,0.0,0.0,0.0,0.0
2023-08-04 06:00:00,0.0,0.0,0.0,0.0,0.0,0.0,0.0,0.0,0.0,0.0,0.0,0.0,0.0,0.0,0.0,0.0,0.0,0.0,0.0,0.0,0.0,0.0,0.17237510437241194,0.0,0.09291979534169865,0.0,0.0,0.0
2023-08-04 07:00:00,0.25126766996438354,0.3969901462616133,0.18309313942780886,0.3690859455741135,0.20441916451558328,0.1483215350298925,0.20714387249213792,0.27769682757513997,0.1800209086988645,0.27491561741780784,0.255035374924019,0.39953685914098486,0.21564698193017517,0.29161403354309773,0.17924388322889603,0.191304420967123,0.11528482168989014,0.3376617228997658,0.11267957815182342,0.3372909950691335,0.292351389667125,0.3420229415130171,0.314774080469639,0.45399532810959775,0.40704213435079684,0.2460808359356621,0.4688779424350223,0.4404034438447918
2023-08-04 08:00:00,0.4089223269201832,0.5758950101986364,0.33868565618365243,0.5272231459157922,0.3518741005620132,0.2683203835749278,0.40133516656364826,0.4908249085785204,0.31914800984219716,0.4676487679492102,0.4586151559727406,0.5861123900151205,0.3804371558437986,0.5055451629672514,0.29174483481110985,0.2885471722305584,0.21067058876894967,0.492709148449074,0.1985034797034694,0.5278975686691322,0.5034667804502174,0.525400377710239,0.49405823222770556,0.6214901941290172,0.5800389822272997,0.3661972536620221,0.6331642985111328,0.6106198807309328
2023-08-04 09:00:00,0.5545491659862662,0.6762994522779333,0.4911701421432265,0.6725257606265894,0.5023921660274423,0.4101284047943758,0.47893157107971907,0.5931043829295922,0.48820829747330413,0.5503178365298487,0.5409670756838649,0.6966427948408908,0.5051849256425552,0.6223484194068724,0.4530055672341126,0.3646470475697483,0.27377288270029787,0.615872476361054,0.26997153377178246,0.645593649844521,0.6202988780617128,0.624199871454994,0.5427592491004852,0.7059662206095075,0.6994551278098535,0.5055359747898429,0.7164529968248108,0.6963446984771896
2023-08-04 10:00:00,0.7010195245131187,0.73367466704139,0.6316872258588899,0.73210703816199,0.598008175535129,0.5148992538910419,0.6236057464330468,0.6781428568070919,0.6306775156230497,0.671123296999067,0.6639881582306855,0.7483329320011228,0.6579545525131921,0.6988253442112282,0.5801064512771693,0.5976473776759504,0.44573976697167755,0.7187970679790334,0.45892201485412576,0.6972102339744103,0.6992055446823483,0.7217624876967922,0.5811527134282023,0.7481407766462244,0.7582722950328957,0.5881043027390713,0.7650022163605498,0.7395217510623986
2023-08-04 11:00:00,0.7252805786067771,0.7644727429882852,0.6688273110517411,0.7603724979294597,0.6422875584542024,0.6186191999779616,0.665513855046675,0.714324964995351,0.6965580263929468,0.7052342075255772,0.6970596926521204,0.7778134991970889,0.7292441326082353,0.7423726092695127,0.7141945481067725,0.7158141212966267,0.4951750719891709,0.751663858403977,0.5363207508700728,0.7310160074148835,0.743846337037205,0.7540395889922142,0.6653094599973395,0.7702521638307583,0.7884499636724825,0.6841799232598796,0.7850927402023569,0.7627690619160372
2023-08-04 12:00:00,0.7449587647131001,0.7685621517360314,0.7371192486912965,0.7748131393546795,0.7191638882030134,0.6854174822045866,0.7397964155213458,0.7433068617060683,0.6814517585506386,0.7400361758201621,0.7375632827822155,0.793828870151272,0.7198558474279988,0.7572428495165736,0.7227406300090096,0.6742200976770427,0.44968900410337226,0.7599272264385398,0.5515685668281722,0.7482405560604837,0.7590054159269289,0.771017929011698,0.690696793033468,0.78032856331732,0.7826215934737125,0.712584589803916,0.7385967701648928,0.7741199057963175
2023-08-04 13:00:00,0.7454705604867233,0.742705965394039,0.7568599071513656,0.7778535662285162,0.7411459147596905,0.7051468226318488,0.7464094138715769,0.7494383494941518,0.7092443120020037,0.7504063442309677,0.745861258394384,0.7756029640679271,0.7367949814375091,0.759975301361236,0.7423665088730078,0.70518152006673,0.5205092845149367,0.7504233489148634,0.5937174031531701,0.7572923502179313,0.7616427874243091,0.749406881038276,0.6714967544327443,0.7825819203587583,0.7574094799978538,0.7344553704456456,0.7145643369074411,0.7778407452407645
2023-08-04 14:00:00,0.6470766410936253,0.6843578931545448,0.760023886856914,0.7286812077223274,0.718497233379777,0.6773618375214205,0.7660653711575608,0.7512998007554547,0.669514811624914,0.7476528693075629,0.7445041409287834,0.6495035434704071,0.6791854392360047,0.7651463609407175,0.6670448490839331,0.6856294523246855,0.5850989059081448,0.6909193387116467,0.6192367493000027,0.7558333775679309,0.7674053639625386,0.6557633121208056,0.6898814392852941,0.7634516410659192,0.7573729063839173,0.6761021204912924,0.6916293664663866,0.7649625134993238
2023-08-04 15:00:00,0.6464003669511372,0.5571981316052016,0.7490702659201809,0.7326482587375535,0.6820150236389931,0.6548765787673249,0.7551434958116671,0.7429747192905438,0.6324384878449104,0.7405482869660638,0.7396420734058865,0.6368088852133333,0.6467411961502816,0.7550509885296948,0.649913617131244,0.6794336180152274,0.4772516315379907,0.6888057773715031,0.5511977990363333,0.7345495026945277,0.7570960094176656,0.6665364134588377,0.6704420993891429,0.7444044541671018,0.7315797006279067,0.5963549633820762,0.6573030391686414,0.7457544937457393
2023-08-04 16:00:00,0.6548559076182064,0.4842152455782126,0.7338841488115587,0.6875991904404003,0.6517084502853212,0.5836696355719303,0.7423939466330266,0.7258989338208651,0.6291342921114716,0.726594603012499,0.7243252261809838,0.59645300055608,0.6101081288936583,0.7359916602527767,0.5958745663280756,0.6310500386181868,0.4365258343392398,0.6995505666433534,0.531684774328462,0.715642735844003,0.7376852566404303,0.6782718210892655,0.6619932124607171,0.6998198843645546,0.7325293902290972,0.5288027215551534,0.604559041651312,0.6765714025180621
2023-08-04 17:00:00,0.5748062730773347,0.3658752946102047,0.6554259936594476,0.5793710569076823,0.6176102661566777,0.5129714676701626,0.6395514919069735,0.6244407637448114,0.591467973524978,0.6500625101234325,0.6268884016006889,0.4981185801482913,0.6002378056678284,0.6512245761526017,0.5741992263541018,0.6110557213796101,0.4176204712250584,0.6089805096225308,0.5256123163353195,0.6489868268294297,0.6587877298455513,0.5779916889796729,0.5190034826855123,0.6164583097451519,0.6750351783836243,0.4717662094896571,0.5458466506324441,0.5554402431196284
2023-08-04 18:00:00,0.5562120780143003,0.3964456447435461,0.6331839858569575,0.5154974722298095,0.5969782751302684,0.48021241754749994,0.6654480872131524,0.6521288991581552,0.5579810256187315,0.6459375402493445,0.6484685857666244,0.5033295134749262,0.5422462980319169,0.6538374554789368,0.5103798964601226,0.5335971340193615,0.3585929871592292,0.5966704419086725,0.4585215617059979,0.6402032047635177,0.654234586836435,0.5821846671027361,0.4542990429365695,0.5127455760731586,0.5800415293778426,0.4225738319966526,0.5065920057299382,0.4888101367825313
2023-08-04 19:00:00,0.5080786190772905,0.37059073283231336,0.5703101678237994,0.4173509459463791,0.5258608716318613,0.44423592273542734,0.5847201760466348,0.5745758334236607,0.4434385614204896,0.5686858039488192,0.5676453490069522,0.35498521624474494,0.42818970109748594,0.5734581321189338,0.4477652608835621,0.4081939838629965,0.29661781802837506,0.538357272052577,0.43745618815716997,0.6011812710925549,0.5736089157840126,0.48679931588341735,0.36943205738401574,0.4310931786488021,0.5313684497453761,0.41056602923396646,0.4962664611136422,0.3661857934359608
2023-08-04 20:00:00,0.40086846271616333,0.3530567076888456,0.42851595152032945,0.3661859113299327,0.4711351014854302,0.36728635163589235,0.4183026110376919,0.4460591781115133,0.39673237971435205,0.4507360095848593,0.45674641073088545,0.32397188546834627,0.4197243896580957,0.43103630229129375,0.3842657194368944,0.4179264118785071,0.23506504511572415,0.42526428916577236,0.3787073517875147,0.4488021001083973,0.43003847403020123,0.3957116956929145,0.2658320214698978,0.39537560090999696,0.39816315576306743,0.37765380378165053,0.4261538985025224,0.3872150822196654
2023-08-04 21:00:00,0.2462431308642005,0.2636985261572783,0.2582003945633916,0.21077168164906446,0.3765516100759222,0.2696453081076843,0.25293972850980195,0.2749219017921359,0.2429626688610264,0.25999334377519695,0.2645452224721191,0.21834372659187995,0.27281811059341915,0.28223383669813273,0.25719729595133706,0.29258936190202367,0.1889013674360942,0.262500587979672,0.2607258361550721,0.29564981428666715,0.2832155534840507,0.24131502981628042,0.0,0.1975550554143474,0.0,0.2543673063965373,0.26420680763606064,0.2150460175908978
2023-08-04 22:00:00,0.0,0.0,0.0,0.0,0.19095292938504788,0.047227537331383386,0.0,0.0,0.0,0.0,0.0,0.0,0.0,0.0,0.0,0.0,0.008880896573270408,0.0,0.01511140847352779,0.0,0.0,0.0,0.0,0.0,0.0,0.037520145046115005,0.0,0.0
2023-08-04 23:00:00,0.0,0.0,0.0,0.0,0.0,0.0,0.0,0.0,0.0,0.0,0.0,0.0,0.0,0.0,0.0,0.0,0.0,0.0,0.0,0.0,0.0,0.0,0.0,0.0,0.0,0.0,0.0,0.0
2023-08-05 00:00:00,0.0,0.0,0.0,0.0,0.0,0.0,0.0,0.0,0.0,0.0,0.0,0.0,0.0,0.0,0.0,0.0,0.0,0.0,0.0,0.0,0.0,0.0,0.0,0.0,0.0,0.0,0.0,0.0
2023-08-05 01:00:00,0.0,0.0,0.0,0.0,0.0,0.0,0.0,0.0,0.0,0.0,0.0,0.0,0.0,0.0,0.0,0.0,0.0,0.0,0.0,0.0,0.0,0.0,0.0,0.0,0.0,0.0,0.0,0.0
2023-08-05 02:00:00,0.0,0.0,0.0,0.0,0.0,0.0,0.0,0.0,0.0,0.0,0.0,0.0,0.0,0.0,0.0,0.0,0.0,0.0,0.0,0.0,0.0,0.0,0.0,0.0,0.0,0.0,0.0,0.0
2023-08-05 03:00:00,0.0,0.0,0.0,0.0,0.0,0.0,0.0,0.0,0.0,0.0,0.0,0.0,0.0,0.0,0.0,0.0,0.0,0.0,0.0,0.0,0.0,0.0,0.0,0.0,0.0,0.0,0.0,0.0
2023-08-05 04:00:00,0.0,0.0,0.0,0.0,0.0,0.0,0.0,0.0,0.0,0.0,0.0,0.0,0.0,0.0,0.0,0.0,0.0,0.0,0.0,0.0,0.0,0.0,0.0,0.0,0.0,0.0,0.0,0.0
2023-08-05 05:00:00,0.0,0.0,0.0,0.0,0.0,0.0,0.0,0.0,0.0,0.0,0.0,0.0,0.0,0.0,0.0,0.0,0.0,0.0,0.0,0.0,0.0,0.0,0.0,0.0,0.0,0.0,0.0,0.0
2023-08-05 06:00:00,0.0,0.0,0.0,0.0,0.0,0.0,0.0,0.0,0.0,0.0,0.0,0.0,0.0,0.0,0.0,0.0,0.0,0.0,0.0,0.0,0.0,0.0,0.1026328565012526,0.0,0.05387537093136623,0.0,0.0,0.0
2023-08-05 07:00:00,0.31318303866323893,0.38145453040305094,0.20401809581008337,0.17325334264271686,0.27457727613149613,0.16801287735211667,0.059490170412183664,0.09624737430186753,0.20612837983937224,0.1990827508786206,0.15233895407274034,0.33148491512808764,0.22881694709779285,0.059657445116268235,0.20388857436734695,0.20034141871534997,0.07040321322850328,0.3576869288917348,0.09582925392999024,0.132755259245695,0.05863893064900107,0.32991481514584486,0.2846280613011899,0.39596254213798404,0.36658638026414997,0.2185632796932733,0.4593741906577701,0.37249300326629153
2023-08-05 08:00:00,0.48375887477518525,0.559077332766769,0.348477004637849,0.3040912091536748,0.43920614098742194,0.30407970409661783,0.20556037720749262,0.23717824148991043,0.33164155131700457,0.3703840134100422,0.31376473046674513,0.4666082900791422,0.36237295326438557,0.15888352980932435,0.2938168706845592,0.2975630839553557,0.15204746157217502,0.5336946821490015,0.17663725014777903,0.25555446923424163,0.15105723817672387,0.5031064403753419,0.4748868437899026,0.5573299502545507,0.504958197136582,0.4031732789729365,0.6088893193521038,0.5453348880956482
2023-08-05 09:00:00,0.6088016692390793,0.6643977983527786,0.4622729362388619,0.4373990986251515,0.5665579486760407,0.43945298446178105,0.2893008983637375,0.34385235831739686,0.4962277552709428,0.47937332800627824,0.4164038821949714,0.608591784046682,0.4991310968981795,0.27004641170990307,0.41176983125187827,0.4432671148920034,0.2511083919876514,0.6405519415013352,0.2923784290648413,0.37794813713833775,0.2633866889486821,0.6164771137171275,0.5759745296185199,0.6530235691933676,0.6241514419726724,0.5340776153345781,0.6956133973658016,0.6395033613517829
2023-08-05 10:00:00,0.6986192379030725,0.7268020293122027,0.6014650910561159,0.5280606107446499,0.6416546339072728,0.5562677957501813,0.32907280826206814,0.3538671975734276,0.6016804739233986,0.5260323000478955,0.46259038567098854,0.6773997256564979,0.5994627115754149,0.29703025516095377,0.6663469466909621,0.6121770163220653,0.33560853786787176,0.701690323502609,0.3521761269153579,0.41560305359857436,0.2997481839281849,0.6781414222101074,0.6600173886574265,0.6993255647481267,0.7253992757357541,0.6182699106284751,0.7521042105957507,0.6860389412035717
2023-08-05 11:00:00,0.7358305259277123,0.7536486234849249,0.6370399306786796,0.5979336404052477,0.6812748671063232,0.6313350403094427,0.3831316793791318,0.392269511311733,0.6610030746041262,0.5399594676644917,0.49374488287373175,0.7189682521436613,0.6848714951166758,0.3467244758561294,0.7143216957845384,0.6948758000052353,0.4386716944260887,0.7426012028448513,0.4332369341010061,0.44088119000091924,0.3488392634247772,0.7019533556328935,0.693563673759546,0.7266476168083805,0.7493295856615642,0.6796316028105955,0.7768135388877703,0.710101337146136
2023-08-05 12:00:00,0.7188942299086626,0.7545221662651714,0.6651362013816297,0.5571693133819399,0.7146295156000072,0.6599297931139739,0.47051533186499084,0.5081794902340954,0.6557379529124449,0.629099828908788,0.5792644007844691,0.6932482893015895,0.6735724015474922,0.4659875169761235,0.7337995708835057,0.6956087747037303,0.4844290374228358,0.701467122937823,0.5270786185068631,0.55214031099603,0.4665139075079291,0.6716003401162961,0.6582894840135678,0.7414490069512285,0.717397054943019,0.6994453459873434,0.7833336638643686,0.7244099039392189
2023-08-05 13:00:00,0.7379871429680076,0.7412561881835681,0.6890059296214512,0.5722547274632723,0.6984955083898858,0.6389212549693501,0.515073290209953,0.5187772404076143,0.7000438396688872,0.6576562303301743,0.6000039343269901,0.6996293222721993,0.7081889055907462,0.4656765426604126,0.712604686408455,0.6944750150229345,0.5715577382719917,0.7390301637839941,0.6037675511276829,0.5841231138526185,0.4660186578253649,0.7170903505363233,0.5905921673129271,0.736730488471457,0.6732984201036227,0.6539204926384057,0.7821002407743143,0.7247990984459605
2023-08-05 14:00:00,0.722941220728903,0.7220929505452321,0.7116960715411508,0.5478894214552934,0.6691802165100811,0.6479183849525765,0.5323243355877195,0.516716526561657,0.6991472857704805,0.671941816267589,0.6173438332190996,0.6695010516550346,0.7139322820807474,0.43804004381437367,0.6865401651281127,0.699557576926766,0.6057899830931905,0.7146894376120031,0.6478930977358985,0.5641756421245033,0.4362371849365296,0.6996067577428877,0.6102119900412749,0.737540985591321,0.7256871841094604,0.6331747451241768,0.7695487270866063,0.7280252620323308
2023-08-05 15:00:00,0.7034525129398421,0.7195795906260332,0.7037546963077378,0.5834417254962273,0.6605065843954856,0.6665535805103171,0.5193175351033217,0.5406854760286329,0.6942756748949157,0.6788712792657374,0.6201090182598386,0.6974404770623276,0.699217513572315,0.48781479712170306,0.6966956363550911,0.7064978525144432,0.5964877253367276,0.6829336646632914,0.6442419191024219,0.5845628879724211,0.4902197947577877,0.6945017758090385,0.600526367809368,0.7328052618921842,0.7035598369484647,0.643170702354618,0.7510243778932851,0.7240585531053338
2023-08-05 16:00:00,0.6993379199695969,0.6735864634946367,0.6386020468203621,0.46831948556546676,0.6453688263717349,0.6330067908386429,0.39524731036796346,0.46019036469163616,0.6527357830336247,0.6026418943129139,0.5384616930492488,0.6226552694387273,0.6768618144333297,0.42372683562351326,0.6735129712867955,0.6893413528374261,0.5823421430445582,0.6707116656383835,0.622083853261547,0.47520500492126977,0.427745968898349,0.6622100299626437,0.4883062551223432,0.6850725149835468,0.6491839793907711,0.6137768035136012,0.7236732662203217,0.683294741997946
2023-08-05 17:00:00,0.6366311261292832,0.615111769170102,0.5395935871689507,0.3777422799024007,0.5811452714313505,0.601605005351549,0.2854184239526355,0.3371792013044008,0.6285573061197449,0.4313538978687563,0.40240482399033917,0.4955381905128057,0.6308652650548914,0.32773520623209496,0.6484260720574182,0.6445285665064402,0.5413612051439509,0.5888425439138157,0.5936774769471266,0.3821035304894271,0.33161017635858114,0.5345221151928873,0.46661179338608194,0.6363646007043444,0.6202333562168929,0.5595731059880114,0.6936616023272837,0.6396178440206329
2023-08-05 18:00:00,0.5468825169892286,0.5673817377341013,0.4195089938176704,0.2595933712246723,0.5206027580951607,0.5675134269962913,0.27346927628902723,0.3292610330871651,0.5520123205690922,0.32634222842317134,0.32894246650659126,0.38974619643602154,0.5461674892252784,0.3273759757384333,0.5893909635932356,0.5462623374640531,0.4841347597202558,0.5004430533872228,0.553248010824622,0.34860516991035595,0.3242983982199662,0.4080725254084872,0.3406976492407169,0.5642937112179054,0.5386400028607484,0.5115313692386297,0.5812633107140559,0.5711118914467289
2023-08-05 19:00:00,0.40869659337414205,0.5053783513990083,0.2267657431370068,0.19650758446574337,0.41606831910192954,0.5113033751664275,0.13335755024504564,0.15803073363284198,0.5244620288372271,0.17546153897768227,0.1544262270158596,0.26538534610409514,0.5360118010233826,0.16261475297680594,0.4439941250345588,0.4979570524770052,0.4083371926712468,0.3511609055150862,0.49231556159430867,0.25167003507979036,0.1644530700993614,0.25610096516259306,0.20546221521035868,0.4577737788347761,0.48503898728166733,0.5026228507758399,0.5373968563259117,0.45110960863664906
2023-08-05 20:00:00,0.2737525660303209,0.3988462523994341,0.12416995317461378,0.0775911693605469,0.28935776618288134,0.4118674778298804,0.04420269813740024,0.057917832443180384,0.37710793771989937,0.11223389515693079,0.07738912464165082,0.1473448357483573,0.4032227940619752,0.03827683303386969,0.40664527081074325,0.4333225222934729,0.33917513107222436,0.18840222027540185,0.42772001318383546,0.07533026635664439,0.03876451734724798,0.1629449093353675,0.17709025212843257,0.35087858561228374,0.37755279508049444,0.40950812905657674,0.4312009014624439,0.32733405061430454
2023-08-05 21:00:00,0.17820963335522827,0.2732131569477384,0.07386404321471812,0.004568411713301204,0.1774638044519489,0.3211670208311449,0.06070885993795715,0.07509018065463748,0.24221687861300298,0.0880325147686615,0.07397330038897729,0.07062979926004787,0.2590659000385355,0.050719924193645446,0.29183960537358566,0.29495445627861205,0.22676044315585428,0.11136746666643256,0.2746340931683062,0.05198798486726679,0.04741214581576952,0.11063862607086106,0.0,0.15749275276117883,0.0,0.3046653071241302,0.19827456337539415,0.10885751748101642
2023-08-05 22:00:00,0.0,0.0,0.0,0.0,0.049126635460152376,0.07048917811548822,0.0,0.0,0.0,0.0,0.0,0.0,0.0,0.0,0.0,0.0,0.0,0.0,0.0,0.0,0.0,0.0,0.0,0.0,0.0,0.029580717702099066,0.0,0.0
2023-08-05 23:00:00,0.0,0.0,0.0,0.0,0.0,0.0,0.0,0.0,0.0,0.0,0.0,0.0,0.0,0.0,0.0,0.0,0.0,0.0,0.0,0.0,0.0,0.0,0.0,0.0,0.0,0.0,0.0,0.0
2023-08-06 00:00:00,0.0,0.0,0.0,0.0,0.0,0.0,0.0,0.0,0.0,0.0,0.0,0.0,0.0,0.0,0.0,0.0,0.0,0.0,0.0,0.0,0.0,0.0,0.0,0.0,0.0,0.0,0.0,0.0
2023-08-06 01:00:00,0.0,0.0,0.0,0.0,0.0,0.0,0.0,0.0,0.0,0.0,0.0,0.0,0.0,0.0,0.0,0.0,0.0,0.0,0.0,0.0,0.0,0.0,0.0,0.0,0.0,0.0,0.0,0.0
2023-08-06 02:00:00,0.0,0.0,0.0,0.0,0.0,0.0,0.0,0.0,0.0,0.0,0.0,0.0,0.0,0.0,0.0,0.0,0.0,0.0,0.0,0.0,0.0,0.0,0.0,0.0,0.0,0.0,0.0,0.0
2023-08-06 03:00:00,0.0,0.0,0.0,0.0,0.0,0.0,0.0,0.0,0.0,0.0,0.0,0.0,0.0,0.0,0.0,0.0,0.0,0.0,0.0,0.0,0.0,0.0,0.0,0.0,0.0,0.0,0.0,0.0
2023-08-06 04:00:00,0.0,0.0,0.0,0.0,0.0,0.0,0.0,0.0,0.0,0.0,0.0,0.0,0.0,0.0,0.0,0.0,0.0,0.0,0.0,0.0,0.0,0.0,0.0,0.0,0.0,0.0,0.0,0.0
2023-08-06 05:00:00,0.0,0.0,0.0,0.0,0.0,0.0,0.0,0.0,0.0,0.0,0.0,0.0,0.0,0.0,0.0,0.0,0.0,0.0,0.0,0.0,0.0,0.0,0.0,0.0,0.0,0.0,0.0,0.0
2023-08-06 06:00:00,0.0,0.0,0.0,0.0,0.0,0.0,0.0,0.0,0.0,0.0,0.0,0.0,0.0,0.0,0.0,0.0,0.0,0.0,0.0,0.0,0.0,0.0,0.16572978475505937,0.0,0.030170863675707992,0.0,0.0,0.0
2023-08-06 07:00:00,0.04122661200419186,0.19996946468781013,0.0783347634617339,0.13760223680274428,0.2686331440344606,0.14929694324525303,0.0004618638730600543,0.015885139320251016,0.02801026725859056,0.003532652510828169,0.0025282466218920978,0.087883501395959,0.03387598172361666,0.033048981783272466,0.03920704711858129,0.04888075479983728,0.022574756991603172,0.024603922021157024,0.05129721065701006,0.008866949707060007,0.03570355078093224,0.022996384677864457,0.45551171911807115,0.36277251073204064,0.43153390792852897,0.15927051151940838,0.41858487097560043,0.3410911938427956
2023-08-06 08:00:00,0.10330792423863888,0.33317561678291785,0.14711182303590578,0.2503979247110664,0.388950084199357,0.25639095204706636,0.029893359206102837,0.08581898990953295,0.0773363192055587,0.045757291610026896,0.04385308720546542,0.1320751440792204,0.09000011175894439,0.1366389301021079,0.07206038002738985,0.07243226467985119,0.03963249708961904,0.07266401499251436,0.0682446344352866,0.12708294524575137,0.14231379620497914,0.06431673677315196,0.5966240583883573,0.536178150931997,0.5675743315751544,0.28827220999289,0.5886270156958867,0.5140994432060421
2023-08-06 09:00:00,0.2185516836739013,0.42872006799973295,0.18629534051149743,0.3728125211435801,0.5077269596391714,0.3602428379865331,0.09275553063684407,0.23291874617111427,0.2176873939832843,0.13392924703445758,0.12072272117636548,0.22398107096227074,0.24464538716582612,0.35025706874566087,0.1360266449491805,0.18319002910889268,0.09410614133341433,0.22414389171263419,0.16631377375577835,0.34052112244313354,0.3627019317674197,0.17548893556837108,0.6921674400087393,0.6293402831691524,0.67870593278385,0.4148795493933759,0.6537675293328958,0.6065477259529918
2023-08-06 10:00:00,0.39053233571597873,0.5187339458706746,0.32430576653863674,0.4723300211402883,0.5994902622482486,0.4934357062717265,0.16826312849544875,0.29575158852404443,0.3648215207928049,0.2520364759726653,0.22507276136434903,0.44217322771296025,0.3790163695024863,0.3866031996490352,0.3059437063854008,0.30366274511827857,0.17232515148344688,0.39828065338835933,0.23542707695375498,0.3561374503709226,0.3958751530522536,0.35769365029934397,0.7183355751325046,0.6909764175376233,0.7296687217452188,0.5084148701287814,0.7293498429102734,0.6661589775959017
2023-08-06 11:00:00,0.5371280003700748,0.5747080884920176,0.3809440597823923,0.5590895360047407,0.6689781989251969,0.5323671748490432,0.25190113784361284,0.38884958974020895,0.46810480232823737,0.33981919621675083,0.29998401624646115,0.5956638985497499,0.4959174584857265,0.4826490607955623,0.4008798448039877,0.34889645961792903,0.23181512349698685,0.5486559676059041,0.30102672780140366,0.5418573289916457,0.4912345303967349,0.5002672330433781,0.6921645783302927,0.7159433684278117,0.7116940936462272,0.6111201019423615,0.7533739322943322,0.6922850617360667
2023-08-06 12:00:00,0.5169211762858968,0.5524478053316141,0.4391423214168888,0.5239098524484324,0.6888568241601526,0.6324261417008102,0.37323742225891904,0.4373071236905337,0.5551288328274313,0.3355421938515954,0.3308082301250847,0.579966640208906,0.5847651532055442,0.5189420335291861,0.4908070498303405,0.47729710105730194,0.4248067551219032,0.5068613174590874,0.5044153765075025,0.5214175100518671,0.5219782669010036,0.4638335826648297,0.6530763045723277,0.7097486630087724,0.6683061776917245,0.7006969193090546,0.7263930954711136,0.7035581707409011
2023-08-06 13:00:00,0.5739498120148934,0.5658415412110683,0.503029616880864,0.6130411545959018,0.6569414668280086,0.61405473046929,0.4153149239808069,0.47008076335665877,0.5744962047513554,0.4412251059894947,0.4086105071742186,0.6058035945912524,0.6450769428677282,0.5236847184184948,0.5173635179860127,0.549913854831758,0.46389291535075394,0.5645320432727093,0.5123837058881644,0.5827910489906093,0.5281991729590676,0.5527871567045209,0.6006429211582273,0.6636280466799557,0.6188738785053692,0.6982061111821565,0.6959438979736734,0.6778645395426842
2023-08-06 14:00:00,0.5026725221755094,0.5598503136480409,0.527075989041778,0.5935372040700347,0.6566407160952493,0.6224371291112776,0.42473739391041687,0.47338452953987126,0.6133076835990888,0.42491795794444454,0.418982771626979,0.5307490078428436,0.6759005113792648,0.5124174119191492,0.5079189963927486,0.5731543040575087,0.5166153445051048,0.3176826441152848,0.5317518744015989,0.5899964028850082,0.5180032718210659,0.41278060583750875,0.6841789589618568,0.6983887070447775,0.7037333366794787,0.6722011320993345,0.7174250469784008,0.6702325074483669
2023-08-06 15:00:00,0.4317431307321802,0.5232866976374244,0.5873353028345012,0.5409313115512983,0.6834813031167382,0.6113552831273569,0.5050963224631057,0.4745435997681005,0.5535486073632432,0.4457512477885541,0.4974108401447444,0.4399252876677297,0.625343545220376,0.470009518793814,0.509953998926736,0.5544043373238753,0.5212499491737027,0.2863259137814977,0.5506302362603518,0.4747085571060995,0.46851692936725475,0.3618257675979049,0.6474197501384031,0.6826717947421467,0.6737480242028441,0.6444158808242015,0.6877354042363704,0.6667965235506461
2023-08-06 16:00:00,0.40696548901237917,0.43213144308542867,0.5351731022777497,0.4519523905271105,0.6467131486638238,0.5784837600784056,0.517070412356681,0.4964811042810003,0.5008189730501503,0.5420593097051634,0.5514753196365498,0.34966037707934183,0.5615088809504785,0.44656251166506894,0.4419260985944088,0.5484548374324267,0.5395473856604281,0.40237544481219983,0.5447646218646509,0.5118354957426319,0.4390275159026363,0.38436701553699826,0.5766255480225924,0.6392869502625019,0.5978920486788419,0.5889861652881137,0.6536052887824686,0.6216186704954861
2023-08-06 17:00:00,0.3912837361784625,0.3591338776889885,0.5305306605143792,0.26503148784399294,0.5774908123553466,0.5167914295551833,0.5937670264326395,0.4975239768853987,0.4823264668119821,0.5552690853832176,0.582888635898955,0.2614429072907847,0.5526741457211732,0.4073410584208935,0.447331144007418,0.557562027771984,0.5272370436513385,0.386560051228751,0.5295310581349585,0.34253440127809054,0.3968213766273039,0.3683183578563365,0.4032928147652535,0.5666612040250641,0.533789845078656,0.4741534322777888,0.5898377596508471,0.5281455516911753
2023-08-06 18:00:00,0.3371006734106521,0.23271395274541434,0.4873335554024827,0.28576602758312863,0.5012312149838679,0.42628932206258463,0.5383224213448835,0.44450665542842144,0.40192991161206965,0.5080557403237123,0.5479506837715795,0.2668096512326651,0.466625419545735,0.3390433763361375,0.4405218838746882,0.48364114050091633,0.49749795932007446,0.3375137974951256,0.4235575525319456,0.2806729521553067,0.3262747864609185,0.3328108931468862,0.36019957200219965,0.4666334378731232,0.49043646006849523,0.3748102100698962,0.5663927287314456,0.43152498140911266
2023-08-06 19:00:00,0.2772284810950051,0.1749731872444844,0.3674867855389731,0.2838134081158234,0.3811190074267374,0.38470059481667385,0.45896715987128484,0.41287517832531,0.326500648129586,0.44663498928525425,0.5067317919062095,0.19107385571920152,0.3494542796249703,0.31760322368944477,0.4028955007161497,0.4204401136561214,0.41747036104853313,0.3289550412498516,0.3567311030584288,0.18605839539645005,0.2992934176567091,0.29555195604530143,0.2746372388116396,0.4077000926441519,0.4066927570670311,0.3468641525900719,0.4909983799433414,0.3387635887473056
2023-08-06 20:00:00,0.20197172913759492,0.1118923898357901,0.23287483126400085,0.09131996762190804,0.30508476742307417,0.29257751371538004,0.33021625272607363,0.3132562397361401,0.2515234696520587,0.34704576377672486,0.3886787231721284,0.06689002664734425,0.2766109819610757,0.23638187472876082,0.29754303300751306,0.3375677657759937,0.2902406232544602,0.26898408995977935,0.23930081427400096,0.11506532120582563,0.22129896870351948,0.22408148562767424,0.164827182752537,0.21354257045357816,0.27286770591724624,0.33000996311565484,0.3224530412063097,0.19255974410888657
2023-08-06 21:00:00,0.09456907850805532,0.07072850636198176,0.07846945342668546,0.08672343287129684,0.2062078463965587,0.20655208161474,0.2056856774304352,0.23402580825850616,0.12513486618448974,0.22152109857376082,0.23152052349276742,0.055221796250328185,0.13966298442689,0.1995324576563352,0.16170131409404565,0.1948225378677469,0.24566491465668003,0.13355922253837804,0.20114561128273542,0.11487127236272136,0.19014350145547682,0.12596366407715667,0.0,0.06116037939024314,0.0,0.20659771122507536,0.15616220608666934,0.05344923054335393
2023-08-06 22:00:00,0.0,0.0,0.0,0.0,0.08775350080176322,0.023532461252391928,0.0,0.0,0.0,0.0,0.0,0.0,0.0,0.0,0.0,0.0,0.0,0.0,0.0,0.0,0.0,0.0,0.0,0.0,0.0,0.009979349365833636,0.0,0.0
2023-08-06 23:00:00,0.0,0.0,0.0,0.0,0.0,0.0,0.0,0.0,0.0,0.0,0.0,0.0,0.0,0.0,0.0,0.0,0.0,0.0,0.0,0.0,0.0,0.0,0.0,0.0,0.0,0.0,0.0,0.0
2023-08-07 00:00:00,0.0,0.0,0.0,0.0,0.0,0.0,0.0,0.0,0.0,0.0,0.0,0.0,0.0,0.0,0.0,0.0,0.0,0.0,0.0,0.0,0.0,0.0,0.0,0.0,0.0,0.0,0.0,0.0
2023-08-07 01:00:00,0.0,0.0,0.0,0.0,0.0,0.0,0.0,0.0,0.0,0.0,0.0,0.0,0.0,0.0,0.0,0.0,0.0,0.0,0.0,0.0,0.0,0.0,0.0,0.0,0.0,0.0,0.0,0.0
2023-08-07 02:00:00,0.0,0.0,0.0,0.0,0.0,0.0,0.0,0.0,0.0,0.0,0.0,0.0,0.0,0.0,0.0,0.0,0.0,0.0,0.0,0.0,0.0,0.0,0.0,0.0,0.0,0.0,0.0,0.0
2023-08-07 03:00:00,0.0,0.0,0.0,0.0,0.0,0.0,0.0,0.0,0.0,0.0,0.0,0.0,0.0,0.0,0.0,0.0,0.0,0.0,0.0,0.0,0.0,0.0,0.0,0.0,0.0,0.0,0.0,0.0
2023-08-07 04:00:00,0.0,0.0,0.0,0.0,0.0,0.0,0.0,0.0,0.0,0.0,0.0,0.0,0.0,0.0,0.0,0.0,0.0,0.0,0.0,0.0,0.0,0.0,0.0,0.0,0.0,0.0,0.0,0.0
2023-08-07 05:00:00,0.0,0.0,0.0,0.0,0.0,0.0,0.0,0.0,0.0,0.0,0.0,0.0,0.0,0.0,0.0,0.0,0.0,0.0,0.0,0.0,0.0,0.0,0.0,0.0,0.0,0.0,0.0,0.0
2023-08-07 06:00:00,0.0,0.0,0.0,0.0,0.0,0.0,0.0,0.0,0.0,0.0,0.0,0.0,0.0,0.0,0.0,0.0,0.0,0.0,0.0,0.0,0.0,0.0,0.12240703413229825,0.0,0.0,0.0,0.0,0.0
2023-08-07 07:00:00,0.06808780813347157,0.19801166014460989,0.04283162405867676,0.026925601414797797,0.16738760505696315,0.02500641424173547,0.03288585747898332,0.08551145802290187,0.02138884526070142,0.06196974354582909,0.07290146808381082,0.04246380453577339,0.004453445810749433,0.11561578315976002,0.0011174090846253193,0.001781561374166986,0.0020729491368198572,0.14110727726071315,0.0031774969019322087,0.09553489567086776,0.11695159037615997,0.07858587895379121,0.3137934575335917,0.2689296796174174,0.21420718076240475,0.049145608730569564,0.3664618291673902,0.2704546160476004
2023-08-07 08:00:00,0.12649041165631464,0.32399996399695624,0.08252314686604563,0.09614806680308736,0.19809249356783085,0.05155376440666415,0.13454441093218314,0.2524820192372556,0.05420927174505928,0.12917750507678824,0.1644887860085294,0.10891484227715678,0.02834613009072161,0.34323007000390926,0.011419084427057573,0.011802945259680774,0.023394295662334873,0.15736640059729712,0.018906875747265944,0.2796648710608915,0.3480249866251675,0.13815358803310096,0.46647194376014656,0.4426076186822714,0.38647841721099263,0.08550108053507206,0.5164183578341697,0.4421803540719645
2023-08-07 09:00:00,0.24679745418948157,0.44992805745994163,0.1820704005594584,0.24138455996677885,0.2836327986591062,0.16753852025912805,0.2136521553678387,0.3472563487589388,0.14159880106140663,0.2082708315238589,0.24324804646391948,0.30455408696081177,0.10519492985274868,0.4642139603348255,0.07120440553166177,0.0682876693384317,0.07612393663217647,0.293056565336079,0.057496840025966306,0.3753076721797599,0.47098766137499715,0.2560917722019812,0.6216284496348992,0.5757121766884686,0.5773872726345334,0.19094207745057318,0.6288025996277306,0.562455386216212
2023-08-07 10:00:00,0.37322002858176534,0.5843153968564678,0.2569774717373036,0.4405018445138989,0.401560124074833,0.19320424814708378,0.2330756244094867,0.3498404427660364,0.2302465032262633,0.23533322774593274,0.24850774753567806,0.5054354445125459,0.18903386152710072,0.4909136199212052,0.11020444941084692,0.14151569180058368,0.09386846253760642,0.41625983398187616,0.09138556886426415,0.45000308547177736,0.502767157838976,0.403729487593603,0.7077452666902033,0.678486493124943,0.6807492244453125,0.26146038648736203,0.6822494569900694,0.6641580759804319
2023-08-07 11:00:00,0.3978213451183705,0.5974033950077154,0.2856051626241098,0.4767237385419518,0.4175728539069136,0.23841594383293888,0.2619322546444181,0.3532687227352586,0.2761331569920054,0.2526089244227839,0.24655600150364082,0.5766333652878013,0.24736016672460404,0.5015268968997038,0.12888010346307927,0.1823424948362981,0.10841213376460193,0.4229142385266407,0.13202337611473228,0.4668690174111998,0.5169610311222149,0.44147863983331237,0.7049158031542315,0.7028396054958048,0.7253159115451571,0.2754470624501753,0.7279002395723078,0.6991565069434437
2023-08-07 12:00:00,0.5503232045893754,0.6166605906899258,0.5007777111999354,0.5007914936587116,0.4889586047149782,0.3212837549238606,0.40708418580598754,0.4724204648577204,0.37179130321159465,0.5207191721598892,0.460958284055744,0.615510292059517,0.3862819534073822,0.5304250657156501,0.24844537579782333,0.29303819671416553,0.09696425541137935,0.5670125952384591,0.0873486138499891,0.5493793656835144,0.5439159525259009,0.6075130336828022,0.7416401152254467,0.7349971596020063,0.7461214075454755,0.38462861398038867,0.7393660218547426,0.7351979481871026
2023-08-07 13:00:00,0.5241469200107443,0.6128505410914185,0.5665599190253165,0.5278806626592695,0.5189641357999527,0.29086110681918403,0.5344698634791043,0.5907812306419707,0.36590270603463676,0.5741002832391013,0.5505778840094856,0.6044272555177744,0.38533164323528357,0.6406964149584659,0.2502051116721153,0.3012317641694441,0.0758060684597132,0.43068230808174685,0.07349683966961196,0.6095176138949892,0.6482851041783187,0.5761925435055033,0.7044847263643506,0.710783169891596,0.7046698921209845,0.34354170647266963,0.6887759600768573,0.7069474044188102
2023-08-07 14:00:00,0.5137510843258061,0.5987010734846872,0.5193310267999014,0.5433759871872987,0.5217284721447166,0.307353795913723,0.47173550123275193,0.5396684972845267,0.3986567000166938,0.5408340553607771,0.48262325377205884,0.6128337493852698,0.4162634607837085,0.6155138588725498,0.26024415280259694,0.3031872902987072,0.062437186965335706,0.509864431984078,0.057245132696774254,0.5788683968080242,0.6297181134622021,0.5673696869292736,0.5997449611447064,0.6791741833935059,0.585659208995728,0.3495267962770932,0.6134000751329814,0.6814399589037361
2023-08-07 15:00:00,0.5118271651266644,0.5470004507806694,0.6088318768442775,0.49756783308039604,0.5164142701268372,0.26657771320522905,0.5052086280227434,0.5342853843384167,0.37104061060313753,0.5828093729051492,0.5392185554960296,0.5365180805349612,0.38652368105712565,0.5646690457008061,0.23655269053026703,0.28758635887851264,0.06126792097707804,0.579157984819951,0.05613644814117576,0.5110142222722183,0.5754333679849183,0.5736698836793522,0.5503378523345039,0.61421776923225,0.5968567694865543,0.3124104853123314,0.5693665844082211,0.6142511352832624
2023-08-07 16:00:00,0.4646294908966242,0.5152759028177399,0.5856075944596427,0.5102186127364854,0.493609522438453,0.16539540439530334,0.50419205469388,0.5405326569119999,0.3113295035345381,0.5642398763662737,0.5391202378762279,0.55109655713112,0.3339523003769171,0.5772710120239465,0.19549935898107593,0.22100984967473142,0.03677158423546295,0.5244648076102614,0.03137254316654554,0.49485434952145746,0.5854103618530546,0.5623039679501846,0.48070278852373904,0.5926704340049677,0.5482060579772202,0.2589159051246346,0.5202507472799927,0.5660611446410847
2023-08-07 17:00:00,0.43954326995025683,0.441644963461829,0.4656354556364741,0.5030279044289611,0.4566163568710306,0.09331447838970117,0.34608079528745295,0.4491543087537717,0.24615680292742176,0.5360197973129808,0.42963939598785783,0.5823394062125563,0.25718218826914613,0.5222134877263718,0.13994076685918302,0.1552365134051192,0.020757483694576345,0.5100046165260924,0.02058799058529438,0.5292933464970779,0.5445933172460641,0.5713563921598354,0.4152721999184175,0.5417519969130487,0.5760940484829552,0.1745254861621351,0.5096636503396793,0.5380164028660335
2023-08-07 18:00:00,0.377850169176378,0.3376398601627265,0.4421980276659905,0.4618056424720398,0.4122838242940691,0.05660749007632605,0.42331072321030816,0.5220134942874691,0.19788676055369173,0.56144238491627,0.5088189662789324,0.5071034274902632,0.20612222567530405,0.5646479670476593,0.0798007125213971,0.10374532664200024,0.014053026129629954,0.5071354735533653,0.013712276346394478,0.562749250358288,0.5743954682239714,0.5287956451284018,0.25752679428850117,0.42522469420054854,0.4755112524214129,0.11117680763206013,0.31581802563256095,0.4153125131671859
2023-08-07 19:00:00,0.20881390947142536,0.2150433684991899,0.3180990706399079,0.30225313908495977,0.2941457103227512,0.027145930774582445,0.35610508751411807,0.3934377532329712,0.07457403155471573,0.4481165746130407,0.4053535087543717,0.2880379819148212,0.0662080682821487,0.3785688089253032,0.027272962644427384,0.031034270869942968,0.007662546655389783,0.27139740451611694,0.007806359000686526,0.4131968610975921,0.3819572817268861,0.3181535094940248,0.1839568085033875,0.3222448140859696,0.4073979255350302,0.04657384694152772,0.2712627633896496,0.34744683709981844
2023-08-07 20:00:00,0.08192781264249346,0.07162019168753923,0.1630395915939203,0.2474550463062955,0.18336362346133392,0.010722991864883064,0.267687351808921,0.3169746980608,0.017001474103979123,0.29415271969385437,0.2994963856536022,0.1932964799306833,0.017393294881256353,0.3038727793417238,0.009571991341853507,0.009530611192707948,0.0024244173655460733,0.11286291318739643,0.003083545345709736,0.25468002541233503,0.2989053720976867,0.17132978707103638,0.08781303633883607,0.2099253529470489,0.20320478011076967,0.014977630927665188,0.1653475263937893,0.2030006215315185
2023-08-07 21:00:00,0.003500144603351326,0.011593407958537865,0.02110911947292289,1.6768232859043797e-05,0.0766465914924905,0.0018971927912808336,0.04168835843498008,0.054541693890264475,0.0005822871474520462,0.02380394477309835,0.037275046673467614,0.0014175463583622134,0.0005634735750935862,0.05202010727894302,0.0003267393284687378,0.0001783861256278505,0.00040748844696018453,0.0036778012610985157,0.001664434697625493,0.04899521358488547,0.04753396392286442,0.006331407732376615,0.0,0.007672812843948008,0.0,0.002007659772377211,0.03974247239526492,0.0007135840033652799
2023-08-07 22:00:00,0.0,0.0,0.0,0.0,0.009059047565569885,0.0,0.0,0.0,0.0,0.0,0.0,0.0,0.0,0.0,0.0,0.0,0.0,0.0,0.0,0.0,0.0,0.0,0.0,0.0,0.0,0.0,0.0,0.0
2023-08-07 23:00:00,0.0,0.0,0.0,0.0,0.0,0.0,0.0,0.0,0.0,0.0,0.0,0.0,0.0,0.0,0.0,0.0,0.0,0.0,0.0,0.0,0.0,0.0,0.0,0.0,0.0,0.0,0.0,0.0
2023-08-08 00:00:00,0.0,0.0,0.0,0.0,0.0,0.0,0.0,0.0,0.0,0.0,0.0,0.0,0.0,0.0,0.0,0.0,0.0,0.0,0.0,0.0,0.0,0.0,0.0,0.0,0.0,0.0,0.0,0.0
2023-08-08 01:00:00,0.0,0.0,0.0,0.0,0.0,0.0,0.0,0.0,0.0,0.0,0.0,0.0,0.0,0.0,0.0,0.0,0.0,0.0,0.0,0.0,0.0,0.0,0.0,0.0,0.0,0.0,0.0,0.0
2023-08-08 02:00:00,0.0,0.0,0.0,0.0,0.0,0.0,0.0,0.0,0.0,0.0,0.0,0.0,0.0,0.0,0.0,0.0,0.0,0.0,0.0,0.0,0.0,0.0,0.0,0.0,0.0,0.0,0.0,0.0
2023-08-08 03:00:00,0.0,0.0,0.0,0.0,0.0,0.0,0.0,0.0,0.0,0.0,0.0,0.0,0.0,0.0,0.0,0.0,0.0,0.0,0.0,0.0,0.0,0.0,0.0,0.0,0.0,0.0,0.0,0.0
2023-08-08 04:00:00,0.0,0.0,0.0,0.0,0.0,0.0,0.0,0.0,0.0,0.0,0.0,0.0,0.0,0.0,0.0,0.0,0.0,0.0,0.0,0.0,0.0,0.0,0.0,0.0,0.0,0.0,0.0,0.0
2023-08-08 05:00:00,0.0,0.0,0.0,0.0,0.0,0.0,0.0,0.0,0.0,0.0,0.0,0.0,0.0,0.0,0.0,0.0,0.0,0.0,0.0,0.0,0.0,0.0,0.0,0.0,0.0,0.0,0.0,0.0
2023-08-08 06:00:00,0.0,0.0,0.0,0.0,0.0,0.0,0.0,0.0,0.0,0.0,0.0,0.0,0.0,0.0,0.0,0.0,0.0,0.0,0.0,0.0,0.0,0.0,0.012039058140346708,0.0,0.0,0.0,0.0,0.0
2023-08-08 07:00:00,0.0,0.0031921684204290323,0.0013338497040416434,0.01447033514278222,0.0019909068748060225,0.0009239390365214896,0.009392595358867875,0.04322434621508118,0.0,0.002422519382888179,0.00570520354975942,0.0012363446318353379,0.0,0.09079679336325736,2.6075084796996017e-06,0.0,0.002268617844925793,0.0,0.005516717309722141,0.060114955997017994,0.09625410562902127,0.0001279588729780169,0.23996224064716437,0.005899761563016065,0.04126995038558419,0.0054458415700987094,0.006640945464682524,0.005368696711899308
2023-08-08 08:00:00,0.0038308579539827344,0.011655456087486827,0.016864022430607233,0.05664750729730788,0.011667124743590102,0.004742484734964988,0.04580716061868631,0.08331921863755297,0.0018042993053184837,0.015601197308981083,0.02453680136122588,0.008569752213575973,0.0017370767366843998,0.15991515464656578,0.001265009126469241,0.0010200124271690775,0.007112889692840561,0.0036334220261156403,0.01208115875824536,0.09913345375605068,0.16733670877305157,0.006369980449542734,0.4006439939319146,0.029155824725310413,0.0863421524773642,0.0065783455144252006,0.037447413243555695,0.032159142660387094
2023-08-08 09:00:00,0.013522273091087856,0.03923050849313089,0.02721016072466839,0.12425027582404197,0.0500802774447697,0.02538421431903591,0.08775776790895112,0.11652967364236644,0.010563810615289446,0.037983067134734164,0.04942251044992811,0.026411806593209644,0.010253550917667581,0.20504953335172707,0.009013076052266335,0.008294845433519667,0.038063663390232094,0.012422598762107856,0.05611838381775551,0.13078631853902722,0.21352254237304022,0.019901487168603883,0.46754396686271077,0.07917667459256862,0.13992103567588268,0.019730381745370347,0.0918854928262611,0.09677580143621425
2023-08-08 10:00:00,0.0431371685731821,0.07031814844510838,0.0870324584707617,0.11709245679235533,0.10092299519031134,0.03772494647142882,0.21029886269450074,0.1997136850786773,0.01932104502294406,0.09573276142571549,0.13474016069568326,0.045042286884980756,0.022834262996898547,0.2713910296312785,0.015968435140280075,0.01716103590707303,0.06631862385312283,0.03498679880209312,0.08197264307008882,0.15152191444805013,0.27377837963715795,0.05499199241424719,0.4903918122674912,0.14213536204453547,0.19591805834419007,0.052359750721723136,0.153372806202479,0.14424262966483978
2023-08-08 11:00:00,0.06347366779527211,0.10781292013156228,0.15164089354607066,0.15034973333300725,0.17730473011466455,0.05369934217694633,0.36811058454925205,0.3914422880983421,0.03349442327084903,0.2544762092775491,0.31781232895676664,0.07217722463578322,0.03513781154264594,0.4362606210814316,0.02959551435689444,0.03040148315724789,0.13925067543021527,0.05821161980457079,0.13243864573334402,0.28393718944037794,0.4326017896556133,0.11924348340148028,0.46072159146511116,0.19826521418003268,0.2316368106125613,0.07477121972720892,0.2117142259668187,0.1967699108310407
2023-08-08 12:00:00,0.0888140972422478,0.13429173538767816,0.21829168013984118,0.3137156659197879,0.21303921039286472,0.18261537304028408,0.5437518783747999,0.5075793300639196,0.0641043440481328,0.2157807807394999,0.3488896486435201,0.19507995362757238,0.050794693592320826,0.5873378981027306,0.04561815548945713,0.041608437127857896,0.14946926629173624,0.09569934350315201,0.14343946466809182,0.47241996648175494,0.5821077494691571,0.1194439240039274,0.5039853081292468,0.25551415169546393,0.34495186612008893,0.1697815806997758,0.24763640533934636,0.25747139334890423
2023-08-08 13:00:00,0.07896973790428786,0.19156854940131648,0.2129945348160516,0.3437729287945192,0.26730559221395356,0.20825904399123774,0.5773899879572277,0.5296767599472252,0.06188076442585886,0.21597099521285884,0.3734434873028293,0.16856600291270876,0.04905738802441221,0.6019658996766843,0.04177086035022894,0.04625387530259818,0.18049040072333247,0.06317453675926311,0.19479084317147777,0.381213773635373,0.5930447031312954,0.09819513354940586,0.5095218552584131,0.30428855353062356,0.31292515185657643,0.2003375331695376,0.2636565984373763,0.33225871479865654
2023-08-08 14:00:00,0.07207888277497346,0.23941138006131799,0.2021089544758342,0.30507796950963334,0.31818882025916745,0.1856377451404931,0.5583966656847261,0.531532676409528,0.08715083386151797,0.2087815220562418,0.3665018373011349,0.14287841233688672,0.05817678583686645,0.617672191415673,0.03725144399912303,0.04633310859558929,0.23606833455051318,0.05343877447550945,0.20102118110446565,0.3869342015140112,0.6113871655832634,0.0869378263929879,0.4471610467741344,0.36953862297328743,0.2358563311360193,0.2115519602636101,0.2321366045506059,0.43996640773995643
2023-08-08 15:00:00,0.07931235418590193,0.20243395700824876,0.2045594131008969,0.26631364383071005,0.36950131547440185,0.21104540119096013,0.5764402630611957,0.5698931159723579,0.08391326891692097,0.2620687821892602,0.40660663541337866,0.12800682061300203,0.059778563874571415,0.6478307762615344,0.04006041736882443,0.05556148907400062,0.31604647994940677,0.056620981999851376,0.21969441168844436,0.3989878708558682,0.6414505976331596,0.11476148286666392,0.48417757347708484,0.2991287048213841,0.2283922988391134,0.20104397119239978,0.24830877554081437,0.3378230258027281
2023-08-08 16:00:00,0.06306136849753592,0.1408985142652864,0.11809606484512959,0.24555537032219296,0.40509371725429655,0.18360623949637608,0.45749684863982876,0.5164272811792782,0.07888708411867289,0.2094222853061894,0.31111034707416596,0.10350855850020693,0.0489520465975992,0.6608656978711223,0.03884625271015525,0.04836032467405872,0.29610773667501733,0.044579751475345764,0.20416866188472957,0.4808894798989285,0.6625987114528463,0.09105853266622192,0.37161963737326653,0.22248653740042343,0.15227316716715428,0.20655400720119232,0.16805624466982494,0.21982367797277033
2023-08-08 17:00:00,0.04496227661110687,0.07975178349975354,0.0902494460896996,0.2519527251280361,0.38539774807698507,0.1781412461487057,0.3525344165856748,0.39384591113278083,0.07375840159648046,0.12896192514394486,0.2017882381526061,0.06800748338594666,0.05151246273282419,0.5723388601395384,0.0306661898821091,0.04653805551854997,0.28667769885052596,0.03223203401807501,0.20456036596170896,0.4225551644609422,0.5818605523413267,0.05606057698530475,0.2543113379186847,0.166601169532535,0.13889967178176124,0.184898445078393,0.15324247808521205,0.19990349849957498
2023-08-08 18:00:00,0.03347925693284142,0.047084639865982235,0.08536119327592835,0.18388132454657102,0.35777359066659004,0.14777742303497543,0.40082628960214056,0.42513415809214483,0.049411358104561785,0.1669555198508524,0.26133403489472234,0.03572423728211387,0.026443440475482714,0.5381812821341792,0.02296548356655329,0.03763272865399858,0.28479906572043295,0.026190959623398635,0.18734719423717927,0.34426805276997574,0.5359680801813634,0.05638382829201818,0.2125800297574012,0.11302669415319241,0.09928585354559688,0.1825499853106432,0.0848987680265233,0.13503474099414134
2023-08-08 19:00:00,0.01815718947937155,0.023896977168565314,0.04369403591465778,0.20106771197653092,0.3182205604706642,0.14949091337794085,0.26541641799688975,0.3109934050748282,0.039954411129703604,0.08692994209784811,0.15898885943670418,0.03574861811237618,0.01377646488743798,0.4348122611420697,0.014161721562589139,0.018668399800771823,0.2265158391691714,0.014615693690548685,0.1567441954320449,0.3084417899025707,0.4377352514468329,0.023534700053381416,0.14987984183827777,0.04294200003749681,0.04683323827476161,0.16371464689298434,0.05186183667679935,0.05855240038077172
2023-08-08 20:00:00,0.0054980574582355005,0.011941231604519735,0.014784101632060724,0.14147925388662677,0.25458375162014446,0.10901253958030468,0.10453427812228587,0.1753273383033387,0.011978318835676632,0.03585281541114565,0.06760576784800414,0.021380078243679632,0.0049436374686787155,0.28717682166911207,0.0036071064709231227,0.006958481166403895,0.1485442199686537,0.002645216753502841,0.12025685691123827,0.19876963895795233,0.29499417651636506,0.007128711499411042,0.08012165257100051,0.05903001413517033,0.02347180127492632,0.1284912936545929,0.04013893518876414,0.05039282364905193
2023-08-08 21:00:00,0.0,0.0003910754972354804,0.0,0.0,0.1597683284555913,0.08201123679177154,0.010156428036054157,0.00042676749662544686,0.003161695945030488,0.0,0.0006401512449381703,0.0,0.0,0.005407882846575733,0.0,3.8565184495398e-06,0.09962908228207197,0.0,0.08156322262180844,0.002035161583515134,0.0,0.0,0.0,0.0,0.0,0.08584261189228634,0.004961367023660874,0.0
2023-08-08 22:00:00,0.0,0.0,0.0,0.0,0.08913862394437787,0.007814543129241515,0.0,0.0,0.0,0.0,0.0,0.0,0.0,0.0,0.0,0.0,0.0,0.0,0.0,0.0,0.0,0.0,0.0,0.0,0.0,0.003886829430695746,0.0,0.0
2023-08-08 23:00:00,0.0,0.0,0.0,0.0,0.0,0.0,0.0,0.0,0.0,0.0,0.0,0.0,0.0,0.0,0.0,0.0,0.0,0.0,0.0,0.0,0.0,0.0,0.0,0.0,0.0,0.0,0.0,0.0
2023-08-09 00:00:00,0.0,0.0,0.0,0.0,0.0,0.0,0.0,0.0,0.0,0.0,0.0,0.0,0.0,0.0,0.0,0.0,0.0,0.0,0.0,0.0,0.0,0.0,0.0,0.0,0.0,0.0,0.0,0.0
2023-08-09 01:00:00,0.0,0.0,0.0,0.0,0.0,0.0,0.0,0.0,0.0,0.0,0.0,0.0,0.0,0.0,0.0,0.0,0.0,0.0,0.0,0.0,0.0,0.0,0.0,0.0,0.0,0.0,0.0,0.0
2023-08-09 02:00:00,0.0,0.0,0.0,0.0,0.0,0.0,0.0,0.0,0.0,0.0,0.0,0.0,0.0,0.0,0.0,0.0,0.0,0.0,0.0,0.0,0.0,0.0,0.0,0.0,0.0,0.0,0.0,0.0
2023-08-09 03:00:00,0.0,0.0,0.0,0.0,0.0,0.0,0.0,0.0,0.0,0.0,0.0,0.0,0.0,0.0,0.0,0.0,0.0,0.0,0.0,0.0,0.0,0.0,0.0,0.0,0.0,0.0,0.0,0.0
2023-08-09 04:00:00,0.0,0.0,0.0,0.0,0.0,0.0,0.0,0.0,0.0,0.0,0.0,0.0,0.0,0.0,0.0,0.0,0.0,0.0,0.0,0.0,0.0,0.0,0.0,0.0,0.0,0.0,0.0,0.0
2023-08-09 05:00:00,0.0,0.0,0.0,0.0,0.0,0.0,0.0,0.0,0.0,0.0,0.0,0.0,0.0,0.0,0.0,0.0,0.0,0.0,0.0,0.0,0.0,0.0,0.0,0.0,0.0,0.0,0.0,0.0
2023-08-09 06:00:00,0.0,0.0,0.0,0.0,0.0,0.0,0.0,0.0,0.0,0.0,0.0,0.0,0.0,0.0,0.0,0.0,0.0,0.0,0.0,0.0,0.0,0.0,0.0,0.0,0.0,0.0,0.0,0.0
2023-08-09 07:00:00,0.04236932616491833,0.023027716759120208,0.010937385783149695,0.02277222171971616,0.08831519758197288,0.039855911211863486,0.0009534950790438409,0.01915755610499463,0.08138896117054463,0.001421906752597883,0.002939947552081983,0.0020224736774528663,0.06615629858284143,0.03870499738144399,0.05437963095448809,0.1248002772526516,0.017220580068463477,0.0,0.03276741109491569,0.027058382679533727,0.0412578050990165,7.31544467219784e-05,0.2785871623599781,0.019412527405432967,0.10309156460118576,0.0368839153947209,0.009571498160106452,0.034734270676015117
2023-08-09 08:00:00,0.08491699259145377,0.07915453880295549,0.07010626223263886,0.03441524890351592,0.15791974905717826,0.09117874507890217,0.014062744209174527,0.045498838756723524,0.10588911892904292,0.008791228649465754,0.010364516929650668,0.011048698819108877,0.08700025704982198,0.09220967788736655,0.10346173803591817,0.17976376742773312,0.08094315206955936,0.002401928815590291,0.08570032123069873,0.06457167210515048,0.09791393623718193,0.0056333534632277095,0.4150353042285067,0.053287727795047916,0.1614026276251445,0.0986428302625111,0.04113031027304992,0.08037487817021254
2023-08-09 09:00:00,0.1479127102896764,0.1348009077975309,0.15854312235955317,0.06683018502788421,0.23890223375648556,0.15652998809592955,0.058189354302571356,0.06326976982379294,0.19906120938959979,0.07295389543193795,0.06146765268185175,0.0325434035664874,0.18071401364006787,0.0697005758838073,0.1388008071903306,0.1666065110567514,0.17709326075146017,0.023790613361561033,0.18487366155295862,0.04886581051112131,0.07344342201268172,0.04178738458805692,0.4994682875633387,0.07603968869859701,0.24663433918807412,0.2048227680502492,0.07759382561785624,0.0820168746052477
2023-08-09 10:00:00,0.19875695702845408,0.20248856742127855,0.3009168031620654,0.15088499437395975,0.28965430840954887,0.24645591371768835,0.1577582103964171,0.1791215416541089,0.22097592706253313,0.27694212096012055,0.24596639857799035,0.09704875849170407,0.2532918206647372,0.17333400567195187,0.1366360235663852,0.20706030880384246,0.29076594784511106,0.050045738950331625,0.249141940960307,0.14991971716069752,0.17924147004943974,0.15880280061002194,0.4599814204376682,0.1779903256050537,0.20568291678419978,0.24281133395734686,0.12871980666870603,0.20612114256971842
2023-08-09 11:00:00,0.2563710437664549,0.28944808420902807,0.43330566178615365,0.11679112680035159,0.3550699719699562,0.29326082506609996,0.4222851571758961,0.4398283666613032,0.29028047845490484,0.48691402802840755,0.5085240648983378,0.09982860113631162,0.3047810906693884,0.343033998190547,0.16986168718658015,0.26167760032669907,0.29343848426401653,0.08673913522565584,0.24726184823160924,0.24474314583535062,0.32841372636420263,0.24168939561126715,0.5431051910284669,0.21670824743932288,0.3274408696854463,0.29984023966597384,0.20137173908479217,0.2538428936687485
2023-08-09 12:00:00,0.3105894676270483,0.4723043089113187,0.639240723598158,0.1568933880310719,0.32909749010224265,0.30895894344498825,0.6352816747690796,0.6293211897962557,0.3348970423119576,0.6257928547979652,0.6497977745112169,0.14706440831981185,0.3611524733081206,0.5968286688072733,0.333350134996707,0.3323943464700587,0.23143697164145416,0.08939431119333435,0.21190467808670235,0.4602508725128669,0.5920213142616813,0.31572852532852164,0.4242779299963861,0.30821529961324184,0.3297434681220321,0.33170962739047355,0.23227518416233048,0.3419809294267947
2023-08-09 13:00:00,0.3137674621571623,0.4584571381144875,0.5866828471108091,0.1656508049246927,0.3586537970499752,0.32828556707836987,0.6078955390467149,0.6267360294961309,0.39151173400393047,0.5873702043921065,0.6190989173369084,0.15559154454384183,0.38964812576410385,0.6113248995245862,0.27139133433785745,0.31571335952078466,0.23310379015703428,0.0964198523617187,0.20110874276074556,0.4931501720571848,0.6079666354844123,0.2939684839641134,0.4494357183814385,0.38472890095685036,0.39910556588645574,0.35031655814544355,0.3578791179260643,0.4220735601151974
2023-08-09 14:00:00,0.40316908918010946,0.47782770812431047,0.6572992013802277,0.2037301308876961,0.417185956403869,0.31778247450468633,0.6848751668273073,0.668806219246493,0.45897326951623746,0.6022545684282244,0.6529772184515633,0.24721520583460593,0.42115951078913577,0.6292584330478571,0.21162518242313008,0.28014249947709036,0.22901780171945557,0.17167972206056473,0.2425560464132208,0.5191314155324869,0.6187048609450894,0.3586959695282501,0.3689331307863702,0.3541533157986916,0.3101778434097083,0.342870640045694,0.36810276342965115,0.4543516824888032
2023-08-09 15:00:00,0.39955768087702226,0.4502717079673667,0.690831801083487,0.30514841175466206,0.4293498076445598,0.3103440102138752,0.7172385168183188,0.6949042665092823,0.4567102276302915,0.6066210948698869,0.6554889789260941,0.33254772649343134,0.4591698980378217,0.6854013451097892,0.23974135946260708,0.34637540941963724,0.193683524108956,0.25892795425060733,0.3127722015319199,0.6014620575843893,0.6790252983050022,0.3755376212559199,0.40234577498090934,0.40434689553735675,0.4761035353348903,0.35056107366181866,0.4760723873965712,0.4678646251456322
2023-08-09 16:00:00,0.3836591939458628,0.5126342583632968,0.6661750708744174,0.3045090431731858,0.43934686691599445,0.19356793921764223,0.7092850736950638,0.6866877184805139,0.35543740045869415,0.6149178107624083,0.6687149755248902,0.2883616450402217,0.338274380225829,0.6559758638173494,0.19990979966315936,0.2577431641369677,0.25448114644824016,0.29385857281751876,0.33266229579149215,0.5618005868306915,0.6471892123524638,0.36973257241807644,0.35148891885239025,0.3803312526309908,0.3054462107513938,0.27825619462396134,0.44097819467263505,0.4481742240271493
2023-08-09 17:00:00,0.39121911277337246,0.44808888000029146,0.6187218765412199,0.34976219005498205,0.43209495790041813,0.1414074149099221,0.6720273159023143,0.6644042695688274,0.3454311988255885,0.5986007593514335,0.6507187833530623,0.2586154036856857,0.30289651356430003,0.6520299156297933,0.1891759701609583,0.2675402888586187,0.28551595928407114,0.3391056504436138,0.3244475782953734,0.5582324973394572,0.6436433280311621,0.3697418595631738,0.40941603568922585,0.4208521669183309,0.38120614830289234,0.24519660933261544,0.44618687308353777,0.45545716178746865
2023-08-09 18:00:00,0.3538019084133322,0.450744902083661,0.4607525185735729,0.432352522889695,0.44073624506597886,0.0935506706182122,0.6108270588490821,0.6294179447835621,0.2213380007980199,0.5528207286461005,0.5669187256794525,0.3347061902082474,0.1734749890010077,0.6329998416362557,0.12188787336142093,0.14053964581824469,0.203258013725768,0.315965913142608,0.285212415387215,0.6320163135452613,0.6262240882168834,0.35704390296768196,0.34386496112977605,0.4384770988927387,0.2876372359372181,0.20946913252641375,0.34224073134935495,0.4655457330957678
2023-08-09 19:00:00,0.2796441822957941,0.33206789619840815,0.416036315086047,0.3368452119768631,0.3425483425526027,0.06781882456962512,0.43837633122386216,0.4748180816125099,0.1254113288724872,0.34787872252120455,0.3896626964795171,0.3427723087579363,0.08258768882358238,0.533228615985524,0.05708326403727616,0.05883347325962829,0.18383071660182734,0.23386482282317966,0.2389610390001386,0.42847146949507153,0.5308157458805884,0.3072400215605527,0.26583512992428765,0.35875304980103095,0.23234231525036744,0.13043093865416175,0.34129566519331694,0.3629982062677931
2023-08-09 20:00:00,0.15583315662182795,0.2248129421631442,0.2504475732955386,0.33588315104992694,0.26920212973876995,0.0531953805124873,0.24258420464929942,0.29605583684019704,0.06471453483807754,0.2669366125341687,0.25936542155129183,0.3075080426205216,0.04445455926814962,0.328198119440972,0.03993595134954165,0.04167923429641618,0.15288070737832943,0.16798947739176665,0.17781794899396153,0.33631626086719163,0.33023949330085817,0.23663012298160022,0.18124274245849115,0.31143282701737557,0.2190224941840901,0.09548590152095845,0.2795696948597243,0.32942132354143444
2023-08-09 21:00:00,0.08374381099440763,0.08117239181037335,0.25963366211042943,0.0,0.2122408180939146,0.03543196482391355,0.23300525994572566,0.10716241696338413,0.06606910863086143,0.18099687933475522,0.207976327707445,0.025073752080583305,0.05210052835372231,0.0,0.027637393682801503,0.10039922605879675,0.11563209623572127,0.048914635785627276,0.12682558723385365,0.0,0.0,0.0986919392967398,0.0,0.0,0.0,0.06761313994470462,0.09788776459729367,0.012747631301124702
2023-08-09 22:00:00,0.0,0.0,0.0,0.0,0.06528574549415808,0.0001296842835128847,0.0,0.0,0.0,0.0,0.0,0.0,0.0,0.0,0.0,0.0,0.0,0.0,0.0,0.0,0.0,0.0,0.0,0.0,0.0,0.0001003384000990851,0.0,0.0
2023-08-09 23:00:00,0.0,0.0,0.0,0.0,0.0,0.0,0.0,0.0,0.0,0.0,0.0,0.0,0.0,0.0,0.0,0.0,0.0,0.0,0.0,0.0,0.0,0.0,0.0,0.0,0.0,0.0,0.0,0.0
2023-08-10 00:00:00,0.0,0.0,0.0,0.0,0.0,0.0,0.0,0.0,0.0,0.0,0.0,0.0,0.0,0.0,0.0,0.0,0.0,0.0,0.0,0.0,0.0,0.0,0.0,0.0,0.0,0.0,0.0,0.0
2023-08-10 01:00:00,0.0,0.0,0.0,0.0,0.0,0.0,0.0,0.0,0.0,0.0,0.0,0.0,0.0,0.0,0.0,0.0,0.0,0.0,0.0,0.0,0.0,0.0,0.0,0.0,0.0,0.0,0.0,0.0
2023-08-10 02:00:00,0.0,0.0,0.0,0.0,0.0,0.0,0.0,0.0,0.0,0.0,0.0,0.0,0.0,0.0,0.0,0.0,0.0,0.0,0.0,0.0,0.0,0.0,0.0,0.0,0.0,0.0,0.0,0.0
2023-08-10 03:00:00,0.0,0.0,0.0,0.0,0.0,0.0,0.0,0.0,0.0,0.0,0.0,0.0,0.0,0.0,0.0,0.0,0.0,0.0,0.0,0.0,0.0,0.0,0.0,0.0,0.0,0.0,0.0,0.0
2023-08-10 04:00:00,0.0,0.0,0.0,0.0,0.0,0.0,0.0,0.0,0.0,0.0,0.0,0.0,0.0,0.0,0.0,0.0,0.0,0.0,0.0,0.0,0.0,0.0,0.0,0.0,0.0,0.0,0.0,0.0
2023-08-10 05:00:00,0.0,0.0,0.0,0.0,0.0,0.0,0.0,0.0,0.0,0.0,0.0,0.0,0.0,0.0,0.0,0.0,0.0,0.0,0.0,0.0,0.0,0.0,0.0,0.0,0.0,0.0,0.0,0.0
2023-08-10 06:00:00,0.0,0.0,0.0,0.0,0.0,0.0,0.0,0.0,0.0,0.0,0.0,0.0,0.0,0.0,0.0,0.0,0.0,0.0,0.0,0.0,0.0,0.0,0.0,0.0,0.0,0.0,0.0,0.0
2023-08-10 07:00:00,0.1160200650984746,0.1349844702995854,0.17629154728167645,0.03638961152947269,0.06802202612668254,0.0052382615412207385,0.1476516535530046,0.12343304765572886,0.06773328681005039,0.18886735076361424,0.17270530367397657,0.03476620323890951,0.06627043449542307,0.0956753358248375,0.013257035832555684,0.012541049851374072,0.0015402515487870283,0.14455905685941242,0.008474717797104524,0.07859074162970828,0.09655072909806776,0.13877671986828088,0.20466496965604025,0.049745198667812345,0.11191684544686618,0.0189007428991264,0.09898471793414114,0.06485588160933357
2023-08-10 08:00:00,0.1534396061021634,0.19914416370833873,0.21319259522832168,0.12056897601258916,0.12473452674572641,0.02952152600223787,0.19110834516487799,0.1566668780637728,0.11932926469550321,0.22866032514268683,0.20527652833992294,0.13183389102024304,0.11172568975182391,0.1331446224834803,0.03655984009963838,0.04744564759303335,0.07913660941206252,0.17693043174374967,0.08081059120832278,0.1151271108860093,0.13500990586724834,0.17424177391623227,0.3741500714720262,0.14825754379897702,0.2503722547736984,0.03656894204304696,0.25811937845111305,0.13667075090337671
2023-08-10 09:00:00,0.2729949317325515,0.32832268668852455,0.327995818961649,0.20568073557331765,0.22378808670541275,0.03227404836487352,0.339690542495551,0.29623092461230577,0.18192046369635903,0.33890379332520754,0.3390666849496195,0.3002136664236583,0.13689885983487865,0.25344420266922824,0.06901331508638589,0.07902472431601243,0.1080115088542945,0.32269354228956865,0.149782802581574,0.16766101091005142,0.24798651771616914,0.2917060227457567,0.477641723287258,0.29040641463431704,0.2958056817962438,0.05179848806334574,0.3212359598746354,0.2539792424965221
2023-08-10 10:00:00,0.3756439138833844,0.4096475657382779,0.3709367262203683,0.2688901797693641,0.2791618279444101,0.06719387356589601,0.42598040804430415,0.39523317931217367,0.23632103121823117,0.4778013623201517,0.4687912058358185,0.375657999238792,0.19084320089985446,0.32243555850816,0.1519284170069349,0.13074961468998506,0.18792908822413018,0.49100616323215446,0.1629703785418928,0.25387344867654044,0.3121984184167879,0.47947727061056494,0.6099438133619135,0.3217364955562086,0.4179735129523502,0.08575045028575044,0.4854530467799052,0.32014039819504714
2023-08-10 11:00:00,0.3565370032263659,0.36455346925170473,0.41454957388160163,0.35643028374207336,0.3425208185471979,0.10844954944924093,0.49541993325350053,0.48242932043419656,0.3224596771558767,0.49105045136992775,0.4898811835359316,0.36686851496596423,0.2782646339490647,0.46902323154714387,0.24671634643290166,0.23364127532190176,0.2926937774600183,0.4417247446087907,0.22481657158293178,0.3614221815124856,0.4644132491477801,0.39714837999704483,0.671733420395705,0.3778983715632443,0.4980317867829337,0.14814364818067516,0.5153556194727917,0.3569068688004738
2023-08-10 12:00:00,0.36194214883054265,0.4215684707226141,0.35529111364618615,0.36426628249609416,0.4287816016632314,0.15817006027343553,0.38206364987918345,0.47709579959415604,0.33148388336275386,0.4883585029053054,0.42150719476462073,0.3583778787485506,0.257807457503873,0.5423576787295873,0.24826655471975054,0.23322297623968108,0.3501540800100089,0.40841146818720864,0.2674773956223386,0.5585538015188867,0.5542808034410418,0.4016514057356902,0.6809246468527215,0.5172355744928676,0.6847159287288416,0.2284667220048134,0.5312560010900955,0.533690377949924
2023-08-10 13:00:00,0.46192250531168993,0.4584047928660068,0.46103509952523364,0.455677047123396,0.40146752937106944,0.1782139825460588,0.3764485741122612,0.46920180384398025,0.40330049090992715,0.5443222005526097,0.4550097970979079,0.4680714224151774,0.36424075970823183,0.5280477743098211,0.2664651982016699,0.30319551069905365,0.37307827341503047,0.4091936580031868,0.29486076111666565,0.5691982246288758,0.5446555021436534,0.5129386113482348,0.6425879370443985,0.5417989718389469,0.6269810281482106,0.2930792680624358,0.5339879160009695,0.5027976978567869
2023-08-10 14:00:00,0.4795334696523777,0.42862180528297805,0.5021699332481322,0.37836342927135,0.4464566340402428,0.214626753999869,0.4039014628651281,0.4403749381228579,0.47886895167843535,0.4964953036682211,0.4172165344033941,0.3536669828393281,0.417914843830333,0.4701926854017055,0.2660729255260783,0.3365811762120426,0.32864922228799753,0.4240904922049053,0.24428911475315176,0.5440213934320256,0.48512533682126724,0.447154767197909,0.610377636521889,0.4708105619955719,0.6332488920125583,0.32975184269760766,0.5717693534875434,0.443292885879073
2023-08-10 15:00:00,0.5074997128029164,0.40593384921110687,0.5490673231794179,0.4321999934810545,0.4476524423230012,0.28677101318411774,0.5288010216831083,0.5012133728034683,0.5142993591272633,0.5230118490106194,0.49081042929516594,0.41734900852702056,0.48134801396372645,0.5036269345406211,0.2975098930402692,0.44692619486669694,0.3932573921644183,0.5084174499489722,0.2618087917380242,0.5431222151870173,0.5096921559520361,0.46989290946739376,0.6079870194125735,0.4605888284877351,0.6252698296360388,0.3942498524809289,0.5417194238142091,0.44921214616122085
2023-08-10 16:00:00,0.4700734686343472,0.40440637673634017,0.556992736258912,0.3875999830434726,0.3878253520667625,0.271632521566444,0.43511717327756094,0.44648927514071063,0.3545019651367509,0.5768017014852781,0.4844321059972565,0.4271319651758302,0.3084193160362513,0.44433424452950643,0.25336532204567347,0.26201936719927843,0.2960460704365878,0.4157539546842339,0.2038549307771266,0.5373662279383545,0.4587742680459439,0.5035227503491239,0.5337154517318917,0.4174381960337806,0.5583817593089438,0.3651707458145032,0.45765393918979375,0.369616498848237
2023-08-10 17:00:00,0.4184102590655948,0.4096525085422751,0.5398807909141498,0.4061229784467081,0.41663739596164934,0.2308214415435623,0.435538205273178,0.4114914001544386,0.3514352035911352,0.5023387688646035,0.4136674292082922,0.42612600888485525,0.34810583347836255,0.42314401241741284,0.24389928957442072,0.30762365390884183,0.15665156101825584,0.3408535751370134,0.14406040869310074,0.5603120370119324,0.44050844000457584,0.4164769894005029,0.5526887134629329,0.38453078480922576,0.5511671719220096,0.32910457594794557,0.4922634441075724,0.3836036031745906
2023-08-10 18:00:00,0.3382764263471469,0.3564621459791383,0.48688085896365585,0.4271766929165243,0.37603207555572915,0.1699125818273889,0.47221498343825846,0.4364795989761276,0.2920641403347731,0.40830625043996127,0.37996574833746344,0.35333741764060334,0.2552119173657274,0.46241940771244305,0.16216921482524058,0.18533121771846273,0.10472013270998229,0.27515437430005746,0.08646448845756519,0.5474257886681065,0.4719141182639279,0.288328594498702,0.49976584580359606,0.32507065314272904,0.4496650912606108,0.24444070037343235,0.4038017353647577,0.33414084406658934
2023-08-10 19:00:00,0.25494963737992793,0.2993789952644393,0.3759878367249187,0.43097139444774074,0.3230224918123538,0.1072222392631511,0.4391374774277795,0.4000457981945205,0.18105539036662086,0.3068418419170861,0.31959421456852005,0.3547425942266178,0.14612482717747885,0.43359017111996523,0.07838912802930012,0.0778102812157347,0.07304339808518925,0.22368421884783685,0.08599325684203114,0.46231589501710446,0.4374277707075612,0.22399886176977704,0.41107495163107227,0.3341274313852466,0.37503668813982854,0.1555600364636645,0.34925370575988623,0.3270654621335337
2023-08-10 20:00:00,0.21830635901381493,0.2681861184804414,0.3240823690137132,0.3311725931529856,0.2290982333075321,0.04952759671057253,0.22107590797092544,0.15269140601382136,0.09682981669644977,0.16399926137723045,0.14350740532221007,0.30602382730596506,0.08357006293859279,0.1729770193869769,0.039877917681993835,0.03466103054575122,0.024736059183531896,0.16074618140250957,0.03646759269919725,0.21643141109950148,0.1824470369880307,0.15943379278039005,0.30720330088228703,0.3309478768417202,0.27874722280824016,0.061939936376335526,0.3071773724685623,0.3181773903783646
2023-08-10 21:00:00,0.13769190952107344,0.044723729592529335,0.22058601415000575,0.0,0.10774172864678455,0.017856470104727865,0.057149530548306904,0.03702461698989128,0.07587186984189244,0.09846251178133889,0.09999504133738592,0.0573386488042615,0.07198297046158447,0.0,0.04632204215657506,0.022247862862790783,0.007866363476834707,0.0962535240473628,0.00838341889331809,0.0,0.0,0.09446366411618916,0.0,0.0,0.0,0.020628495521333817,0.0548472712528033,0.005831353554392038
2023-08-10 22:00:00,0.0,0.0,0.0,0.0,0.04247577034769986,0.0004764662853928812,0.0,0.0,0.0,0.0,0.0,0.0,0.0,0.0,0.0,0.0,0.0,0.0,0.0,0.0,0.0,0.0,0.0,0.0,0.0,0.00092282278236097,0.0,0.0
2023-08-10 23:00:00,0.0,0.0,0.0,0.0,0.0,0.0,0.0,0.0,0.0,0.0,0.0,0.0,0.0,0.0,0.0,0.0,0.0,0.0,0.0,0.0,0.0,0.0,0.0,0.0,0.0,0.0,0.0,0.0
2023-08-11 00:00:00,0.0,0.0,0.0,0.0,0.0,0.0,0.0,0.0,0.0,0.0,0.0,0.0,0.0,0.0,0.0,0.0,0.0,0.0,0.0,0.0,0.0,0.0,0.0,0.0,0.0,0.0,0.0,0.0
2023-08-11 01:00:00,0.0,0.0,0.0,0.0,0.0,0.0,0.0,0.0,0.0,0.0,0.0,0.0,0.0,0.0,0.0,0.0,0.0,0.0,0.0,0.0,0.0,0.0,0.0,0.0,0.0,0.0,0.0,0.0
2023-08-11 02:00:00,0.0,0.0,0.0,0.0,0.0,0.0,0.0,0.0,0.0,0.0,0.0,0.0,0.0,0.0,0.0,0.0,0.0,0.0,0.0,0.0,0.0,0.0,0.0,0.0,0.0,0.0,0.0,0.0
2023-08-11 03:00:00,0.0,0.0,0.0,0.0,0.0,0.0,0.0,0.0,0.0,0.0,0.0,0.0,0.0,0.0,0.0,0.0,0.0,0.0,0.0,0.0,0.0,0.0,0.0,0.0,0.0,0.0,0.0,0.0
2023-08-11 04:00:00,0.0,0.0,0.0,0.0,0.0,0.0,0.0,0.0,0.0,0.0,0.0,0.0,0.0,0.0,0.0,0.0,0.0,0.0,0.0,0.0,0.0,0.0,0.0,0.0,0.0,0.0,0.0,0.0
2023-08-11 05:00:00,0.0,0.0,0.0,0.0,0.0,0.0,0.0,0.0,0.0,0.0,0.0,0.0,0.0,0.0,0.0,0.0,0.0,0.0,0.0,0.0,0.0,0.0,0.0,0.0,0.0,0.0,0.0,0.0
2023-08-11 06:00:00,0.0,0.0,0.0,0.0,0.0,0.0,0.0,0.0,0.0,0.0,0.0,0.0,0.0,0.0,0.0,0.0,0.0,0.0,0.0,0.0,0.0,0.0,0.0,0.0,0.0,0.0,0.0,0.0
2023-08-11 07:00:00,0.08740289129059628,0.04373258740021004,0.1294908802033955,0.1568193567512086,0.034922059981955925,0.001389790126307585,0.10321419678954756,0.12575181292145518,0.04319607525465095,0.19429414497484218,0.14562824315207937,0.18248031462886855,0.03960508629315557,0.11106001445442937,0.009900830264853852,0.02143118273714458,0.0031503699271832036,0.13426238989283126,0.0002740335557298322,0.16431339434345898,0.11301215687761776,0.1716544460075956,0.4897729266214657,0.23168057395392314,0.4459763540970443,0.0028752226117186156,0.2725640656985955,0.2559459695004945
2023-08-11 08:00:00,0.2021476043406926,0.11196295351666048,0.2647752382810251,0.2469518073720849,0.08690831115518297,0.017284781222685824,0.26542643382709036,0.3251500503772927,0.07815539455995656,0.37366226372049194,0.3341778342940258,0.2814421603636102,0.07792262627309107,0.3064729397259902,0.021453781660042918,0.037237521718816176,0.01983229500713806,0.27346744713511345,0.015635492375341585,0.3422029715496976,0.3037836171982197,0.3290627886906882,0.6512643630932414,0.31976046126798713,0.5317462088149925,0.025853487584226766,0.273018320619665,0.34720880700557855
2023-08-11 09:00:00,0.3600215396440489,0.2319555535037319,0.34411876599246344,0.41491060290462867,0.1997426628022278,0.03876975799577751,0.4115003079249322,0.4841603923086388,0.1346115247526611,0.4891654113066663,0.48209037703793695,0.4349596899344579,0.14007497503268654,0.45539976440526075,0.06596297891245409,0.074758750207023,0.028258084021319414,0.46712706400054094,0.013141383906732518,0.4551338788206489,0.4459263341075046,0.5096284972039619,0.7268663773615069,0.3562483016331899,0.5614826709031226,0.06093385353553258,0.2773954814253961,0.45746058067741985
2023-08-11 10:00:00,0.33672510711404346,0.2676549134751961,0.4788440014253379,0.5366214514192533,0.25635059838736746,0.050105325512575065,0.5334507690815414,0.5862656775556973,0.10784672989530862,0.5451803895944686,0.5605983352109659,0.5510494457623486,0.08037203002925727,0.5630361857438491,0.045763492283357465,0.05328786499300323,0.037649825705864295,0.41348479380034114,0.030071765658497646,0.4966281264165767,0.552965509213094,0.5076391435418305,0.7622349720909412,0.41327802932934654,0.5629460467522742,0.07566633847250952,0.2924314683097985,0.4974396008284174
2023-08-11 11:00:00,0.3253105275547426,0.2847419222031191,0.556677630374482,0.5315419555702726,0.2920086190672216,0.09101332408442377,0.6462018496462982,0.6359216316047699,0.17701275103177294,0.5780329438738115,0.6221524957181689,0.5490309233653157,0.1475346354063628,0.6182956211826786,0.05003669801614814,0.16239485597269931,0.04802830412264242,0.40374541754061877,0.052851826464491145,0.48164398654431917,0.6094140887001581,0.5192296770085516,0.7724454240703921,0.4664544566264239,0.5434871748809608,0.10136455642570835,0.303423613343254,0.563800503417432
2023-08-11 12:00:00,0.4237800457981932,0.44503118794147845,0.49551807641294715,0.6051747817949981,0.37309655468653175,0.1475619580171805,0.6037288389405572,0.6118027406583644,0.20481399532694286,0.5927471785795992,0.5782011378263557,0.6402652687007802,0.16867692406565038,0.6199709453408426,0.08168512822110194,0.1681378064230959,0.12146773076067581,0.48350269502016574,0.11349312036931523,0.5406545173665398,0.6210331579024235,0.5710198661926386,0.7414215272344297,0.5272278585159389,0.46303628029403127,0.17023754633553953,0.27870797358509425,0.6044079884683689
2023-08-11 13:00:00,0.4167483143338006,0.42476515503434215,0.5372652829559037,0.6326192254096774,0.41759506494250836,0.15823578955525616,0.5884925887291516,0.57452553405392,0.22531370795558922,0.5427472785477451,0.5408763980754345,0.6371738742306725,0.21131652875871532,0.6128305129497923,0.1264691465327028,0.17587687010966413,0.14329872750108266,0.39140247909798637,0.17377627873011384,0.5134570038804113,0.6195496210430484,0.5196736067067825,0.7124192294085878,0.4778817889286729,0.4400407420923153,0.1874049767954887,0.30798229161137225,0.523396574436548
2023-08-11 14:00:00,0.4551542033230794,0.38618820792555114,0.5783371953879581,0.5989094918753867,0.43271617233308746,0.17507850707903858,0.647544066020157,0.6511537851966783,0.22687341530957503,0.6263903258685315,0.6215856240011376,0.6418118638247362,0.21503135200590287,0.6774157053355937,0.09946154051987152,0.17006109235242411,0.15457191550514168,0.5115684887598573,0.1585419287862131,0.5952014937388436,0.6802691510215503,0.6163686592163623,0.7432039272470812,0.43398608512389597,0.4197150910173594,0.18721059299011145,0.35396197481942887,0.4590629420764653
2023-08-11 15:00:00,0.39918391295659983,0.3137204543529977,0.5197242015887741,0.6059483733147816,0.4583883648048785,0.1800731333128376,0.6679291193225336,0.6518263109865629,0.23247919942864298,0.6660760563411535,0.6400959906888306,0.6012195351188887,0.25077732511251066,0.6691701996277438,0.14545834093615348,0.2707086575609159,0.1847724867613639,0.4871860442373683,0.18534022662851146,0.594805688539805,0.6765476347821038,0.5857302008368469,0.6794949280112913,0.41520406184441877,0.3137999887524287,0.17829199414901864,0.33161932558689944,0.4108154008982883
2023-08-11 16:00:00,0.31266511536778485,0.2728288550811277,0.47928695216335654,0.5749758357540135,0.48715075384862405,0.15473287749924908,0.683396345138465,0.6728386117799836,0.16087518050307248,0.634914976908279,0.6362613999512334,0.473060014229899,0.1668741012753871,0.6795128498231472,0.11509077233488857,0.14405181880972848,0.18802117332901372,0.37555104875412476,0.18316633479095076,0.5862554328947616,0.6788806321438695,0.464981781031166,0.572238158066265,0.41481640699935485,0.29543721177834215,0.17813275802963716,0.3280987542700374,0.40690218661255906
2023-08-11 17:00:00,0.21400303875208326,0.22250881270054698,0.5073025393550308,0.4721767462514114,0.46453155870462526,0.17176319169832016,0.6117602053071943,0.6129633067177723,0.13176012446496072,0.591402813424654,0.5708088168663492,0.3250702630551061,0.1489586667782582,0.6393066641294602,0.1128010088121143,0.11752605260880547,0.23610721196561082,0.18886665853192222,0.16793254814994513,0.6274989591304972,0.6464270446328637,0.3542390295718365,0.5146161954233435,0.3385165032539021,0.21001010641492932,0.1808303388352527,0.24396992311705698,0.333134234826608
2023-08-11 18:00:00,0.17218829989867393,0.1986808559740684,0.45193381897423657,0.36512809707204563,0.4380473339348984,0.14106193564011085,0.5357397239582641,0.5329987845709888,0.07706204834194809,0.5194702403850661,0.49918100545879884,0.19309993460004657,0.08682637588339438,0.5656590885788133,0.06324309298995526,0.07708909346273148,0.2580670886415622,0.14766654057420578,0.15671749741531169,0.5075757287765652,0.5747280926834274,0.28689374075382995,0.4126002604578723,0.24539461215831024,0.11836196527564265,0.1728518543546761,0.13344155588367734,0.2788350216902271
2023-08-11 19:00:00,0.12795204717921635,0.09293256942854387,0.4481471322071152,0.30757814810889605,0.3483335031137759,0.08470742687455148,0.5497083905120318,0.5474135975865962,0.029697069018841112,0.5277417756597441,0.5322114944820878,0.16952123443132283,0.022110835309287945,0.5488439517196153,0.04088399973558555,0.0236537421773491,0.13817506947259336,0.1620582546635945,0.09232728505632314,0.4621362074988554,0.5486729651513105,0.28177239909681306,0.3453507107302904,0.18221478919163614,0.13868031016558932,0.11849846050717394,0.1343804948302895,0.15826301529064074
2023-08-11 20:00:00,0.06890905355672358,0.05786833127514897,0.31893103627514824,0.273212842870917,0.300842531328879,0.10050614187814905,0.3860187641187213,0.38194314222595804,0.01822474691154424,0.33588594544485373,0.36544339210736576,0.1289705667226264,0.0073694278029956435,0.3972390265915573,0.0209065827214272,0.0137110288302045,0.06982654941755306,0.075449219196339,0.06940281762829192,0.31739330793558806,0.3972150608676952,0.16833087192789034,0.25740968346383414,0.1752004825007928,0.09305514408947103,0.12199038103571182,0.08426617571918885,0.11460519918314606
2023-08-11 21:00:00,0.004188675271903075,0.01995348563130289,0.05091582956856632,0.0,0.19454942147507226,0.06327984758752014,0.0,0.0,0.0065739394785685095,0.03646985903035929,0.022435882852545646,0.001806903136603555,0.0005910513272833407,0.0,0.003077548332856295,0.00387153419332842,0.0374817836828196,0.005987332870313957,0.042384957210925084,0.0,0.0,0.00968509244183478,0.0,0.0,0.0,0.09561218785939543,0.019716781582156798,0.0
2023-08-11 22:00:00,0.0,0.0,0.0,0.0,0.0670614832013807,0.0009261235798787276,0.0,0.0,0.0,0.0,0.0,0.0,0.0,0.0,0.0,0.0,0.0,0.0,0.0,0.0,0.0,0.0,0.0,0.0,0.0,0.0,0.0,0.0
2023-08-11 23:00:00,0.0,0.0,0.0,0.0,0.0,0.0,0.0,0.0,0.0,0.0,0.0,0.0,0.0,0.0,0.0,0.0,0.0,0.0,0.0,0.0,0.0,0.0,0.0,0.0,0.0,0.0,0.0,0.0
2023-08-12 00:00:00,0.0,0.0,0.0,0.0,0.0,0.0,0.0,0.0,0.0,0.0,0.0,0.0,0.0,0.0,0.0,0.0,0.0,0.0,0.0,0.0,0.0,0.0,0.0,0.0,0.0,0.0,0.0,0.0
2023-08-12 01:00:00,0.0,0.0,0.0,0.0,0.0,0.0,0.0,0.0,0.0,0.0,0.0,0.0,0.0,0.0,0.0,0.0,0.0,0.0,0.0,0.0,0.0,0.0,0.0,0.0,0.0,0.0,0.0,0.0
2023-08-12 02:00:00,0.0,0.0,0.0,0.0,0.0,0.0,0.0,0.0,0.0,0.0,0.0,0.0,0.0,0.0,0.0,0.0,0.0,0.0,0.0,0.0,0.0,0.0,0.0,0.0,0.0,0.0,0.0,0.0
2023-08-12 03:00:00,0.0,0.0,0.0,0.0,0.0,0.0,0.0,0.0,0.0,0.0,0.0,0.0,0.0,0.0,0.0,0.0,0.0,0.0,0.0,0.0,0.0,0.0,0.0,0.0,0.0,0.0,0.0,0.0
2023-08-12 04:00:00,0.0,0.0,0.0,0.0,0.0,0.0,0.0,0.0,0.0,0.0,0.0,0.0,0.0,0.0,0.0,0.0,0.0,0.0,0.0,0.0,0.0,0.0,0.0,0.0,0.0,0.0,0.0,0.0
2023-08-12 05:00:00,0.0,0.0,0.0,0.0,0.0,0.0,0.0,0.0,0.0,0.0,0.0,0.0,0.0,0.0,0.0,0.0,0.0,0.0,0.0,0.0,0.0,0.0,0.0,0.0,0.0,0.0,0.0,0.0
2023-08-12 06:00:00,0.0,0.0,0.0,0.0,0.0,0.0,0.0,0.0,0.0,0.0,0.0,0.0,0.0,0.0,0.0,0.0,0.0,0.0,0.0,0.0,0.0,0.0,0.0,0.0,0.0,0.0,0.0,0.0
2023-08-12 07:00:00,0.09680915957344158,0.148144150124024,0.15293102251457258,0.08920168798012018,0.0016369899889872054,8.738259715902837e-06,0.08462238895860809,0.10199110741713373,0.0292208799437187,0.18619889668147596,0.15748681722726662,0.09029272188676239,0.013111407572374261,0.07183366907642522,0.003000694625939918,0.004629846920348927,0.0,0.12543131013217626,0.0,0.09275506970316551,0.0718279444571447,0.131197040626497,0.1605597612799251,0.08508497794746799,0.07785772599623667,2.091835902216783e-05,0.08280723337456428,0.07665610630252134
2023-08-12 08:00:00,0.21317294638040715,0.31115624187078544,0.31118944300788126,0.2655987994482061,0.012545499764775874,0.0019321443489210422,0.26596379489035904,0.32717025062900856,0.09701679033704758,0.3822434822010642,0.3621239829705019,0.1895749601227677,0.04524351486783353,0.30943363206731916,0.013793657935789204,0.01878654234076435,0.029189521813434767,0.2674970704870501,0.008714409760128251,0.3047989800042773,0.3078383954068449,0.2822933256329677,0.2606972067808468,0.26383073687068476,0.2635326331195501,0.003999736766614763,0.23138144564089466,0.25408194011004914
2023-08-12 09:00:00,0.37402670270761196,0.4467935609072603,0.507053241418603,0.4830161625567161,0.03352207053247828,0.013833840495689758,0.49624420934312163,0.5448835605088014,0.19850826605915514,0.5230634249351551,0.544096006123923,0.4234667942351343,0.17043131084630467,0.5462733886336326,0.08207521190596936,0.12177967469930102,0.08557030541336853,0.47772459619343177,0.02638574526143189,0.5142044051258955,0.5439401904059058,0.5017739107610166,0.4171962618530204,0.4830749278015047,0.4698910345922338,0.016913943305477328,0.3596062389394097,0.47130632992054977
2023-08-12 10:00:00,0.5385879157934967,0.5514504087630848,0.6017083125712036,0.6018972661286512,0.04805582407070037,0.046205689780125216,0.5932915988952173,0.6374335316870428,0.3305888104570334,0.6369475835581314,0.6376765521368697,0.6127150019098917,0.2552903139554578,0.6378630986402127,0.1998087400973351,0.200052680036366,0.0920287865638576,0.6408610983906374,0.05237564347162093,0.6211434778474985,0.6374292735149998,0.6433125179133284,0.5784405203468639,0.5943489418132029,0.6449623289835605,0.06488706102857124,0.5598360002239293,0.6081985769610521
2023-08-12 11:00:00,0.6172030050956013,0.5217398181752115,0.6573973287744023,0.6217596499781636,0.05702405713192781,0.0770106588105346,0.6207171959198999,0.6551662958795451,0.4105869434614536,0.6258901988145529,0.6439947202886115,0.6785026141837192,0.3348999749164478,0.6763582308761653,0.27296068716691924,0.3165954950632873,0.11780758995165576,0.6594099262083601,0.11106756110833067,0.6299564162092995,0.6768346558114764,0.6800481166812254,0.6135582666385474,0.5651321363359704,0.6426856571695053,0.08575560119328074,0.49697872602779203,0.5725915191871842
2023-08-12 12:00:00,0.6555752622726729,0.6051944223281828,0.6813390444483097,0.5054307728957812,0.06559595502506023,0.08687335933442039,0.6043705579040036,0.6376369961297409,0.5244065162715669,0.653559998327184,0.6397697574621097,0.6629015826624252,0.5013424412244315,0.6362512244119193,0.2398885389714818,0.4397711036998697,0.12895651500622793,0.6106068206583405,0.1622535081245756,0.5659931475351112,0.6372762335385888,0.7049811093123126,0.6162700899070649,0.5323938964466326,0.6369560220926771,0.08222055610433014,0.47490100231613164,0.530033106734465
2023-08-12 13:00:00,0.7114801834186854,0.6101517634587368,0.6938907161291968,0.5084062188777575,0.0683902543317383,0.10257846110376276,0.6719723759007827,0.7001453770193343,0.5983721345936693,0.7010790683429629,0.6967107878693265,0.6717448768005249,0.5518136858778508,0.6921653891781162,0.21567071146400169,0.4348668432127584,0.20424049446185255,0.6497261799536279,0.23655357492208937,0.6194579622158412,0.6898239535312735,0.7340395790734356,0.6115702170663091,0.5587157414667501,0.6124288685124436,0.09261519229321577,0.46743945814296556,0.5487190118432308
2023-08-12 14:00:00,0.6939151527439347,0.5875819283527995,0.630823114585608,0.5647103053107384,0.0690889777401258,0.14359940853972436,0.5810022805385913,0.5804295052444625,0.5995206186570077,0.5810582905637707,0.5445464906908122,0.6942890456643358,0.554763652015093,0.6150062070170644,0.26657777895294527,0.5013982778626043,0.2956799947663084,0.6586993512855512,0.2984867764378772,0.5803046108190847,0.623765276260856,0.6765034675637888,0.4524833258795765,0.541589076061881,0.5571773087997342,0.13750785456391815,0.433122924491809,0.5531461927955554
2023-08-12 15:00:00,0.6972999521232721,0.5131192836686534,0.6580043741140696,0.5781184462918725,0.07068781513118934,0.18048532926769242,0.6931016376328589,0.7058590095455429,0.5871481030872027,0.7051380598221586,0.6892066333617201,0.7023532651377343,0.5164095979631039,0.7190357975717347,0.34036014118315566,0.4748180876896912,0.34322052599184044,0.7288855640922351,0.3160127324085436,0.7175585886979018,0.7208485194278812,0.7435212048322204,0.47957114602217965,0.5644213988203882,0.5834546263238086,0.1619703404222472,0.4083435748791475,0.5404215467175767
2023-08-12 16:00:00,0.5851317435389426,0.3890847865619051,0.5898868356069268,0.5201158418399277,0.08074506476181291,0.15348094259064218,0.601206308899808,0.6346407708964868,0.5382487852063191,0.6688336357049907,0.6171829353987501,0.5867657900207672,0.5087326049884712,0.6704640911193491,0.37894614409905136,0.47405621291067235,0.3548473785163274,0.5870001337980616,0.3403873973907666,0.6927003175425466,0.6785905648213154,0.6367751346274421,0.4285899568223617,0.4352608441131751,0.4844467061496532,0.1325462426504513,0.311702682263478,0.41482102459147785
2023-08-12 17:00:00,0.5455364399183538,0.29966080320686006,0.5680999041504015,0.5218239538172003,0.12389326745494321,0.15261659597020444,0.6118424411085753,0.6560092286480199,0.588646931457768,0.629988277926892,0.612650083186164,0.4101371991799253,0.5416817507960768,0.6934150958090005,0.3448624580540631,0.4516724187621359,0.31748888703036415,0.5928904807506127,0.2559556478340134,0.6980160185141919,0.6954803752728025,0.5099411750669057,0.4486144027880014,0.3183845866692834,0.4581378905636455,0.13871118653888884,0.2456741943777469,0.3013261142137295
2023-08-12 18:00:00,0.5085976785356084,0.2806827079427447,0.5236064873345596,0.49197884939747993,0.10661256800092106,0.10049131425286789,0.5564587517546798,0.608548439647893,0.5746565554454598,0.5599769661622778,0.5411963518593232,0.43237393908424254,0.5396321783209794,0.6557156456512988,0.27529494220099543,0.46056543555041624,0.23144022790820867,0.5718724828217066,0.22162497534499576,0.6567478237366254,0.6575293995589311,0.4977180207025627,0.42148751629491316,0.28984596250198846,0.38812883069212134,0.09394519464511103,0.2771931797139696,0.2941429177720079
2023-08-12 19:00:00,0.500795760496558,0.38001200349933295,0.42071917710775564,0.5463740164243128,0.06869268451553046,0.08408713928613835,0.4679554297120494,0.5304878289530969,0.5432119059110875,0.4816179122678875,0.46445052699630884,0.5228852678327855,0.5254468696753434,0.5754973722951916,0.35907170548041545,0.526449515698413,0.1562458993384791,0.5598325650724079,0.1557141897464472,0.5705653563276819,0.5763919905095001,0.5189741906817906,0.34603636620562417,0.35372533114720306,0.35603834990306277,0.06495161021901551,0.29417042896309736,0.34971224901428377
2023-08-12 20:00:00,0.42699628181395505,0.3788710478755225,0.2784690137184829,0.40706618423591895,0.05229963781022575,0.057705887544210056,0.23503626276114975,0.34055659369194496,0.3989373379934311,0.31373383175019004,0.2802312466367014,0.43471452850138353,0.4081695525203895,0.394237328193389,0.30703538595803637,0.4280209022458618,0.08848157605699554,0.43060916173374864,0.08917254745385453,0.3958568360343404,0.3978224585147704,0.4031249270353789,0.2872791555254876,0.40762883770933545,0.33665560683943,0.038236184616279145,0.33905420614397896,0.40751569447753877
2023-08-12 21:00:00,0.20978714984467972,0.2036265644315601,0.12505293276419932,0.0,0.02625589071815785,0.04957219987255093,0.0,0.0,0.23393914117048842,0.0,0.0,0.0,0.24779798866705463,0.0,0.2314849393634365,0.27356456149988795,0.024806516346841313,0.18165456169868466,0.053745773019796286,0.0,0.0,0.06718359629739823,0.0,0.0,0.0,0.03862104925686828,0.058537324597176324,0.0
2023-08-12 22:00:00,0.0,0.0,0.0,0.0,0.02748637519303585,0.0,0.0,0.0,0.0,0.0,0.0,0.0,0.0,0.0,0.0,0.0,0.0,0.0,0.0,0.0,0.0,0.0,0.0,0.0,0.0,0.0,0.0,0.0
2023-08-12 23:00:00,0.0,0.0,0.0,0.0,0.0,0.0,0.0,0.0,0.0,0.0,0.0,0.0,0.0,0.0,0.0,0.0,0.0,0.0,0.0,0.0,0.0,0.0,0.0,0.0,0.0,0.0,0.0,0.0
2023-08-13 00:00:00,0.0,0.0,0.0,0.0,0.0,0.0,0.0,0.0,0.0,0.0,0.0,0.0,0.0,0.0,0.0,0.0,0.0,0.0,0.0,0.0,0.0,0.0,0.0,0.0,0.0,0.0,0.0,0.0
2023-08-13 01:00:00,0.0,0.0,0.0,0.0,0.0,0.0,0.0,0.0,0.0,0.0,0.0,0.0,0.0,0.0,0.0,0.0,0.0,0.0,0.0,0.0,0.0,0.0,0.0,0.0,0.0,0.0,0.0,0.0
2023-08-13 02:00:00,0.0,0.0,0.0,0.0,0.0,0.0,0.0,0.0,0.0,0.0,0.0,0.0,0.0,0.0,0.0,0.0,0.0,0.0,0.0,0.0,0.0,0.0,0.0,0.0,0.0,0.0,0.0,0.0
2023-08-13 03:00:00,0.0,0.0,0.0,0.0,0.0,0.0,0.0,0.0,0.0,0.0,0.0,0.0,0.0,0.0,0.0,0.0,0.0,0.0,0.0,0.0,0.0,0.0,0.0,0.0,0.0,0.0,0.0,0.0
2023-08-13 04:00:00,0.0,0.0,0.0,0.0,0.0,0.0,0.0,0.0,0.0,0.0,0.0,0.0,0.0,0.0,0.0,0.0,0.0,0.0,0.0,0.0,0.0,0.0,0.0,0.0,0.0,0.0,0.0,0.0
2023-08-13 05:00:00,0.0,0.0,0.0,0.0,0.0,0.0,0.0,0.0,0.0,0.0,0.0,0.0,0.0,0.0,0.0,0.0,0.0,0.0,0.0,0.0,0.0,0.0,0.0,0.0,0.0,0.0,0.0,0.0
2023-08-13 06:00:00,0.0,0.0,0.0,0.0,0.0,0.0,0.0,0.0,0.0,0.0,0.0,0.0,0.0,0.0,0.0,0.0,0.0,0.0,0.0,0.0,0.0,0.0,0.0,0.0,0.0,0.0,0.0,0.0
2023-08-13 07:00:00,0.2848520951896502,0.3300444259112009,0.30285806003972543,0.3509744245344412,0.04592352237965547,0.013445142747339208,0.2731424670646609,0.2836875630999059,0.11966594052130428,0.28450095358156147,0.28599693196240294,0.34361587851114617,0.15841609446528673,0.2833617933053285,0.05464260390703745,0.11202133352710837,0.000111015960846379,0.29735771417075973,0.0005158045187926522,0.28552569135275163,0.28378886445683393,0.30811781262508825,0.46001113413862005,0.3887336987706808,0.4452842706211999,0.019029349575474835,0.40351019594490695,0.3763329970566193
2023-08-13 08:00:00,0.4854073962867916,0.5001943221791754,0.4688801963501773,0.542361095209762,0.05027191378947311,0.029052445718498944,0.4460156436609543,0.4829803738922513,0.2372115649517962,0.4766423217734711,0.48117685668033855,0.5506075147890049,0.2268492986444763,0.48440849465829305,0.13034919382662452,0.16229623813817448,0.030937506504762145,0.5109176527765313,0.02541116752604236,0.4803094843183627,0.48468290835388655,0.5150308377514584,0.6313382528269451,0.5749904711261932,0.6273640954255575,0.04381879308569167,0.5822160459291773,0.5631964321365635
2023-08-13 09:00:00,0.6093753402184263,0.6244278560459309,0.6048911725931774,0.6538834839336691,0.10281677610169206,0.07065771506846728,0.583653152109917,0.6088848313379852,0.33563112308432613,0.6063077926672862,0.6084587665356093,0.6663517119877537,0.33085461472299516,0.6115259483894301,0.28837776867754716,0.2818043412496182,0.08533177339577797,0.6370842649302296,0.0401223092537366,0.6058618097954495,0.6122613039039866,0.6411983291627533,0.7082880047351986,0.6707145624310321,0.7123917111132355,0.12408182268571821,0.6762749544886629,0.6632218813982277
2023-08-13 10:00:00,0.6767554074451071,0.704780603656909,0.6734326483077261,0.7103614149547787,0.1562554523030989,0.11991085599347344,0.6741179485348866,0.6731550404896954,0.4502268877543769,0.6726864895600433,0.6728235668805821,0.7256735249469567,0.47252339030818946,0.6776772327085807,0.491989017583903,0.4162337131713097,0.10656288112786365,0.6984532864312748,0.05382784810850979,0.6714557502900314,0.6785844103474835,0.7041157752307793,0.7497576798248883,0.7187318049944057,0.7546703545964054,0.23194410747652147,0.7248110468599412,0.7135087902429695
2023-08-13 11:00:00,0.7241608398032338,0.7391045891989112,0.7189440764372982,0.7393193380009738,0.2520713216616233,0.19892348034499857,0.7163388485566777,0.7092377185677557,0.5525588494745963,0.7116006034409641,0.709360086858038,0.7559706758387205,0.5787256376121185,0.7149454215603813,0.652273345729571,0.552656149395273,0.1304761112748287,0.735420240499562,0.06879638220762237,0.7085505863525179,0.7161862539228906,0.7393151556188422,0.7697063270012583,0.7447457271749429,0.7750771047736079,0.3141258733492226,0.7467331564434238,0.740764007388257
2023-08-13 12:00:00,0.7368443567287344,0.7520446979444532,0.7421387669552726,0.7541985356132502,0.317846463737284,0.2618684108482113,0.7354736717587597,0.7284852581562982,0.6085540888536108,0.7328324421735357,0.7293238259222414,0.7673473487485132,0.6286830900366948,0.7339223002557232,0.7314548246162759,0.6209034796897882,0.12332097971392406,0.7471232530206003,0.07891762478290187,0.7285915205016436,0.7353511104082083,0.7519707750634147,0.7782335968971212,0.7635095677272233,0.7886364252078221,0.3761625909532033,0.7665839448317799,0.7568353372277998
2023-08-13 13:00:00,0.7395508975323373,0.752966464093992,0.7516070329470625,0.7571932071652037,0.360544292639318,0.32340399196951586,0.7439198886440757,0.735617546913851,0.6633761253277451,0.7420686873790383,0.7362361477022508,0.7656365029656583,0.6906764566817984,0.7423097573822519,0.7368396873828497,0.6994583386385779,0.14755866386321542,0.7465204741252395,0.09445952677999013,0.7382203899542888,0.7440857744042315,0.7545417499675815,0.778222596084602,0.7644424567501136,0.7886612754060949,0.3963912561541524,0.7668588030231357,0.7584885255296708
2023-08-13 14:00:00,0.739250769563341,0.7319760660621771,0.7502677927203204,0.7552053254723368,0.3990208541766055,0.36738136762211904,0.7447829851815174,0.7339763868956565,0.6735593984117184,0.7410434432952248,0.7333675065693566,0.7636121400481655,0.6933070320292509,0.7423681182360619,0.7571801083952465,0.7354748050376385,0.16243079808176544,0.7470974321427719,0.1322112015854021,0.7397498191107014,0.7444328060696738,0.7527080581320623,0.7738262160986169,0.761369976741216,0.7844635211401059,0.42024923332542974,0.7448369175994314,0.7548419763233692
2023-08-13 15:00:00,0.727307728548296,0.7058315791713178,0.7453032291769162,0.7448279337436984,0.40239009480608,0.34985391941800476,0.738024405873351,0.7261831026334846,0.6967262344562124,0.7353218209770098,0.726982295172834,0.760991356838458,0.7229278735045825,0.7359177199840901,0.7576629298602834,0.7551411172490068,0.18117592868709506,0.7403417327014933,0.14053485102464927,0.7333478766470389,0.7381865357423575,0.7502805886766147,0.7606676979247364,0.7444749378603017,0.7729281888797295,0.3724970159221528,0.7398193234679554,0.7403247586057824
2023-08-13 16:00:00,0.70966771929233,0.6695571903734037,0.7292904089124964,0.728419484076685,0.3622302677969408,0.33790244397420316,0.7238821813403935,0.7117561746556774,0.7100503309239103,0.7199181383588947,0.7128694913149671,0.7422586294885843,0.7251820513138051,0.7201826359867165,0.7197980883580788,0.7447570884230392,0.2011010706930298,0.7251457265320543,0.1621372251838869,0.7174547484497222,0.7223016373454698,0.7328648927030694,0.738315628527911,0.7146977505368518,0.7527222164099334,0.3211335056668174,0.6912626664716621,0.7137377879615122
2023-08-13 17:00:00,0.6904835762388339,0.6165684379465675,0.7033128851519116,0.7002298064770307,0.32583714739344966,0.3441099100188862,0.6973761723567314,0.6856310643309262,0.7020154701698478,0.6933125463689173,0.6878352782046899,0.72057051816014,0.7115528461197358,0.691888465241439,0.6629864511341038,0.7259662931497113,0.21010754649888116,0.7024711473333469,0.17644370229471582,0.6891975914776124,0.6937011393840591,0.7119095098947735,0.7054594390939907,0.6422719688178873,0.7126765223882954,0.2896249519754927,0.6024904165090215,0.6581608510761333
2023-08-13 18:00:00,0.6532443801357403,0.5666310220869188,0.6597821163564261,0.6541320030721043,0.31533340609891314,0.2965697434940232,0.6516758720144559,0.6410335215026387,0.6716854347907123,0.6481689386678853,0.6442717857250828,0.6710423080414848,0.6798276238920694,0.6448584883079996,0.5601502336299392,0.6859492539426905,0.19249494966922762,0.6549445605190699,0.16523861856767388,0.6422351306573709,0.6461931130572584,0.6619767675201186,0.6445637354099137,0.5683337871869274,0.6459163569001641,0.2463341928950759,0.476151559142244,0.59061370746896
2023-08-13 19:00:00,0.5649441024772479,0.5203396208833895,0.5828127585456536,0.5725309001824198,0.3383075725937715,0.27223039855509995,0.5719868820171854,0.5620304266556427,0.5978995601971172,0.5705436244907751,0.5677478349654038,0.5716449203240188,0.6057938949723218,0.5628468888601592,0.4948715725628944,0.6139989924988101,0.1757630527098733,0.5561122144776909,0.1842441750972298,0.5599192332176818,0.5635877270790901,0.5647470031312066,0.53985860005014,0.49447781226411214,0.5449538308674469,0.2320103776780687,0.4012567398494294,0.5030256167924131
2023-08-13 20:00:00,0.4170799387375818,0.41201710242301215,0.4416766198120505,0.41462904216386254,0.29879628315470225,0.23467109098521316,0.4211146976860543,0.4132640177660048,0.46544041505584116,0.4239739289644616,0.42288177135443195,0.4128167146125298,0.476650179810323,0.4082382291284894,0.37334324595613566,0.48728139896941614,0.12731115648010874,0.3901149889197646,0.16631551161383337,0.404006118591651,0.4079893094799369,0.40434476275948233,0.35877798646647635,0.3468063233477658,0.3549493906186565,0.18633042052243828,0.2925225669434538,0.359627683708834
2023-08-13 21:00:00,0.17820062249467378,0.1649193413885402,0.1535080249836126,0.0,0.18156907402776537,0.16047295552940033,0.0,0.0,0.2930281967990053,0.0,0.0,0.0,0.29220249673498616,0.0,0.26273877760492653,0.29582372309777094,0.06233799379123841,0.0,0.09346064465994698,0.0,0.0,0.0,0.0,0.0,0.0,0.14009176357881375,0.05150610488527053,0.0
2023-08-13 22:00:00,0.0,0.0,0.0,0.0,0.024653804683998144,0.0,0.0,0.0,0.0,0.0,0.0,0.0,0.0,0.0,0.0,0.0,0.0,0.0,0.0,0.0,0.0,0.0,0.0,0.0,0.0,0.0,0.0,0.0
2023-08-13 23:00:00,0.0,0.0,0.0,0.0,0.0,0.0,0.0,0.0,0.0,0.0,0.0,0.0,0.0,0.0,0.0,0.0,0.0,0.0,0.0,0.0,0.0,0.0,0.0,0.0,0.0,0.0,0.0,0.0
2023-08-14 00:00:00,0.0,0.0,0.0,0.0,0.0,0.0,0.0,0.0,0.0,0.0,0.0,0.0,0.0,0.0,0.0,0.0,0.0,0.0,0.0,0.0,0.0,0.0,0.0,0.0,0.0,0.0,0.0,0.0
2023-08-14 01:00:00,0.0,0.0,0.0,0.0,0.0,0.0,0.0,0.0,0.0,0.0,0.0,0.0,0.0,0.0,0.0,0.0,0.0,0.0,0.0,0.0,0.0,0.0,0.0,0.0,0.0,0.0,0.0,0.0
2023-08-14 02:00:00,0.0,0.0,0.0,0.0,0.0,0.0,0.0,0.0,0.0,0.0,0.0,0.0,0.0,0.0,0.0,0.0,0.0,0.0,0.0,0.0,0.0,0.0,0.0,0.0,0.0,0.0,0.0,0.0
2023-08-14 03:00:00,0.0,0.0,0.0,0.0,0.0,0.0,0.0,0.0,0.0,0.0,0.0,0.0,0.0,0.0,0.0,0.0,0.0,0.0,0.0,0.0,0.0,0.0,0.0,0.0,0.0,0.0,0.0,0.0
2023-08-14 04:00:00,0.0,0.0,0.0,0.0,0.0,0.0,0.0,0.0,0.0,0.0,0.0,0.0,0.0,0.0,0.0,0.0,0.0,0.0,0.0,0.0,0.0,0.0,0.0,0.0,0.0,0.0,0.0,0.0
2023-08-14 05:00:00,0.0,0.0,0.0,0.0,0.0,0.0,0.0,0.0,0.0,0.0,0.0,0.0,0.0,0.0,0.0,0.0,0.0,0.0,0.0,0.0,0.0,0.0,0.0,0.0,0.0,0.0,0.0,0.0
2023-08-14 06:00:00,0.0,0.0,0.0,0.0,0.0,0.0,0.0,0.0,0.0,0.0,0.0,0.0,0.0,0.0,0.0,0.0,0.0,0.0,0.0,0.0,0.0,0.0,0.0,0.0,0.0,0.0,0.0,0.0
2023-08-14 07:00:00,0.2681469477843724,0.3310048308909831,0.33343831420198106,0.3476104378933292,0.11614010337711786,0.059375487529718246,0.3182178630159345,0.30846722099718965,0.14845172512416663,0.3054760302932868,0.3116324511913672,0.3586125425965391,0.18061252964718333,0.3040828908550749,0.06098847788141016,0.12353892001942916,0.0026094827661832624,0.3168724708325834,0.0159455470814918,0.3007957012453772,0.30315238100257064,0.3333546435514456,0.4369889742857549,0.39011013768715563,0.427768033479043,0.07786692093282184,0.33906463370507867,0.37782705901407604
2023-08-14 08:00:00,0.4560865154564344,0.5065456961626574,0.4826634315159864,0.5369397554920412,0.22769812892974894,0.14980325698049857,0.4922782302327544,0.48723416440863976,0.270569144894895,0.48428722840782434,0.4877942420262592,0.5531464995580286,0.31817089646622543,0.4880126945448212,0.13686867603802344,0.20954628394915653,0.11352468602994006,0.5206836875250412,0.21882052729590046,0.48607778624522363,0.4877568086780899,0.5254466799788192,0.6050557367520696,0.5706134244193146,0.6218753235176832,0.16277680550094437,0.5023869378249894,0.559431815859974
2023-08-14 09:00:00,0.5908220020734255,0.6144665590759611,0.6149875297962077,0.6476076100321975,0.34384395289578595,0.2735799039562486,0.6216001024458915,0.6138291786354716,0.4082029515046573,0.6124717462737942,0.6145530029619296,0.6673977328764166,0.45909431212013163,0.6140594587141813,0.25420407930233335,0.35169511083032073,0.24251968656025022,0.619109458120861,0.34032273762574416,0.6097702098959776,0.6142723969211717,0.6428134889422245,0.6885083497962254,0.6695758439330384,0.7054861040958736,0.2983407498796394,0.5838297989676908,0.6612473484228802
2023-08-14 10:00:00,0.6736764532041686,0.6873022101136685,0.6802452951256501,0.7032397845641879,0.4155583551122752,0.42744359992209,0.6843191420501794,0.6778307948641625,0.48488221209379223,0.6795381267676517,0.6796763309517588,0.7245700138923924,0.5179491587654189,0.6795583003105061,0.4439474982531129,0.4726784841417938,0.35344698089940824,0.698711917707194,0.4327741678349491,0.6757721752510721,0.6803146067258101,0.7084121717779294,0.7285510498819041,0.717837604112534,0.7479646188387609,0.461975271064673,0.6643508743033649,0.7114275549809256
2023-08-14 11:00:00,0.7270706612960417,0.720795904474135,0.7275128027563111,0.7329262428910502,0.43525656676952185,0.5259147700735153,0.7186091481637438,0.7132447727181828,0.5548012950180436,0.7174738646529308,0.7149652680864919,0.7550273453621621,0.5950338302346826,0.7167569624228602,0.5189018679891209,0.5507611481185362,0.4396949719119303,0.7397380555026887,0.430230693370809,0.7133218786910687,0.7179570354550496,0.7441372271490013,0.7570116346608151,0.7431345638840373,0.7692707059187899,0.5501826347792428,0.6993395428100974,0.7373720858584362
2023-08-14 12:00:00,0.7427641114373376,0.7117144271608403,0.7479351416949476,0.7474930356810963,0.41425445648220494,0.5191536795301792,0.7396325187364821,0.7305538269208048,0.6437889214826271,0.7377292144425891,0.7322171911112114,0.7692336586633665,0.630983627427781,0.7356552004421882,0.6395019428550808,0.6435805092799176,0.4859434848736885,0.7536835290975031,0.44745373137449623,0.733153427568396,0.7372386234511724,0.7597331484012013,0.7704087523882072,0.7232464390262595,0.7810998398120392,0.6239537951290449,0.6535727203660168,0.7344351061568537
2023-08-14 13:00:00,0.762139331307121,0.7338146298314563,0.754161202328194,0.7532833518228419,0.4386529539362616,0.559556430764662,0.7487400959239338,0.7377256152686785,0.7093641699259361,0.7462145247275388,0.7385445481254578,0.7736155384850616,0.7038819200135669,0.744815008391674,0.7367313090185903,0.7241399748417069,0.5284847545688441,0.7580376398861355,0.47105413046589684,0.7432938501969659,0.7468917655439695,0.7650731967897745,0.7701722601933604,0.7491030190889865,0.7792670076476561,0.6571208455153357,0.69216186917343,0.7426994571989476
2023-08-14 14:00:00,0.7609268691578428,0.738868596217043,0.7577197729534875,0.7511514120038647,0.3855350356160406,0.4521456696902058,0.7490609582288129,0.7360447147472716,0.7423313494834841,0.7457602107136024,0.7360616142279657,0.7702854010081167,0.7389152614000335,0.7444029865639621,0.7440530144851231,0.7439993858596943,0.5364678117780276,0.7546273337273904,0.4961418518714127,0.7442832602455547,0.7467937716212818,0.7626256164955437,0.7653852632887463,0.7460655776437908,0.775746464114551,0.58007303768614,0.6801029304331093,0.7405044226881394
2023-08-14 15:00:00,0.7552479053399178,0.6456925025583358,0.7509019936139119,0.7429099465231267,0.30184739463375776,0.3882569403728178,0.7419427770722887,0.7291594703543383,0.7408784968956664,0.7382654854522176,0.7290544034303043,0.76040830242345,0.73801552756786,0.7390237607446134,0.7428961465330426,0.7433810517591928,0.46930787498948445,0.7492591678734165,0.46777437330868016,0.7376153611843619,0.7415332919338651,0.7551292809954676,0.753429351356686,0.7141592684089109,0.7476675902380454,0.5198369501004215,0.5820178615809973,0.7216526803291715
2023-08-14 16:00:00,0.7309791829790839,0.5722371483743441,0.735572542503708,0.7263707234290696,0.22848186306497384,0.2995460345346327,0.7281930801552203,0.7148397000581967,0.7323525856839833,0.724302304668822,0.7150172340424434,0.7459238723923842,0.7324154267353168,0.723699024344124,0.7317746169346465,0.7281968970964188,0.4059459068012195,0.7372181267246293,0.4615428098237733,0.723015781678357,0.7261598791805677,0.7424846919324352,0.7337855163102928,0.6708215477206051,0.72914996991944,0.44444119929507986,0.4709628066001339,0.6809180863926626
2023-08-14 17:00:00,0.6990800177040212,0.48099112548651124,0.7090188328379365,0.6992391067001527,0.24196983191180538,0.27115539825510687,0.7027895034761795,0.6900275743712152,0.706062009759513,0.6972818952227973,0.6900365236720849,0.7219084585673924,0.7074852954134856,0.6977604382779233,0.6896241703779842,0.7112118667722692,0.3374810515435377,0.7164409786503437,0.4393443803775967,0.6958946332077431,0.6998952623641606,0.7197953665185731,0.7018171700178405,0.6385037613449838,0.6565173028802211,0.4148166107059799,0.41326733811549193,0.64802029249089
2023-08-14 18:00:00,0.6527508127354695,0.5130049133140012,0.6645787322301353,0.6537751498356591,0.19090197785142088,0.20703625646774795,0.6593645136591088,0.6478196297639012,0.6606193657010656,0.6529131267413228,0.6478554968053456,0.6681209438917727,0.6627927235911869,0.6537682559713596,0.6088189471622345,0.6688649332058473,0.29497227537340287,0.6721897843336214,0.4401157155258265,0.6500845902009963,0.6553862994157618,0.6735573641364104,0.6447753225542537,0.6149172095392299,0.5938877130194714,0.3533143007016713,0.41477069637481073,0.6069293314950568
2023-08-14 19:00:00,0.5843809655670295,0.4979766443547824,0.5882547185401615,0.567899856405745,0.1078246985765884,0.14641353262647297,0.5831407661305457,0.5718232352786535,0.5992296273882568,0.5749667142861038,0.573052802306015,0.5396393749767016,0.6022535575152623,0.5745107178272942,0.4921098038268652,0.5799158086333661,0.18890872890140245,0.5945167052163361,0.33842039702901233,0.5686786433314984,0.5753291077768525,0.5859812459010921,0.5394850659167559,0.5194152518052,0.47959510184914367,0.3087543394379309,0.4039969328809838,0.5278323833595606
2023-08-14 20:00:00,0.4559115377919395,0.3721066789388027,0.4420904125289769,0.4116588933378482,0.039158492058135416,0.09653433057342183,0.43004094420223477,0.4211132309430678,0.4645315641667147,0.42416913119389504,0.4254029452777973,0.4308863891316171,0.4689604890881442,0.4184203285977748,0.3062297908940382,0.4102467121789366,0.10200256321668692,0.4429356078312374,0.1984992444514167,0.4094402307636564,0.41801516919070847,0.44250580685389246,0.361077832784475,0.36828625513039015,0.34375560737377464,0.2526642692812029,0.31683585571569906,0.37902538260994156
2023-08-14 21:00:00,0.14795764028608668,0.07668864810772942,0.07984733637836339,0.0,0.02785579125254854,0.06824194226619026,0.0,0.0,0.2980117517451133,0.0,0.0,0.0,0.2958652439769718,0.0,0.23993739998865915,0.22483043679939602,0.03328400381134483,0.0,0.06261236785831535,0.0,0.0,0.0,0.0,0.0,0.0,0.14670593293276868,0.010112573080745977,0.0
2023-08-14 22:00:00,0.0,0.0,0.0,0.0,0.004153503408857502,0.0,0.0,0.0,0.0,0.0,0.0,0.0,0.0,0.0,0.0,0.0,0.0,0.0,0.0,0.0,0.0,0.0,0.0,0.0,0.0,0.0,0.0,0.0
2023-08-14 23:00:00,0.0,0.0,0.0,0.0,0.0,0.0,0.0,0.0,0.0,0.0,0.0,0.0,0.0,0.0,0.0,0.0,0.0,0.0,0.0,0.0,0.0,0.0,0.0,0.0,0.0,0.0,0.0,0.0
2023-08-15 00:00:00,0.0,0.0,0.0,0.0,0.0,0.0,0.0,0.0,0.0,0.0,0.0,0.0,0.0,0.0,0.0,0.0,0.0,0.0,0.0,0.0,0.0,0.0,0.0,0.0,0.0,0.0,0.0,0.0
2023-08-15 01:00:00,0.0,0.0,0.0,0.0,0.0,0.0,0.0,0.0,0.0,0.0,0.0,0.0,0.0,0.0,0.0,0.0,0.0,0.0,0.0,0.0,0.0,0.0,0.0,0.0,0.0,0.0,0.0,0.0
2023-08-15 02:00:00,0.0,0.0,0.0,0.0,0.0,0.0,0.0,0.0,0.0,0.0,0.0,0.0,0.0,0.0,0.0,0.0,0.0,0.0,0.0,0.0,0.0,0.0,0.0,0.0,0.0,0.0,0.0,0.0
2023-08-15 03:00:00,0.0,0.0,0.0,0.0,0.0,0.0,0.0,0.0,0.0,0.0,0.0,0.0,0.0,0.0,0.0,0.0,0.0,0.0,0.0,0.0,0.0,0.0,0.0,0.0,0.0,0.0,0.0,0.0
2023-08-15 04:00:00,0.0,0.0,0.0,0.0,0.0,0.0,0.0,0.0,0.0,0.0,0.0,0.0,0.0,0.0,0.0,0.0,0.0,0.0,0.0,0.0,0.0,0.0,0.0,0.0,0.0,0.0,0.0,0.0
2023-08-15 05:00:00,0.0,0.0,0.0,0.0,0.0,0.0,0.0,0.0,0.0,0.0,0.0,0.0,0.0,0.0,0.0,0.0,0.0,0.0,0.0,0.0,0.0,0.0,0.0,0.0,0.0,0.0,0.0,0.0
2023-08-15 06:00:00,0.0,0.0,0.0,0.0,0.0,0.0,0.0,0.0,0.0,0.0,0.0,0.0,0.0,0.0,0.0,0.0,0.0,0.0,0.0,0.0,0.0,0.0,0.0,0.0,0.0,0.0,0.0,0.0
2023-08-15 07:00:00,0.2388631325254135,0.24090226554945984,0.3363186064213324,0.350224392108348,0.028158455409359243,0.019552289597756123,0.31765089280736586,0.3097158664156083,0.18477564909380362,0.3022089214596452,0.31038267222029925,0.35601428182324574,0.24933467034306964,0.3096779743140847,0.18186768468592954,0.18016878213973775,0.00025515095885656044,0.32891355776638803,0.0009796373429245017,0.3005494402873187,0.30910845684645083,0.3324634437938845,0.4649791293086311,0.36181557427726624,0.4407299594615974,0.08158094460257229,0.2055147604798316,0.3598617955433636
2023-08-15 08:00:00,0.47173794715134665,0.39287049965049814,0.4689107065977774,0.5400382919274206,0.06280904167612583,0.04353745462409244,0.4821860401425723,0.48343240363392387,0.26897724476176077,0.4754427234288122,0.4789659965365208,0.5491726500653813,0.3314957240864664,0.48917790129468625,0.29035315241043286,0.3125333956656102,0.03235887585435564,0.5124552347143904,0.02823407401077808,0.48360916670116566,0.4893737811495072,0.517047897354599,0.6244664876387085,0.5128776077424454,0.6055873984828649,0.08711128496611809,0.3084029945422499,0.5222533513906666
2023-08-15 09:00:00,0.5842182857583593,0.5285856955669296,0.6082713380104794,0.650653429191106,0.08214731723828443,0.07300816553536774,0.6097982735834783,0.6080730282489232,0.3941336676314606,0.6052199617917899,0.6060490965902902,0.6630283707214184,0.47575676752607166,0.6140051043686611,0.4558287043596168,0.433419229642052,0.06151003485230381,0.6356087605037894,0.09338021607831515,0.6078475398245258,0.6148653389107203,0.6399959105094479,0.6987080070495459,0.6470354158232938,0.6826120253859561,0.09564404062996848,0.4055808486550587,0.6362727929832399
2023-08-15 10:00:00,0.6800204147922383,0.6178895042877907,0.6809697685454402,0.7061596137469021,0.1415092876552464,0.15228328309110017,0.6753321318530695,0.6727713272932573,0.4918359074784849,0.6738168605483661,0.6720527677015417,0.7193314011310308,0.5429586224335365,0.6786475264368862,0.4699012142250845,0.5048695955499944,0.16958022144782853,0.69800464704897,0.148867966328087,0.6735948365734334,0.6799598639677201,0.7024399076104291,0.735049053092549,0.7092456101093441,0.7258638473631461,0.14844447953632667,0.5093719270330775,0.6996712967988411
2023-08-15 11:00:00,0.7190853530814373,0.6369960515836354,0.7198692256219373,0.7341489477466445,0.20957933817385077,0.23400099567099705,0.7145099435125913,0.7076143222185572,0.5747877108039773,0.7115415513048216,0.7073975036379898,0.7483109786422297,0.6402688242015561,0.7131229288874893,0.4477025858189892,0.5554829070681678,0.34366347177497425,0.7332085744410439,0.29662617236571664,0.7102301376181709,0.7147032384886395,0.7365534014579985,0.7543582317066008,0.7364042869112599,0.7444746451143882,0.19607001139579197,0.5369763919124104,0.7263819910663681
2023-08-15 12:00:00,0.7352874505449247,0.6482642954417017,0.7407582658759782,0.7486312805214408,0.2804645896036573,0.2838473962871415,0.736995958385494,0.7260978028027276,0.608990846853661,0.7323995155050887,0.7256170755074091,0.7618051564883074,0.6734003620070523,0.7323494440688529,0.41181338169240095,0.5219530322827323,0.42658235927537047,0.7481532830206974,0.37796349813079144,0.7309466332506549,0.7343123795345864,0.7531185262910215,0.7648283505753724,0.7448489690815526,0.7555553114853955,0.2398761940836665,0.5600752091103961,0.7370199590305859
2023-08-15 13:00:00,0.7489605965189985,0.6505064247679753,0.7501498031005354,0.7536075293313683,0.33037681519254786,0.2932342120905072,0.7473034827777525,0.7333469022724785,0.6221685619445904,0.7415217032602114,0.7322686612985603,0.767368128971124,0.6946302884031968,0.7414774537804579,0.4441663073245816,0.5504734926233832,0.4949170799167331,0.7553721451608179,0.442588089925275,0.7406740550300889,0.7438658511852007,0.760691793182306,0.765469252433701,0.7422789563888447,0.7490172321277225,0.3436265932779295,0.47181923994001895,0.7315326575273411
2023-08-15 14:00:00,0.7450719797418572,0.6232553202652679,0.7518754679981244,0.7510539441857772,0.3218707551523012,0.27230798353273905,0.7487393227848989,0.7320082809018632,0.6047934617984242,0.7427269948960611,0.7301825779824814,0.7645064744486555,0.6462333008540286,0.7418786296455973,0.41683530667191093,0.49732574646095834,0.48847894790388574,0.7522624010957624,0.4585513294425547,0.7418843431735931,0.7445717472717809,0.7588585153325226,0.7620699128948328,0.7206176465595698,0.7366606385810336,0.3754656081979282,0.43223287504543123,0.7241533105870627
2023-08-15 15:00:00,0.7316650649244383,0.6183129976045526,0.747619581001959,0.7437368754055526,0.32114078188720363,0.2894265271982833,0.7431335567910887,0.7261145694778409,0.605375793776672,0.7361956675775317,0.723731940814689,0.758354014030459,0.6178113127699493,0.7370301671192164,0.44278829700182387,0.46613427263967433,0.5243838120456963,0.7426448573394738,0.5024378135014699,0.7372585093470343,0.739803721375889,0.7517058333506718,0.75023437914548,0.6658030217204204,0.6623313084066126,0.3902799374516704,0.4583705324829917,0.688087864531216
2023-08-15 16:00:00,0.7121389494236116,0.6354412849647202,0.7326495187369723,0.7282840250731272,0.32353422742577664,0.30334420886212576,0.7287202772541442,0.7109294509905361,0.5807670571004079,0.7200798669448573,0.7084813438300509,0.742869235832017,0.5954882464742447,0.7217144938587308,0.41433814827800336,0.4776824953578075,0.5139964713674685,0.7240995920018731,0.5098647981573992,0.7221275187845853,0.7243545347615881,0.7348253940175923,0.7291457806873202,0.6227696578592324,0.5959735316840696,0.38874549605642356,0.4944150918293779,0.6380248875952202
2023-08-15 17:00:00,0.6736108108482415,0.6311374314180308,0.7045903233926666,0.6997462507183376,0.25756900889906315,0.24378243996646082,0.7016331049857895,0.6836961530291022,0.5393078571240225,0.6918792942369558,0.6819470578187077,0.7125097450605111,0.5602395724486283,0.6948709582438168,0.36871804881432985,0.41283434142705694,0.534060781311402,0.6910733082969437,0.4968592936841398,0.6933523015502338,0.6972753777795597,0.7023705555409201,0.6912029798350549,0.6276406323247845,0.4738482921421591,0.2919652802141147,0.5550774605921324,0.6183254079523172
2023-08-15 18:00:00,0.6588501960869697,0.580730095281604,0.6603977453908642,0.6553008910234811,0.18384069314561383,0.2490901145336171,0.6548356465754971,0.6372577032992146,0.5218519968396506,0.6450110875053282,0.6366858252751686,0.6745787439380547,0.5187372080413809,0.6472883703050772,0.33706636421962893,0.427204241741626,0.5248909835570005,0.6654199380028495,0.487256060842358,0.6438252143706418,0.6492476353192025,0.6682601904840538,0.5943399404409188,0.5708771731681705,0.45840406706318465,0.3070720258774173,0.4888556569367948,0.5652582730132488
2023-08-15 19:00:00,0.5890322933285513,0.47304190236266674,0.5810055302127543,0.5695734490841273,0.1583347432802342,0.20636732801050664,0.5734622325810488,0.5564882180697266,0.47310973336916623,0.5634445686242231,0.5591649629858749,0.5960954589263917,0.4328865869144636,0.5621019230828372,0.279197743571359,0.33566319562476904,0.47360846769275566,0.5895179862055914,0.45908230524624255,0.5567310905277929,0.5631511921166288,0.5905936486334405,0.4334100272508028,0.5003360659396948,0.42418401934953737,0.30147928057293033,0.418771344680354,0.4682048718979098
2023-08-15 20:00:00,0.4348414174921439,0.3140435650470838,0.4314233298249373,0.40784561420149357,0.13609375831655515,0.14757529402899436,0.4167909336805726,0.40265957954461423,0.33108404452733914,0.41003865885043045,0.4096166996081283,0.44045558494920567,0.30215331436341064,0.40157272936136784,0.24278490541327405,0.27271486027207875,0.3367457715100659,0.4470330675558892,0.30323638905449846,0.39528998786849223,0.40135833629541673,0.44100316310630533,0.24397961910935412,0.3432384330049544,0.27215492416472237,0.2189982442992594,0.3338671075719846,0.32205308980729763
2023-08-15 21:00:00,0.10778313309357594,0.04765027399906628,0.0432364801207485,0.0,0.07066419497429863,0.0833084587629423,0.0,0.0,0.18807730274715,0.0,0.0,0.0,0.18344788942016496,0.0,0.19883791943014023,0.16363924132539498,0.21522379830628308,0.0,0.19563169865417881,0.0,0.0,0.0,0.0,0.0,0.0,0.12147392478195868,0.00941876947236828,0.0
2023-08-15 22:00:00,0.0,0.0,0.0,0.0,0.008488484726425952,0.0,0.0,0.0,0.0,0.0,0.0,0.0,0.0,0.0,0.0,0.0,0.0,0.0,0.0,0.0,0.0,0.0,0.0,0.0,0.0,0.0,0.0,0.0
2023-08-15 23:00:00,0.0,0.0,0.0,0.0,0.0,0.0,0.0,0.0,0.0,0.0,0.0,0.0,0.0,0.0,0.0,0.0,0.0,0.0,0.0,0.0,0.0,0.0,0.0,0.0,0.0,0.0,0.0,0.0
2023-08-16 00:00:00,0.0,0.0,0.0,0.0,0.0,0.0,0.0,0.0,0.0,0.0,0.0,0.0,0.0,0.0,0.0,0.0,0.0,0.0,0.0,0.0,0.0,0.0,0.0,0.0,0.0,0.0,0.0,0.0
2023-08-16 01:00:00,0.0,0.0,0.0,0.0,0.0,0.0,0.0,0.0,0.0,0.0,0.0,0.0,0.0,0.0,0.0,0.0,0.0,0.0,0.0,0.0,0.0,0.0,0.0,0.0,0.0,0.0,0.0,0.0
2023-08-16 02:00:00,0.0,0.0,0.0,0.0,0.0,0.0,0.0,0.0,0.0,0.0,0.0,0.0,0.0,0.0,0.0,0.0,0.0,0.0,0.0,0.0,0.0,0.0,0.0,0.0,0.0,0.0,0.0,0.0
2023-08-16 03:00:00,0.0,0.0,0.0,0.0,0.0,0.0,0.0,0.0,0.0,0.0,0.0,0.0,0.0,0.0,0.0,0.0,0.0,0.0,0.0,0.0,0.0,0.0,0.0,0.0,0.0,0.0,0.0,0.0
2023-08-16 04:00:00,0.0,0.0,0.0,0.0,0.0,0.0,0.0,0.0,0.0,0.0,0.0,0.0,0.0,0.0,0.0,0.0,0.0,0.0,0.0,0.0,0.0,0.0,0.0,0.0,0.0,0.0,0.0,0.0
2023-08-16 05:00:00,0.0,0.0,0.0,0.0,0.0,0.0,0.0,0.0,0.0,0.0,0.0,0.0,0.0,0.0,0.0,0.0,0.0,0.0,0.0,0.0,0.0,0.0,0.0,0.0,0.0,0.0,0.0,0.0
2023-08-16 06:00:00,0.0,0.0,0.0,0.0,0.0,0.0,0.0,0.0,0.0,0.0,0.0,0.0,0.0,0.0,0.0,0.0,0.0,0.0,0.0,0.0,0.0,0.0,0.0,0.0,0.0,0.0,0.0,0.0
2023-08-16 07:00:00,0.219690030373499,0.31662568788495793,0.18603642018545175,0.3366323986180338,0.022896217419467096,0.040771395229380725,0.21119223831405146,0.28919944674810216,0.12225188326671303,0.27860112668628345,0.27253116207985056,0.3439408748989706,0.14656728859248555,0.3066529028965285,0.03545662783223057,0.10328018678548323,0.03141733330427802,0.28503458842467516,0.0,0.2976416201520494,0.3060251289423573,0.31513867781899096,0.4276569330894696,0.3767524864792161,0.4379876543724244,0.10010451047196693,0.4031320690625342,0.36845360218724876
2023-08-16 08:00:00,0.48352226380186913,0.4855801838850947,0.3896004877051262,0.5254000606355574,0.041680861460667074,0.14691073802800747,0.3509998397561404,0.4568468734138505,0.3786479241900658,0.44874431095396317,0.43605634448425445,0.5325391021999478,0.3883058834143074,0.48157221268887657,0.13483237774499987,0.3386882544150199,0.23434764868711078,0.4861949585876062,0.165791055586547,0.4800381634405149,0.48164920664583205,0.502311795878756,0.5855209192314618,0.5648235234617569,0.6118369848860533,0.21005035739456077,0.5875603731215415,0.5555774247305312
2023-08-16 09:00:00,0.6229295509397624,0.6223238339472925,0.5257197483396927,0.6411149279422552,0.05719737302966146,0.1871465991594195,0.47720051471270036,0.5861204496882524,0.5096031562650886,0.5815370840868364,0.5667879106446148,0.6515808225680565,0.4950274879917421,0.613077804422619,0.2464182777675566,0.4873984763635703,0.27409284727938765,0.6222751317979497,0.24183810858731905,0.6074292013833621,0.6136299236707823,0.631440049172166,0.6809221960852099,0.6670721910252817,0.697157566247344,0.2913812937467072,0.682559519986563,0.659907201719556
2023-08-16 10:00:00,0.6918200798626917,0.6992903182637018,0.6471538929772732,0.7005100024286717,0.09424132004518575,0.22502414273527435,0.6002013831054571,0.6661248445122893,0.6321469932054937,0.666849359798203,0.6591201017099095,0.7115926142905191,0.6366149612112196,0.6798782020515599,0.4808043276098982,0.6011685770752099,0.2792804239981108,0.6881323530142095,0.28864548551790425,0.6723097546171279,0.6811018317982921,0.6975289568098262,0.6951792604986414,0.718385227597567,0.7444775227778707,0.382525427525811,0.7311921592536431,0.7123055721296463
2023-08-16 11:00:00,0.729630824400652,0.7322242513258075,0.7084282243781406,0.730930460403001,0.17667392341646423,0.276147936502023,0.6693270200867795,0.707594047671613,0.6628447243496004,0.7109045968366058,0.7051328987504272,0.7431027837766676,0.6688036905419336,0.7170312450600484,0.6272966692015667,0.6828094383217879,0.3347847546655076,0.7236656670123938,0.33858591788910314,0.7094622293492293,0.7186584659081845,0.7331419521173946,0.7071572647431573,0.7455524944416057,0.7698513892207273,0.44424759092330407,0.7573058484023643,0.7394943074558461
2023-08-16 12:00:00,0.746616939640434,0.7493866060320449,0.7068289900444943,0.7471745728900767,0.21658003977195073,0.27742056633462,0.7136376391852776,0.7244284243056697,0.7393397946264839,0.7271079624573715,0.7184422966401072,0.7582045041583358,0.7402416779179414,0.7398931171146186,0.7338539065871897,0.7384221129800956,0.34197128532084986,0.7388574279275949,0.40592108558907236,0.7324634489691215,0.7418277500325168,0.7488791658578399,0.7447728946651031,0.7593702428555991,0.7835356411736453,0.4619116379157129,0.7659926823252949,0.7533184897479122
2023-08-16 13:00:00,0.7577734201936386,0.7539516859015106,0.7280788911553432,0.7501026637448128,0.2367081213810477,0.2829064115067396,0.7247337482774322,0.7311301592748077,0.7559915823415319,0.7361902816257777,0.7237984464428762,0.7623460251390048,0.7576126949042795,0.7489912463331866,0.7513792140878042,0.7529836257425244,0.34403091130707963,0.7435262541458076,0.39763428868085365,0.7418146131286387,0.7512594012600581,0.7551880108311719,0.7661920427799257,0.7614189802868329,0.7838191920925575,0.4775711326844207,0.7687566438031123,0.7550270176216191
2023-08-16 14:00:00,0.757380361094323,0.751162978711191,0.7414903696343744,0.7473162310372998,0.2692850174511156,0.3090892089634276,0.7293909292552317,0.7327123402404095,0.7550687966964457,0.7405607371926417,0.7286609183383888,0.7598008646666988,0.7567358929520248,0.7471765375845467,0.7486880354926557,0.7529467755723868,0.3238703381690387,0.7428065194178455,0.3644699852118111,0.7416706310732735,0.7498715021664982,0.7543830789218945,0.7611312318793245,0.7596017887012911,0.782593604471927,0.4676331631286426,0.7686254546531209,0.753369590609967
2023-08-16 15:00:00,0.7505950256295421,0.7434392232917946,0.7422603609209836,0.6910346341908064,0.27433279783483244,0.2766274089648904,0.7331407869593858,0.7259817403112163,0.7508329554818429,0.7345226107133607,0.7238074938948571,0.7328095397420482,0.7517284807085473,0.7379768837872038,0.7417875393197605,0.7475091177444961,0.27019348575115526,0.7362257946970577,0.31793298316596674,0.7338776804800107,0.7406152366340857,0.7476983724731691,0.7474282171271772,0.735408181716163,0.7669748374443053,0.4539090349783447,0.7597516936208824,0.7348726162602555
2023-08-16 16:00:00,0.7350407823541859,0.7273332814901526,0.7323605273593107,0.6675109882045884,0.38087508879070686,0.30278963307630724,0.7049192634625304,0.7110420928894046,0.7362952404495234,0.7203263725962373,0.7103805787202842,0.708228088541614,0.7371939334609167,0.7195231316637511,0.7266227591298392,0.7353474857625011,0.28063604704589706,0.7210852884138069,0.342131350078012,0.7174376246578871,0.7220593775890712,0.7311904228702447,0.7313624918394197,0.7149963875306933,0.7419267331987712,0.4626624371877802,0.739106358529742,0.7152321532963603
2023-08-16 17:00:00,0.6999369511328404,0.6990013314121544,0.6999172305626876,0.6157990645572771,0.3921767748865468,0.2555312743010356,0.6673830679810968,0.683401132973458,0.7138269709421493,0.6918601223030281,0.6823420656193214,0.6378668836874859,0.7159683923533309,0.6909864331648838,0.706119367212356,0.7105979390374846,0.28501542250207,0.6818837214067095,0.3331577214620568,0.692276455339965,0.6931747049357491,0.6849021367429823,0.6938717330741399,0.6805859934579999,0.697311621923104,0.4209277119698626,0.7000141522799113,0.6844271786570751
2023-08-16 18:00:00,0.6514634190037446,0.655581684935538,0.6601302271865102,0.5142693635552656,0.402428442312773,0.2351963649399939,0.6193737327812241,0.6378524949884675,0.6464519619642012,0.6469242322271198,0.6381728615184701,0.553654427193658,0.6738383679133818,0.6408467402616344,0.6651415368263799,0.6585500153214631,0.2397373463232963,0.6215942772662745,0.2937386609720846,0.6441162851580643,0.6427241120311026,0.6370555770531668,0.6367736076817443,0.6150384442937804,0.656105972624928,0.40192049729900203,0.64610974691776,0.6250752853121591
2023-08-16 19:00:00,0.5883845528470728,0.5809891272978674,0.5796905402758795,0.5217189288933715,0.3667131419336924,0.1909061045488202,0.5507214986165637,0.5537494277075332,0.5482346806776784,0.5633648361472028,0.558182549731491,0.5315304305880961,0.5988236935924349,0.5540683568358621,0.5934843728882496,0.5869088693472787,0.2476338961638658,0.5739488937355629,0.22888349326416918,0.5551881528524234,0.555147739998843,0.575758340931701,0.5250710603129495,0.55425833028817,0.5589549660473097,0.35337738734167295,0.56610877065451,0.5543220697756529
2023-08-16 20:00:00,0.441867448103622,0.43847257529753814,0.42751375892332155,0.3802386255451333,0.27898661565323163,0.1468128658087709,0.4103886532181726,0.3944172899246749,0.4042661331018573,0.4056218668250039,0.4035260747711751,0.40656366659212306,0.4598496607229359,0.3894128420344119,0.4643472181350895,0.4245447966055199,0.19616471162681717,0.4243814460424781,0.15685661642885457,0.38851045788311195,0.3892640666396784,0.4260725634041503,0.3443940329464243,0.39363126757292805,0.37927988353088526,0.28181683029074356,0.40282835989364707,0.39217506507970146
2023-08-16 21:00:00,0.08771985661223618,0.06547517287362717,0.0,0.0,0.16867491294871284,0.07808741711081307,0.0,0.0,0.19488148223811008,0.0,0.0,0.0,0.30057628609024567,0.0,0.29983718751375604,0.2767167969537035,0.1521227099720729,0.0,0.11628199543504915,0.0,0.0,0.0,0.0,0.0,0.0,0.1816357429892814,0.020153324446064047,0.0
2023-08-16 22:00:00,0.0,0.0,0.0,0.0,0.049681927627145864,0.0,0.0,0.0,0.0,0.0,0.0,0.0,0.0,0.0,0.0,0.0,0.0,0.0,0.0,0.0,0.0,0.0,0.0,0.0,0.0,0.0,0.0,0.0
2023-08-16 23:00:00,0.0,0.0,0.0,0.0,0.0,0.0,0.0,0.0,0.0,0.0,0.0,0.0,0.0,0.0,0.0,0.0,0.0,0.0,0.0,0.0,0.0,0.0,0.0,0.0,0.0,0.0,0.0,0.0
2023-08-17 00:00:00,0.0,0.0,0.0,0.0,0.0,0.0,0.0,0.0,0.0,0.0,0.0,0.0,0.0,0.0,0.0,0.0,0.0,0.0,0.0,0.0,0.0,0.0,0.0,0.0,0.0,0.0,0.0,0.0
2023-08-17 01:00:00,0.0,0.0,0.0,0.0,0.0,0.0,0.0,0.0,0.0,0.0,0.0,0.0,0.0,0.0,0.0,0.0,0.0,0.0,0.0,0.0,0.0,0.0,0.0,0.0,0.0,0.0,0.0,0.0
2023-08-17 02:00:00,0.0,0.0,0.0,0.0,0.0,0.0,0.0,0.0,0.0,0.0,0.0,0.0,0.0,0.0,0.0,0.0,0.0,0.0,0.0,0.0,0.0,0.0,0.0,0.0,0.0,0.0,0.0,0.0
2023-08-17 03:00:00,0.0,0.0,0.0,0.0,0.0,0.0,0.0,0.0,0.0,0.0,0.0,0.0,0.0,0.0,0.0,0.0,0.0,0.0,0.0,0.0,0.0,0.0,0.0,0.0,0.0,0.0,0.0,0.0
2023-08-17 04:00:00,0.0,0.0,0.0,0.0,0.0,0.0,0.0,0.0,0.0,0.0,0.0,0.0,0.0,0.0,0.0,0.0,0.0,0.0,0.0,0.0,0.0,0.0,0.0,0.0,0.0,0.0,0.0,0.0
2023-08-17 05:00:00,0.0,0.0,0.0,0.0,0.0,0.0,0.0,0.0,0.0,0.0,0.0,0.0,0.0,0.0,0.0,0.0,0.0,0.0,0.0,0.0,0.0,0.0,0.0,0.0,0.0,0.0,0.0,0.0
2023-08-17 06:00:00,0.0,0.0,0.0,0.0,0.0,0.0,0.0,0.0,0.0,0.0,0.0,0.0,0.0,0.0,0.0,0.0,0.0,0.0,0.0,0.0,0.0,0.0,0.0,0.0,0.0,0.0,0.0,0.0
2023-08-17 07:00:00,0.16229269123493795,0.3162254921892131,0.1336125449978884,0.31659544659082567,0.11566543372947807,0.019696406601630193,0.20854284630616662,0.2505753188107395,0.14642935751168001,0.2846753702287056,0.2732257655924217,0.2262101291674684,0.1590970551893869,0.23659481739559693,0.10174486738643744,0.12389350582377279,0.0,0.21252103737520778,0.0,0.24298626584558136,0.2352399108999407,0.20012845171616148,0.4442412874293142,0.37351238179828916,0.4310563334659244,0.06545189513946781,0.3661918175402204,0.36725656084326147
2023-08-17 08:00:00,0.293909904587878,0.4634737688472365,0.3653329475924889,0.4630414522162981,0.19220812137125873,0.1424390038143256,0.2695602206454906,0.3293223403007705,0.22370581484837815,0.4192559634575092,0.3759552200861471,0.3354709576670393,0.23418581077152809,0.3041475507539973,0.15012932899010525,0.20394642242944336,0.19524164704986685,0.2913843389731166,0.2159800144515412,0.3493795808112541,0.3035110739424671,0.3017904136650684,0.6116714123085347,0.5529622916946647,0.6078917725152784,0.14893198716790346,0.5438044593954783,0.5483145362058548
2023-08-17 09:00:00,0.44172538553183455,0.5909080514212675,0.5103034034224608,0.5513782741653851,0.26777888136665295,0.23785150146397085,0.4312789235439098,0.5133032924203156,0.3405541324744456,0.5448176956195927,0.5282713904711381,0.47367252508579355,0.3377062543092458,0.5184270772361702,0.21711587338585184,0.27599651224724553,0.37882695403947664,0.42286857289901714,0.35519273247662614,0.49241931144841206,0.5172555067823552,0.4326822294812967,0.695132992688141,0.6418630141136363,0.6879521709485769,0.2849469586621659,0.6448497062940131,0.6413319674578947
2023-08-17 10:00:00,0.5868689219794566,0.6514483720194274,0.6158693551639147,0.6325091627101816,0.2837257057875769,0.2738943239919129,0.5405598804068948,0.6203397906591536,0.5061470688416523,0.6509279591888836,0.6287803655856433,0.5942715033701743,0.4836759600685195,0.6253164015810291,0.3114542662905172,0.4131512274150298,0.3433201975898264,0.5876306866885368,0.34097361324231296,0.613256209786114,0.6249988022933616,0.567013620369091,0.7343570645385541,0.6782745717851141,0.7252813594880808,0.3584491857640863,0.6832353592122611,0.6799086973933108
2023-08-17 11:00:00,0.7021391610492078,0.7021698233895661,0.6638491868144002,0.7044619864514272,0.3445502784288038,0.4066381870794363,0.600336321809361,0.6837489657454378,0.5648512967372119,0.6790183738690468,0.6690793755006557,0.699532913251548,0.5371682584410751,0.713451551214666,0.4628402183009144,0.4636163443188582,0.4461328068960881,0.6831984464592272,0.4087356734429576,0.6973799246057923,0.7152800262241902,0.6736695586182632,0.7537379931116724,0.681249080405275,0.7327398769349132,0.486624857599112,0.709565953594229,0.6861719542028114
2023-08-17 12:00:00,0.7473029589386557,0.7330938257952601,0.6871478110805749,0.7581055369986209,0.39642965559283905,0.4629291031232503,0.6516924897622091,0.7125775577385473,0.573117205313567,0.7020118641872914,0.6929218421269059,0.7666913592046314,0.556513333330448,0.7458531155838171,0.505667963279083,0.4601189702099609,0.4274226876011462,0.7356058967206908,0.4052973488426187,0.7290554011292021,0.7473927093440955,0.7481959911827746,0.7639183398264271,0.7121051960217407,0.7616665771811195,0.5891707218145363,0.7243467256800087,0.7138054044207153
2023-08-17 13:00:00,0.7751181281563919,0.7526350363913259,0.7176531077924344,0.7641505229634752,0.43637894866924204,0.512548548801042,0.6896628885964459,0.7299013135852488,0.6261490558763545,0.7315282734814179,0.7188328600540613,0.7809327085731245,0.6388796738003425,0.754776209797534,0.6573181410734261,0.6142005611866421,0.4665279813400947,0.770452621975107,0.4698938498319526,0.7427630733092154,0.7567033686320362,0.7708980778394817,0.7452177181843354,0.7240503486088326,0.7533812426790661,0.596394283610528,0.7253494541685772,0.7224169291835449
2023-08-17 14:00:00,0.7698809674864697,0.7311996796160821,0.7464397292784786,0.763693814413866,0.4353049697992824,0.5536891458664491,0.7164705935259396,0.7372232961289469,0.6549847478313735,0.7433426374903191,0.7325824792775845,0.7795685606948639,0.6485196996318868,0.7530545548275445,0.6795966056253284,0.6103497602555793,0.5182687159283554,0.7552597370302857,0.4868351200030605,0.7426770826774942,0.755175622521842,0.770447097863954,0.7087701716442891,0.7359296014679476,0.731025708442792,0.6266154678968703,0.7228011840852402,0.7245826565684916
2023-08-17 15:00:00,0.7757003299077452,0.708813759197052,0.7347179604753301,0.7528268856655417,0.43543120760803544,0.5607873706994113,0.6968304919688147,0.7301824564568227,0.6757749466156352,0.7325827957803193,0.7237337090764114,0.7756372673893239,0.6981826873724581,0.7486525169049716,0.7251065192230072,0.6733815423726716,0.5235401002195782,0.7715249052559882,0.5680026257611404,0.7384871979140666,0.7509413061281187,0.7705357418642848,0.662234388920005,0.6708982189043688,0.7069994448991476,0.6364894879784623,0.6452187357599058,0.6635134445457834
2023-08-17 16:00:00,0.7605400451293464,0.6618167358741168,0.7440965928478748,0.7398394579713267,0.47150231779588536,0.544593868876162,0.705718587698457,0.7197307686877369,0.6794490106235941,0.7234923943507626,0.7197518874400435,0.7614207130747656,0.7199960231528422,0.7292875314373403,0.7034453902510049,0.6769250488794123,0.4530352997605023,0.7531898602153282,0.5111632015342534,0.7198543605663023,0.7314077559383207,0.7535211963031748,0.6275383088886726,0.6365000808241068,0.6732928531951681,0.6281148818573069,0.6623683288545402,0.5984787425757857
2023-08-17 17:00:00,0.7406032670825142,0.6401642977662981,0.7055530956522653,0.7115631718862857,0.471828823503913,0.5608506995621126,0.6726131397290379,0.6915732965115673,0.652429439737174,0.6958482875174631,0.6914491783624456,0.730741446267733,0.6821207957954879,0.7004994521904153,0.6980840160177839,0.6114415036626343,0.4893228892808167,0.7321089476590733,0.46234964847611926,0.6900282279342467,0.7023480287577071,0.7272371347738146,0.5742973452580218,0.516787901918371,0.5695344552807788,0.6336539828471202,0.5338433111601224,0.5137925788518748
2023-08-17 18:00:00,0.6991753282755784,0.597793405445483,0.6544667438244383,0.6643615083491933,0.38894283673211755,0.471618871862223,0.6219164450868561,0.6396065396016105,0.5934891598921146,0.6419983374605472,0.6374078583616424,0.6916344236006448,0.6173870783740824,0.6507070725901788,0.6198099590336252,0.5527042870938862,0.41974129192337806,0.6910525502889197,0.4304926533885226,0.6400954945498789,0.6519884412497917,0.6835479227552654,0.5152911242092739,0.4655869635434216,0.48830126750592556,0.5725542846088473,0.4569312964440658,0.483709135751485
2023-08-17 19:00:00,0.6238997425382263,0.5045295321822297,0.5898979561033892,0.5745769636214336,0.2896491116185816,0.38940189188472896,0.5628960936836332,0.5573655767967712,0.49432273248785946,0.5611272186135297,0.5612433266561208,0.6113498742577463,0.52876107719166,0.5599169640388467,0.5669561101414798,0.5286664858589759,0.3550884696941347,0.6161000755061646,0.38709833427144225,0.5500212161698372,0.5605064766618891,0.6036892608512178,0.38106557354848813,0.40999948613269843,0.33544712837120083,0.45825110731550717,0.35631307267408807,0.45942036448843815
2023-08-17 20:00:00,0.476368045446306,0.3594565478420199,0.43421349610638094,0.4021667359188882,0.21741400995241422,0.2705229771591627,0.4136018716152596,0.39372651555223603,0.37431847625133113,0.3985624919033954,0.4014423898733114,0.44851393286042107,0.40753433115465126,0.3907573186128696,0.4270201122342917,0.45918366489385787,0.2781708606248413,0.4625776979220102,0.2931307517541725,0.3813367361910426,0.3903463134665568,0.4459015756975973,0.22978232597304502,0.29045933063865564,0.24981196359493554,0.3181962940547388,0.19826253965670623,0.314545438985405
2023-08-17 21:00:00,0.0736717846529546,0.06937424752079402,0.0,0.0,0.1641207561040445,0.17354126809728032,0.0,0.0,0.1930739842912104,0.0,0.0,0.0,0.22100875508310705,0.0,0.2658435659552819,0.3062138592120061,0.19668733465908642,0.0,0.18353251407383464,0.0,0.0,0.0,0.0,0.0,0.0,0.19969365295245176,0.01427393129315288,0.0
2023-08-17 22:00:00,0.0,0.0,0.0,0.0,0.07618169557259191,0.0,0.0,0.0,0.0,0.0,0.0,0.0,0.0,0.0,0.0,0.0,0.0,0.0,0.0,0.0,0.0,0.0,0.0,0.0,0.0,0.0,0.0,0.0
2023-08-17 23:00:00,0.0,0.0,0.0,0.0,0.0,0.0,0.0,0.0,0.0,0.0,0.0,0.0,0.0,0.0,0.0,0.0,0.0,0.0,0.0,0.0,0.0,0.0,0.0,0.0,0.0,0.0,0.0,0.0
2023-08-18 00:00:00,0.0,0.0,0.0,0.0,0.0,0.0,0.0,0.0,0.0,0.0,0.0,0.0,0.0,0.0,0.0,0.0,0.0,0.0,0.0,0.0,0.0,0.0,0.0,0.0,0.0,0.0,0.0,0.0
2023-08-18 01:00:00,0.0,0.0,0.0,0.0,0.0,0.0,0.0,0.0,0.0,0.0,0.0,0.0,0.0,0.0,0.0,0.0,0.0,0.0,0.0,0.0,0.0,0.0,0.0,0.0,0.0,0.0,0.0,0.0
2023-08-18 02:00:00,0.0,0.0,0.0,0.0,0.0,0.0,0.0,0.0,0.0,0.0,0.0,0.0,0.0,0.0,0.0,0.0,0.0,0.0,0.0,0.0,0.0,0.0,0.0,0.0,0.0,0.0,0.0,0.0
2023-08-18 03:00:00,0.0,0.0,0.0,0.0,0.0,0.0,0.0,0.0,0.0,0.0,0.0,0.0,0.0,0.0,0.0,0.0,0.0,0.0,0.0,0.0,0.0,0.0,0.0,0.0,0.0,0.0,0.0,0.0
2023-08-18 04:00:00,0.0,0.0,0.0,0.0,0.0,0.0,0.0,0.0,0.0,0.0,0.0,0.0,0.0,0.0,0.0,0.0,0.0,0.0,0.0,0.0,0.0,0.0,0.0,0.0,0.0,0.0,0.0,0.0
2023-08-18 05:00:00,0.0,0.0,0.0,0.0,0.0,0.0,0.0,0.0,0.0,0.0,0.0,0.0,0.0,0.0,0.0,0.0,0.0,0.0,0.0,0.0,0.0,0.0,0.0,0.0,0.0,0.0,0.0,0.0
2023-08-18 06:00:00,0.0,0.0,0.0,0.0,0.0,0.0,0.0,0.0,0.0,0.0,0.0,0.0,0.0,0.0,0.0,0.0,0.0,0.0,0.0,0.0,0.0,0.0,0.0,0.0,0.0,0.0,0.0,0.0
2023-08-18 07:00:00,0.12530399930692357,0.19350660146218318,0.12765974235342534,0.1664213437385639,0.06877069179366022,0.01936802450026915,0.20625208647163648,0.22721497429985615,0.07491936106073067,0.2593108611164842,0.22312967505019612,0.18448999159795815,0.0886662596551246,0.249346417379089,0.046330279100126624,0.04571625305259824,0.0,0.15043125506080787,0.0,0.24977485147809816,0.2556040146479225,0.1972833457634838,0.3666513340174466,0.16551955490432713,0.15093966450572974,0.06719551905005705,0.13904746562071532,0.1731256580120712
2023-08-18 08:00:00,0.3883943736130379,0.37157364748829175,0.41729594463291514,0.252532939122548,0.22137938639763927,0.27709696923225907,0.33129241491456224,0.37435872545668225,0.338860983273852,0.4203944917903467,0.3670116546864212,0.24534278232437973,0.36307126195346523,0.4127377561164111,0.24945395166717338,0.3237122652598578,0.2945234752983734,0.3351982425254371,0.30303404217528884,0.41363405570593015,0.42291514956706466,0.3846341246199412,0.5556969454381855,0.23224566906068528,0.18976917500786625,0.26558660141985735,0.24748395726161707,0.27398637237749224
2023-08-18 09:00:00,0.5543646631688618,0.5284037374509184,0.5171511045301336,0.40509708669968875,0.36430580288578535,0.4389990244783012,0.4647766069962112,0.5491447317579949,0.48517829972798016,0.566661050560386,0.5271438378587353,0.3840046657821817,0.4798487017916,0.5956432374854148,0.36404606140537366,0.439134003810176,0.49188594070396124,0.5018292512176877,0.4267773485438458,0.6158419302388086,0.5996192526140106,0.5288045383870138,0.6056395307800855,0.37149091017221986,0.26785603075236486,0.4234854428657169,0.2967772972238269,0.3908568769991301
2023-08-18 10:00:00,0.6013298439992565,0.5852836548082518,0.6219981108762257,0.45330870522327743,0.43608274724712454,0.45743215765921325,0.5653379090269968,0.6244412900505388,0.5515546509574907,0.6607572042404632,0.6235661300494797,0.46904331705986,0.6075938254159737,0.65233438165438,0.3482441727095875,0.5218818034352382,0.5165469812919088,0.579340434163425,0.4349934495185686,0.6727803203492797,0.6546443485838772,0.6229775891590971,0.6346315339883252,0.45720373471694087,0.35765486948489233,0.4526748915271993,0.30591129587801374,0.48490372007428617
2023-08-18 11:00:00,0.6481062601366593,0.6365719139481589,0.68567499026834,0.5640097053275702,0.5231490053686767,0.520998264310471,0.6148090898310795,0.6768570783253464,0.5853969761292114,0.7181000784629354,0.6711353296140181,0.6358915548587505,0.6590039457865944,0.7107952351193343,0.37873605229079094,0.5912199909379964,0.5797770021811998,0.5841913954104158,0.4689671276728685,0.7444123783795694,0.7172985038256023,0.7016539674552048,0.6427051017991168,0.5324984812219111,0.3607222669525791,0.4932239817385174,0.37412685885076585,0.5601172876488403
2023-08-18 12:00:00,0.6871862137772891,0.5640235197939198,0.7137782649359369,0.669022346204313,0.5282379214882315,0.5585609768924082,0.6844068194557554,0.7321338562663628,0.6146861716984243,0.750942577766213,0.7325998240820406,0.7033313308962299,0.6717571404882436,0.7434536160480119,0.39061418692074784,0.5841163274087818,0.5861426741273019,0.6862663256839401,0.5285903634529513,0.7482687823921823,0.7419304595021134,0.7295050218114522,0.6078355366019149,0.5504674158090282,0.41597402138697587,0.4717422011905053,0.3936609933571792,0.594174520936636
2023-08-18 13:00:00,0.7352474187589754,0.5603244186299864,0.7356362234256231,0.6675545338221732,0.5921814291017996,0.49584481578478284,0.7235992749348399,0.7650325888579786,0.6884027847811536,0.7716580234231902,0.761381488410249,0.7159534209598011,0.7179938080515127,0.7789811398355385,0.4139693711950745,0.6256811606754888,0.583634365256424,0.72575158312332,0.5479625652778317,0.7484185655101022,0.7777015122773436,0.7424542022136086,0.6028470353513367,0.5951491139446886,0.39257038199795774,0.4580271547301382,0.42458616544912536,0.6384199762837055
2023-08-18 14:00:00,0.7796481300175258,0.563028333292876,0.7202030324990969,0.6037006094135543,0.6082103700834796,0.46760506576336086,0.6935392715737848,0.7447000813892544,0.7283384623223881,0.7572340152022535,0.7448626995432391,0.6752842874492215,0.7524972931346333,0.7622443022673415,0.46233387203903176,0.6235526980807958,0.5363061426571418,0.7800316407892612,0.5068321585538391,0.6980049622973805,0.7603555589169043,0.7741287109293995,0.5897196716780767,0.6221096103086978,0.4264258906853144,0.47443092614561344,0.41192648983625124,0.6510289097239481
2023-08-18 15:00:00,0.7592248087423009,0.5732230381277624,0.7569257317993329,0.6697709980270968,0.6294109318014728,0.42041428159966304,0.7398330438689019,0.7635352319818139,0.7453784977926012,0.7747484645483751,0.7590039012267542,0.6721704515479542,0.7655073614750155,0.7769864326804077,0.3796535143022777,0.6275361770538622,0.5019518748070592,0.7438041046476047,0.4561391311306981,0.7945430920165253,0.7782335512725078,0.7448506817573831,0.5061967140887805,0.6163416336226852,0.36479456999672255,0.4129460320947736,0.3891614278619319,0.6829775727513806
2023-08-18 16:00:00,0.7407872774140262,0.5534999687701634,0.7696378928611494,0.6814830780007316,0.6144082970712498,0.43759585365619996,0.7545225428284338,0.7483149959458578,0.7204340140884565,0.7523826911872227,0.7499462514259063,0.6949853085205977,0.7586589530270565,0.7534331139412753,0.44912585216775097,0.6296181329279631,0.4362333315071053,0.7382181722438147,0.42784041252030475,0.7196065765578534,0.7542722346447177,0.7240085858041185,0.5387588286552256,0.6047856682593551,0.3649951590209808,0.4114265045016612,0.37729933199189764,0.6373195989473385
2023-08-18 17:00:00,0.6985660041007499,0.4881542371399073,0.7472517124164041,0.6496476281063978,0.5782336753693188,0.4240191550591601,0.7330834084126662,0.7236346027565727,0.6963265578222654,0.7297194685330517,0.7351048547146064,0.6127952606652025,0.7398895803014284,0.7191372683589053,0.38118471115183283,0.6643037026070335,0.430845609825771,0.6538920332788406,0.5135867553001529,0.6740413218458396,0.7185446172648909,0.6747518911121593,0.5619558665088911,0.5625153039585373,0.31180373673794476,0.43836276722212136,0.29709042406204333,0.5627836300852729
2023-08-18 18:00:00,0.6506418781919964,0.42142750553097313,0.6959250309424996,0.5624509397197202,0.4903084811740034,0.4268578588773152,0.6669891320573588,0.6680201641221584,0.6525433825317997,0.6770401951739051,0.6764344157358276,0.5392530981702096,0.6896666380166504,0.6716376071811221,0.37234413579729747,0.5871445149379922,0.48749078221779824,0.6647423187483276,0.5027210108070966,0.617859011710442,0.6727286984356318,0.6428093667029875,0.4816617666645695,0.483104505047319,0.2996907563053343,0.3533856810360702,0.3260264180134807,0.5127080885640003
2023-08-18 19:00:00,0.532025648324852,0.3287124863434857,0.6101366615142394,0.5164823385765287,0.48808056947987527,0.3792815942016168,0.6009697947054057,0.5920997914721156,0.5621572354121147,0.5965356819323735,0.5947535237403127,0.43306462851593264,0.5777467513702735,0.594171444669835,0.36338594078196806,0.5537622699804279,0.40983447254844985,0.5430827112657189,0.42304394658913613,0.597221412403834,0.5947433181660786,0.4992774197311616,0.4368613809154546,0.3599346763376975,0.23223389077531922,0.3349646354271457,0.2596131933684467,0.40214276072714006
2023-08-18 20:00:00,0.41517611160038737,0.31422181577103664,0.4431072069115811,0.34756043178055773,0.37781290559966924,0.32091908918673134,0.42256243188285086,0.42039585106292937,0.46772371145613967,0.42431442701355054,0.42413466640030817,0.3332433588080127,0.47682786513419906,0.41738302570172503,0.41977509229273846,0.4890200430463862,0.3065623527493493,0.3874948763138202,0.27293193180825115,0.4175814081564099,0.4171937505138998,0.35663077300260526,0.320525673467326,0.269014042441919,0.1412576723449038,0.3418717354303281,0.219392681247345,0.3145561590638
2023-08-18 21:00:00,0.059124097426959274,0.06276326333928464,0.0,0.0,0.2599657028380897,0.29891141697174073,0.0,0.0,0.18845332357441744,0.0,0.0,0.0,0.1766672080062964,0.0,0.33946253900583945,0.30209349507465266,0.25543556503971127,0.0,0.2407597635034123,0.0,0.0,0.0,0.0,0.0,0.0,0.29528228485486047,0.007352052933595725,0.0
2023-08-18 22:00:00,0.0,0.0,0.0,0.0,0.06980893179575001,0.0,0.0,0.0,0.0,0.0,0.0,0.0,0.0,0.0,0.0,0.0,0.0,0.0,0.0,0.0,0.0,0.0,0.0,0.0,0.0,0.0,0.0,0.0
2023-08-18 23:00:00,0.0,0.0,0.0,0.0,0.0,0.0,0.0,0.0,0.0,0.0,0.0,0.0,0.0,0.0,0.0,0.0,0.0,0.0,0.0,0.0,0.0,0.0,0.0,0.0,0.0,0.0,0.0,0.0
2023-08-19 00:00:00,0.0,0.0,0.0,0.0,0.0,0.0,0.0,0.0,0.0,0.0,0.0,0.0,0.0,0.0,0.0,0.0,0.0,0.0,0.0,0.0,0.0,0.0,0.0,0.0,0.0,0.0,0.0,0.0
2023-08-19 01:00:00,0.0,0.0,0.0,0.0,0.0,0.0,0.0,0.0,0.0,0.0,0.0,0.0,0.0,0.0,0.0,0.0,0.0,0.0,0.0,0.0,0.0,0.0,0.0,0.0,0.0,0.0,0.0,0.0
2023-08-19 02:00:00,0.0,0.0,0.0,0.0,0.0,0.0,0.0,0.0,0.0,0.0,0.0,0.0,0.0,0.0,0.0,0.0,0.0,0.0,0.0,0.0,0.0,0.0,0.0,0.0,0.0,0.0,0.0,0.0
2023-08-19 03:00:00,0.0,0.0,0.0,0.0,0.0,0.0,0.0,0.0,0.0,0.0,0.0,0.0,0.0,0.0,0.0,0.0,0.0,0.0,0.0,0.0,0.0,0.0,0.0,0.0,0.0,0.0,0.0,0.0
2023-08-19 04:00:00,0.0,0.0,0.0,0.0,0.0,0.0,0.0,0.0,0.0,0.0,0.0,0.0,0.0,0.0,0.0,0.0,0.0,0.0,0.0,0.0,0.0,0.0,0.0,0.0,0.0,0.0,0.0,0.0
2023-08-19 05:00:00,0.0,0.0,0.0,0.0,0.0,0.0,0.0,0.0,0.0,0.0,0.0,0.0,0.0,0.0,0.0,0.0,0.0,0.0,0.0,0.0,0.0,0.0,0.0,0.0,0.0,0.0,0.0,0.0
2023-08-19 06:00:00,0.0,0.0,0.0,0.0,0.0,0.0,0.0,0.0,0.0,0.0,0.0,0.0,0.0,0.0,0.0,0.0,0.0,0.0,0.0,0.0,0.0,0.0,0.0,0.0,0.0,0.0,0.0,0.0
2023-08-19 07:00:00,0.2528320832542284,0.3688685145797782,0.1673897412777071,0.36927795469382757,0.11526981716379725,0.004710010425939826,0.3567892925830749,0.35835043643872994,0.13024848780889145,0.3526781589342126,0.36728634344630684,0.38741914591473375,0.1296733025536303,0.35154707535054275,0.1022114214022718,0.08796431942373747,0.0,0.3663502592917624,0.0,0.33184307192784257,0.34951335396495026,0.3778557404438148,0.35715217860413523,0.3743765279210609,0.22948083436455705,0.11357275434789664,0.26610866198644195,0.37606270793394875
2023-08-19 08:00:00,0.4836599912692116,0.5465102826691544,0.48392391380913047,0.5696841673081237,0.2307093955798177,0.21642123402298782,0.47122213653373296,0.5065735953232916,0.3622928855223012,0.49445406267235825,0.5031680273914858,0.5788533006464697,0.36295173866441194,0.5076696396229161,0.4760896868634064,0.4244017057376367,0.26932771330216776,0.531244211545252,0.2800344431088108,0.502023949600752,0.5072215379035481,0.5399303684596503,0.512794609224123,0.5670905606944284,0.4060809013998174,0.3960668424068492,0.4094884210777779,0.5669062092250926
2023-08-19 09:00:00,0.6199395483829612,0.6822910548893732,0.6360953428212193,0.696408206731042,0.32597412297803946,0.3475214859582082,0.6114059569107845,0.6474503561300681,0.487886630368256,0.6383182591395267,0.6474651303010639,0.7007394281408454,0.5049451475211875,0.6456765997001089,0.6296038884625675,0.5746631328383663,0.4428102524624521,0.65515616382299,0.4274814287131178,0.6372473418097092,0.6454957973802058,0.6700606015886429,0.5513397542967218,0.6930729805969142,0.5027666806294928,0.5227252310233842,0.5775020269728084,0.6934719191071184
2023-08-19 10:00:00,0.7259173317575144,0.7564502672919127,0.7129206765678364,0.7588723681033982,0.42645754459470836,0.45662344865458326,0.7073065307039244,0.7163208733533463,0.5904230855725493,0.7098286996812243,0.7173046300295363,0.7637371516875877,0.5987489112257487,0.7150089896352136,0.720559826901488,0.6760152788480276,0.5268264559926389,0.7169583244099734,0.4991197698233967,0.7067360123598178,0.7148841312880969,0.7358946630560492,0.6436015067630013,0.7616483919582295,0.6255208515361969,0.6261492496759143,0.7102997091493782,0.7632445001732235
2023-08-19 11:00:00,0.7792714697996594,0.7781720852552546,0.7563069191699601,0.7915437609051356,0.44850901710071395,0.5862954219962816,0.7502031921345106,0.7536126160237582,0.703392009130762,0.7501701033371212,0.7552177485127688,0.8113431773476597,0.7005070811593077,0.7538714352347197,0.7611743114427514,0.737365626387928,0.6525996296096624,0.7750053403705753,0.614028506121059,0.7448033333331334,0.7539696492118305,0.7847888585505024,0.6742836273725606,0.7863540109845474,0.6558330870883632,0.7116574831826893,0.7702862479325855,0.7830421278016612
2023-08-19 12:00:00,0.7933163604968733,0.7891607335521197,0.7726277031599965,0.8087852804292424,0.494239873162655,0.6939833499136467,0.7800014359535755,0.7735479322001627,0.7406914337435605,0.7690439736173756,0.7741030525846975,0.8049397240316766,0.7525971400640806,0.7737383367997973,0.7806135482370407,0.7655205171013951,0.6841488521966036,0.7544517977350184,0.6314433654666043,0.7673084621364056,0.7741111131083133,0.7820293950177115,0.5937802328147945,0.7577504278756092,0.5457576592363398,0.7461110535932317,0.6255589044890927,0.7531905275109102
2023-08-19 13:00:00,0.8008992377646772,0.7618403981228594,0.7893865134299252,0.8008132961957901,0.48504902563053753,0.7025081033126129,0.78726461156762,0.7790465488122701,0.7656704178103458,0.7766549601426237,0.7798526165661641,0.8137445141570463,0.7747062793904138,0.7811175854799771,0.7901125257412873,0.7833587520355529,0.7095285037430262,0.7662493585672951,0.6813448201971287,0.7589347378203954,0.7814628464206425,0.7949571758968714,0.6526946961819536,0.6969322066538822,0.5472117570739425,0.7432622473470224,0.5760499275480117,0.7168001310752372
2023-08-19 14:00:00,0.7926460052981372,0.7523527425201961,0.7876804815084089,0.8064272606260379,0.4590508038188475,0.7065174059675672,0.786832644983993,0.7777757252375482,0.7736856455153983,0.7778844610829146,0.7769143178360532,0.8112204353285688,0.785903913340128,0.78304651076735,0.787783362121863,0.7872808067780023,0.7446440962635484,0.7781549054700326,0.7099922710201898,0.7732978597139489,0.7837654805555418,0.7863745194280889,0.6422595767342306,0.6526514615742117,0.5143095627159089,0.7133972924254617,0.5813364617322674,0.6837028456150152
2023-08-19 15:00:00,0.7835544205331982,0.7195270413865866,0.7843910751645182,0.7830660727439125,0.463354792067425,0.6846466574924787,0.7802174860719461,0.7708840406164614,0.7572592377604321,0.7703466698531498,0.7723049112950364,0.7896815140592987,0.7724599404135746,0.7751857254919493,0.7790371492585502,0.7754518233270721,0.7512465056318309,0.7737976255421396,0.7374587033774282,0.7475906853233886,0.7754364509798505,0.7771243494994015,0.647212526228057,0.6478754204472802,0.49753984374658133,0.6967952793473116,0.5462953219484691,0.6900332796619112
2023-08-19 16:00:00,0.7575803173331435,0.7171498568695569,0.7670824610047133,0.7005613696859889,0.4455822570633434,0.6321219968873759,0.7646862000501692,0.756014615785893,0.7555508685132553,0.7502722821922245,0.7555245448246679,0.7059751245129137,0.771543773291077,0.7600579338264384,0.767795175457149,0.7687407017911239,0.7382474966523186,0.7235864432615394,0.7486366722176168,0.7443170424068855,0.7603836712768219,0.7308155032696413,0.6143880671965288,0.5881531251235417,0.5147360853463288,0.6723923750206889,0.5469863555042854,0.663271807074083
2023-08-19 17:00:00,0.7353721387156742,0.6654106983895361,0.7359585055403566,0.7085160622065054,0.44282483195941436,0.5967689151860931,0.7349888444683156,0.7266715696056537,0.6992219918003771,0.7232931034169321,0.7269223761252372,0.7065045407221433,0.7157242175811087,0.7298902050711987,0.7109662942363754,0.7246319940443684,0.7142736497252585,0.7100624865791954,0.7164809010611831,0.7146711682590514,0.7299826026043845,0.7158890000125342,0.5909286859765617,0.5606334359070398,0.39877747696294175,0.6379153387813395,0.4610251550076395,0.6408965012961487
2023-08-19 18:00:00,0.6498703951689889,0.587204111655788,0.6881832838590884,0.6429170982494917,0.4167208935694491,0.5427517339304758,0.6845230139366197,0.6758119569637598,0.6300781142228076,0.668837480197112,0.6799976135779952,0.5723345318523388,0.6319040783122142,0.6746969728642959,0.6440782577250018,0.6483279751207981,0.6676741541772788,0.6007634515104439,0.6764312170549789,0.6195702400456717,0.6737949293622377,0.605056264361073,0.5864815612115228,0.4452387230899933,0.4122271445047469,0.5848725304564952,0.411912663374887,0.5434083181175962
2023-08-19 19:00:00,0.580283393776621,0.5050483885890463,0.5929176652771372,0.5297903570722626,0.3956097713680084,0.5004257484491843,0.5950453816173825,0.5805858383083945,0.5692762528320425,0.5544049911661589,0.578072594858431,0.525453607655868,0.5632860173380186,0.5851924875215477,0.5829275445393269,0.5940626585462762,0.6018435593539135,0.5422082258389715,0.5571543361146254,0.5323755740790712,0.5838159965324708,0.5414078532052383,0.4862371926051027,0.37439262773879894,0.43396481845186075,0.554330655811529,0.3205661293463179,0.46019190126100096
2023-08-19 20:00:00,0.4517937474811416,0.3985323485995906,0.43807696033129045,0.41740022753594686,0.30114274747971853,0.36354266263346696,0.4302792049418051,0.42120096663549744,0.456664489634575,0.4193530310904212,0.4299531286035866,0.42722403241140516,0.44215945301253173,0.413364442499577,0.49281007456638193,0.46543328857635563,0.46909662393136914,0.40916266744420177,0.3874081975975348,0.38111715748529307,0.41166718397293195,0.4252996167170158,0.35771682893777773,0.3853362115283911,0.32092995528657403,0.45586575211785174,0.30856483945966556,0.3979243708358877
2023-08-19 21:00:00,0.020695492073770333,0.03154789753829899,0.0,0.0,0.24684845449795528,0.2350679457864647,0.0,0.0,0.1543599364349035,0.0,0.0,0.0,0.10023701904955441,0.0,0.2872485283238995,0.2327632857953613,0.2026078506450524,0.0,0.15477235541109127,0.0,0.0,0.0,0.0,0.0,0.0,0.30521215498577947,0.0,0.0
2023-08-19 22:00:00,0.0,0.0,0.0,0.0,0.03841657000989861,0.0,0.0,0.0,0.0,0.0,0.0,0.0,0.0,0.0,0.0,0.0,0.0,0.0,0.0,0.0,0.0,0.0,0.0,0.0,0.0,0.0,0.0,0.0
2023-08-19 23:00:00,0.0,0.0,0.0,0.0,0.0,0.0,0.0,0.0,0.0,0.0,0.0,0.0,0.0,0.0,0.0,0.0,0.0,0.0,0.0,0.0,0.0,0.0,0.0,0.0,0.0,0.0,0.0,0.0
2023-08-20 00:00:00,0.0,0.0,0.0,0.0,0.0,0.0,0.0,0.0,0.0,0.0,0.0,0.0,0.0,0.0,0.0,0.0,0.0,0.0,0.0,0.0,0.0,0.0,0.0,0.0,0.0,0.0,0.0,0.0
2023-08-20 01:00:00,0.0,0.0,0.0,0.0,0.0,0.0,0.0,0.0,0.0,0.0,0.0,0.0,0.0,0.0,0.0,0.0,0.0,0.0,0.0,0.0,0.0,0.0,0.0,0.0,0.0,0.0,0.0,0.0
2023-08-20 02:00:00,0.0,0.0,0.0,0.0,0.0,0.0,0.0,0.0,0.0,0.0,0.0,0.0,0.0,0.0,0.0,0.0,0.0,0.0,0.0,0.0,0.0,0.0,0.0,0.0,0.0,0.0,0.0,0.0
2023-08-20 03:00:00,0.0,0.0,0.0,0.0,0.0,0.0,0.0,0.0,0.0,0.0,0.0,0.0,0.0,0.0,0.0,0.0,0.0,0.0,0.0,0.0,0.0,0.0,0.0,0.0,0.0,0.0,0.0,0.0
2023-08-20 04:00:00,0.0,0.0,0.0,0.0,0.0,0.0,0.0,0.0,0.0,0.0,0.0,0.0,0.0,0.0,0.0,0.0,0.0,0.0,0.0,0.0,0.0,0.0,0.0,0.0,0.0,0.0,0.0,0.0
2023-08-20 05:00:00,0.0,0.0,0.0,0.0,0.0,0.0,0.0,0.0,0.0,0.0,0.0,0.0,0.0,0.0,0.0,0.0,0.0,0.0,0.0,0.0,0.0,0.0,0.0,0.0,0.0,0.0,0.0,0.0
2023-08-20 06:00:00,0.0,0.0,0.0,0.0,0.0,0.0,0.0,0.0,0.0,0.0,0.0,0.0,0.0,0.0,0.0,0.0,0.0,0.0,0.0,0.0,0.0,0.0,0.0,0.0,0.0,0.0,0.0,0.0
2023-08-20 07:00:00,0.2708704879350305,0.33354607365852657,0.147451180010927,0.3871662398404693,0.10435272844131807,0.0029683426595923626,0.27803771200183086,0.38751485923737666,0.06740563849486525,0.3895458029902683,0.4088692230334439,0.4058188351767606,0.055165225956575054,0.3692244727679144,0.03061500751535664,0.0167589576036039,0.0,0.40626451477477526,0.0,0.35113895791293875,0.36683024789112345,0.40598836928229914,0.36015246382470273,0.4157647668491006,0.4363664614890077,0.01576645227926381,0.422461616981377,0.4046716672314913
2023-08-20 08:00:00,0.4388590829695283,0.4963375324346767,0.4884528796160211,0.5806762924490029,0.25466693016495384,0.054519402277444944,0.5067443097999663,0.5083128977010779,0.1805807710979098,0.4970716287302938,0.503424370676546,0.5914273128828974,0.1519316324604488,0.5100663975428322,0.09850537859926464,0.10151737809903719,0.05677677907288699,0.52943291256081,0.04236130327163791,0.5099945098006123,0.5095857026018819,0.5451804046850337,0.5453354663920453,0.614251556045905,0.6263706008378793,0.06885582471743809,0.5984341311658711,0.6000718675500039
2023-08-20 09:00:00,0.5848008167926579,0.6089935013331216,0.6260505381473258,0.7035743527069244,0.38458401618473037,0.12610442505434252,0.6483847869107615,0.6451834486307199,0.36019339172309117,0.6234260448610834,0.6286476540426482,0.7117715438514076,0.30916584869480557,0.6480054546233789,0.15658394223668085,0.2370882620729739,0.07960250064544064,0.6151508986393521,0.09346187247439591,0.6460620195447337,0.6478190947272648,0.6550123077730716,0.653614930029534,0.7228295097361656,0.750162118085073,0.13138903625809586,0.7248357933635876,0.7135371112039741
2023-08-20 10:00:00,0.6663853066619105,0.674998056949693,0.6798468514699784,0.7643018473236438,0.5522051049207323,0.2028238104043773,0.7171746057586152,0.7109086675388689,0.48710590635799744,0.6823274923563233,0.6910272265973041,0.7732625715893474,0.43751159756159974,0.7165526046020058,0.20048206313567823,0.3580236379683801,0.1316089129728101,0.6859142260133027,0.15993359489843997,0.7114886359622293,0.7166292433226105,0.7150626806865782,0.7149087222518593,0.7757209841057623,0.7984785431264151,0.22332090813635425,0.7787468597728867,0.7687620394451803
2023-08-20 11:00:00,0.724502093438679,0.6951450621633414,0.7190583036786339,0.7929451134159965,0.6679069595080938,0.2593868882315987,0.7500742125210348,0.7467211399078986,0.5597107597001915,0.723680615098348,0.7276292842801981,0.801938264615283,0.5358177227075559,0.7538902625589601,0.24069950183668604,0.49606068472483905,0.18428384753241997,0.7091286551518573,0.19207526826560017,0.749889104878425,0.754267172512434,0.7493438874979819,0.7137685833632322,0.8013802861004413,0.7987339043376326,0.25456076049254506,0.8005916504314659,0.7956330216441678
2023-08-20 12:00:00,0.6355698536992729,0.7127857110280916,0.43061856180440783,0.7832919560498598,0.686053837127001,0.33584374483687107,0.5846551299614094,0.6247970064691156,0.5862821401285917,0.5150499943897958,0.5304553388279741,0.7343589341332593,0.548577443042757,0.7037075319146013,0.37386486896255616,0.5119395534373165,0.29086740306556064,0.6141279011974143,0.25593640671962714,0.6853788049978875,0.7098755038029588,0.6043911520812948,0.6924149596282593,0.8099333223176187,0.7770359011678672,0.32501056570154135,0.8049521232554143,0.8065222276534405
2023-08-20 13:00:00,0.6683457323822269,0.7022015968065926,0.5336983259844413,0.722187455624974,0.7213998731599022,0.36778151049040314,0.6032560904326704,0.5948025521624046,0.6378076391404568,0.4905444717171298,0.5157011067112667,0.6670234946479868,0.6047364810919093,0.6727793656935117,0.3458068597158275,0.5059713230916479,0.29648850166093055,0.614186141541276,0.2972863265153976,0.6277131768727946,0.6791947318521696,0.5753113407997942,0.6939456412378391,0.8025284752827423,0.80435603277738,0.34571575730269505,0.7916141892586037,0.8033421308185692
2023-08-20 14:00:00,0.7047206481050831,0.7006548943220389,0.652099175462737,0.6532140142187122,0.7069143963791198,0.4460498817779216,0.66209360675915,0.6102847242878714,0.681603732464297,0.5246237664311211,0.5687861872004442,0.6428425081580411,0.656387719559327,0.6491015742316146,0.4168615245983983,0.497761006706932,0.3086280593728706,0.6356551963016167,0.26825116783048736,0.5539644288162964,0.6509407678260797,0.606370808993086,0.6775100005052884,0.7789059804791673,0.7711280602628467,0.42246932198202247,0.7684328713048189,0.7856278566356303
2023-08-20 15:00:00,0.7030947594011338,0.6551270373723189,0.7100696226805773,0.5678509290563253,0.70498166970165,0.4701344800239784,0.6647975451128452,0.6124472775720512,0.6941548615713583,0.5111803959823477,0.5752874074486034,0.6043932423111305,0.6863352066750154,0.660440264719527,0.38923849396881643,0.49136971416061065,0.3564442589593904,0.6317249069679108,0.3189000624860821,0.5309376485708575,0.6635253092323348,0.5990177992439879,0.6209800983417159,0.7385316669920652,0.7465804416455414,0.42237718419003156,0.7511638739504426,0.7431317777635839
2023-08-20 16:00:00,0.70595181605336,0.5812331683625207,0.7131978099245475,0.5012807785505533,0.6862902199366456,0.4887182913260618,0.5905778089674062,0.5452367625241535,0.6628379890310341,0.4882661026496563,0.5381282671179368,0.5692699388789648,0.642965196346389,0.606295122454426,0.3741246092683802,0.4517656173335444,0.3281895413728135,0.6694979322890573,0.3603313618206841,0.48425328698819436,0.6143006097869079,0.6131692971285252,0.5555726241308635,0.6899978426808486,0.710290396303029,0.42277884718668246,0.7153188611226564,0.6588962770159132
2023-08-20 17:00:00,0.6744402136571381,0.5395339286703603,0.718427228432273,0.4671398381278708,0.6536565303450339,0.4223835779162351,0.6936199586691268,0.6495301405896314,0.6558186006548337,0.6227428977570149,0.6605051327313061,0.5119274842724825,0.6424389677555724,0.6428444533152329,0.31602290003334055,0.47427114289193123,0.31813890446521753,0.6335692106431839,0.31310296401977644,0.5297874435402246,0.6400616039639909,0.6152856198219512,0.5074136472129294,0.6148823738119346,0.7058790014767274,0.36416893353201873,0.6576221423742982,0.5553966046229207
2023-08-20 18:00:00,0.629062820858701,0.47252597744148445,0.6832628158258839,0.45464439726965933,0.6231098486683377,0.31461618822369536,0.671285337291088,0.6377824702633995,0.5951972692123227,0.6158062633903552,0.6474879979746012,0.48006866246934,0.570009469798724,0.6348942420724052,0.2932476285063571,0.3714676327742406,0.300469570213783,0.6154868590810701,0.29654839562598634,0.5553269495340398,0.6325423788370571,0.5950856811525109,0.4759131484195131,0.526919773395833,0.6616624322162769,0.3303694092309716,0.5948079865673543,0.4576562751035971
2023-08-20 19:00:00,0.5504922967893486,0.3840245232850106,0.5934754842941911,0.4089636083404237,0.526731460411072,0.258298790999313,0.5684041160272587,0.5441974184240294,0.5474585476082995,0.5515171782117483,0.5606295709988794,0.41044148216252374,0.5180542452471021,0.5362776579617823,0.24119449487397224,0.33184472408810367,0.2443061729365735,0.513294007641884,0.2641661321258714,0.4940733561198706,0.5360741827723782,0.5167021066092649,0.34729339368080947,0.428727588586634,0.47199199835144223,0.2762782833275149,0.5112315099777874,0.35598447209833944
2023-08-20 20:00:00,0.362181705651041,0.28142866359809166,0.42693890744281987,0.2847584096365081,0.44489282744475594,0.2462003346022053,0.41409518518254473,0.40026753489738337,0.40620885104290533,0.39421019756941267,0.4073294018987995,0.22636764932711217,0.4047487183739225,0.3940679537675189,0.1798098963039298,0.36498417054098764,0.2067950897727016,0.33302217532515216,0.23150652891953863,0.36100831236388653,0.3926717635517371,0.3077789485067621,0.21875710195770529,0.2885327828372611,0.258165447524037,0.21101703566140265,0.37689046827897127,0.24367846410184069
2023-08-20 21:00:00,0.0,0.0,0.0,0.0,0.3348837449986965,0.22147102200936772,0.0,0.0,0.09228258036048727,0.0,0.0,0.0,0.04037052573956367,0.0,0.14136885047475006,0.17419424999343364,0.184622706616149,0.0,0.1937706094172843,0.0,0.0,0.0,0.0,0.0,0.0,0.19497445136539407,0.0,0.0
2023-08-20 22:00:00,0.0,0.0,0.0,0.0,0.0713251960432199,0.0,0.0,0.0,0.0,0.0,0.0,0.0,0.0,0.0,0.0,0.0,0.0,0.0,0.0,0.0,0.0,0.0,0.0,0.0,0.0,0.0,0.0,0.0
2023-08-20 23:00:00,0.0,0.0,0.0,0.0,0.0,0.0,0.0,0.0,0.0,0.0,0.0,0.0,0.0,0.0,0.0,0.0,0.0,0.0,0.0,0.0,0.0,0.0,0.0,0.0,0.0,0.0,0.0,0.0
2023-08-21 00:00:00,0.0,0.0,0.0,0.0,0.0,0.0,0.0,0.0,0.0,0.0,0.0,0.0,0.0,0.0,0.0,0.0,0.0,0.0,0.0,0.0,0.0,0.0,0.0,0.0,0.0,0.0,0.0,0.0
2023-08-21 01:00:00,0.0,0.0,0.0,0.0,0.0,0.0,0.0,0.0,0.0,0.0,0.0,0.0,0.0,0.0,0.0,0.0,0.0,0.0,0.0,0.0,0.0,0.0,0.0,0.0,0.0,0.0,0.0,0.0
2023-08-21 02:00:00,0.0,0.0,0.0,0.0,0.0,0.0,0.0,0.0,0.0,0.0,0.0,0.0,0.0,0.0,0.0,0.0,0.0,0.0,0.0,0.0,0.0,0.0,0.0,0.0,0.0,0.0,0.0,0.0
2023-08-21 03:00:00,0.0,0.0,0.0,0.0,0.0,0.0,0.0,0.0,0.0,0.0,0.0,0.0,0.0,0.0,0.0,0.0,0.0,0.0,0.0,0.0,0.0,0.0,0.0,0.0,0.0,0.0,0.0,0.0
2023-08-21 04:00:00,0.0,0.0,0.0,0.0,0.0,0.0,0.0,0.0,0.0,0.0,0.0,0.0,0.0,0.0,0.0,0.0,0.0,0.0,0.0,0.0,0.0,0.0,0.0,0.0,0.0,0.0,0.0,0.0
2023-08-21 05:00:00,0.0,0.0,0.0,0.0,0.0,0.0,0.0,0.0,0.0,0.0,0.0,0.0,0.0,0.0,0.0,0.0,0.0,0.0,0.0,0.0,0.0,0.0,0.0,0.0,0.0,0.0,0.0,0.0
2023-08-21 06:00:00,0.0,0.0,0.0,0.0,0.0,0.0,0.0,0.0,0.0,0.0,0.0,0.0,0.0,0.0,0.0,0.0,0.0,0.0,0.0,0.0,0.0,0.0,0.0,0.0,0.0,0.0,0.0,0.0
2023-08-21 07:00:00,0.2112878533829406,0.25247624063937474,0.0,0.3605483982508497,0.13958263079878477,0.00549086584824776,0.0821322338358101,0.21437634769570246,0.060337562432341486,0.25630656424407333,0.12709370745426465,0.4020823589960139,0.021949712155456998,0.2614922299675157,0.00986388427533482,0.0,0.0,0.35244894601035837,0.0,0.3110081183071569,0.2674581202606449,0.3409406665338291,0.19310460408043284,0.3658874760125975,0.3501876631919227,0.03961464231173108,0.3120337810453161,0.3677166017960579
2023-08-21 08:00:00,0.38523596062806986,0.44652395980894377,0.3010862218241421,0.5193549843284943,0.41258788448447414,0.417320373144577,0.27424906904409685,0.3211755623104194,0.24101188767313286,0.38651564430119567,0.31327935494890813,0.5698476251397422,0.25388387231392423,0.35227409862967,0.18191966903814893,0.25436844005208414,0.38954914801999846,0.47870749488475534,0.37987518834431355,0.43574184909242425,0.3640025242910171,0.496378119120829,0.29356144777747223,0.5819858388789295,0.5388904584794106,0.3607240371580175,0.5277213209990647,0.5709387248420905
2023-08-21 09:00:00,0.5740861807228468,0.6225343226505373,0.46620259410586484,0.6641846089310519,0.5572549647810784,0.5736854687697546,0.49766144468794016,0.55228298179251,0.37559048359498964,0.5736682021507638,0.5353646739050808,0.7023066277709434,0.36990980665290224,0.5786246523792542,0.348593690536934,0.39864221777132225,0.5243354272981477,0.6638972923754327,0.539224233944867,0.6258436304362203,0.5834107955785403,0.6584505964620598,0.408945196420274,0.6994254907121741,0.6890282584664058,0.5178552266710854,0.6706388676241415,0.6951577669506074
2023-08-21 10:00:00,0.6477956693314487,0.7259461136943854,0.5677720600299043,0.747496149463338,0.6364289782518253,0.6888718170208824,0.6331887188249009,0.6803393026954537,0.4611860231852738,0.660929716448923,0.6539671578951441,0.7704285241665814,0.46260558577842753,0.6887501446514935,0.5450751105345429,0.5235273393137697,0.6379265359428503,0.7336821586135461,0.6403356156499864,0.7121755347420464,0.6850048604786034,0.7284408397098988,0.466058956437033,0.7577564303087192,0.768231829700408,0.6368628319225664,0.7512511703639834,0.7516029272797166
2023-08-21 11:00:00,0.7187648726156853,0.7751964590669799,0.6720220159099338,0.7777631299916204,0.689061558272784,0.7449568137395349,0.7256046352009112,0.726216936076864,0.5636332676461936,0.7218205358611599,0.7221652474443461,0.803315180797939,0.5290815452725238,0.7125424584162714,0.6638699771763382,0.5925372063425773,0.7002069183510362,0.7707888342156792,0.7088607739055413,0.7384880918483205,0.7087216126629219,0.7695355311472328,0.42588153290551345,0.7845670310491155,0.7680215719265078,0.7035038502930083,0.780428417144726,0.7786346521268018
2023-08-21 12:00:00,0.7644977179158362,0.793589852346646,0.7535208028378712,0.7935346072597539,0.6909429518705376,0.7722844708530751,0.7770174050529194,0.7684900554117523,0.6598426735872887,0.7533809515123083,0.7570331244877762,0.8180551210595642,0.6755889958407216,0.7761132833644102,0.7685508771108781,0.7448651709408223,0.7351185602319557,0.7885797993732888,0.7411709343076577,0.7700931290583389,0.7763847075781978,0.7910315627838593,0.341034021404363,0.7965622684312349,0.758689047179703,0.7682188974581062,0.8003428536670341,0.7902215909324497
2023-08-21 13:00:00,0.750519444068682,0.7719948083410842,0.7500313834005445,0.7977258708312981,0.7245663934752149,0.7930597047289701,0.7750041125934194,0.7759361209968927,0.5885086642886125,0.7724935153800281,0.7690184562765447,0.823472489547985,0.6260423493287829,0.7883524189150983,0.768328401094984,0.709842030206656,0.7587602609096278,0.7948464788953781,0.7588803829939949,0.7811322162467531,0.7889442257824888,0.8065984630507961,0.35656729073832727,0.7726589414553775,0.7420825247355171,0.7863032161486837,0.7502737741554126,0.7801971442878124
2023-08-21 14:00:00,0.7285626015590126,0.760825517008644,0.7741832296065423,0.7811790217021976,0.7266014426414049,0.7960421527025398,0.7829071034616382,0.7762243245735253,0.6461735786523776,0.7752801976643857,0.7719206434762957,0.8202841132694486,0.6385665956393652,0.7861830303551217,0.7641996931990946,0.6805807404733951,0.76672554969647,0.7943056368470948,0.7678755268949423,0.7832704691927281,0.7865443881694796,0.806524409597654,0.402428237594947,0.7747128270298304,0.7205190416527302,0.7797147688282091,0.7338891083316321,0.7707024469217213
2023-08-21 15:00:00,0.6838604382302991,0.7242651812997505,0.773833662346232,0.7538354184638725,0.7428770254428483,0.7812935784735718,0.7878303401957664,0.7735843552111102,0.5889793756592772,0.7764898095181454,0.7738282483062824,0.8037210968529481,0.609914901013941,0.7795606493802757,0.7319807242141935,0.6799099857535267,0.7651436965201581,0.7376332380096376,0.7627627770143082,0.7747508586871297,0.7803848729062682,0.7798144711870495,0.31041098816868185,0.7385608496431385,0.6563934145250649,0.7625098377385741,0.7349446901330304,0.7391532087998237
2023-08-21 16:00:00,0.7145000482996233,0.6840706638616584,0.7698798115471401,0.6802321500834179,0.7452423143020921,0.7605449211421588,0.777307896807768,0.7567694317032213,0.6226140732184701,0.7618042668873799,0.7603675962516858,0.7636452851475682,0.6145179331162908,0.7607376744110541,0.7016154064092291,0.639135658958171,0.7352643760194476,0.7497889160515224,0.7363976190881165,0.7585706260276963,0.7618344943875628,0.7654398873563631,0.23698701873592937,0.6935912798517527,0.5923823676585354,0.7458828550608736,0.7129454712377521,0.6780183631773011
2023-08-21 17:00:00,0.6606198780633801,0.6113772853102978,0.7120322944056403,0.7005237463982182,0.7228500664313905,0.7429476597126593,0.7403840987893151,0.7295252270576632,0.627025546098363,0.7354748055281621,0.7346221782225173,0.7196712762999992,0.6137557768919003,0.731003175777849,0.6186343592293203,0.6512495602207341,0.7281390282931642,0.6849499097628934,0.7252980277664082,0.727326381540264,0.7314043408772773,0.7070318913522288,0.14260072967714613,0.5737578925797476,0.4671285975975181,0.6927093291988856,0.6262347406277649,0.5598695155645085
2023-08-21 18:00:00,0.6071087575359418,0.5338385583773921,0.6547163776591074,0.6475047049693802,0.6763271437706846,0.6861631319784022,0.6845666510455787,0.6754402294133799,0.5852888283276285,0.6838973793563243,0.6819705661228188,0.675204985234586,0.552993490899473,0.6757277345491176,0.5240502172460061,0.5396109959129323,0.6900537251743009,0.6520977636217941,0.680710780635267,0.6738392886544353,0.6755641070999205,0.6772390430539118,0.06507671495992218,0.4751507254709556,0.3357870215660619,0.6319525581039233,0.5492079594489658,0.4693769373315598
2023-08-21 19:00:00,0.5447191706777671,0.43793907498101237,0.5967464119403737,0.5587466817587505,0.5974691943319604,0.6010731009665501,0.6036565481188473,0.5843927495795108,0.5569068420284403,0.5911557630708868,0.5928444279459202,0.5898081713536318,0.5349850660074693,0.5804694108909878,0.37254315510208896,0.4847234422720798,0.6163180776874142,0.5942015773069197,0.6004923629625367,0.5748978419246646,0.5798702625454145,0.5959182007096165,0.02032240175600298,0.4103762111277783,0.1945698506749565,0.5367105916310713,0.4367172796322631,0.440348619580855
2023-08-21 20:00:00,0.387376449449852,0.31314232620546134,0.4225108140933595,0.3633542350517376,0.5129164494717435,0.49448828818876844,0.42234058653464107,0.40674181336307536,0.394839806913101,0.4141004866662929,0.4181928659878781,0.3997156366639114,0.37572825516988917,0.3976420020409698,0.297933542546648,0.360631961314949,0.49382292273050793,0.43423269711988,0.46934493053670795,0.39301389331175834,0.3961361672846929,0.4278124941429078,0.0064071061820032095,0.3174565878480514,0.0816715471165061,0.4318120351232144,0.32548320235252093,0.3250107322883067
2023-08-21 21:00:00,0.0,0.0,0.0,0.0,0.35458251547112773,0.309927006175686,0.0,0.0,0.055763162148981464,0.0,0.0,0.0,0.0,0.0,0.12802656023089626,0.1081778665913477,0.31063906199701646,0.0,0.3056146992202182,0.0,0.0,0.0,0.0,0.0,0.0,0.2674093621650318,0.0,0.0
2023-08-21 22:00:00,0.0,0.0,0.0,0.0,0.04070554534523304,0.0,0.0,0.0,0.0,0.0,0.0,0.0,0.0,0.0,0.0,0.0,0.0,0.0,0.0,0.0,0.0,0.0,0.0,0.0,0.0,0.0,0.0,0.0
2023-08-21 23:00:00,0.0,0.0,0.0,0.0,0.0,0.0,0.0,0.0,0.0,0.0,0.0,0.0,0.0,0.0,0.0,0.0,0.0,0.0,0.0,0.0,0.0,0.0,0.0,0.0,0.0,0.0,0.0,0.0
2023-08-22 00:00:00,0.0,0.0,0.0,0.0,0.0,0.0,0.0,0.0,0.0,0.0,0.0,0.0,0.0,0.0,0.0,0.0,0.0,0.0,0.0,0.0,0.0,0.0,0.0,0.0,0.0,0.0,0.0,0.0
2023-08-22 01:00:00,0.0,0.0,0.0,0.0,0.0,0.0,0.0,0.0,0.0,0.0,0.0,0.0,0.0,0.0,0.0,0.0,0.0,0.0,0.0,0.0,0.0,0.0,0.0,0.0,0.0,0.0,0.0,0.0
2023-08-22 02:00:00,0.0,0.0,0.0,0.0,0.0,0.0,0.0,0.0,0.0,0.0,0.0,0.0,0.0,0.0,0.0,0.0,0.0,0.0,0.0,0.0,0.0,0.0,0.0,0.0,0.0,0.0,0.0,0.0
2023-08-22 03:00:00,0.0,0.0,0.0,0.0,0.0,0.0,0.0,0.0,0.0,0.0,0.0,0.0,0.0,0.0,0.0,0.0,0.0,0.0,0.0,0.0,0.0,0.0,0.0,0.0,0.0,0.0,0.0,0.0
2023-08-22 04:00:00,0.0,0.0,0.0,0.0,0.0,0.0,0.0,0.0,0.0,0.0,0.0,0.0,0.0,0.0,0.0,0.0,0.0,0.0,0.0,0.0,0.0,0.0,0.0,0.0,0.0,0.0,0.0,0.0
2023-08-22 05:00:00,0.0,0.0,0.0,0.0,0.0,0.0,0.0,0.0,0.0,0.0,0.0,0.0,0.0,0.0,0.0,0.0,0.0,0.0,0.0,0.0,0.0,0.0,0.0,0.0,0.0,0.0,0.0,0.0
2023-08-22 06:00:00,0.0,0.0,0.0,0.0,0.0,0.0,0.0,0.0,0.0,0.0,0.0,0.0,0.0,0.0,0.0,0.0,0.0,0.0,0.0,0.0,0.0,0.0,0.0,0.0,0.0,0.0,0.0,0.0
2023-08-22 07:00:00,0.13829643919319964,0.2837761750429521,0.0,0.31162458891545497,0.12670649252091426,0.0,0.03487736684158107,0.20911284939759575,0.0,0.11126339887916317,0.06921094575679476,0.3499665115449556,0.0,0.3378545328201138,0.0,0.0,0.0,0.22442617812823062,0.0,0.21243848042104904,0.33606172913297494,0.21026489500838338,0.003440932986163042,0.24926016380271504,0.021827350696108708,0.011700619190121376,0.18424610029949293,0.26568168774306683
2023-08-22 08:00:00,0.28493233867364676,0.4574589607580784,0.21110790716872424,0.48673066330472897,0.4209031391420606,0.34283264797032675,0.27749949871173785,0.3691432084319048,0.19203916141381358,0.3551054703518923,0.353008534034483,0.46157550292602395,0.19341242469411304,0.4103057197663594,0.23312140019919253,0.14481193828569908,0.3872819842005434,0.37197794854766414,0.2862141142708408,0.37067696846980863,0.40884830949762285,0.38800609486689214,0.028162092578779524,0.3830552405167802,0.05957522540628062,0.34595771053467633,0.2733092663780908,0.40981016739151505
2023-08-22 09:00:00,0.31718517568970894,0.5520911982051925,0.29948479211537826,0.6135935166373695,0.5878968702815822,0.45578141110282766,0.41968898222285733,0.509826005014838,0.3017265198547851,0.43794272529898964,0.4683060802341108,0.4937707099864555,0.2869334630338636,0.5519674837318579,0.28079959234696766,0.19617869602248963,0.5631238382973018,0.358658627059216,0.43002884007208997,0.4833983135139738,0.5459558983829451,0.3595438206327924,0.07444390354618605,0.4787259299716129,0.1300450132193392,0.48756668614538423,0.38144278896932887,0.4924165690615883
2023-08-22 10:00:00,0.426732037411831,0.6032534208046825,0.3962113572904518,0.6536143302389847,0.6903301846554216,0.5333643021286498,0.5138087973741462,0.6346999515744937,0.39839528921296385,0.5915412291461156,0.614222818543286,0.5751530386415622,0.3839469807515762,0.6640605203829607,0.33384741290421127,0.26930125628447615,0.6561578900275322,0.46076982526495863,0.5007931869017697,0.5928173725585588,0.6572828407750394,0.48151364299261096,0.15862446909684572,0.5380511403491445,0.20373138622781928,0.572019188437628,0.4307706339959102,0.5755683055847036
2023-08-22 11:00:00,0.49230427600427484,0.6666607410265192,0.47643829828552575,0.7346218934668914,0.7493405499932329,0.602241194421329,0.613158712653331,0.6716385859381492,0.4982168531379608,0.6538322433464271,0.6701534960918243,0.6553549540583782,0.4985094045810883,0.6833868858436442,0.48256142884213943,0.3690035142824056,0.7094339689159557,0.49146759132682116,0.5453720179885814,0.6539988937887287,0.675657808587659,0.5510996425064824,0.28387232156196146,0.5427484526801511,0.3065075874009346,0.6514159431516159,0.4971018157145906,0.5749451788250349
2023-08-22 12:00:00,0.5130775340709335,0.6442794118676635,0.6066718107936284,0.5039327718816285,0.7813403461605376,0.6487259343754186,0.5602934791193742,0.5290419251755705,0.4906272854604198,0.5197218575872035,0.5493240189069071,0.5589356229507437,0.5107213492002285,0.51391319471227,0.6336050038186626,0.5362614370662423,0.6459147753671471,0.4366931826258991,0.5738731519056565,0.3798760207239057,0.5101238055256421,0.5179941334858877,0.300794570020901,0.55247985470253,0.2918166364063597,0.726395580762067,0.5849103847217055,0.5752048902905345
2023-08-22 13:00:00,0.5304477251906358,0.6785450803732779,0.5829330738065174,0.5285422173932022,0.7929583017513261,0.6938632891398692,0.48274629207002934,0.4893064955109166,0.5237591952669565,0.5579018019774244,0.5149030048182123,0.602668137972201,0.5210861757650171,0.49353805206784823,0.6280789192972277,0.5738562687066724,0.6897281070533404,0.43312976157833855,0.6128379356464727,0.4231480479656071,0.5007116992180294,0.5569844644503953,0.3853620281516226,0.5595308701472546,0.31380763862339633,0.7301827183237981,0.5674372973898993,0.5840577229110866
2023-08-22 14:00:00,0.43098308042057837,0.569715446426228,0.6070269386897803,0.5517294493447474,0.7857760892065501,0.7356060759203663,0.4957320946952079,0.464366344154673,0.4686685862772664,0.5373179957965489,0.49063412729411926,0.5180537816969509,0.4822469086873564,0.4608984574069208,0.5958319919433945,0.5541800091583235,0.7312965769203461,0.37879624777482374,0.6698121068399322,0.4813956250894749,0.4709823456988489,0.43332073281103245,0.40882321820699913,0.5408500388855471,0.3031016280281142,0.7160288318391789,0.5900207781875656,0.566628217988073
2023-08-22 15:00:00,0.5071991927412988,0.5538575533014304,0.6144847444046861,0.6267982428759439,0.7707130329525254,0.6753737752681981,0.48088400662115044,0.4720245538930812,0.40977973413135177,0.4859620822750589,0.45387020913423615,0.6859279271094587,0.4083763801411002,0.5053197796463064,0.5454952684809056,0.4820204152773201,0.7065589837508505,0.5195150591329656,0.6515228139819105,0.5909688861593738,0.5160102801649147,0.5504629191311744,0.3370148480276064,0.49769749049982953,0.2790570648627892,0.6874802534445587,0.5454707734424832,0.5581569941506134
2023-08-22 16:00:00,0.5188929242587443,0.5028234664782416,0.6459047528062228,0.5917055322027722,0.7673986415953058,0.6732971500790081,0.6719880212588634,0.6423255141038592,0.4128358045401932,0.6569203770649094,0.6665710945787958,0.6243497441946244,0.40959077311992675,0.6015108510772771,0.5162665946016164,0.42732306309815626,0.7262110673824655,0.5167818962819742,0.6481781936369693,0.6116262887000997,0.5971630530137914,0.5767928807866812,0.34629654131667253,0.4775998173944302,0.2406033200313581,0.6827261620302519,0.47951216623312315,0.5145912554853087
2023-08-22 17:00:00,0.3947619400913138,0.41923736625382246,0.6066168226871597,0.5641053627544035,0.7231973894809518,0.6432778516983907,0.6212804358481395,0.5420506352991137,0.3298956912438711,0.5878800508115591,0.6058489195518519,0.5273239810995427,0.3176940899708162,0.44226089271646574,0.46306409917517977,0.36188607767104425,0.683508826428051,0.3498781377177503,0.6236548762169495,0.44317813598276035,0.4301056409547951,0.45855571666471895,0.22578311383482919,0.3618368487558845,0.12041768855042229,0.6170516725300637,0.3273077236534518,0.42828457728404695
2023-08-22 18:00:00,0.3397985060736707,0.3304542611061284,0.5416625827210244,0.47495317489275063,0.688558803598576,0.5828882203817664,0.5393919435623095,0.5110772426922129,0.24125519273503707,0.5530614660787252,0.5500037844470009,0.47548482705938633,0.23221222661600258,0.4539391538076468,0.375913066255974,0.31470186849368526,0.6370090493522451,0.3932277383988803,0.5636953232271686,0.4615771428769404,0.447544271140553,0.43205396399832896,0.1768817579489904,0.3332114617174216,0.07177378408303035,0.5794219831396273,0.21798521410734523,0.41351090472491475
2023-08-22 19:00:00,0.24102912157331674,0.20264252692528362,0.4118204769450938,0.37515293657775134,0.6050441834457181,0.5018460331529865,0.43477006496816806,0.39986173886692683,0.16584465354236766,0.4099037122996513,0.4119991740963044,0.39338602452204385,0.1454756898092457,0.346916215732943,0.2843014608349976,0.21547591698894117,0.5874112580254622,0.2706385629928154,0.5021811080413268,0.39275936513860166,0.342296009640105,0.3304763098206887,0.09363367423575929,0.2579318372302167,0.026001932931160935,0.48728783214186017,0.11111295797167163,0.3406279292585303
2023-08-22 20:00:00,0.20114595982246458,0.1317927706781188,0.2877802947263149,0.2749733685569445,0.5185780607712416,0.40752887018090617,0.20797355241627488,0.19275477759281467,0.11293992875085106,0.21910719429129272,0.21694259763177434,0.2704064435159356,0.10420947228898181,0.19345503591496863,0.18876360128755196,0.17937064568642125,0.4466432220199443,0.2330190990637029,0.3832764210653902,0.23015765183453518,0.19627986653217447,0.24962877277173093,0.04080895171492601,0.19172906402032758,0.00767411696781713,0.3762720118135066,0.0704309346510376,0.2434122065713918
2023-08-22 21:00:00,0.0,0.0,0.0,0.0,0.363856458534155,0.26284585119409526,0.0,0.0,0.005105465476760772,0.0,0.0,0.0,0.0,0.0,0.017075299826011945,0.005329135843923441,0.28010444755842456,0.0,0.2442533019243824,0.0,0.0,0.0,0.0,0.0,0.0,0.2447159851766481,0.0,0.0
2023-08-22 22:00:00,0.0,0.0,0.0,0.0,0.016231186484875454,0.0,0.0,0.0,0.0,0.0,0.0,0.0,0.0,0.0,0.0,0.0,0.0,0.0,0.0,0.0,0.0,0.0,0.0,0.0,0.0,0.0,0.0,0.0
2023-08-22 23:00:00,0.0,0.0,0.0,0.0,0.0,0.0,0.0,0.0,0.0,0.0,0.0,0.0,0.0,0.0,0.0,0.0,0.0,0.0,0.0,0.0,0.0,0.0,0.0,0.0,0.0,0.0,0.0,0.0
2023-08-23 00:00:00,0.0,0.0,0.0,0.0,0.0,0.0,0.0,0.0,0.0,0.0,0.0,0.0,0.0,0.0,0.0,0.0,0.0,0.0,0.0,0.0,0.0,0.0,0.0,0.0,0.0,0.0,0.0,0.0
2023-08-23 01:00:00,0.0,0.0,0.0,0.0,0.0,0.0,0.0,0.0,0.0,0.0,0.0,0.0,0.0,0.0,0.0,0.0,0.0,0.0,0.0,0.0,0.0,0.0,0.0,0.0,0.0,0.0,0.0,0.0
2023-08-23 02:00:00,0.0,0.0,0.0,0.0,0.0,0.0,0.0,0.0,0.0,0.0,0.0,0.0,0.0,0.0,0.0,0.0,0.0,0.0,0.0,0.0,0.0,0.0,0.0,0.0,0.0,0.0,0.0,0.0
2023-08-23 03:00:00,0.0,0.0,0.0,0.0,0.0,0.0,0.0,0.0,0.0,0.0,0.0,0.0,0.0,0.0,0.0,0.0,0.0,0.0,0.0,0.0,0.0,0.0,0.0,0.0,0.0,0.0,0.0,0.0
2023-08-23 04:00:00,0.0,0.0,0.0,0.0,0.0,0.0,0.0,0.0,0.0,0.0,0.0,0.0,0.0,0.0,0.0,0.0,0.0,0.0,0.0,0.0,0.0,0.0,0.0,0.0,0.0,0.0,0.0,0.0
2023-08-23 05:00:00,0.0,0.0,0.0,0.0,0.0,0.0,0.0,0.0,0.0,0.0,0.0,0.0,0.0,0.0,0.0,0.0,0.0,0.0,0.0,0.0,0.0,0.0,0.0,0.0,0.0,0.0,0.0,0.0
2023-08-23 06:00:00,0.0,0.0,0.0,0.0,0.0,0.0,0.0,0.0,0.0,0.0,0.0,0.0,0.0,0.0,0.0,0.0,0.0,0.0,0.0,0.0,0.0,0.0,0.0,0.0,0.0,0.0,0.0,0.0
2023-08-23 07:00:00,0.0018638087495007453,0.01926145096448799,0.0,0.25718920764134956,0.08761694240314949,0.0,0.058547660131989004,0.11978653854974258,0.0,0.0878214901979835,0.0,0.1216200321017836,0.0,0.19634568102264002,0.0,0.0,0.0,0.0007428349485522398,0.0,0.36390533753839727,0.22088889115047003,0.0033079838611301524,0.13341401245198745,0.12116026740665983,0.14619637053663495,0.0,0.10011443633855105,0.1927751924891174
2023-08-23 08:00:00,0.019795302202663435,0.03382335158772839,0.1639988447038785,0.35531039075951965,0.41129738201442545,0.08539967595905278,0.18265857987459447,0.24520630479686267,0.007368917571569961,0.11934475341179647,0.10811791699475498,0.13037744209510668,0.008230402365064305,0.35976709902302323,0.02559055141736914,0.01583099006288527,0.0708058060401031,0.0046885714676244165,0.07422735077796992,0.4144631605796223,0.3712357301435852,0.03483115737951701,0.27540891685599694,0.23964012652077143,0.19901459379416375,0.13997324995856,0.09583387759572172,0.318999666561768
2023-08-23 09:00:00,0.053791661103409424,0.06680608503756828,0.23303844680440478,0.4364387100987787,0.578007574109603,0.15273731607626612,0.157553532872735,0.23486522306093907,0.03383808395753866,0.12378697951480706,0.09312203155206622,0.20439642371509056,0.025616358697448615,0.38764076988030277,0.06309236285060202,0.04300821731880005,0.1609096202842483,0.02804787282170845,0.2023790903118639,0.467088296783443,0.40968919800135095,0.06164428342683514,0.3547458157094546,0.3291027914701153,0.28863109835274614,0.20318493930321244,0.15031909902113905,0.41032097686614655
2023-08-23 10:00:00,0.1353237876921513,0.09985597933738657,0.41278972938084674,0.35780001824252733,0.675383239470507,0.2456226543118212,0.2076335870987377,0.28063599416548346,0.09420341215539968,0.31892811014530376,0.2770253336173806,0.150774971300557,0.08950621489919836,0.3673831301058984,0.11625227520767989,0.14770866893781426,0.23098900758864516,0.07027713508170318,0.25662694995378255,0.41165123034052575,0.3869585786439927,0.1799943461565592,0.450183014580937,0.3847472813821739,0.37654065353469846,0.2962681359466214,0.205013079364529,0.47265957496994876
2023-08-23 11:00:00,0.17031104380903322,0.12212724984427904,0.5294154521796438,0.4901219406407465,0.725779498798574,0.2803995065234262,0.5080911923024852,0.5008470494757976,0.14655424524823546,0.4378208028066524,0.45478865816524805,0.1923028167325765,0.11761573205935977,0.5593463294556693,0.10443988193357041,0.13311247301278503,0.26894213440702525,0.09208282433751852,0.2856729523086591,0.5063451985664125,0.5712893283309205,0.2120992139038335,0.5883155302694497,0.4847681596852608,0.47586206834409434,0.33191697819725174,0.2892373797765751,0.555558019478136
2023-08-23 12:00:00,0.23147871745578658,0.20928164236377003,0.4503863266572088,0.4010572075441239,0.7620963343519402,0.3795897617787217,0.5927740536663874,0.575217415946474,0.20526015973162462,0.4113901345473016,0.49068008619995424,0.22932156270943838,0.179992152307768,0.6530332736452551,0.16647574126627201,0.1904964585724489,0.3801174610204634,0.1348010360498485,0.372425718278777,0.5151275110940687,0.6577977703545467,0.24659251238450927,0.6596081463533944,0.3580787003468538,0.5749954028499785,0.4345705954334887,0.4130967881697352,0.3635129097680036
2023-08-23 13:00:00,0.2553341022545589,0.2965247301565208,0.40504103643876,0.48120296254820194,0.7701714203979079,0.4913852630821308,0.6450603819267918,0.6382518838874486,0.2758198717481985,0.4898292478230762,0.5439271808879009,0.2436116597304152,0.2551678593178611,0.674036478458318,0.2661429263350983,0.255863254167373,0.5598025107310834,0.1253111097945995,0.4918571241613586,0.5697832853858367,0.6715425940044133,0.26578910787899723,0.7041061300618481,0.38566393162260404,0.5442177838408813,0.48474087455326553,0.3440672448467491,0.4038458361745536
2023-08-23 14:00:00,0.2841079176534851,0.2767407290358571,0.42648072703168405,0.4433890091465655,0.7391827206458065,0.4820619535967032,0.6321070488047161,0.6052367821662705,0.291473844964902,0.4262241171294888,0.4900931984173882,0.28193272679732034,0.2613869454005914,0.670130031755369,0.22741803630976548,0.2497921649694122,0.5304604144834468,0.14575323981652327,0.49758798327778664,0.5514960406987717,0.6724695296144257,0.2538217308515866,0.6890303867897387,0.306091482555838,0.4871137185231305,0.45797812030453183,0.29888426784161753,0.37331404232338644
2023-08-23 15:00:00,0.2608946535195628,0.2808007846921481,0.35918709167049534,0.35781452472715886,0.7280644593763262,0.4964457684484787,0.5244426420190355,0.533062200129207,0.29105760953013965,0.3591077605365295,0.40646246080701764,0.23529581820639742,0.27343582961265417,0.619190871273066,0.26399871124751967,0.2864436675018171,0.4726419400509866,0.15906772417931267,0.45573398551323085,0.4527404912256631,0.6231049055563644,0.22919271699095523,0.6525743175564379,0.33178338289564896,0.5633972309851866,0.4564396741833008,0.29755633794298975,0.35135336357167574
2023-08-23 16:00:00,0.2905985769718044,0.2597891552797348,0.48143984881789453,0.41455623246372325,0.6983434757542706,0.49945997019452754,0.5362801826162015,0.5523486057250381,0.3230070419730095,0.4431177377357944,0.4747313530789109,0.25165050278451956,0.30327739569524054,0.611221436438536,0.2725146059854653,0.2925503325961641,0.5288495946321735,0.17427097204594766,0.4707139202107954,0.5275671122450128,0.6158491711364885,0.26666060170357453,0.6150739424886819,0.2870395326625632,0.45678830584273694,0.4073054075305388,0.22107558230239058,0.2977013615875955
2023-08-23 17:00:00,0.28217648854587607,0.22434898412867357,0.5047382351229429,0.2912796867960315,0.6792163550476099,0.45705945344217014,0.5116770598823109,0.5094243413247149,0.3024791759438621,0.4479956487652093,0.458766486157554,0.160336802500287,0.2764358636083436,0.5599288288198303,0.2592338534486554,0.2730439882373603,0.5191433360808025,0.12536496551772316,0.45607703006165023,0.45167393026586855,0.5674530825026487,0.24678416407085688,0.6044121349892219,0.1846630260425797,0.36311216854269873,0.3821672900291479,0.16552880445243168,0.21976852562644072
2023-08-23 18:00:00,0.19380460508675368,0.17174115614845392,0.38840854988178375,0.18429005843556653,0.6523270902732407,0.36312030321497674,0.48582405743602597,0.43452642873788205,0.22239001208370368,0.31081992444059336,0.3703549975261397,0.12534023450314036,0.18512312459788974,0.4602510819548016,0.15801232000926163,0.15854776600140444,0.4503075642250142,0.13956641067198164,0.409809873742232,0.31064609614240546,0.45568379250118257,0.17876848306976567,0.5551769617307762,0.23302633909169507,0.270759006470395,0.3162922434324714,0.11436236194270942,0.21690245341783815
2023-08-23 19:00:00,0.16481977015818783,0.09609071455018614,0.33744626227135527,0.160900617892588,0.5995384135751998,0.29572246731174356,0.3857089452231906,0.38127416896540883,0.19034886516942776,0.2925591644030212,0.31189067909113966,0.06967898600965808,0.13643353524256616,0.43673231178741895,0.1243124980441357,0.11545139670680234,0.3690315050362976,0.09244438745828105,0.356551262076629,0.37347812007337844,0.44194707853780835,0.13694561083839266,0.389895787838964,0.11364495850834172,0.17383892807708315,0.26840999103147256,0.08410640593368071,0.11429793799375447
2023-08-23 20:00:00,0.09903410233287382,0.09040562798304974,0.2565123461577682,0.1383433917385137,0.49268407846172474,0.2568895387178957,0.3166951176003186,0.28652665974059444,0.14099951712740114,0.2283245989847858,0.24315076884247686,0.037191788835099875,0.09417274992457914,0.30754178976974517,0.06454695690090875,0.061038996823254914,0.315890085955604,0.01901915885077787,0.2985355425795143,0.29028205513881533,0.3106778901151676,0.08274033550146177,0.2545500532543173,0.10746730095144483,0.08818679960632926,0.2109897219165657,0.05309314984012743,0.10336627979731533
2023-08-23 21:00:00,0.0,0.0,0.0,0.0,0.34194625795624123,0.16294854886918161,0.0,0.0,0.0,0.0,0.0,0.0,0.0,0.0,0.0,0.0,0.2099784831595078,0.0,0.2088998123069755,0.0,0.0,0.0,0.0,0.0,0.0,0.12109273341456372,0.0,0.0
2023-08-23 22:00:00,0.0,0.0,0.0,0.0,0.0036446652344080408,0.0,0.0,0.0,0.0,0.0,0.0,0.0,0.0,0.0,0.0,0.0,0.0,0.0,0.0,0.0,0.0,0.0,0.0,0.0,0.0,0.0,0.0,0.0
2023-08-23 23:00:00,0.0,0.0,0.0,0.0,0.0,0.0,0.0,0.0,0.0,0.0,0.0,0.0,0.0,0.0,0.0,0.0,0.0,0.0,0.0,0.0,0.0,0.0,0.0,0.0,0.0,0.0,0.0,0.0
2023-08-24 00:00:00,0.0,0.0,0.0,0.0,0.0,0.0,0.0,0.0,0.0,0.0,0.0,0.0,0.0,0.0,0.0,0.0,0.0,0.0,0.0,0.0,0.0,0.0,0.0,0.0,0.0,0.0,0.0,0.0
2023-08-24 01:00:00,0.0,0.0,0.0,0.0,0.0,0.0,0.0,0.0,0.0,0.0,0.0,0.0,0.0,0.0,0.0,0.0,0.0,0.0,0.0,0.0,0.0,0.0,0.0,0.0,0.0,0.0,0.0,0.0
2023-08-24 02:00:00,0.0,0.0,0.0,0.0,0.0,0.0,0.0,0.0,0.0,0.0,0.0,0.0,0.0,0.0,0.0,0.0,0.0,0.0,0.0,0.0,0.0,0.0,0.0,0.0,0.0,0.0,0.0,0.0
2023-08-24 03:00:00,0.0,0.0,0.0,0.0,0.0,0.0,0.0,0.0,0.0,0.0,0.0,0.0,0.0,0.0,0.0,0.0,0.0,0.0,0.0,0.0,0.0,0.0,0.0,0.0,0.0,0.0,0.0,0.0
2023-08-24 04:00:00,0.0,0.0,0.0,0.0,0.0,0.0,0.0,0.0,0.0,0.0,0.0,0.0,0.0,0.0,0.0,0.0,0.0,0.0,0.0,0.0,0.0,0.0,0.0,0.0,0.0,0.0,0.0,0.0
2023-08-24 05:00:00,0.0,0.0,0.0,0.0,0.0,0.0,0.0,0.0,0.0,0.0,0.0,0.0,0.0,0.0,0.0,0.0,0.0,0.0,0.0,0.0,0.0,0.0,0.0,0.0,0.0,0.0,0.0,0.0
2023-08-24 06:00:00,0.0,0.0,0.0,0.0,0.0,0.0,0.0,0.0,0.0,0.0,0.0,0.0,0.0,0.0,0.0,0.0,0.0,0.0,0.0,0.0,0.0,0.0,0.0,0.0,0.0,0.0,0.0,0.0
2023-08-24 07:00:00,0.01419223331316572,0.15105534284416086,0.0,0.31045522633426137,0.055171582062724316,0.0,0.0,0.0,0.0,0.0,0.0,0.1393924823523745,0.0,0.08894422494296925,0.0,0.0,0.0,0.0,0.0,0.3024215692641452,0.1000622530608404,0.028213809073588014,0.3102850683335044,0.14876794851872122,0.0066137427259884305,0.0,0.04539094194029464,0.19623835218045776
2023-08-24 08:00:00,0.2812931591866842,0.2723467942200301,0.35032486366420873,0.4022877216096868,0.2967089155123603,0.13816386895999586,0.45465962321449566,0.4655082421546904,0.3034695585004017,0.40803222652858007,0.443265310777612,0.21406389262857983,0.3179999977734243,0.47084180690769606,0.2484658338573714,0.2651708128338199,0.17981260044426528,0.2769100087112026,0.2697969090802705,0.42361183482511516,0.46969433148546624,0.254757969161522,0.42943575707289083,0.26414344862287253,0.026137380647676747,0.23111911801877172,0.09349164424270756,0.33966153034641094
2023-08-24 09:00:00,0.4559726390198944,0.43335489796435356,0.4778541435120961,0.6151842727696063,0.4166090894542272,0.2704786319268605,0.6148921392655575,0.6042334672863573,0.44874358393469865,0.5288057198846323,0.5833931283714012,0.4666522077205312,0.45580052890258244,0.6228461959588293,0.40538496868566093,0.4654939053267482,0.3596140501561577,0.4742975715077446,0.450571719313761,0.5923141043763555,0.6219175989863821,0.43804259252709726,0.4672557163392139,0.46339798875710586,0.12693451804757092,0.382396650670416,0.19678906159414772,0.5189275564785121
2023-08-24 10:00:00,0.6572733720326029,0.5604908878179063,0.6111780141427406,0.730050536153038,0.48309642232093397,0.37017876608148204,0.6998437609774292,0.6935906390251015,0.6558413867286377,0.6608758742919578,0.6880040132534857,0.632625876869527,0.6554226101815483,0.7002978660321029,0.6133552736514035,0.6429819528623032,0.4611307992569914,0.659579866051458,0.5505654964255748,0.6855735806176031,0.6997921753400901,0.6327712666522854,0.537999849530619,0.42565757291840023,0.20712798089932133,0.5154014429418758,0.24788864826834384,0.4796004161268029
2023-08-24 11:00:00,0.7156419220359675,0.6121150451061057,0.6651825228019997,0.7489662004031754,0.6092635232383028,0.4799866464497057,0.7439484055838559,0.7363985522829312,0.7357659490542081,0.7181217327423307,0.7335251829778597,0.7337748927806012,0.7439401148811093,0.7423472756141174,0.7261036425098322,0.735864059317405,0.6170651520988312,0.763111336407301,0.6560974579470523,0.7283642157175687,0.7420212503109179,0.7448444243915896,0.49335941877175565,0.412378930200785,0.2407629849578542,0.6273912759996516,0.29658167133056046,0.4214133530438289
2023-08-24 12:00:00,0.7300759587262833,0.5196468852635031,0.6376081496157114,0.6851001151244563,0.6852427552176202,0.5397534440040702,0.7490196699262803,0.7553586161676309,0.7532160598251366,0.7252807557050676,0.7276336221495923,0.6955210982523558,0.756195040792278,0.7687851223995532,0.69645751801647,0.691638833304691,0.5854284075434858,0.7949537345388028,0.5496193713402228,0.7640623156927295,0.7690367940536733,0.7656777575119099,0.5310757773960453,0.265550589937625,0.21615441120007436,0.6593637743462756,0.30328690169588246,0.2688553535470068
2023-08-24 13:00:00,0.7478294348851573,0.45613798293552266,0.6588484982605836,0.6879853389754542,0.7099868073901564,0.6326121602162755,0.7421510947107656,0.758074289927476,0.7718133933144264,0.7403783883653361,0.734483805110536,0.7015460560518533,0.7749809485307848,0.7772237415787668,0.7512157183597474,0.7557015095373243,0.6730581205090167,0.8002196360495183,0.6462343476749478,0.7767544130706486,0.7780402373997889,0.7829850886058128,0.4459091663954241,0.291329542407539,0.22587677296304937,0.7250358772668616,0.35219614753038636,0.2821067466375793
2023-08-24 14:00:00,0.6985299125345457,0.4325392578777068,0.6883376581275518,0.6895675570337865,0.6790672037481873,0.6836430888828521,0.7540236091738737,0.756738823834063,0.7428128386532273,0.7229228641692553,0.7251443457316473,0.6506836372743857,0.7443236626474077,0.7776727312544613,0.7517172783937399,0.7610603822864187,0.6730328289702769,0.7488840362280839,0.6881605727975755,0.7730979761830354,0.7786751225302616,0.723915219484053,0.3847710056366578,0.27273149220013804,0.1922263157548567,0.7242613883797255,0.287158366342755,0.2747975156384712
2023-08-24 15:00:00,0.6666986436087752,0.4058320193459138,0.6687994902249861,0.7171624106571794,0.6781948631170449,0.7169269395497893,0.7388722095608834,0.7319118587413946,0.7166337478978765,0.6625390150031796,0.6778252474239931,0.6712643205045903,0.6961251091002977,0.7646323298664032,0.7204919398413813,0.7061083111499391,0.7284471135182247,0.6905524828411332,0.7607028894269744,0.7496422726754428,0.7658473892086349,0.6580524571552951,0.3577134996182004,0.26795744786530123,0.20169336267474078,0.7348756840693141,0.28056053627062133,0.2443425295823408
2023-08-24 16:00:00,0.5472486003309485,0.37554518303273854,0.6551032258091956,0.6910486276636528,0.6983795199265894,0.7219377434470832,0.7374776745495057,0.7197506926274255,0.6727147048991652,0.634372781999929,0.6654328146158641,0.5889921332528218,0.6633197410489726,0.7488472984272749,0.6691942628636546,0.69473696374644,0.7362627518705694,0.5304358642684465,0.7525004878125949,0.7246388348066142,0.7493154422539307,0.5476826955856177,0.2904305119440654,0.22997392578510245,0.14476150328642642,0.7067131646828986,0.27316539135813617,0.2240203946034387
2023-08-24 17:00:00,0.5938365891695684,0.370731078502193,0.6495308279876776,0.7019834098250012,0.6608250613827662,0.7049353299683021,0.7065512595655137,0.6944829308733307,0.6549526507801903,0.6193282955247724,0.6490791036182952,0.5922528157978755,0.6355925749915243,0.7181327863818373,0.6133855190047566,0.6465723722428333,0.7070698147554991,0.5193696886386072,0.7254830158359712,0.6946314389051593,0.7182277837828789,0.5853361869271099,0.25079082128307756,0.1934641893614413,0.12960107407056143,0.6664701776368505,0.2496427041221314,0.1870739370605569
2023-08-24 18:00:00,0.42309524026231493,0.29526045029632425,0.6039700951558389,0.6163340139864325,0.5999463465824012,0.6549400069886843,0.6562037094764516,0.6574162671896185,0.5509822047799647,0.6161098117921545,0.6256829678861957,0.4116764722988998,0.5397313120265558,0.6670470453485522,0.5594744853124552,0.6047593507048786,0.670713462042741,0.2883349189765023,0.6818119946962764,0.6616281082927663,0.6672788453902928,0.41086912328470554,0.2283198432348796,0.15957305941403638,0.07019346494924665,0.617069442211485,0.21276806584077124,0.16947667744560235
2023-08-24 19:00:00,0.32428938085555453,0.27008363410015346,0.5334961403145956,0.5288930121759021,0.5223437183058582,0.5858681210865045,0.5635057974200083,0.567133678770979,0.46051505463005743,0.5430505266241656,0.5480768505118103,0.35268073723264143,0.454428901958223,0.5669965918195076,0.43933506315667326,0.5280305444458698,0.6141259069707072,0.22769201548575502,0.6143308382029323,0.5657048827259041,0.5666465929167837,0.35228890222215,0.20786988085685112,0.12936874316959285,0.07203955240124006,0.5058290816817398,0.2096858107678996,0.12850578114475858
2023-08-24 20:00:00,0.20326586571081226,0.20612560165089885,0.38937640975095794,0.33944818295611656,0.4712651610938783,0.4778037836620687,0.39177365088647803,0.38664651927008986,0.30704490513960164,0.38094350922503445,0.38358972691071647,0.21259316085967228,0.3076028576843404,0.3791172088353383,0.4054228477936227,0.38039959136154344,0.478979557539448,0.14205413472633802,0.480396778967472,0.37740373064235394,0.3780743936580627,0.22653868037595684,0.08716603532819625,0.1369843067192988,0.09021737432065217,0.4383249267780938,0.16137216852589742,0.13196270096991455
2023-08-24 21:00:00,0.0,0.0,0.0,0.0,0.2825043948747358,0.27316111200880194,0.0,0.0,0.0,0.0,0.0,0.0,0.0,0.0,0.0,0.0,0.3101323187156269,0.0,0.30938204749319737,0.0,0.0,0.0,0.0,0.0,0.0,0.21038445667148778,0.0,0.0
2023-08-24 22:00:00,0.0,0.0,0.0,0.0,0.0,0.0,0.0,0.0,0.0,0.0,0.0,0.0,0.0,0.0,0.0,0.0,0.0,0.0,0.0,0.0,0.0,0.0,0.0,0.0,0.0,0.0,0.0,0.0
2023-08-24 23:00:00,0.0,0.0,0.0,0.0,0.0,0.0,0.0,0.0,0.0,0.0,0.0,0.0,0.0,0.0,0.0,0.0,0.0,0.0,0.0,0.0,0.0,0.0,0.0,0.0,0.0,0.0,0.0,0.0
2023-08-25 00:00:00,0.0,0.0,0.0,0.0,0.0,0.0,0.0,0.0,0.0,0.0,0.0,0.0,0.0,0.0,0.0,0.0,0.0,0.0,0.0,0.0,0.0,0.0,0.0,0.0,0.0,0.0,0.0,0.0
2023-08-25 01:00:00,0.0,0.0,0.0,0.0,0.0,0.0,0.0,0.0,0.0,0.0,0.0,0.0,0.0,0.0,0.0,0.0,0.0,0.0,0.0,0.0,0.0,0.0,0.0,0.0,0.0,0.0,0.0,0.0
2023-08-25 02:00:00,0.0,0.0,0.0,0.0,0.0,0.0,0.0,0.0,0.0,0.0,0.0,0.0,0.0,0.0,0.0,0.0,0.0,0.0,0.0,0.0,0.0,0.0,0.0,0.0,0.0,0.0,0.0,0.0
2023-08-25 03:00:00,0.0,0.0,0.0,0.0,0.0,0.0,0.0,0.0,0.0,0.0,0.0,0.0,0.0,0.0,0.0,0.0,0.0,0.0,0.0,0.0,0.0,0.0,0.0,0.0,0.0,0.0,0.0,0.0
2023-08-25 04:00:00,0.0,0.0,0.0,0.0,0.0,0.0,0.0,0.0,0.0,0.0,0.0,0.0,0.0,0.0,0.0,0.0,0.0,0.0,0.0,0.0,0.0,0.0,0.0,0.0,0.0,0.0,0.0,0.0
2023-08-25 05:00:00,0.0,0.0,0.0,0.0,0.0,0.0,0.0,0.0,0.0,0.0,0.0,0.0,0.0,0.0,0.0,0.0,0.0,0.0,0.0,0.0,0.0,0.0,0.0,0.0,0.0,0.0,0.0,0.0
2023-08-25 06:00:00,0.0,0.0,0.0,0.0,0.0,0.0,0.0,0.0,0.0,0.0,0.0,0.0,0.0,0.0,0.0,0.0,0.0,0.0,0.0,0.0,0.0,0.0,0.0,0.0,0.0,0.0,0.0,0.0
2023-08-25 07:00:00,0.026116092428006533,0.23981034363537218,0.0,0.2617173131518376,0.05950079453845896,0.0,0.0,0.0,0.0,0.0,0.0,0.2789749168160692,0.0,0.0,0.0,0.0,0.0,0.0,0.0,0.0,0.0,0.0,0.23129828421569912,0.23252609524685142,0.21220371017539622,0.0,0.18852345795246983,0.28232698342047813
2023-08-25 08:00:00,0.4220097968072719,0.4786006363144001,0.23579570822136522,0.36737062547917065,0.2737899139460277,0.21931096788210497,0.08936134482998064,0.06111896403413187,0.44533416200677156,0.10464240746706334,0.07461166676660454,0.49270981546109616,0.4550194666512118,0.0993643746605426,0.4503850397907473,0.43613633524967893,0.3590135816648575,0.4767833437487166,0.3708607749054216,0.12139420299753384,0.10728914997937927,0.3774471921268901,0.3975695732608758,0.37987381347905574,0.33789812481548354,0.32251510950711026,0.31456110891818834,0.44374476629366766
2023-08-25 09:00:00,0.5717468951660829,0.6299853767803177,0.4093037431618889,0.3636436277171986,0.3715093424778567,0.3512467764779826,0.29650976362341647,0.2524213153723885,0.6134252735374309,0.253754424255475,0.23810852543159527,0.529579061080272,0.6180689789608735,0.2971297682591175,0.6119153200423647,0.6022747844793362,0.5361634297756831,0.6107179321307847,0.5531849038898635,0.2833470819299525,0.3072284822031768,0.5016884291657205,0.6386355723066293,0.5310535531581115,0.5315319142773259,0.45754171960243256,0.5184881017107869,0.5760920396371093
2023-08-25 10:00:00,0.6517841115311787,0.7232047152730552,0.5207826897451178,0.4769765327214916,0.4674259354905438,0.4956092603503186,0.5270402441490857,0.476545656219899,0.6979633827958232,0.42521670599204364,0.4389850013885379,0.5973322445051037,0.704151585661022,0.4847036508507789,0.6981216309169863,0.6900637680818574,0.650512825164654,0.6477851416040665,0.6526056136582288,0.48510222088695204,0.4854817395844853,0.5743399468649227,0.7028216971566242,0.6496874512279118,0.6921598039738374,0.5749814126271949,0.678323905596748,0.6737501182319985
2023-08-25 11:00:00,0.6661494687317189,0.7692057807875077,0.6054115006977779,0.5897467987155969,0.515779537267937,0.6134943600694202,0.5980042610916549,0.5213509030679128,0.7370300939342943,0.49002226218531,0.5072205991119929,0.6654576377562547,0.744965163528862,0.5069588435294486,0.7397342821489103,0.7350512322592154,0.7135143511852505,0.6331007312854156,0.7121247822402078,0.5328099631866314,0.5057270667823696,0.5823729089167621,0.7743137199675942,0.7510331849874701,0.7962060211481717,0.6642769709223759,0.7846533840409311,0.7273062693351167
2023-08-25 12:00:00,0.726822717744169,0.6568183725425581,0.6601555281692937,0.6340831271693766,0.5359982360674502,0.7371014772889963,0.5036885314690095,0.506105723973176,0.6811304260297435,0.6678278038696335,0.6017181415306944,0.757065259171699,0.706726480516534,0.4317786021210005,0.7481008991233172,0.7451953472322309,0.7399534091001272,0.7367231633260386,0.7430533249779828,0.5836666883988454,0.43093490616457414,0.744531955415373,0.7739264901605558,0.7401987652693256,0.7552961058312454,0.7398894131993495,0.7642144919996915,0.7313428130325694
2023-08-25 13:00:00,0.7614266590469337,0.6822872762993419,0.6783747145048029,0.5960655357461923,0.5705412185167604,0.7754209139072751,0.5557190243928916,0.5800255225636456,0.6828891769238945,0.6411548791437707,0.61954274436658,0.7664624199745307,0.7102264799774824,0.5643274182587116,0.7606710493495468,0.740316439984116,0.7566080769833015,0.7736300463802784,0.7583930935128498,0.604223489584944,0.5655283087059322,0.7524499210650687,0.7578257173319969,0.7233984369091424,0.750027482753239,0.7759059804626387,0.7268407873340653,0.7346443686236195
2023-08-25 14:00:00,0.760164051162242,0.7007989101220868,0.6464680025631773,0.5447750588646474,0.5502918355169151,0.7810456269686511,0.4947726690767997,0.501831710242192,0.6989888749422439,0.6101277145195222,0.5639009120027212,0.7360933707550479,0.7210447590423898,0.4659505537180644,0.7686953605985329,0.7415400295954951,0.7651763947899533,0.775550259673158,0.76469410345903,0.5315918198532659,0.4685336486166991,0.7446002349484231,0.7614565131229534,0.7193399622691893,0.742173747465012,0.779060410474842,0.6921480642776364,0.7301205868513309
2023-08-25 15:00:00,0.7558993369824465,0.7216885538239296,0.5970143845613457,0.4501997018006779,0.5407431605761872,0.7756994584057544,0.3755334654889953,0.42819011179999705,0.7050550636806749,0.5571988909174942,0.477923536993361,0.660683391566261,0.7316350776326795,0.4443925104819917,0.7619752755642578,0.7438823911656668,0.7611289754724452,0.761225571113584,0.7632660135240276,0.5238420847343583,0.45805486776828674,0.7259509148810642,0.7124344432519645,0.686891706142298,0.7637296492240208,0.7719480525510498,0.6645541132503007,0.6810965969225309
2023-08-25 16:00:00,0.7024660810704639,0.7192132948530636,0.49554655587926116,0.4068865084739654,0.5204553186394936,0.7621206235302297,0.2872932427336385,0.2919896216829059,0.6980994357551447,0.46850972804160185,0.40393682492862726,0.5515350582739934,0.7290194547030322,0.24535665910083834,0.7448338652244157,0.7151794479639659,0.7501162475288156,0.7001400520186444,0.750989875452826,0.28983626843605165,0.2515606223777733,0.6494354261693386,0.6441239345650681,0.6184659301658275,0.7097432319407265,0.7570732469526623,0.6153810362961815,0.595294413103297
2023-08-25 17:00:00,0.6243328619729133,0.6613951775346647,0.404576793588608,0.3168831253544337,0.47207006128228346,0.7355904798791346,0.23487011410227407,0.2861812812243875,0.6636300190339517,0.4012058103106808,0.33488510056362586,0.419686419292622,0.69323028483031,0.2982979790854625,0.7181713513193747,0.6618274218301525,0.728239222950898,0.6097399690094399,0.7293172883022201,0.3170807730848991,0.30778717364339314,0.5492172210997127,0.5153524708278421,0.5336848291480356,0.7060727075810851,0.7308102662408781,0.6292701545062748,0.48580535056012
2023-08-25 18:00:00,0.5072855576398143,0.6071039129918576,0.31916586627293114,0.29774933478322557,0.4196117191458737,0.6910638965564099,0.1832210182958535,0.2515207698014232,0.5874022209485412,0.2223170547032401,0.2141969670707335,0.2608755094378685,0.6111336895303143,0.33473382957055076,0.6680196379214827,0.5655859201632746,0.6774089265701794,0.4570617875666578,0.683758711685347,0.2887952836868347,0.34685579961756113,0.33990464949315174,0.35881323032641443,0.43971820026410063,0.6145211303394356,0.68836024097244,0.5918837434445423,0.3782475931154373
2023-08-25 19:00:00,0.3746380769435644,0.4855906653367128,0.2462239319254999,0.18387807454183702,0.3514761993096196,0.6164030415811088,0.31676177685085466,0.2778274325269668,0.49616529523097175,0.2137230194382384,0.24294962256866934,0.1122898441766167,0.5440969957228052,0.3094874725931108,0.5903299987428192,0.5231817154817046,0.6068911694381816,0.27660497614781693,0.6133410762889293,0.18120731999392478,0.30945896547554247,0.19701339301953272,0.1457057610995045,0.3311995190627177,0.4530476690815362,0.5991541162245598,0.5309030517174167,0.2510048560261027
2023-08-25 20:00:00,0.19681737689136908,0.2888037010620858,0.18528728737938463,0.17788414384192106,0.28197531290233635,0.4860428903367434,0.21862644031853237,0.23126685619807305,0.28302688035297846,0.16991418054841767,0.17615510286674282,0.0689759998296232,0.3444695898409644,0.2790794540432574,0.4310722773172704,0.3834609356621178,0.4766651473592637,0.09998260482107997,0.48530028133842956,0.21583891599507707,0.28241857196368525,0.1010513080470035,0.007319978283848061,0.21437025409028784,0.2320962652176056,0.4754946679040469,0.3577568560735184,0.15714856480814138
2023-08-25 21:00:00,0.0,0.0,0.0,0.0,0.15557290078693034,0.2501894278158948,0.0,0.0,0.0,0.0,0.0,0.0,0.0,0.0,0.0,0.0,0.3231051666305329,0.0,0.33141760244680524,0.0,0.0,0.0,0.0,0.0,0.0,0.18549042342102795,0.0,0.0
2023-08-25 22:00:00,0.0,0.0,0.0,0.0,0.0,0.0,0.0,0.0,0.0,0.0,0.0,0.0,0.0,0.0,0.0,0.0,0.0,0.0,0.0,0.0,0.0,0.0,0.0,0.0,0.0,0.0,0.0,0.0
2023-08-25 23:00:00,0.0,0.0,0.0,0.0,0.0,0.0,0.0,0.0,0.0,0.0,0.0,0.0,0.0,0.0,0.0,0.0,0.0,0.0,0.0,0.0,0.0,0.0,0.0,0.0,0.0,0.0,0.0,0.0
2023-08-26 00:00:00,0.0,0.0,0.0,0.0,0.0,0.0,0.0,0.0,0.0,0.0,0.0,0.0,0.0,0.0,0.0,0.0,0.0,0.0,0.0,0.0,0.0,0.0,0.0,0.0,0.0,0.0,0.0,0.0
2023-08-26 01:00:00,0.0,0.0,0.0,0.0,0.0,0.0,0.0,0.0,0.0,0.0,0.0,0.0,0.0,0.0,0.0,0.0,0.0,0.0,0.0,0.0,0.0,0.0,0.0,0.0,0.0,0.0,0.0,0.0
2023-08-26 02:00:00,0.0,0.0,0.0,0.0,0.0,0.0,0.0,0.0,0.0,0.0,0.0,0.0,0.0,0.0,0.0,0.0,0.0,0.0,0.0,0.0,0.0,0.0,0.0,0.0,0.0,0.0,0.0,0.0
2023-08-26 03:00:00,0.0,0.0,0.0,0.0,0.0,0.0,0.0,0.0,0.0,0.0,0.0,0.0,0.0,0.0,0.0,0.0,0.0,0.0,0.0,0.0,0.0,0.0,0.0,0.0,0.0,0.0,0.0,0.0
2023-08-26 04:00:00,0.0,0.0,0.0,0.0,0.0,0.0,0.0,0.0,0.0,0.0,0.0,0.0,0.0,0.0,0.0,0.0,0.0,0.0,0.0,0.0,0.0,0.0,0.0,0.0,0.0,0.0,0.0,0.0
2023-08-26 05:00:00,0.0,0.0,0.0,0.0,0.0,0.0,0.0,0.0,0.0,0.0,0.0,0.0,0.0,0.0,0.0,0.0,0.0,0.0,0.0,0.0,0.0,0.0,0.0,0.0,0.0,0.0,0.0,0.0
2023-08-26 06:00:00,0.0,0.0,0.0,0.0,0.0,0.0,0.0,0.0,0.0,0.0,0.0,0.0,0.0,0.0,0.0,0.0,0.0,0.0,0.0,0.0,0.0,0.0,0.0,0.0,0.0,0.0,0.0,0.0
2023-08-26 07:00:00,0.0,0.15972473367401113,0.0,0.3451789687068713,0.04515406543019022,0.0,0.0,0.0,0.0,0.0,0.0,0.14597590580120776,0.0,0.0,0.0,0.0,0.0,0.0,0.0,0.0,0.0,0.0,0.4251912195669516,0.28453647214233113,0.31441201465410373,0.0,0.31612272937988034,0.30191843368125404
2023-08-26 08:00:00,0.4258249201405719,0.46237974259371756,0.40253367905440207,0.44827828161522204,0.21122241946875286,0.30627533996886447,0.41175290582369556,0.45590428734159066,0.37195344446991485,0.4254575037605448,0.42867406342500713,0.4982824602744755,0.4062051899360911,0.46479319871809655,0.3809453858022753,0.266588538629311,0.27133382628746877,0.4443137892460251,0.2147871978870076,0.4660572771106677,0.4649611467885107,0.4508886108198557,0.6180219131883559,0.42281381307994464,0.5034169504941555,0.38629310141980194,0.5126753174207861,0.45788810877456326
2023-08-26 09:00:00,0.5973581121516798,0.6259862006111255,0.5395093202824321,0.6071199329525417,0.3187549305267827,0.43198967656082665,0.5358932425908945,0.5988586385268785,0.5511986122083519,0.5676957243457359,0.5647747311562006,0.6453163605849923,0.5892026668798787,0.6164801641874148,0.582628243472917,0.4827176662758802,0.38469887269901654,0.6050596562803138,0.32000822088595654,0.6158737875426997,0.6166259064432835,0.6009573056844804,0.7129271885636582,0.5973897695155145,0.6332325066189662,0.5407202339949111,0.6482996852648822,0.6056181901972213
2023-08-26 10:00:00,0.6960664693242125,0.7177989242063428,0.6658135032554688,0.7205591373922999,0.4161015164515847,0.5617192004077037,0.6370149716121204,0.6827584856389124,0.654020864022019,0.680458542202927,0.6785079085780088,0.730323922135812,0.6901957187640815,0.6884206666052748,0.6712556378081634,0.6186488026835848,0.5469669874206577,0.6982303684892156,0.48832403416817927,0.6852216176886204,0.6889559487226696,0.7078146272291247,0.7581154505347386,0.6762124027568993,0.7016294606760914,0.6483352008410851,0.722622437973402,0.6969598293814823
2023-08-26 11:00:00,0.7376900793160279,0.7538502370864222,0.7176612002894102,0.7573352453468861,0.509230847434871,0.6369650215969936,0.7033702516151302,0.725388334374788,0.6954910415313696,0.7268881378604579,0.7255139187677153,0.7702307754263346,0.739705445933402,0.7271058697280813,0.7195113620370783,0.6978768599532396,0.6327020883515496,0.7379953467215993,0.5729997042289232,0.724911520352925,0.7279416021943005,0.7499124032814038,0.7820062441520476,0.723758690579733,0.781934650899774,0.6998965703883208,0.7710615994389458,0.7361149478576309
2023-08-26 12:00:00,0.7405818403001356,0.7372130560129214,0.722726102240592,0.7725220035420638,0.6069240837488276,0.6666554595207089,0.7458575043565466,0.7436971208481816,0.7413364727458127,0.746381136453849,0.745639426366632,0.74879246619797,0.761066861280517,0.7445645467402168,0.7490595063788178,0.7358033107825424,0.716793087146172,0.7307854658014291,0.6378957806105372,0.7413095300306168,0.7453043581028362,0.7315682721254388,0.7815630101463342,0.6617170096719073,0.6562263528413146,0.7340589381418361,0.654575726052996,0.709136279751318
2023-08-26 13:00:00,0.7593019578580874,0.7451925030123374,0.7329803843028354,0.7716682260067876,0.6004113387240662,0.6939731572329937,0.7508144979936593,0.7547711892923754,0.7649352146523074,0.7575397197527998,0.7554420612414721,0.7565550968135317,0.7765300742278779,0.7578599539248398,0.7632722375486163,0.7549856493853101,0.7326826587064597,0.7493554968725489,0.6712131307952233,0.7542943217475684,0.7590475169078412,0.7503969466419808,0.7479178016977127,0.7263358238390102,0.7023163076908147,0.7397138588396509,0.7156592679161793,0.720024918834918
2023-08-26 14:00:00,0.7186001345746924,0.7326576108362337,0.7000122370221354,0.7716187757985693,0.6067882317515688,0.7029032360267072,0.751601381694846,0.7500086868605585,0.7657989523131278,0.7570576519327796,0.7495210672226684,0.7080291756921729,0.7781774719630054,0.7573065450894779,0.7604875960391473,0.7562798073693793,0.7389404316282946,0.6953226992529391,0.6863989525791077,0.7545829209978729,0.7589190575100186,0.6811405888379242,0.7209082474270179,0.7210880803583614,0.6885902155017306,0.7455106039982787,0.698785216394029,0.7247135117124321
2023-08-26 15:00:00,0.6728488674115499,0.7229519982294644,0.673212026177909,0.7430695423934502,0.5992729175894124,0.700545950152519,0.7373176685200816,0.7433923603757472,0.7684002129957431,0.7535586044885725,0.7441520717816376,0.5858663754550597,0.771441771860917,0.7501010368023627,0.7542957105972449,0.7470006988886628,0.7246321434630019,0.633288425777161,0.6745981931848134,0.7524992080661705,0.751817922065656,0.5978832158905126,0.6612284107121676,0.7260770239418133,0.6918760883011218,0.7302406939254372,0.7210778849010987,0.7134657742262426
2023-08-26 16:00:00,0.6360376601651541,0.6901418364983388,0.6447601439407483,0.6268610383963386,0.5809724959494805,0.6510449897227618,0.7120570752219888,0.729694424464881,0.7510280693023258,0.7373512104205504,0.7297386660681656,0.43094987423986697,0.7534703849133375,0.7323347825304697,0.7390321863852773,0.7404727462771458,0.7188959194432019,0.5319375802192834,0.6645923642903676,0.7455097249545326,0.7341643239684096,0.5339561052003242,0.6224609399144798,0.6565033245550299,0.6617993936536871,0.6957122160374947,0.726587248180317,0.6417426146818296
2023-08-26 17:00:00,0.6249593751978679,0.6771825099047265,0.6034534055356098,0.5850782869502172,0.525501747305988,0.6147591157365366,0.6498446800340433,0.688915497724414,0.7202425608389974,0.699105761202479,0.6883594924327537,0.45625910956368787,0.7218790711349773,0.6898091096856311,0.7106268636607324,0.7143418403256298,0.6875082224097704,0.5579491392079704,0.6359434160816175,0.7112846305912635,0.6904216038393595,0.5491304757819677,0.5884684613302358,0.6373837770246453,0.6576341104635601,0.644047066754667,0.7020456202505319,0.6374752085322608
2023-08-26 18:00:00,0.5928548215657921,0.6306330670288042,0.587305818718845,0.602514295728517,0.4831618787066509,0.5799249821323152,0.6201330006382504,0.6327393053837852,0.664005742033186,0.6498382501738448,0.6423336813892577,0.48775942340700384,0.6670293857704213,0.623242640662234,0.6631018018304821,0.6515746889819551,0.640848019644232,0.5713354304675783,0.6020958966934249,0.6439883246907969,0.6229504556005151,0.5406966892185675,0.573050216756706,0.59460959233805,0.6015270398773948,0.6016787489560531,0.6381006702570955,0.5911859605262331
2023-08-26 19:00:00,0.5233132417010806,0.5336012977377956,0.534176774867312,0.5476677619835458,0.46611915412658517,0.5309046317987396,0.505033673169018,0.5352428313244859,0.5601905881197786,0.546605554849475,0.5413427208428497,0.48247109015603407,0.5666568927755363,0.5314736993960684,0.5869217755168892,0.5672634645407447,0.5880482481119337,0.5118156581498868,0.5300387028349831,0.5332415768865576,0.5316506067094168,0.48921392117723705,0.4710171241153131,0.534133900703509,0.47846945229380017,0.5447189878049963,0.5371743577381352,0.5291090725827057
2023-08-26 20:00:00,0.38970536805083933,0.40330679224250976,0.3659315630865889,0.3666086595818584,0.42555790011110284,0.42263505930159484,0.3262764426291857,0.36043790902936207,0.37605575701042315,0.3665853011620107,0.36648710614446023,0.3813896369720278,0.3782187308435204,0.3545447248680291,0.43240071858672424,0.3786026222495841,0.447853646050494,0.37898905265227995,0.39230817457604994,0.3557956886624727,0.3543698369743582,0.37831302871173816,0.11119405147652786,0.3649785730729984,0.35269281909564093,0.4345817102632578,0.37236823487348686,0.35945800686380497
2023-08-26 21:00:00,0.0,0.0,0.0,0.0,0.24202714355684868,0.22583305907518728,0.0,0.0,0.0,0.0,0.0,0.0,0.0,0.0,0.0,0.0,0.2910039987465867,0.0,0.22218233092210346,0.0,0.0,0.0,0.0,0.0,0.0,0.142329094149861,0.0,0.0
2023-08-26 22:00:00,0.0,0.0,0.0,0.0,0.0,0.0,0.0,0.0,0.0,0.0,0.0,0.0,0.0,0.0,0.0,0.0,0.0,0.0,0.0,0.0,0.0,0.0,0.0,0.0,0.0,0.0,0.0,0.0
2023-08-26 23:00:00,0.0,0.0,0.0,0.0,0.0,0.0,0.0,0.0,0.0,0.0,0.0,0.0,0.0,0.0,0.0,0.0,0.0,0.0,0.0,0.0,0.0,0.0,0.0,0.0,0.0,0.0,0.0,0.0
2023-08-27 00:00:00,0.0,0.0,0.0,0.0,0.0,0.0,0.0,0.0,0.0,0.0,0.0,0.0,0.0,0.0,0.0,0.0,0.0,0.0,0.0,0.0,0.0,0.0,0.0,0.0,0.0,0.0,0.0,0.0
2023-08-27 01:00:00,0.0,0.0,0.0,0.0,0.0,0.0,0.0,0.0,0.0,0.0,0.0,0.0,0.0,0.0,0.0,0.0,0.0,0.0,0.0,0.0,0.0,0.0,0.0,0.0,0.0,0.0,0.0,0.0
2023-08-27 02:00:00,0.0,0.0,0.0,0.0,0.0,0.0,0.0,0.0,0.0,0.0,0.0,0.0,0.0,0.0,0.0,0.0,0.0,0.0,0.0,0.0,0.0,0.0,0.0,0.0,0.0,0.0,0.0,0.0
2023-08-27 03:00:00,0.0,0.0,0.0,0.0,0.0,0.0,0.0,0.0,0.0,0.0,0.0,0.0,0.0,0.0,0.0,0.0,0.0,0.0,0.0,0.0,0.0,0.0,0.0,0.0,0.0,0.0,0.0,0.0
2023-08-27 04:00:00,0.0,0.0,0.0,0.0,0.0,0.0,0.0,0.0,0.0,0.0,0.0,0.0,0.0,0.0,0.0,0.0,0.0,0.0,0.0,0.0,0.0,0.0,0.0,0.0,0.0,0.0,0.0,0.0
2023-08-27 05:00:00,0.0,0.0,0.0,0.0,0.0,0.0,0.0,0.0,0.0,0.0,0.0,0.0,0.0,0.0,0.0,0.0,0.0,0.0,0.0,0.0,0.0,0.0,0.0,0.0,0.0,0.0,0.0,0.0
2023-08-27 06:00:00,0.0,0.0,0.0,0.0,0.0,0.0,0.0,0.0,0.0,0.0,0.0,0.0,0.0,0.0,0.0,0.0,0.0,0.0,0.0,0.0,0.0,0.0,0.0,0.0,0.0,0.0,0.0,0.0
2023-08-27 07:00:00,0.0,0.19118116630586374,0.0,0.2677394001606897,0.034852195023512195,0.0,0.0,0.0,0.0,0.0,0.0,0.10475389526150007,0.0,0.0,0.0,0.0,0.0,0.0,0.0,0.0,0.0,0.0,0.4211780824739294,0.3748352912914153,0.4055409499543876,0.0,0.38363008311593055,0.3659353972438826
2023-08-27 08:00:00,0.4370383034864421,0.4999766063082717,0.34452100315210504,0.5070759217858412,0.2548868737393376,0.10654605615360146,0.323435966667912,0.4278197862466355,0.32412127978417954,0.4206961002450599,0.4092329925469732,0.5178141431524509,0.3816380834658414,0.4501034885180164,0.35937158481207365,0.27223367064779225,0.1692839372994452,0.45601290435015907,0.12563929122777767,0.4582952241746496,0.44935833841534367,0.48239321023542964,0.6127605777692531,0.5319671058783474,0.5837705479304021,0.2523876185734771,0.5623414636081954,0.524355795107561
2023-08-27 09:00:00,0.5957449560411839,0.632424466354727,0.44840961996421075,0.6340661713393171,0.3874508729226109,0.22535671951426375,0.4588148499816819,0.5762191711061062,0.46873250955442514,0.5673759244193128,0.5507771440571516,0.646084726085696,0.5359588210567076,0.6103126692657779,0.5294160866051167,0.4436693497613574,0.2890947500160763,0.6081071065245526,0.27740650979803205,0.6100678246264832,0.6100525425417476,0.632162724590431,0.7090772219909556,0.6591473736210682,0.6994456381190681,0.38858176881176626,0.6819705740034088,0.6517226197507622
2023-08-27 10:00:00,0.6882403889257385,0.7162015834993852,0.594844027590328,0.7137206883109654,0.5300947220413992,0.3810359488802651,0.6115617611247955,0.6656170409729003,0.6166378221214964,0.6655601165617302,0.6592885897608031,0.7358573238035291,0.6659408485607493,0.6741350126128902,0.6777104423651986,0.6112471280014538,0.4537280826719541,0.6886037582439948,0.4606793651126083,0.6818308128795812,0.6738860363118897,0.7074952449668787,0.7539242726964916,0.7321548554855817,0.7649910669588906,0.5481400436913085,0.7456913966396537,0.7229269972797129
2023-08-27 11:00:00,0.7368245218504128,0.7597518247267336,0.6391647439530153,0.7460393641172701,0.6158001817777699,0.5420458058895484,0.6530984017948729,0.705994524891392,0.6565443523823162,0.7004131145895091,0.6906491959234399,0.7670307919953244,0.70206111360582,0.7314370634795946,0.7216761433094822,0.6637647959418358,0.5699397364048331,0.7374736099150874,0.5895403681798896,0.7222149089899632,0.732989315617137,0.7475321144951202,0.7768272440717519,0.7625870780268416,0.7902331433276395,0.6591117354039239,0.7739243528905169,0.7546421684264967
2023-08-27 12:00:00,0.7556213057611891,0.7747765504277213,0.650295775698123,0.7596156485984928,0.675140369967766,0.6571795490441146,0.678696890581277,0.7231736469941414,0.7334052131461084,0.7235462602602525,0.7128058765255694,0.7824581333052321,0.7593880351991233,0.7402045162178355,0.7453127766534772,0.7255472694488627,0.5744689516852951,0.7546411935611445,0.6539155789210203,0.7452019251271591,0.7416313542463957,0.765800578273354,0.7871618754986967,0.7744851001327334,0.8018941449543331,0.7363390737563498,0.785412349013735,0.7657587233415416
2023-08-27 13:00:00,0.7628867966697681,0.7776348818013742,0.6753852592704385,0.7649153331230255,0.7015015042582239,0.7147520478967123,0.6932895571951326,0.7415298026938512,0.7430746383183106,0.7394200257609331,0.7310623095661264,0.7880714466694225,0.7634764183684718,0.7592735197168657,0.7594523135350995,0.7396810977836953,0.5997842494494701,0.7641198375776864,0.6844325379286957,0.7549276678581066,0.7610044642329269,0.7748199002550574,0.7846591291651958,0.7756500616299118,0.8004704411121661,0.7628874689331924,0.7864745040584643,0.7670536393992111
2023-08-27 14:00:00,0.7647113895503735,0.7750113676882954,0.6681671798934317,0.7617822092804548,0.7323855338029489,0.7464144856925813,0.6802340034618473,0.7323720495443169,0.750391801878964,0.7419066870425917,0.7275302903098171,0.7857804470090388,0.7685496323766574,0.7427652450278577,0.7597622328560383,0.7372226158476519,0.6139266162249908,0.7635625151554147,0.6860448346045996,0.7533786327557476,0.7432659444983836,0.7759463884626063,0.7746914078065764,0.7702289319514758,0.7884686774186729,0.764897643485647,0.7819154413510551,0.762754994636678
2023-08-27 15:00:00,0.7585462620769543,0.7633725991956994,0.6648888192753668,0.7430001794285666,0.725555996677732,0.7463769432704643,0.6657027861222103,0.7208322574544264,0.7355500758590148,0.7384775844432349,0.7221425201236911,0.7755148187216322,0.7549547649973934,0.7230914376898981,0.7523205524192155,0.7241432187658409,0.6071771701965076,0.7543692069959054,0.6689111894927333,0.7460923882696062,0.7230412518912208,0.7677236582674006,0.7654037611594432,0.7594493141780578,0.7784542331663201,0.7600552759873717,0.7694697722739795,0.7529627054835679
2023-08-27 16:00:00,0.744468984075848,0.7439169694892114,0.649096938316103,0.7310674583369416,0.7113830434440058,0.7320307860442289,0.6496686783917939,0.7023803618585492,0.7138279120260494,0.717782456061934,0.6998799574989873,0.7573384007954522,0.733008309002518,0.7120577425787809,0.7360325408516548,0.7095682285486912,0.5988538991252158,0.7377062525405472,0.6729600344005525,0.7238276996868489,0.7126690336820516,0.7498207362796135,0.7151788634759032,0.7322970941105844,0.7347785555417029,0.7464476251597073,0.7457419628253682,0.7312502246846316
2023-08-27 17:00:00,0.7045532671575974,0.7097843167052555,0.5533848335679319,0.6930114912349752,0.680519670212319,0.695238587854482,0.5771194377363625,0.6405293369184671,0.6878898879481407,0.6670070206220837,0.6397280411641025,0.7253861449163798,0.7016842747118328,0.6500975749861087,0.6999870430659864,0.6824270765563224,0.5600488910739919,0.707655363848216,0.6240129165747107,0.6766945461748402,0.6515724600371586,0.7128829156103916,0.6779376209898266,0.7025311024558915,0.698919906204648,0.7163637828809608,0.7141437645757697,0.6992360923459211
2023-08-27 18:00:00,0.6510381806802008,0.6512463577296365,0.5228290582657356,0.6316768311546325,0.6173104888140521,0.6372027892206296,0.5736656975024741,0.6014503628817646,0.6015534244829194,0.6324104017478782,0.6154134372914676,0.6712959803692926,0.6335096760744013,0.6054170694344966,0.6373128458790711,0.6165173685694728,0.5264114636512004,0.6555864293926802,0.5630042923784493,0.6161573420726294,0.6098777488708027,0.6634543319527966,0.5809106298333071,0.6383079638577407,0.6371125563499409,0.6673782253385743,0.6555405451602685,0.6387257597421666
2023-08-27 19:00:00,0.5227386023123566,0.5646857294685548,0.43792529306163147,0.5362283790178615,0.5750688113851301,0.5431134740567826,0.5065363681553847,0.526217524734656,0.5002505313265133,0.5333202662962949,0.5329930036639605,0.5748713871675394,0.5263206153334766,0.5229656590647198,0.5680479421592557,0.5213158304005927,0.44662592568960846,0.5622877009312504,0.47927175778277764,0.5174649439602251,0.5240707915042511,0.5633404364933542,0.46187127126566463,0.5398138880442546,0.513050860624923,0.5848774018682401,0.5509868640198785,0.5351982281975446
2023-08-27 20:00:00,0.3328292567476552,0.3954052974909486,0.2571474118292205,0.3463324005261344,0.4605887516371595,0.4374298492055758,0.33988756114340396,0.3507506495034353,0.3235402643403261,0.3428648757258277,0.3490165932602168,0.3873904886262161,0.3662641156283031,0.3462673722654224,0.4209650552333882,0.39189600832431504,0.3084142322853327,0.3814120608562785,0.324586467850068,0.34043156432301336,0.3462078358966887,0.3751706096950791,0.02326418114191657,0.358611376355251,0.36393572756369363,0.45031925538364054,0.37282266830753463,0.354199326230889
2023-08-27 21:00:00,0.0,0.0,0.0,0.0,0.23747846493890654,0.2099804936600489,0.0,0.0,0.0,0.0,0.0,0.0,0.0,0.0,0.0,0.0,0.14609713727229043,0.0,0.13703929548963678,0.0,0.0,0.0,0.0,0.0,0.0,0.12856337780645416,0.0,0.0
2023-08-27 22:00:00,0.0,0.0,0.0,0.0,0.0,0.0,0.0,0.0,0.0,0.0,0.0,0.0,0.0,0.0,0.0,0.0,0.0,0.0,0.0,0.0,0.0,0.0,0.0,0.0,0.0,0.0,0.0,0.0
2023-08-27 23:00:00,0.0,0.0,0.0,0.0,0.0,0.0,0.0,0.0,0.0,0.0,0.0,0.0,0.0,0.0,0.0,0.0,0.0,0.0,0.0,0.0,0.0,0.0,0.0,0.0,0.0,0.0,0.0,0.0
2023-08-28 00:00:00,0.0,0.0,0.0,0.0,0.0,0.0,0.0,0.0,0.0,0.0,0.0,0.0,0.0,0.0,0.0,0.0,0.0,0.0,0.0,0.0,0.0,0.0,0.0,0.0,0.0,0.0,0.0,0.0
2023-08-28 01:00:00,0.0,0.0,0.0,0.0,0.0,0.0,0.0,0.0,0.0,0.0,0.0,0.0,0.0,0.0,0.0,0.0,0.0,0.0,0.0,0.0,0.0,0.0,0.0,0.0,0.0,0.0,0.0,0.0
2023-08-28 02:00:00,0.0,0.0,0.0,0.0,0.0,0.0,0.0,0.0,0.0,0.0,0.0,0.0,0.0,0.0,0.0,0.0,0.0,0.0,0.0,0.0,0.0,0.0,0.0,0.0,0.0,0.0,0.0,0.0
2023-08-28 03:00:00,0.0,0.0,0.0,0.0,0.0,0.0,0.0,0.0,0.0,0.0,0.0,0.0,0.0,0.0,0.0,0.0,0.0,0.0,0.0,0.0,0.0,0.0,0.0,0.0,0.0,0.0,0.0,0.0
2023-08-28 04:00:00,0.0,0.0,0.0,0.0,0.0,0.0,0.0,0.0,0.0,0.0,0.0,0.0,0.0,0.0,0.0,0.0,0.0,0.0,0.0,0.0,0.0,0.0,0.0,0.0,0.0,0.0,0.0,0.0
2023-08-28 05:00:00,0.0,0.0,0.0,0.0,0.0,0.0,0.0,0.0,0.0,0.0,0.0,0.0,0.0,0.0,0.0,0.0,0.0,0.0,0.0,0.0,0.0,0.0,0.0,0.0,0.0,0.0,0.0,0.0
2023-08-28 06:00:00,0.0,0.0,0.0,0.0,0.0,0.0,0.0,0.0,0.0,0.0,0.0,0.0,0.0,0.0,0.0,0.0,0.0,0.0,0.0,0.0,0.0,0.0,0.0,0.0,0.0,0.0,0.0,0.0
2023-08-28 07:00:00,0.0,0.14679952087388143,0.0,0.23501732997725525,0.021681076082021914,0.0,0.0,0.0,0.0,0.0,0.0,0.07204741258385224,0.0,0.0,0.0,0.0,0.0,0.0,0.0,0.0,0.0,0.0,0.4240234183505343,0.37899266575339363,0.3972804644745016,0.0,0.3814184743370377,0.37462594559384227
2023-08-28 08:00:00,0.31132224445920403,0.505505665755587,0.10829759303957748,0.48507149069184086,0.2592520746159783,0.15725495888916133,0.1615928507588947,0.2722355583058804,0.32979168928305125,0.3168666877614753,0.25290478231517743,0.5115379502259458,0.3502579752067742,0.3085666054746833,0.33168477540815383,0.29363551502576385,0.10674213934595868,0.4572216642322972,0.11260130709306272,0.4222425113063527,0.31597038485490636,0.43912939951927726,0.6164135406092869,0.524638660596094,0.5684453213280568,0.3184095535234811,0.5519604915475971,0.5198833850297225
2023-08-28 09:00:00,0.44215436006430175,0.6440450354144468,0.22079520674705005,0.6164976008402757,0.36448484085055316,0.2560614749348051,0.4127525263446441,0.5269675319293131,0.4343669752144789,0.5054616003093092,0.5003993857851649,0.6528397369119497,0.47822331499030435,0.5303545354499843,0.42694502242263593,0.4111032574678607,0.21418243831409828,0.6138383788589912,0.24501920818925776,0.6007841541844555,0.5240311776865492,0.5961432300278245,0.7093639161008461,0.6709711169915448,0.7069570547502341,0.448345846888949,0.6875779858093097,0.6581528519029267
2023-08-28 10:00:00,0.5434116321197945,0.715098648796867,0.30814700002662126,0.7114057263978906,0.46958193268485043,0.38180355931206006,0.49034997584971923,0.637240150697758,0.5477272589958793,0.6288276305490365,0.6103112944924731,0.7256094708171159,0.5978339675942436,0.6536284193137877,0.4975383903452567,0.5350223794280838,0.3750035646442705,0.6871280925332933,0.3945552666802736,0.696452177144758,0.6502536717525511,0.6920214721324256,0.752133057490853,0.7266372077147849,0.7618850873901867,0.5435209009415752,0.7434788359429392,0.7180906187166539
2023-08-28 11:00:00,0.6152206772085596,0.7490835657692322,0.45043290977517625,0.746315395369606,0.5393861898209378,0.4996261735970191,0.5723383852585884,0.6727751377183216,0.588108429313813,0.6295160535314168,0.6344540199832653,0.7584624202179212,0.644906509075651,0.6974517126154294,0.5622670331613849,0.5757723556499622,0.4971355551425787,0.7273314361704215,0.5138391578378042,0.7263542143014664,0.6942766952529955,0.7062675572058512,0.772339299572128,0.754293056735313,0.7845500927567849,0.6395801967728327,0.771529978455985,0.7462135978506864
2023-08-28 12:00:00,0.6083425113696425,0.7533929229312651,0.46845864008439936,0.7465826836375435,0.5894867938559972,0.5701470806699657,0.3210643359121667,0.4523795416026295,0.5579042963070321,0.49159683471712634,0.4155003372183338,0.7470286959551244,0.5846213209391325,0.508920082768722,0.48503703594892766,0.40692495720406524,0.5209723363367437,0.6641337333241909,0.5825814365590021,0.6848915549857505,0.5194746798742209,0.6409130833604867,0.7825323593069925,0.7669899794133417,0.7940812517228765,0.6696199417831329,0.782290449236066,0.7592898798606775
2023-08-28 13:00:00,0.6476604311817568,0.7600018587988437,0.5026442182063406,0.7649502072360356,0.6431223767236188,0.6467670906787113,0.37195031456177335,0.4565025479417422,0.6174443496399236,0.5063051323125151,0.4226833849985196,0.7790435548527571,0.6319148454934606,0.5121623470708945,0.5228834952832055,0.5243196941398397,0.5984350061768653,0.6840790874312428,0.6166064487661632,0.6688087579422992,0.5261255201510501,0.6627794643111682,0.7814996351385111,0.7692371136090982,0.7940840525939733,0.7098436580607863,0.7831126612274196,0.7612000073877705
2023-08-28 14:00:00,0.6384250854664267,0.747021190029869,0.5185631130066376,0.7684638913398678,0.6670421196727635,0.6848349317941719,0.4961738861857947,0.5332732161429042,0.6448246778925376,0.4860899325291618,0.4651406836137627,0.7691476426980907,0.6378040008781205,0.5811305996334409,0.5764559384884966,0.5737139285959101,0.621371626896268,0.6471722534924957,0.6272692551530245,0.6940278720278982,0.5862349508088688,0.6178349649938466,0.7751771881000871,0.764971673289248,0.7886779176322837,0.7177129974076741,0.7788887838993321,0.7561698984855394
2023-08-28 15:00:00,0.6368576047742852,0.7168992704902947,0.6136861683063201,0.7400676032936868,0.6666711856587488,0.7040835103604365,0.589799587449197,0.6062729706859139,0.6057541489138442,0.5882908141591061,0.5730133038280052,0.7293837491591251,0.605935697463459,0.6017830156633592,0.5800502875496292,0.6185843298772169,0.6203303570691453,0.6050386395120939,0.6113541919129253,0.6888910335025964,0.6004498168296453,0.6188272118285844,0.7549455041530455,0.7549956412919993,0.7756208673228222,0.7161318051933633,0.7668764192228805,0.7426893624663838
2023-08-28 16:00:00,0.5719415836704853,0.6933806266503965,0.608989176500252,0.6516965096590565,0.6472033257227525,0.6825192871046352,0.5815666300155865,0.5703118153094576,0.5370190376365939,0.5778399750629373,0.5652116085949053,0.6776899247582352,0.5076401911649975,0.5496014550182378,0.48494204737766156,0.4716687224105549,0.5253241062015074,0.561909337343723,0.5129277110601508,0.6405351603848901,0.5497270436078924,0.5747819852684704,0.7334169915646155,0.7202059668266056,0.7528127094282148,0.6875110229572481,0.7463553664336265,0.7174893887794923
2023-08-28 17:00:00,0.5092527325547698,0.6290575986208592,0.5392214055028196,0.5591630072326206,0.6221170959119423,0.6391867981114496,0.4297997544848004,0.44869406304877596,0.39605269585935404,0.4244187466219227,0.4107822453462605,0.5811554303330976,0.3494528084199148,0.4694577237616006,0.37021740886342797,0.35510081614340094,0.4498742852232468,0.49746091926868524,0.4633714023355506,0.5856484771080694,0.47468852763180097,0.5016963139088613,0.6589184518403446,0.6870380173892519,0.7150175584971791,0.6308941546754135,0.7133064215716666,0.6817730267570403
2023-08-28 18:00:00,0.4169516268336951,0.5255664094803117,0.4178579720008199,0.4665940745783288,0.5808470277838712,0.5639653620592435,0.3182920766528825,0.32449937483674324,0.36985174187000286,0.2551889594657445,0.266650967068704,0.5134750012902768,0.36661510482650134,0.3555836198449609,0.19545676103957157,0.3204264541306677,0.3981585321353616,0.38201849773393914,0.39501184986009913,0.41923914390379713,0.36020860178740177,0.3907824533731941,0.6255555153522651,0.5956326751907279,0.651192623180113,0.5023886817242587,0.6561264692584492,0.5815222789053751
2023-08-28 19:00:00,0.2871970292305751,0.37779809628328026,0.3895127956548446,0.3841174070628084,0.4969947726783723,0.473231263293115,0.3568220572014696,0.3596389395060626,0.25890852607986437,0.293083250461352,0.3053818475377065,0.3838938904360933,0.22197508523801956,0.3513731372491923,0.08862229699224176,0.20537422258203009,0.2991272948765836,0.18736420643866544,0.29498365920905006,0.4199652978041648,0.3502141823310618,0.2499676428907993,0.48246052087643454,0.46413883034889747,0.5261106050083805,0.38900826226163,0.548919246745125,0.42025619526893804
2023-08-28 20:00:00,0.15756069348064744,0.2385865966243072,0.21209075247941003,0.17235208131918325,0.4212206646977963,0.3369101037733944,0.23258074636323525,0.21257056991321002,0.12165243844483623,0.15086717469033475,0.18078067128926745,0.23234575782506792,0.07270511180018048,0.2057408219118268,0.03793052050502686,0.06328526072484,0.14433651605493744,0.12022070144185772,0.18552489551159396,0.23537363024913535,0.20325049391566974,0.15509250764606833,0.0,0.29358619444964795,0.2840264567507466,0.24871132595071457,0.3724686017974419,0.26786220443236936
2023-08-28 21:00:00,0.0,0.0,0.0,0.0,0.1874839778247695,0.17822499663042632,0.0,0.0,0.0,0.0,0.0,0.0,0.0,0.0,0.0,0.0,0.04370035065448245,0.0,0.06866563720978663,0.0,0.0,0.0,0.0,0.0,0.0,0.11395964424873309,0.0,0.0
2023-08-28 22:00:00,0.0,0.0,0.0,0.0,0.0,0.0,0.0,0.0,0.0,0.0,0.0,0.0,0.0,0.0,0.0,0.0,0.0,0.0,0.0,0.0,0.0,0.0,0.0,0.0,0.0,0.0,0.0,0.0
2023-08-28 23:00:00,0.0,0.0,0.0,0.0,0.0,0.0,0.0,0.0,0.0,0.0,0.0,0.0,0.0,0.0,0.0,0.0,0.0,0.0,0.0,0.0,0.0,0.0,0.0,0.0,0.0,0.0,0.0,0.0
2023-08-29 00:00:00,0.0,0.0,0.0,0.0,0.0,0.0,0.0,0.0,0.0,0.0,0.0,0.0,0.0,0.0,0.0,0.0,0.0,0.0,0.0,0.0,0.0,0.0,0.0,0.0,0.0,0.0,0.0,0.0
2023-08-29 01:00:00,0.0,0.0,0.0,0.0,0.0,0.0,0.0,0.0,0.0,0.0,0.0,0.0,0.0,0.0,0.0,0.0,0.0,0.0,0.0,0.0,0.0,0.0,0.0,0.0,0.0,0.0,0.0,0.0
2023-08-29 02:00:00,0.0,0.0,0.0,0.0,0.0,0.0,0.0,0.0,0.0,0.0,0.0,0.0,0.0,0.0,0.0,0.0,0.0,0.0,0.0,0.0,0.0,0.0,0.0,0.0,0.0,0.0,0.0,0.0
2023-08-29 03:00:00,0.0,0.0,0.0,0.0,0.0,0.0,0.0,0.0,0.0,0.0,0.0,0.0,0.0,0.0,0.0,0.0,0.0,0.0,0.0,0.0,0.0,0.0,0.0,0.0,0.0,0.0,0.0,0.0
2023-08-29 04:00:00,0.0,0.0,0.0,0.0,0.0,0.0,0.0,0.0,0.0,0.0,0.0,0.0,0.0,0.0,0.0,0.0,0.0,0.0,0.0,0.0,0.0,0.0,0.0,0.0,0.0,0.0,0.0,0.0
2023-08-29 05:00:00,0.0,0.0,0.0,0.0,0.0,0.0,0.0,0.0,0.0,0.0,0.0,0.0,0.0,0.0,0.0,0.0,0.0,0.0,0.0,0.0,0.0,0.0,0.0,0.0,0.0,0.0,0.0,0.0
2023-08-29 06:00:00,0.0,0.0,0.0,0.0,0.0,0.0,0.0,0.0,0.0,0.0,0.0,0.0,0.0,0.0,0.0,0.0,0.0,0.0,0.0,0.0,0.0,0.0,0.0,0.0,0.0,0.0,0.0,0.0
2023-08-29 07:00:00,0.0,0.09935698369573957,0.0,0.0483009467283845,0.011470524505308633,0.0,0.0,0.0,0.0,0.0,0.0,0.0,0.0,0.0,0.0,0.0,0.0,0.0,0.0,0.0,0.0,0.0,0.41739189539100396,0.33672169303823424,0.3993595735924508,0.0,0.36463277864244953,0.32904541141676097
2023-08-29 08:00:00,0.06753223391165948,0.3381706731506118,0.036977059712849626,0.12551301950201535,0.19404136631602312,0.01884110998085354,0.013603482826529312,0.014971215637498073,0.08747859750968315,0.015483364238639033,0.014968080380323733,0.11143362212216813,0.06764988657442741,0.020998386829616165,0.010669124523108817,0.027978925534166428,0.04142206581506459,0.006055340079877715,0.050890009536741575,0.009583398616371004,0.022138750350869353,0.028224109439814685,0.6095835938569076,0.4807366334256227,0.5938930026674238,0.054947823421340455,0.539691604475139,0.4531821578125114
2023-08-29 09:00:00,0.13381046828564075,0.4145584838810353,0.12053199964526867,0.18400748601248293,0.2978293220523736,0.09898431605428701,0.050715659395665996,0.060880318279634804,0.1826592886105117,0.06588222563850724,0.06386509292206632,0.10059104077900491,0.16659537600739954,0.0831613713051993,0.0566730838621296,0.10266566273843396,0.09273865234364488,0.03170666691936781,0.09418979365918986,0.0582029734456682,0.08682409812042856,0.05778876360957913,0.7024879580352437,0.5996355280828686,0.6975601697198942,0.13339493736726923,0.6576541813131257,0.6004487897918239
2023-08-29 10:00:00,0.15870860575107698,0.494685271184758,0.16814155118036,0.2571873465312033,0.3743413356655585,0.16739924101912207,0.08403636261585667,0.08108954858048491,0.24032303370031782,0.06757810061707441,0.06943590092297594,0.15335754823626502,0.20928081946271543,0.10357769635298765,0.1101478758737584,0.15387230940266278,0.10981803125886161,0.02914041703950548,0.1422512304978177,0.0684644063765137,0.10721976823921228,0.05818875942013415,0.7448557771759381,0.6844069168547843,0.7557733414164197,0.191233515773541,0.7315824051359424,0.6803219486861983
2023-08-29 11:00:00,0.22651797067595383,0.5147226860156624,0.29938572483201686,0.2803242447442884,0.4393383611711075,0.23344955239667708,0.14782093083227388,0.14011510001103208,0.29287589342988407,0.10447807395573783,0.10973254119591193,0.21308919311472135,0.27443420835594906,0.1939960920778695,0.1571505702804869,0.22259298941346722,0.19923781673158328,0.035753876814090944,0.23328687697241063,0.11646673366838607,0.20090397305397553,0.07693736705551348,0.7640271835784207,0.7099835073279867,0.775953589782138,0.20957272290733375,0.768745196233308,0.7036109620424981
2023-08-29 12:00:00,0.3197059078228039,0.3479381613411993,0.49939634385245285,0.3265684723269593,0.5053597542732448,0.25374113856123487,0.47830823796241734,0.331315416614438,0.35953805652777016,0.27654777826928706,0.3262193169587168,0.26795444688044073,0.3367439577650468,0.28314167332149626,0.15967397925897928,0.2658237567350502,0.2255234484911714,0.1309975573542387,0.22709258144745625,0.18589832409900117,0.27474824762917577,0.230108783037689,0.7740732229785062,0.5968068953891473,0.7830140078570005,0.26353190781909624,0.7761446257373704,0.5426990315828902
2023-08-29 13:00:00,0.3732148613486483,0.3402486028536797,0.5727937379219212,0.3279249485406828,0.5356531302695186,0.24431600432792508,0.4415693698565182,0.32949227823789323,0.369577696142438,0.2964136756951279,0.3357836882428171,0.35501909393916675,0.31821370193635906,0.3193946592383523,0.15986385809214387,0.23844281652508353,0.27313396694563713,0.15129563678899402,0.2637145535111551,0.25083182735560017,0.31726305460410154,0.2644032227722342,0.7739830625650409,0.5915788090530981,0.7840547235434435,0.23765881719270548,0.7745509291476604,0.5161417971333805
2023-08-29 14:00:00,0.4258295541257186,0.34047178503257036,0.6377567879979158,0.2524668818418557,0.5636406534636524,0.3117959268347409,0.4577147348623225,0.34701585237422766,0.3945613347433314,0.33996231395551707,0.37207692160905664,0.3967202668335551,0.3757825088166768,0.3454560898754877,0.21114901201607084,0.2878674474369532,0.34399596358123524,0.19310779942281311,0.3189693407050916,0.2765613808409516,0.3474972704552272,0.3329310716205779,0.7681529314149932,0.5226255713917176,0.7635089373653973,0.3177162837450068,0.758665412685802,0.4245078951852223
2023-08-29 15:00:00,0.4039174454678604,0.3397890107357395,0.6507896180523871,0.23688535805922512,0.5618536459810246,0.33588856954353175,0.5244652633541679,0.3738772275731081,0.41703028023703165,0.34297858252039015,0.42383304507041053,0.32717184731517535,0.389306828108751,0.322116016304548,0.19889211232101825,0.33763767169874964,0.33060077680477723,0.16615894768094838,0.29372641150635004,0.19273059708410484,0.31290222375125604,0.3106409254123776,0.749521907978429,0.4771503839280887,0.7368681956018766,0.3418846166214736,0.7089682729106811,0.40070613274279926
2023-08-29 16:00:00,0.3763982359599728,0.3186420688611097,0.6233602530430784,0.18396940412323043,0.5396737104435058,0.33822407732229237,0.52725424237894,0.3527909972747382,0.45192462448633064,0.3069782089566584,0.3928375467097525,0.2031810731555805,0.4161077753118543,0.3094903617971172,0.20510453069031317,0.355996169631858,0.31298358683100935,0.13836758559299941,0.2598923146486566,0.16377349929095064,0.3032699717386904,0.22831772483002644,0.7059060582961681,0.3147849507441483,0.6473992575837121,0.33643046026194184,0.622218940789466,0.2852762373470149
2023-08-29 17:00:00,0.32602332076050533,0.2501071322872797,0.5794006738353074,0.14761349075765826,0.49234076769145757,0.2655609642094917,0.5979107125410036,0.42918042247221583,0.40969939517068577,0.29321728198691027,0.40611406130696526,0.1112859503215365,0.3899970599368776,0.3642254205811826,0.15403671814790482,0.2777148148960878,0.2310599507152871,0.15991374641011855,0.20348168052048698,0.21530845102941454,0.3488359602520257,0.15217553036733356,0.585846151766431,0.1851346249481699,0.5238322665034116,0.27847119787352936,0.5312866103679131,0.19918414869092535
2023-08-29 18:00:00,0.30484663347665863,0.16935222169199546,0.4785376879751465,0.07703037103181963,0.4269521998104222,0.24545166098570517,0.4719643671489584,0.3433817360362827,0.4137148879698338,0.26696467646790467,0.3485329487652618,0.06758203352841838,0.40230790536453176,0.30076355895430235,0.25452029122544345,0.3291298682582507,0.21924021091635912,0.17198704667602013,0.17624129389455886,0.14502208204286238,0.2891847577355379,0.14394644953723243,0.4027047566580976,0.1330572823273266,0.31680659406544587,0.26817950196360363,0.3756791941073894,0.14676103469123591
2023-08-29 19:00:00,0.24529976548712767,0.07305651133661525,0.3797496486783223,0.057415010023118024,0.3355154466565699,0.15919691233684294,0.42125741061541255,0.3049890018558628,0.3270193560065123,0.2355264075321467,0.3071676198758759,0.08265162331367401,0.32051361647635324,0.2446578982758358,0.19393222306711605,0.2479869618292463,0.15949428380518352,0.15286196776859687,0.1283186234261861,0.11065264969473573,0.22993948649205093,0.12902131192192498,0.23881568339727313,0.04720693845844686,0.1858581744700283,0.19454545921155925,0.2331549661668623,0.047353903716663016
2023-08-29 20:00:00,0.17288000175314586,0.030733664623251666,0.24284781086685842,0.010258576245057069,0.21926928521966635,0.08041753043168638,0.24256975880573614,0.20334969569883143,0.25372551408841104,0.1492777160285535,0.19307023984247934,0.01105746600661024,0.23954597481389142,0.18348763493674813,0.09739880951570591,0.21352324447091917,0.09922515913736864,0.11108926523634155,0.05283733584606278,0.11750538626796919,0.176706300031148,0.07530176482001216,0.0,0.022807438692986667,0.08229088892805346,0.11611817036695839,0.11563699409436652,0.03427754253725769
2023-08-29 21:00:00,0.0,0.0,0.0,0.0,0.07051056920393245,0.01961309138546129,0.0,0.0,0.0,0.0,0.0,0.0,0.0,0.0,0.0,0.0,0.0025618496786777335,0.0,0.0023866782466979474,0.0,0.0,0.0,0.0,0.0,0.0,0.005498706392807937,0.0,0.0
2023-08-29 22:00:00,0.0,0.0,0.0,0.0,0.0,0.0,0.0,0.0,0.0,0.0,0.0,0.0,0.0,0.0,0.0,0.0,0.0,0.0,0.0,0.0,0.0,0.0,0.0,0.0,0.0,0.0,0.0,0.0
2023-08-29 23:00:00,0.0,0.0,0.0,0.0,0.0,0.0,0.0,0.0,0.0,0.0,0.0,0.0,0.0,0.0,0.0,0.0,0.0,0.0,0.0,0.0,0.0,0.0,0.0,0.0,0.0,0.0,0.0,0.0
2023-08-30 00:00:00,0.0,0.0,0.0,0.0,0.0,0.0,0.0,0.0,0.0,0.0,0.0,0.0,0.0,0.0,0.0,0.0,0.0,0.0,0.0,0.0,0.0,0.0,0.0,0.0,0.0,0.0,0.0,0.0
2023-08-30 01:00:00,0.0,0.0,0.0,0.0,0.0,0.0,0.0,0.0,0.0,0.0,0.0,0.0,0.0,0.0,0.0,0.0,0.0,0.0,0.0,0.0,0.0,0.0,0.0,0.0,0.0,0.0,0.0,0.0
2023-08-30 02:00:00,0.0,0.0,0.0,0.0,0.0,0.0,0.0,0.0,0.0,0.0,0.0,0.0,0.0,0.0,0.0,0.0,0.0,0.0,0.0,0.0,0.0,0.0,0.0,0.0,0.0,0.0,0.0,0.0
2023-08-30 03:00:00,0.0,0.0,0.0,0.0,0.0,0.0,0.0,0.0,0.0,0.0,0.0,0.0,0.0,0.0,0.0,0.0,0.0,0.0,0.0,0.0,0.0,0.0,0.0,0.0,0.0,0.0,0.0,0.0
2023-08-30 04:00:00,0.0,0.0,0.0,0.0,0.0,0.0,0.0,0.0,0.0,0.0,0.0,0.0,0.0,0.0,0.0,0.0,0.0,0.0,0.0,0.0,0.0,0.0,0.0,0.0,0.0,0.0,0.0,0.0
2023-08-30 05:00:00,0.0,0.0,0.0,0.0,0.0,0.0,0.0,0.0,0.0,0.0,0.0,0.0,0.0,0.0,0.0,0.0,0.0,0.0,0.0,0.0,0.0,0.0,0.0,0.0,0.0,0.0,0.0,0.0
2023-08-30 06:00:00,0.0,0.0,0.0,0.0,0.0,0.0,0.0,0.0,0.0,0.0,0.0,0.0,0.0,0.0,0.0,0.0,0.0,0.0,0.0,0.0,0.0,0.0,0.0,0.0,0.0,0.0,0.0,0.0
2023-08-30 07:00:00,0.0,0.029638229095712752,0.0,0.0,0.0008655209137623655,0.0,0.0,0.0,0.0,0.0,0.0,0.0,0.0,0.0,0.0,0.0,0.0,0.0,0.0,0.0,0.0,0.0,0.0016231388503873173,0.15037012950488987,0.1429242553923238,0.0,0.19095367832558288,0.13855705678079036
2023-08-30 08:00:00,0.11509169744396745,0.17883019502642264,0.11070689505235176,0.034961690216358594,0.05601128137203642,0.04571572387673596,0.07254376852678926,0.18699833551894204,0.10615417578045803,0.2659285453097969,0.19600577137374614,0.06077992585227902,0.1154484815236635,0.2091721659989615,0.10802202252686703,0.07448364910680025,0.007426509876852468,0.16433101718872015,0.028057176747682412,0.22127755053461196,0.21717977721644546,0.16782412449277176,0.020587009710700866,0.2691009371788799,0.1981761470308455,0.05235372615705797,0.3123901522267137,0.258370521328801
2023-08-30 09:00:00,0.25632218219632696,0.389418114668029,0.20117843699447466,0.12371241394344352,0.10435348001280138,0.11777641131733539,0.16900868892260243,0.33209942057498504,0.22843422179348508,0.37791276740051116,0.2984605915243721,0.2160356803985535,0.2520478724887158,0.39012194880186146,0.2538169444204808,0.1683632045823908,0.03099561506222342,0.3380490676139822,0.04848739958650859,0.43179315221367753,0.40193930327088234,0.2965329242309918,0.05365759842401159,0.36282190522270497,0.24617819306991215,0.16385328429312182,0.4276078697669334,0.38548483581855436
2023-08-30 10:00:00,0.39348322608057174,0.48307596486312965,0.39851214249564154,0.2043817418623542,0.14700915095906794,0.1515176910121086,0.4214062005981252,0.5338104227478793,0.3218337598928991,0.5024204232645801,0.4953393111407788,0.3568717389010285,0.4003900476131886,0.5792723982576755,0.36626720244853056,0.2927991402380153,0.12121121895296379,0.4158403051477782,0.09865581163569662,0.5479178271326227,0.5809918645183442,0.43213980835409177,0.08955458246225523,0.3055057925200484,0.2621096892181962,0.1959716887528958,0.4772503296021042,0.3527621121776396
2023-08-30 11:00:00,0.4545457580116462,0.5729797894021369,0.4080366991812338,0.2900834355586092,0.19675802409113965,0.21711185500341015,0.5309438697789911,0.6409830747242621,0.3255289306415072,0.5575051178249724,0.5586202309737849,0.44048564732743106,0.36153352861494836,0.6907342934472849,0.30271961057385816,0.22954933606175817,0.09194211090112293,0.5267068096254135,0.08368340647307906,0.6426681483310084,0.6903888677904247,0.5368081748190687,0.19335154919234773,0.3250211758987971,0.3143876864499306,0.2656018837053586,0.5002585931823336,0.37918370359197173
2023-08-30 12:00:00,0.4865994513720868,0.5647329703361159,0.47590409728437355,0.2933714438519535,0.2517689116348141,0.2736450722002492,0.48407319742378735,0.608188752652341,0.3539672525671649,0.5585141591597192,0.5430337204321264,0.3744083050512177,0.3818542284606001,0.6438800564862853,0.3411169707262217,0.3422640239883705,0.16072393247273695,0.47309325698916754,0.1415002816079733,0.6557925141978804,0.6467535844243697,0.49840982091193514,0.2451717772324877,0.32718019266514986,0.3793386083670418,0.22436997883095466,0.49173051454808614,0.36960697648758317
2023-08-30 13:00:00,0.4765450195416916,0.5890822725117222,0.568198320200382,0.36187667287922126,0.2577847281475056,0.290353153015639,0.47677289290938446,0.5557464738236438,0.30815367487878303,0.5875303403022373,0.5309410033717756,0.520150463421104,0.381524076880657,0.5875656270524008,0.24448738374278253,0.3483232233682361,0.18137679603923673,0.4893779941286689,0.17217897637935012,0.6225617204953041,0.597248569172281,0.6072593152903336,0.22568090640809987,0.33134466053823974,0.38935916693842354,0.23527673072054356,0.4846168959477108,0.41425437815217725
2023-08-30 14:00:00,0.4329083693887005,0.5634894479560844,0.4427785734834214,0.33378840835676066,0.279767006112408,0.3271249136301493,0.42191864231314274,0.457145164613906,0.2620511107492102,0.5062720680575022,0.4340497888232269,0.5150445819984709,0.28086927129454375,0.5014756402672319,0.2757487888963495,0.26158612470103165,0.2107876887457931,0.4521312391680925,0.18340123487182808,0.535780488189742,0.5175350188100174,0.5607870378495736,0.28077804729770417,0.3231558787538927,0.3378762057742018,0.2903441516953113,0.4056953481670502,0.3572025299550248
2023-08-30 15:00:00,0.36553400150680704,0.5552271736901193,0.3584316544597875,0.37985367683332555,0.25476346613966555,0.25279434907989773,0.4700539024394476,0.4924849638010495,0.23940202814232742,0.49798739619749355,0.4321415962293337,0.5318004383424791,0.2733047878272666,0.5455751719721305,0.205118415061838,0.17666830132315087,0.1858539657614358,0.36667677643895363,0.15313526960424015,0.5730536089929503,0.5595468528158833,0.5231337756916289,0.21161446621426738,0.32578658162327057,0.31242762487057685,0.25359485866272785,0.3683064961573534,0.32100587574038264
2023-08-30 16:00:00,0.3138472734417597,0.5042092506506345,0.2863288406314648,0.4402110685294502,0.2338062023491258,0.2682788794604077,0.34075472441698884,0.34200547817672167,0.15815708005825657,0.3095613567863187,0.2612099028964032,0.5375937004966764,0.1728926603292239,0.4404446958227597,0.18277063407013142,0.12984217277178742,0.20278935208997712,0.39146368549498173,0.17974596723386446,0.46827422215134423,0.4595446993522955,0.4412307649245509,0.17556927975250283,0.2981260839434811,0.245612803100442,0.21563394145405937,0.270908502477983,0.30547392115546934
2023-08-30 17:00:00,0.20143681747122527,0.37711469326939523,0.2263159394995759,0.389776990575974,0.20574688336594193,0.2129078425496353,0.3493666028286755,0.3281386647974582,0.07555845034857267,0.24256726425412564,0.23690263133025732,0.4565623178253132,0.07253122248482058,0.412714880949702,0.08148242633494086,0.053205058233250335,0.18006307010335565,0.2712637742889488,0.17596817339059345,0.4039445553562292,0.4258242549727736,0.30227287683149506,0.12564946352104123,0.35249750463666496,0.10850740368571508,0.2146957157001981,0.23118966080565267,0.42179256105840546
2023-08-30 18:00:00,0.13468314717605379,0.328227884608033,0.16155697541368988,0.3253198069570274,0.14655958047370676,0.15412732155086206,0.3136667936647173,0.2607545594949121,0.039036733321874205,0.15534451951115863,0.2017887571849293,0.3481632980330434,0.03989974843504953,0.31883453183501004,0.03882212490164392,0.026361122488964432,0.11327433221283138,0.13596240246651323,0.126201655815975,0.23898272720225827,0.32331109095732213,0.19777927119897207,0.05143874002588512,0.30052025911265573,0.08326981724808034,0.13905728701061795,0.22429166726159686,0.3477555891698389
2023-08-30 19:00:00,0.04167425689620362,0.18935042754266296,0.0425847108518402,0.28192648464197795,0.13532636817551322,0.11607549216353603,0.17598718141149036,0.20013798051914453,0.010448944741416187,0.11117795804638876,0.15034204959410097,0.20103225721767493,0.007568176290888716,0.2104018802749092,0.017577910314318428,0.007113581465079785,0.07371247529102416,0.03826708983278621,0.08063995467964259,0.15919436123643918,0.20357235503319052,0.08825933416224667,0.020006049784955484,0.2534680975137556,0.05530789801453233,0.12248157036845665,0.15134735958022916,0.29027052040262735
2023-08-30 20:00:00,0.008439433580006546,0.0720898772393697,0.00031880220808565274,0.10422419000901724,0.10191744070017908,0.07715416674379771,0.009406799896547502,0.05630110192723158,0.0024947373608872115,0.01946622946810429,0.01485106391283744,0.049266060587036344,0.0003538970252684222,0.09871764828251567,0.0022751454162342278,0.00025099165399831774,0.02791470211284745,0.012488739281735295,0.06887515535890044,0.122466329310677,0.10458582235399745,0.020296004831512744,0.0,0.14199203563672852,0.028731647665672364,0.07401098471900334,0.09126719768556865,0.17894242176254027
2023-08-30 21:00:00,0.0,0.0,0.0,0.0,0.04002271175008049,0.04380120371481252,0.0,0.0,0.0,0.0,0.0,0.0,0.0,0.0,0.0,0.0,0.002079958577285744,0.0,0.023406618574032333,0.0,0.0,0.0,0.0,0.0,0.0,0.023866941171580894,0.0,0.0
2023-08-30 22:00:00,0.0,0.0,0.0,0.0,0.0,0.0,0.0,0.0,0.0,0.0,0.0,0.0,0.0,0.0,0.0,0.0,0.0,0.0,0.0,0.0,0.0,0.0,0.0,0.0,0.0,0.0,0.0,0.0
2023-08-30 23:00:00,0.0,0.0,0.0,0.0,0.0,0.0,0.0,0.0,0.0,0.0,0.0,0.0,0.0,0.0,0.0,0.0,0.0,0.0,0.0,0.0,0.0,0.0,0.0,0.0,0.0,0.0,0.0,0.0
2023-08-31 00:00:00,0.0,0.0,0.0,0.0,0.0,0.0,0.0,0.0,0.0,0.0,0.0,0.0,0.0,0.0,0.0,0.0,0.0,0.0,0.0,0.0,0.0,0.0,0.0,0.0,0.0,0.0,0.0,0.0
2023-08-31 01:00:00,0.0,0.0,0.0,0.0,0.0,0.0,0.0,0.0,0.0,0.0,0.0,0.0,0.0,0.0,0.0,0.0,0.0,0.0,0.0,0.0,0.0,0.0,0.0,0.0,0.0,0.0,0.0,0.0
2023-08-31 02:00:00,0.0,0.0,0.0,0.0,0.0,0.0,0.0,0.0,0.0,0.0,0.0,0.0,0.0,0.0,0.0,0.0,0.0,0.0,0.0,0.0,0.0,0.0,0.0,0.0,0.0,0.0,0.0,0.0
2023-08-31 03:00:00,0.0,0.0,0.0,0.0,0.0,0.0,0.0,0.0,0.0,0.0,0.0,0.0,0.0,0.0,0.0,0.0,0.0,0.0,0.0,0.0,0.0,0.0,0.0,0.0,0.0,0.0,0.0,0.0
2023-08-31 04:00:00,0.0,0.0,0.0,0.0,0.0,0.0,0.0,0.0,0.0,0.0,0.0,0.0,0.0,0.0,0.0,0.0,0.0,0.0,0.0,0.0,0.0,0.0,0.0,0.0,0.0,0.0,0.0,0.0
2023-08-31 05:00:00,0.0,0.0,0.0,0.0,0.0,0.0,0.0,0.0,0.0,0.0,0.0,0.0,0.0,0.0,0.0,0.0,0.0,0.0,0.0,0.0,0.0,0.0,0.0,0.0,0.0,0.0,0.0,0.0
2023-08-31 06:00:00,0.0,0.0,0.0,0.0,0.0,0.0,0.0,0.0,0.0,0.0,0.0,0.0,0.0,0.0,0.0,0.0,0.0,0.0,0.0,0.0,0.0,0.0,0.0,0.0,0.0,0.0,0.0,0.0
2023-08-31 07:00:00,0.0,0.0032780833326009062,0.0,0.02991998105287378,0.0,0.0,0.0,0.0,0.0,0.0,0.0,0.0,0.0,0.0,0.0,0.0,0.0,0.0,0.0,0.0,0.0,0.0,0.17945489438469364,0.006095875857398457,0.058871008997256745,0.0,0.0698916222211559,0.016057835553438506
2023-08-31 08:00:00,0.13093660832510415,0.1767079859668323,0.04969945016686801,0.10592917935308338,0.11336427946741888,0.058281396699335346,0.10270377288420691,0.13179995452046367,0.22905713975861444,0.16440984120726168,0.1366180181446534,0.024018525054463336,0.2245457415435667,0.11610233230063287,0.11342461251012967,0.1920475237916937,0.11285423316629543,0.08992878103718506,0.09662321241087303,0.11873572962801096,0.11633072867917504,0.09736748749100305,0.2566338713575586,0.0388189370454222,0.11351668801114022,0.07346321741737331,0.17900319855996605,0.03482989396061882
2023-08-31 09:00:00,0.27382303572138184,0.29906413727248776,0.0920034001761582,0.13875514734187966,0.16907471726504383,0.1429495240059096,0.09650836669456285,0.11674906805695179,0.3718954920154685,0.1526371292803355,0.12592350510671035,0.039975648977375815,0.3664368723103836,0.11837702549016965,0.21334338792783442,0.3437836623609923,0.23706994183927224,0.180536567788073,0.2578976958505682,0.10175331374911872,0.11989938804065892,0.12470189571231848,0.24842988238845065,0.11157382167264189,0.13399637311735926,0.14325248197552048,0.31692229069542577,0.09195612832716929
2023-08-31 10:00:00,0.403332434442867,0.38037019123007293,0.369240056608582,0.17482210208862575,0.27500071675170673,0.25946591643182276,0.18523204656408396,0.19309760891205419,0.4493303429226454,0.20034564506828226,0.207229212756499,0.0905043081929487,0.4656663354050587,0.2323518856733375,0.3573461327381655,0.40789682201298466,0.38425560761022953,0.2976370801791745,0.45105111364851774,0.16576485269761723,0.2401267242604257,0.205339371749065,0.3306035619649846,0.1804953649893033,0.18077607949102048,0.2913487458108583,0.48901547714307686,0.17805210782324885
2023-08-31 11:00:00,0.43401091732211833,0.3974988382666055,0.5571363212360365,0.23809347605155914,0.3422925585003771,0.2911515979556814,0.41996169688432494,0.47288653962984767,0.4742752505390408,0.3800264265579209,0.44416253266937866,0.14408957602586156,0.48104474806127245,0.5185367826923721,0.40326356899338966,0.47453360527501814,0.42375911546181555,0.35293366260010045,0.5338284215785585,0.42883864525395515,0.5208891527006051,0.2848014857742231,0.345485418359669,0.20895462195466113,0.1928750023971811,0.3462525313645146,0.4910854189461024,0.22214637880066718
2023-08-31 12:00:00,0.5088431155090005,0.4053226848338617,0.5807760039453177,0.27009756938420537,0.35123231715289394,0.3076081694340685,0.44364507364703115,0.4579938526728826,0.4416859533156852,0.5739810732124887,0.5447223441265527,0.2848665002675496,0.4203622294849717,0.359764090212936,0.3608489786717655,0.4575042534978422,0.4977749180198824,0.49740292316743434,0.40989286677236,0.43912984688862117,0.35047750613373013,0.4964241635359649,0.3571412046949568,0.19326617055607226,0.26027023231583646,0.3531413088100508,0.3603255658040114,0.19293699183340882
2023-08-31 13:00:00,0.5193518497496772,0.45671035239659474,0.6578839769171169,0.28692950158058167,0.3317874337319308,0.3939957236896273,0.547249867634751,0.5285524848377646,0.5083707168847399,0.6410859720327773,0.6334144273489104,0.36854632543050614,0.5009320733221775,0.43689401287649005,0.358827224688942,0.44718122002947347,0.5471202590746678,0.4814935495147778,0.5430088046250088,0.4553828515400072,0.43020302140907524,0.5513637676359758,0.2839971952912986,0.21965883763542626,0.22827601937154124,0.4375492380740039,0.349380756675047,0.23777359087517275
2023-08-31 14:00:00,0.5168963459747051,0.3762336502379836,0.5622125315586878,0.29096260709007377,0.32344470159938943,0.43736938129944697,0.4451711893931032,0.4957267080778259,0.5222237479025553,0.5712858484649737,0.5186065741205184,0.353737241105448,0.4828136184495301,0.4991515118325446,0.3207527715679071,0.3803315833885238,0.580818089074973,0.48310348073583803,0.5704228845030108,0.5580964730553635,0.5041798363110815,0.5072022516003701,0.31764496362930256,0.21649975279362435,0.2765672823281014,0.4448475379997304,0.3171665298444766,0.22561293253442186
2023-08-31 15:00:00,0.5469684004587356,0.3585569945993296,0.6505814337059955,0.30535466418719576,0.34708170734619764,0.4324363051095666,0.5649207787737975,0.5903615960632811,0.5065218444399529,0.6460235656472879,0.6180606530975052,0.2917999839778871,0.45941018233493713,0.5941401335482733,0.278887696819971,0.47738923901510977,0.5944893125798406,0.5142433561549635,0.5956234529409644,0.5908196183728738,0.597353620586661,0.48550941585591656,0.3616808182172062,0.20889773121761782,0.3045611701643958,0.3454266163797938,0.3542996215995141,0.2359422112947091
2023-08-31 16:00:00,0.5549302123846531,0.39341946886449536,0.5757355074516032,0.33278101215226435,0.3207064306974881,0.4323346732271347,0.44794134673725966,0.512735793828551,0.5091452342341112,0.5409913925319594,0.5160344462597753,0.345204494096523,0.45286457017493736,0.5575625696283815,0.3908600433888358,0.3997834045183987,0.5834279757372418,0.4639950221509492,0.5668049794906074,0.5104675557871676,0.564106422279314,0.48683975550367736,0.35048071678025144,0.17524441289043496,0.23375802019770758,0.3961093873179309,0.29679517716037196,0.19541867067435653
2023-08-31 17:00:00,0.5117985976084507,0.30598232680238324,0.59134002161494,0.25426343811002494,0.2602243929472563,0.42713399180593303,0.4658024383835577,0.5182000868907634,0.5363260952854969,0.5041273779329714,0.5221497673603576,0.3658037009537644,0.5492222389522213,0.5589349110183228,0.4694705602112649,0.5568543631294044,0.602264419556087,0.43170672919430547,0.6230217888397067,0.4044059661793134,0.5627630308939433,0.49350156704253956,0.28381567176633804,0.13049674351877627,0.20948671217436843,0.41203109784259084,0.1980638354704938,0.1341284732461911
2023-08-31 18:00:00,0.5002539748610936,0.28973733201361,0.5157680599197502,0.22318489263223776,0.25331025878017593,0.433429492831198,0.451953910711038,0.459720549509508,0.5175493251784048,0.39680552968226906,0.44407473108965834,0.3116740015886715,0.508321471642982,0.5054914601751408,0.2927264129412643,0.46649817632445056,0.563922099959672,0.5155145432980857,0.5728164349833309,0.3606148244182478,0.5067514147796566,0.42144007876873163,0.20676516684381696,0.11769313409949324,0.10254516295600347,0.44896589013285865,0.1912241449931991,0.13224512681187983
2023-08-31 19:00:00,0.41996854524795985,0.19356161883518552,0.4400898217509216,0.1947725129731986,0.24288284156969947,0.4009491616636755,0.28327960108678746,0.2696182737460706,0.4539287721552424,0.22824319668223192,0.26006352198416427,0.2645923914012697,0.43681955920682247,0.3492697147253845,0.32988125165043586,0.41345614674010533,0.4864067711459462,0.33545335915610514,0.5051145550113355,0.24785847846450743,0.3633089172112771,0.29179885405435346,0.15205406945293257,0.1058304514089167,0.04842546037060684,0.4698688861474651,0.14059259882276384,0.09527250635792382
2023-08-31 20:00:00,0.2484263854323797,0.1688397681622994,0.33835384978071803,0.21632284167203356,0.17607099374861265,0.3255620401551451,0.30445755835644867,0.29138015823621055,0.3260273720963786,0.30734819767471505,0.3177053169703632,0.15943173486542006,0.3151229213299057,0.26410208138011476,0.3626129076631758,0.34814588451219486,0.32657570218345233,0.17637333060482205,0.35712006295107773,0.21549438187194675,0.26073400663101104,0.19326428269609772,0.0,0.11401830020734016,0.023205922765622708,0.3961122416966245,0.10789456286644712,0.10016965952672564
2023-08-31 21:00:00,0.0,0.0,0.0,0.0,0.013709538646912748,0.04754668362622586,0.0,0.0,0.0,0.0,0.0,0.0,0.0,0.0,0.0,0.0,0.008380330934775372,0.0,0.011365403520445775,0.0,0.0,0.0,0.0,0.0,0.0,0.008639665697706236,0.0,0.0
2023-08-31 22:00:00,0.0,0.0,0.0,0.0,0.0,0.0,0.0,0.0,0.0,0.0,0.0,0.0,0.0,0.0,0.0,0.0,0.0,0.0,0.0,0.0,0.0,0.0,0.0,0.0,0.0,0.0,0.0,0.0
2023-08-31 23:00:00,0.0,0.0,0.0,0.0,0.0,0.0,0.0,0.0,0.0,0.0,0.0,0.0,0.0,0.0,0.0,0.0,0.0,0.0,0.0,0.0,0.0,0.0,0.0,0.0,0.0,0.0,0.0,0.0
2023-09-01 00:00:00,0.0,0.0,0.0,0.0,0.0,0.0,0.0,0.0,0.0,0.0,0.0,0.0,0.0,0.0,0.0,0.0,0.0,0.0,0.0,0.0,0.0,0.0,0.0,0.0,0.0,0.0,0.0,0.0
2023-09-01 01:00:00,0.0,0.0,0.0,0.0,0.0,0.0,0.0,0.0,0.0,0.0,0.0,0.0,0.0,0.0,0.0,0.0,0.0,0.0,0.0,0.0,0.0,0.0,0.0,0.0,0.0,0.0,0.0,0.0
2023-09-01 02:00:00,0.0,0.0,0.0,0.0,0.0,0.0,0.0,0.0,0.0,0.0,0.0,0.0,0.0,0.0,0.0,0.0,0.0,0.0,0.0,0.0,0.0,0.0,0.0,0.0,0.0,0.0,0.0,0.0
2023-09-01 03:00:00,0.0,0.0,0.0,0.0,0.0,0.0,0.0,0.0,0.0,0.0,0.0,0.0,0.0,0.0,0.0,0.0,0.0,0.0,0.0,0.0,0.0,0.0,0.0,0.0,0.0,0.0,0.0,0.0
2023-09-01 04:00:00,0.0,0.0,0.0,0.0,0.0,0.0,0.0,0.0,0.0,0.0,0.0,0.0,0.0,0.0,0.0,0.0,0.0,0.0,0.0,0.0,0.0,0.0,0.0,0.0,0.0,0.0,0.0,0.0
2023-09-01 05:00:00,0.0,0.0,0.0,0.0,0.0,0.0,0.0,0.0,0.0,0.0,0.0,0.0,0.0,0.0,0.0,0.0,0.0,0.0,0.0,0.0,0.0,0.0,0.0,0.0,0.0,0.0,0.0,0.0
2023-09-01 06:00:00,0.0,0.0,0.0,0.0,0.0,0.0,0.0,0.0,0.0,0.0,0.0,0.0,0.0,0.0,0.0,0.0,0.0,0.0,0.0,0.0,0.0,0.0,0.0,0.0,0.0,0.0,0.0,0.0
2023-09-01 07:00:00,0.0,0.044512709561928536,0.0,0.0,0.0,0.0,0.0,0.0,0.0,0.0,0.0,0.0,0.0,0.0,0.0,0.0,0.0,0.0,0.0,0.0,0.0,0.0,0.13721840661010076,0.10208439491068419,0.062320833595248384,0.0,0.24895970576348858,0.1664576283332031
2023-09-01 08:00:00,0.32372081038629497,0.44038695623987334,0.39761861149403244,0.3557311337907547,0.11520179195019924,0.07852816486347225,0.4224654739134031,0.4298763288756154,0.2942825655593827,0.4164697128201626,0.42537887953044423,0.25470708650236096,0.2910721360638143,0.4296490739677606,0.24795538461919014,0.29200463688108563,0.09328674297041259,0.28958530679280325,0.0597571433963065,0.4196127841067936,0.42999566610804957,0.318632813238687,0.20938637040545716,0.29403854248491346,0.20462793516110445,0.16689716914385663,0.4503062780754199,0.36251165965074006
2023-09-01 09:00:00,0.5017956055092634,0.613275481244365,0.5828565067874624,0.5648299557599216,0.19811878863017135,0.15362436348425262,0.5920339534976844,0.5928684249962347,0.4405746161054915,0.5684294044418203,0.585070643523414,0.4584709204391278,0.4212174341943479,0.5991845048419502,0.4877942111876143,0.4980789073387167,0.12215702387442656,0.45519753082187764,0.09910604483650061,0.5964013686053236,0.5997294565556495,0.48273881621254217,0.30005332399674506,0.4265545641057854,0.3271963565337637,0.29035694779728,0.5965845317196139,0.4797302836007071
2023-09-01 10:00:00,0.659290917934874,0.7113059634489529,0.6744799501768473,0.6967202702881031,0.30710770009272487,0.2233391983989382,0.6780008792974708,0.6753782923032422,0.5746453024601299,0.6703243473279745,0.6758234295728396,0.6515787517697326,0.5537723294135167,0.6762823805433054,0.6563857756452565,0.6346807062504316,0.21068285649820598,0.6343023617799582,0.1976512724049802,0.6683702047092284,0.6764537896714509,0.6422923187721328,0.39547529424219663,0.5724557398944474,0.4263777255089458,0.37977450789954736,0.6948950083928088,0.6087693721413471
2023-09-01 11:00:00,0.7493569710360448,0.7585309987271868,0.7245719351016857,0.7522078174272632,0.3558133844687355,0.24987328565949626,0.7250929733206842,0.7230602249638891,0.6313273382747865,0.7225076298827825,0.7246254574604087,0.7673671515139365,0.6170740192194714,0.7236385945569862,0.6972132889553246,0.6766191036138032,0.27836589570017084,0.7431593277710835,0.2504363965145817,0.7204234341021214,0.7238664888023998,0.7515692703010618,0.5139176169887781,0.6501903095966828,0.469388212817528,0.4208319065230651,0.7329426668011093,0.6700979316190112
2023-09-01 12:00:00,0.7468362943390301,0.7609180252593551,0.7460257830769126,0.6223047203398561,0.3574334755377965,0.3036879960268161,0.7533283063561583,0.7488948156069709,0.6963247449703148,0.7492951621543372,0.7483993672590974,0.729573598848466,0.6988448425024351,0.7522784893397824,0.7133256161544144,0.72903528104604,0.4709895494370045,0.7651303199191002,0.41896848283123495,0.7484717571164621,0.7530021527631535,0.7730931409048808,0.5701030416471217,0.5062929744884958,0.3269614698857747,0.4724111561542153,0.6874700477769895,0.475666403977188
2023-09-01 13:00:00,0.7697026598235494,0.7625053093037671,0.764230044929535,0.6289813563363246,0.3730139719877524,0.3719056286703728,0.7645739889660698,0.75779597405548,0.7132279271769096,0.7608944525269907,0.7577401782950555,0.7574606290131658,0.710918765311814,0.7622637871645793,0.7356361965857332,0.749122707148244,0.4499826706826724,0.7726204011390253,0.34773867755718674,0.7576185822638071,0.7631383878160566,0.7864685409589632,0.6793293556341754,0.5154027553234384,0.44706524259804764,0.5053035580066292,0.6903589304330254,0.47905700025357306
2023-09-01 14:00:00,0.7837081046687349,0.7420506471796341,0.766768006778515,0.6061167428490984,0.3935492911380517,0.4450818336464156,0.7606662899484999,0.7556672238205738,0.7573890036206834,0.7562775353954919,0.7555522410560752,0.7671870140958674,0.7585723520175855,0.7612760233278517,0.7523153797728701,0.761711677436167,0.4939216048154901,0.7753945106633298,0.4125416805818342,0.7322679967646049,0.7618508421376932,0.7874969969556324,0.7315132360544417,0.4618797943393007,0.4635947079958381,0.559180557484068,0.658674112739219,0.44558659215232344
2023-09-01 15:00:00,0.7740838602399484,0.7339689521771084,0.7563601637737388,0.6166802878805917,0.39209404713212936,0.4823529008525469,0.7393232845123778,0.7386431110945414,0.7562915995303138,0.7446303104277971,0.7376063633510171,0.7665399470607502,0.7622088689618555,0.746439438189268,0.7348921569645334,0.7530486115856696,0.45721593205735245,0.7652510337903102,0.4299256589720373,0.719515662339952,0.7477717985507863,0.7763169863920982,0.7377335397438338,0.5097749753993749,0.41487746515263874,0.5947249323470647,0.655342887487824,0.5159134005411572
2023-09-01 16:00:00,0.7491553258739632,0.705764127463246,0.7339182889020297,0.6891579858501783,0.35132964035507147,0.4813289735880436,0.7062882419669703,0.6956027574671749,0.7331905171124008,0.7016907988241882,0.7001453705751264,0.7639982846658909,0.7332183638183835,0.7074861485569112,0.7269035258231007,0.7326456106112642,0.4678136023530122,0.7421450176808194,0.44686899486046305,0.6914764253807115,0.7094019553778202,0.7451646862814661,0.7091101848640752,0.4823494571299324,0.4512874348273827,0.6112836456831314,0.6571368046456345,0.5092277666373654
2023-09-01 17:00:00,0.6988319173384399,0.6757915600892508,0.6909721670673068,0.6469190605476635,0.33723023058785856,0.5283770779111935,0.6519604907193745,0.6438751789486231,0.6934079317223015,0.6373748509271481,0.6456131473257551,0.7220938586683239,0.6882563476039292,0.662225714781622,0.7018066066860429,0.6997124527015337,0.49928064791226884,0.6925103965079384,0.4594897622885114,0.6494017788975047,0.6644262160595305,0.6861286231516144,0.6978674495728253,0.5126382670322038,0.4016969157213221,0.6108246162027372,0.6408804688775022,0.5424308277930787
2023-09-01 18:00:00,0.6122849877059956,0.6299023324565455,0.6371759609296065,0.6118737388017782,0.3171665452426461,0.43713940929598316,0.6200278016751789,0.6145288296889542,0.6505449545818077,0.6252584960306711,0.6214511726737356,0.608399914182402,0.6528599726501941,0.6158945006998829,0.6527924713208504,0.6503183274477171,0.39920503457252243,0.5783695084034273,0.3942576062083489,0.6052425818669175,0.6164929319109154,0.5862946952479801,0.614797923972112,0.49456567452445305,0.4061712847238361,0.5563123884109779,0.6043199452206206,0.4966482685252377
2023-09-01 19:00:00,0.4934681476738755,0.5346390146048158,0.5013684208491915,0.5001952812397238,0.23980235748389434,0.39110457458296316,0.4915111319398681,0.4825500818455588,0.5476375903804537,0.4751843718024135,0.4797138458922953,0.43567833492701336,0.5521904359484129,0.4867420286790469,0.5582223619473884,0.551829188090322,0.399988736175389,0.4274111656947807,0.3691591556780099,0.48019424844332187,0.4872276818930516,0.42847447205904093,0.45428103572633655,0.44357595819123485,0.36388582605417635,0.49566551375754714,0.49951564525133507,0.46227768722267143
2023-09-01 20:00:00,0.33983589131700814,0.36386774471121597,0.29389929560574934,0.31632211965929274,0.17757798865332264,0.2491899720793062,0.3067956098894956,0.30943861526659666,0.3718864741539205,0.2820152634022348,0.29998991764787397,0.2730070693440592,0.37193625190228774,0.31667453956934893,0.38128501002985116,0.3744994248628365,0.2911501355594233,0.2850559983327578,0.28794835156113374,0.2952820562403864,0.31583354675226083,0.2806729505951277,0.0,0.33604834809368467,0.03164347587772163,0.3573660652435467,0.33339576412875754,0.3464050329329702
2023-09-01 21:00:00,0.0,0.0,0.0,0.0,0.02485515690097827,0.007341497400201177,0.0,0.0,0.0,0.0,0.0,0.0,0.0,0.0,0.0,0.0,0.0033877581861601305,0.0,0.002751375676079221,0.0,0.0,0.0,0.0,0.0,0.0,0.0035414138846140927,0.0,0.0
2023-09-01 22:00:00,0.0,0.0,0.0,0.0,0.0,0.0,0.0,0.0,0.0,0.0,0.0,0.0,0.0,0.0,0.0,0.0,0.0,0.0,0.0,0.0,0.0,0.0,0.0,0.0,0.0,0.0,0.0,0.0
2023-09-01 23:00:00,0.0,0.0,0.0,0.0,0.0,0.0,0.0,0.0,0.0,0.0,0.0,0.0,0.0,0.0,0.0,0.0,0.0,0.0,0.0,0.0,0.0,0.0,0.0,0.0,0.0,0.0,0.0,0.0
2023-09-02 00:00:00,0.0,0.0,0.0,0.0,0.0,0.0,0.0,0.0,0.0,0.0,0.0,0.0,0.0,0.0,0.0,0.0,0.0,0.0,0.0,0.0,0.0,0.0,0.0,0.0,0.0,0.0,0.0,0.0
2023-09-02 01:00:00,0.0,0.0,0.0,0.0,0.0,0.0,0.0,0.0,0.0,0.0,0.0,0.0,0.0,0.0,0.0,0.0,0.0,0.0,0.0,0.0,0.0,0.0,0.0,0.0,0.0,0.0,0.0,0.0
2023-09-02 02:00:00,0.0,0.0,0.0,0.0,0.0,0.0,0.0,0.0,0.0,0.0,0.0,0.0,0.0,0.0,0.0,0.0,0.0,0.0,0.0,0.0,0.0,0.0,0.0,0.0,0.0,0.0,0.0,0.0
2023-09-02 03:00:00,0.0,0.0,0.0,0.0,0.0,0.0,0.0,0.0,0.0,0.0,0.0,0.0,0.0,0.0,0.0,0.0,0.0,0.0,0.0,0.0,0.0,0.0,0.0,0.0,0.0,0.0,0.0,0.0
2023-09-02 04:00:00,0.0,0.0,0.0,0.0,0.0,0.0,0.0,0.0,0.0,0.0,0.0,0.0,0.0,0.0,0.0,0.0,0.0,0.0,0.0,0.0,0.0,0.0,0.0,0.0,0.0,0.0,0.0,0.0
2023-09-02 05:00:00,0.0,0.0,0.0,0.0,0.0,0.0,0.0,0.0,0.0,0.0,0.0,0.0,0.0,0.0,0.0,0.0,0.0,0.0,0.0,0.0,0.0,0.0,0.0,0.0,0.0,0.0,0.0,0.0
2023-09-02 06:00:00,0.0,0.0,0.0,0.0,0.0,0.0,0.0,0.0,0.0,0.0,0.0,0.0,0.0,0.0,0.0,0.0,0.0,0.0,0.0,0.0,0.0,0.0,0.0,0.0,0.0,0.0,0.0,0.0
2023-09-02 07:00:00,0.0,0.052283924466504594,0.0,0.0,0.0,0.0,0.0,0.0,0.0,0.0,0.0,0.0,0.0,0.0,0.0,0.0,0.0,0.0,0.0,0.0,0.0,0.0,0.374935324534244,0.25499762389083785,0.3499444041636845,0.0,0.3238240950386947,0.1713034404948878
2023-09-02 08:00:00,0.3771769660988305,0.444444922629781,0.40026171252302134,0.4674510038992699,0.1428650534810703,0.1582004319396882,0.4170542991761467,0.4117261869553041,0.2617314417288381,0.4122737918309809,0.418795974705904,0.49508567021288585,0.2604595789060678,0.39723494235181706,0.12627994417771596,0.2440347982778038,0.20821953009354446,0.40159851850180445,0.1797622029507528,0.4170391743002588,0.39450123108243174,0.44246384906065606,0.5480679072834544,0.5040426006937394,0.45479384316383703,0.18812785124781226,0.5398988870653116,0.48366715515377134
2023-09-02 09:00:00,0.5752959426700304,0.5992802538230851,0.5774406161056993,0.6181375604509962,0.1889754648010932,0.2452622446771734,0.5839768491816247,0.5744388814363369,0.40649355606295556,0.5820765245859885,0.5876709059309275,0.6529272635767952,0.3835967292968676,0.5544656503489939,0.2073374208823057,0.3883269572163149,0.38164556616466544,0.5961149136734106,0.3130180145466614,0.5681637259007601,0.5514320735184636,0.6163683492407531,0.6564273268862562,0.6576698135708519,0.600772112216796,0.29722371381620044,0.6688534050621497,0.643036719365361
2023-09-02 10:00:00,0.6887709770461699,0.6867368383131921,0.6696166733731793,0.6923989189566256,0.3310201961596135,0.3678172780111831,0.6740994669507961,0.668710440404111,0.5253764021455943,0.6686612365038523,0.671218328692315,0.7261629023663259,0.49106150914109037,0.6625699323551506,0.3145874510050555,0.46685904055232474,0.4766278550539553,0.687867073669926,0.3710043390918805,0.6677847281650258,0.6613897631333757,0.7011835457321993,0.7389105303937192,0.7269880030189653,0.7392183906706791,0.44597628806949074,0.7196335392298001,0.7169823182359008
2023-09-02 11:00:00,0.7378872075814614,0.7410483728025878,0.7181498111740029,0.7366398752613363,0.4103408854348746,0.40573213942207825,0.7188644002867878,0.7131361226227518,0.5940141320366635,0.7146009046264696,0.7142521609935779,0.7630254393414215,0.571292463971621,0.7136075053639668,0.45491732169887716,0.5729028300899203,0.5486947799403094,0.7406540568822502,0.5074715446978357,0.7105020472522793,0.7137009184871704,0.7456575167863786,0.7695443007794361,0.7592242313850506,0.7807565189834452,0.527986686417822,0.7568469206349185,0.7523631039834514
2023-09-02 12:00:00,0.7553929134446624,0.7679725303995268,0.7461176809084126,0.7630440808680956,0.41772320525259876,0.4215022955860332,0.7413793568831353,0.7343330063344647,0.6869609837538944,0.7378234043767751,0.7338694941293931,0.7795281091543559,0.6866413054116252,0.7390317770639482,0.7282763509992144,0.7379226534258193,0.5754621147614223,0.7460976338763133,0.5282164943965215,0.7334020695912866,0.73996206334467,0.7626460896961378,0.7814627012953667,0.7739037868972561,0.7913215127816092,0.5816127612006186,0.7819631920770581,0.7654033739250762
2023-09-02 13:00:00,0.7639448005557397,0.7750853985163666,0.7584599281051598,0.7668496799456392,0.4601661266976945,0.5008241413252014,0.7521497006203909,0.7430464436917433,0.7287625763865812,0.7431998392037584,0.7401332056380285,0.7838926652964889,0.7328423935618923,0.7509751754549435,0.7602653452168424,0.7579295434542169,0.5959269987665939,0.7485366304043484,0.5695190873109985,0.7437007779088403,0.7522656227954135,0.7671575698018006,0.7741252795474712,0.776039956717206,0.7906477849778857,0.6163226237576709,0.7856756876098955,0.7674835051244747
2023-09-02 14:00:00,0.7659354682268664,0.7707956847724102,0.7601574602264852,0.7562789582373776,0.4199216987621377,0.48020153130937376,0.7549718105399824,0.74244268010523,0.7479428987592356,0.7458770101265544,0.740959220366762,0.7794992503544441,0.752983637766755,0.7497876666772523,0.7555622908654209,0.7606068378125376,0.5849906022278876,0.7504901693611591,0.5688536185234446,0.7438655312037599,0.7511494554431044,0.7671113463477018,0.7701521000442346,0.7684041400519016,0.7909050319069056,0.6072154537287717,0.786318233621483,0.7523472218006643
2023-09-02 15:00:00,0.7582180256339489,0.7586292612458784,0.7487353708781419,0.7402445549585082,0.4249632879617699,0.47466814770427673,0.7433129571079599,0.7310860687230053,0.7428321960284547,0.7343614559650783,0.729784031975053,0.7560785153942303,0.7507621849961055,0.7382067191868208,0.7434742050608095,0.7482445641790504,0.5296319112340204,0.7476165562221562,0.5062023875783135,0.7367110497784618,0.7394884668686975,0.7539919088227478,0.7426194823734786,0.7612774440108199,0.7835465694916505,0.608466000929698,0.7768148311944124,0.7501194054348024
2023-09-02 16:00:00,0.7399260897751495,0.7385832930605204,0.7314198984011838,0.7155967394124635,0.3838541569448576,0.4342149740878394,0.7213977722993898,0.702271985258586,0.7269349674997804,0.7135127825996964,0.7081850173507361,0.7444848108566284,0.7342901663986419,0.7019923497428722,0.7289904681224363,0.7273795421889807,0.49195426835614836,0.7229521509471478,0.43383723779602473,0.6876329903290458,0.7024865655224205,0.7375741496088327,0.6771030280948322,0.7398296957519498,0.7403563842360451,0.5706574795463314,0.7432651120592506,0.726877219563793
2023-09-02 17:00:00,0.7118412513519803,0.702497864194052,0.6963640447188694,0.6826786479329061,0.3621529951626932,0.4044534608017429,0.6877754095543461,0.6742376653254974,0.6929081261671014,0.6821280736936473,0.6767193549883073,0.7132723179675592,0.6942084496105649,0.6775314991106087,0.7026641425680518,0.6889191996888916,0.41848273659006346,0.7003900378397487,0.34034795537093365,0.6692317676523438,0.6784664712229329,0.7082535491961499,0.651453452393594,0.7021574000390213,0.7029989486591354,0.48135285157946933,0.707372082241322,0.691233576018033
2023-09-02 18:00:00,0.6515816383048754,0.6448924418998075,0.6324643204302912,0.5985596740120749,0.30771546412820727,0.3030797486938715,0.6200090886818477,0.6056509087761919,0.6439513904217922,0.6127819913654183,0.6112782684758866,0.6451378485401824,0.6418324155131865,0.607334225494185,0.6610679555979015,0.6504992682207617,0.23646872618287618,0.6429417097277473,0.21139628846739167,0.5875233309625407,0.6076251576898758,0.6467134471955178,0.5691632690445874,0.627336194521734,0.6292020157849927,0.36954575853912364,0.6395603388838611,0.6067358119647036
2023-09-02 19:00:00,0.5427491559978016,0.5269170591539377,0.5215949565791791,0.4978232894814576,0.24599488331016187,0.2252155055684293,0.5054489407540984,0.483770981093842,0.53659506119102,0.47865375662192,0.49026338195487273,0.5327881655128716,0.5419025056143403,0.481905052206695,0.5303073289012389,0.545011146263562,0.11743543943950825,0.5253071066911517,0.16601166395858263,0.46790600314823755,0.48091552610200083,0.5186199669255689,0.40296127305590496,0.5058608318754042,0.4827154769876147,0.2676836848866179,0.4942029077584663,0.4867481102463626
2023-09-02 20:00:00,0.35796584804206333,0.35068124003064727,0.338450721062817,0.3273416240819294,0.1850174037585769,0.149144167988229,0.3250541992884047,0.29340913550711384,0.3646843089998901,0.3155274597479175,0.31806763581990505,0.354354464871521,0.3708055005568198,0.2665069521568337,0.2773429862778349,0.35116660600744476,0.08613579329129498,0.3465845165248562,0.14230157853265954,0.2665153767508759,0.26339251124707697,0.34483496137261,0.0,0.3207238449907462,0.0,0.1633010775230255,0.24335638887057015,0.31995437019402806
2023-09-02 21:00:00,0.0,0.0,0.0,0.0,0.06200984401991787,0.011523157046847136,0.0,0.0,0.0,0.0,0.0,0.0,0.0,0.0,0.0,0.0,0.0,0.0,0.0,0.0,0.0,0.0,0.0,0.0,0.0,0.0066624508485385965,0.0,0.0
2023-09-02 22:00:00,0.0,0.0,0.0,0.0,0.0,0.0,0.0,0.0,0.0,0.0,0.0,0.0,0.0,0.0,0.0,0.0,0.0,0.0,0.0,0.0,0.0,0.0,0.0,0.0,0.0,0.0,0.0,0.0
2023-09-02 23:00:00,0.0,0.0,0.0,0.0,0.0,0.0,0.0,0.0,0.0,0.0,0.0,0.0,0.0,0.0,0.0,0.0,0.0,0.0,0.0,0.0,0.0,0.0,0.0,0.0,0.0,0.0,0.0,0.0
2023-09-03 00:00:00,0.0,0.0,0.0,0.0,0.0,0.0,0.0,0.0,0.0,0.0,0.0,0.0,0.0,0.0,0.0,0.0,0.0,0.0,0.0,0.0,0.0,0.0,0.0,0.0,0.0,0.0,0.0,0.0
2023-09-03 01:00:00,0.0,0.0,0.0,0.0,0.0,0.0,0.0,0.0,0.0,0.0,0.0,0.0,0.0,0.0,0.0,0.0,0.0,0.0,0.0,0.0,0.0,0.0,0.0,0.0,0.0,0.0,0.0,0.0
2023-09-03 02:00:00,0.0,0.0,0.0,0.0,0.0,0.0,0.0,0.0,0.0,0.0,0.0,0.0,0.0,0.0,0.0,0.0,0.0,0.0,0.0,0.0,0.0,0.0,0.0,0.0,0.0,0.0,0.0,0.0
2023-09-03 03:00:00,0.0,0.0,0.0,0.0,0.0,0.0,0.0,0.0,0.0,0.0,0.0,0.0,0.0,0.0,0.0,0.0,0.0,0.0,0.0,0.0,0.0,0.0,0.0,0.0,0.0,0.0,0.0,0.0
2023-09-03 04:00:00,0.0,0.0,0.0,0.0,0.0,0.0,0.0,0.0,0.0,0.0,0.0,0.0,0.0,0.0,0.0,0.0,0.0,0.0,0.0,0.0,0.0,0.0,0.0,0.0,0.0,0.0,0.0,0.0
2023-09-03 05:00:00,0.0,0.0,0.0,0.0,0.0,0.0,0.0,0.0,0.0,0.0,0.0,0.0,0.0,0.0,0.0,0.0,0.0,0.0,0.0,0.0,0.0,0.0,0.0,0.0,0.0,0.0,0.0,0.0
2023-09-03 06:00:00,0.0,0.0,0.0,0.0,0.0,0.0,0.0,0.0,0.0,0.0,0.0,0.0,0.0,0.0,0.0,0.0,0.0,0.0,0.0,0.0,0.0,0.0,0.0,0.0,0.0,0.0,0.0,0.0
2023-09-03 07:00:00,0.0,0.012640124650774109,0.0,0.0,0.0,0.0,0.0,0.0,0.0,0.0,0.0,0.0,0.0,0.0,0.0,0.0,0.0,0.0,0.0,0.0,0.0,0.0,0.2612548872022465,0.06508796940152681,0.2441545153090786,0.0,0.10755626300320728,0.03961640356397743
2023-09-03 08:00:00,0.19491853609281512,0.17753147956764864,0.27483631792708585,0.18301105466312634,0.13548056495177074,0.15056672208987165,0.2406156077550654,0.3449766511726346,0.13051202396101982,0.3669131572323583,0.3350743038997561,0.09142328772776152,0.1366529245192766,0.3653862592131877,0.2673825181909679,0.2367330311449842,0.21278468272129272,0.13947952803235408,0.22333963036764698,0.40956643468514115,0.3687670011300185,0.19298932367236732,0.37518981779620403,0.1316191114755379,0.28563031023259083,0.1376780142413545,0.2356266396438933,0.18096065461540917
2023-09-03 09:00:00,0.26525784544624004,0.26745770611127584,0.33922495380336165,0.3043299273100721,0.22358139003917735,0.23641455316861518,0.29748845146356134,0.436846035949447,0.23210751134380134,0.4682718614958977,0.40344053053929446,0.12619427259985255,0.21236957972958803,0.4843842274846122,0.2908719992486286,0.30931046739624957,0.3777521475837339,0.14360194478269597,0.35611255480314996,0.5759251484755222,0.491589617627035,0.2431411319589225,0.4496810691824609,0.28616595121780736,0.4002120455079629,0.2525105264178308,0.4046133691691858,0.29490270735254903
2023-09-03 10:00:00,0.3250020157268716,0.3722823665446798,0.42977545626517166,0.47094734110849745,0.3301236300996767,0.37741227551776535,0.41505347152597066,0.4893386173662277,0.3941695695271349,0.5219203154163026,0.4781910242637656,0.21050687327956044,0.39610013194882454,0.5182494687520919,0.4022320610288434,0.38135165611722793,0.5272383926521987,0.13857656471762142,0.4980860673301276,0.5837419726454072,0.5224425861300879,0.282001730272664,0.6003832707277714,0.3122572914879434,0.48787434077715625,0.3823658622635948,0.5098993050252578,0.3442724017302651
2023-09-03 11:00:00,0.3384499570740183,0.46280023915071833,0.5002283066174131,0.4904733854960784,0.4277720711214189,0.4009354471800736,0.49275550753038994,0.4953397370052763,0.46995762260655544,0.5095460038766899,0.5136073182483809,0.22025812389830138,0.5060367506119284,0.49088368770411417,0.43978830294044907,0.4507043715886607,0.5363845864429302,0.10650171851245215,0.5365771650065573,0.4071501216902902,0.48860708889626553,0.2679509907498785,0.7057370832242669,0.3667165722943935,0.4694017723426807,0.43834605425284917,0.5893216871002769,0.4100969552006489
2023-09-03 12:00:00,0.3669488332481886,0.56139433838943,0.2700049971291842,0.44582416660419955,0.4888798872560242,0.4418822840267795,0.16708150493431081,0.25727655961421964,0.503679627744563,0.33523454934189734,0.2574673975254876,0.17778705012170956,0.4949336059225389,0.3074616879873246,0.5851529200520758,0.610182466706552,0.5255889092319828,0.11950130662791003,0.5437064445401478,0.35969615390616033,0.3206718570835712,0.20816341323377693,0.5508277049761546,0.44445844477454133,0.37570762190435936,0.5362863703874231,0.6724778634797997,0.43146369068788404
2023-09-03 13:00:00,0.4051992193340549,0.6229579864195878,0.3142962381131455,0.2867752525209422,0.5091382386728414,0.4534035850390684,0.21449372958066237,0.3018321215218742,0.5750869601967047,0.2970184541292723,0.27191444485762756,0.12053803466757038,0.5799509014071769,0.35533863077213335,0.7388844849541951,0.6690091932866447,0.4972910023159004,0.12277736665157025,0.49198291795885707,0.33156747738689357,0.36351469235563005,0.19821574845060944,0.5887875701803594,0.44913501967982583,0.4543627616255843,0.5710576506602694,0.7064799980088652,0.4147434563736048
2023-09-03 14:00:00,0.4548225772219571,0.6229838144845095,0.33781791900404307,0.23218763974318196,0.526238863568062,0.5123852854166079,0.284481060771331,0.3283454286472694,0.6689075545317785,0.2783865593399904,0.2911097282939462,0.12675427568466804,0.6851359840303213,0.3296248189719816,0.7741883364909321,0.7557251039946542,0.526274899750256,0.23235687381287798,0.4868557481788136,0.30656338410619005,0.3239064951666589,0.19706718426631423,0.550941704169567,0.41859303416026983,0.42156152818589415,0.6073550469896565,0.687504185541249,0.3790397577958346
2023-09-03 15:00:00,0.4557751528461088,0.6005673186542664,0.32928038518875075,0.1683943094610484,0.4625294882254638,0.43827653175729325,0.31133416567708694,0.2923334890962569,0.5964572819763873,0.2872220598343939,0.3036254551791319,0.2059570397878255,0.6197943813105811,0.24812778461852472,0.7523066610583411,0.7150847519017669,0.4858659379997034,0.2795103892289183,0.42698882517037773,0.20777756208287418,0.23886095853310618,0.28512251562992913,0.43952948741678344,0.4720024949105695,0.37991633524020735,0.5109908166065663,0.6738350259872841,0.4268693846436817
2023-09-03 16:00:00,0.47593559239369726,0.6027746708669598,0.36536395924459825,0.12939627449012492,0.4278792771514758,0.40553914904231453,0.3430523836500548,0.26854801364346154,0.6435957629304322,0.2971514934237239,0.30719307195048184,0.20536155941849407,0.6745569731712682,0.2168346806672241,0.718169412250341,0.7435559425243208,0.42655559369725216,0.33994364680572126,0.42236462057048324,0.22305513333758487,0.20918805727897932,0.3195252246415243,0.41044121235912884,0.48095716677406103,0.34814025600515763,0.49352927700648364,0.6899567010466944,0.40806959764468925
2023-09-03 17:00:00,0.4649462279278825,0.5758671341475307,0.26895426810086315,0.08275615311012684,0.37241133191003695,0.3374406060770892,0.24222549913836347,0.15814023116661843,0.5799001837569238,0.21104858044493413,0.1979456036790777,0.19138583710128942,0.616320921895466,0.12737560013516486,0.6500114691156189,0.6898716549946349,0.3817859283247437,0.3361779626581712,0.37552867683808805,0.15940229212626694,0.12523816999721432,0.29246348104628966,0.3474519028183661,0.4420790004684291,0.33915065502069364,0.41444942964259146,0.6387126719170424,0.3798458635744636
2023-09-03 18:00:00,0.46943346200235603,0.532216573092835,0.3086754505020919,0.07454352377037864,0.3239191955343307,0.3158193217218083,0.15332580014468064,0.11920100692335743,0.5729233634777584,0.23480876422380953,0.16850824727897387,0.16820826854620166,0.6028538785341954,0.10708386540879189,0.487154106641966,0.6017527166628636,0.3483962199207589,0.34822479052708744,0.36188264825552374,0.18544727486646195,0.11381828375538586,0.29879121893766464,0.3122362719804937,0.3662560293437076,0.22594780123441033,0.3272350298135993,0.5779537011198638,0.29561669694104276
2023-09-03 19:00:00,0.38382688483515254,0.43085457768909413,0.25171519420130667,0.03254984685831958,0.22105262100604373,0.26355268075110366,0.129641992942532,0.08534874493029704,0.4566146380443495,0.2071754183295087,0.13574354666511074,0.1859104938802101,0.4864637334267301,0.06241813144588242,0.36163786545313603,0.4809803899627686,0.33783112826275874,0.2761820616084342,0.37199167975828024,0.13938393743874922,0.06809490605888377,0.2711625239161019,0.1329653295361849,0.29929692516024414,0.15419711512342008,0.2639118041931846,0.45028427605834503,0.23356406480985856
2023-09-03 20:00:00,0.2672212522586788,0.24460985930292678,0.20317272570015266,0.016827325530327574,0.1352239627147301,0.15179817081347494,0.0786776399125589,0.057049670038847915,0.26938977807109615,0.13620891768275412,0.09817616608053156,0.11627485537649354,0.26661920058572264,0.03665638412056831,0.13809685944205968,0.19566784491468064,0.2504591422080201,0.20970363312152906,0.279868381102316,0.07712517371301676,0.040688913088819285,0.17713840802720215,0.0,0.19993963022216762,0.0,0.21094477987513377,0.24728429266722915,0.1303745826158349
2023-09-03 21:00:00,0.0,0.0,0.0,0.0,0.007457925970698922,7.838285572252711e-05,0.0,0.0,0.0,0.0,0.0,0.0,0.0,0.0,0.0,0.0,0.0,0.0,0.0,0.0,0.0,0.0,0.0,0.0,0.0,3.006026397465908e-05,0.0,0.0
2023-09-03 22:00:00,0.0,0.0,0.0,0.0,0.0,0.0,0.0,0.0,0.0,0.0,0.0,0.0,0.0,0.0,0.0,0.0,0.0,0.0,0.0,0.0,0.0,0.0,0.0,0.0,0.0,0.0,0.0,0.0
2023-09-03 23:00:00,0.0,0.0,0.0,0.0,0.0,0.0,0.0,0.0,0.0,0.0,0.0,0.0,0.0,0.0,0.0,0.0,0.0,0.0,0.0,0.0,0.0,0.0,0.0,0.0,0.0,0.0,0.0,0.0
2023-09-04 00:00:00,0.0,0.0,0.0,0.0,0.0,0.0,0.0,0.0,0.0,0.0,0.0,0.0,0.0,0.0,0.0,0.0,0.0,0.0,0.0,0.0,0.0,0.0,0.0,0.0,0.0,0.0,0.0,0.0
2023-09-04 01:00:00,0.0,0.0,0.0,0.0,0.0,0.0,0.0,0.0,0.0,0.0,0.0,0.0,0.0,0.0,0.0,0.0,0.0,0.0,0.0,0.0,0.0,0.0,0.0,0.0,0.0,0.0,0.0,0.0
2023-09-04 02:00:00,0.0,0.0,0.0,0.0,0.0,0.0,0.0,0.0,0.0,0.0,0.0,0.0,0.0,0.0,0.0,0.0,0.0,0.0,0.0,0.0,0.0,0.0,0.0,0.0,0.0,0.0,0.0,0.0
2023-09-04 03:00:00,0.0,0.0,0.0,0.0,0.0,0.0,0.0,0.0,0.0,0.0,0.0,0.0,0.0,0.0,0.0,0.0,0.0,0.0,0.0,0.0,0.0,0.0,0.0,0.0,0.0,0.0,0.0,0.0
2023-09-04 04:00:00,0.0,0.0,0.0,0.0,0.0,0.0,0.0,0.0,0.0,0.0,0.0,0.0,0.0,0.0,0.0,0.0,0.0,0.0,0.0,0.0,0.0,0.0,0.0,0.0,0.0,0.0,0.0,0.0
2023-09-04 05:00:00,0.0,0.0,0.0,0.0,0.0,0.0,0.0,0.0,0.0,0.0,0.0,0.0,0.0,0.0,0.0,0.0,0.0,0.0,0.0,0.0,0.0,0.0,0.0,0.0,0.0,0.0,0.0,0.0
2023-09-04 06:00:00,0.0,0.0,0.0,0.0,0.0,0.0,0.0,0.0,0.0,0.0,0.0,0.0,0.0,0.0,0.0,0.0,0.0,0.0,0.0,0.0,0.0,0.0,0.0,0.0,0.0,0.0,0.0,0.0
2023-09-04 07:00:00,0.0,0.029856420689463016,0.0,0.0,0.0,0.0,0.0,0.0,0.0,0.0,0.0,0.0,0.0,0.0,0.0,0.0,0.0,0.0,0.0,0.0,0.0,0.0,0.05371636950984564,0.16416698120079617,0.0581674171426883,0.0,0.12347589760941335,0.06521175480723536
2023-09-04 08:00:00,0.16280933954619073,0.3364687396636841,0.14085859730987826,0.03966617232795742,0.13655756530237764,0.08304856578756768,0.08263480731679974,0.09587013383138931,0.16628779498590868,0.14101314003246582,0.0948912467784874,0.07045993941808512,0.1858968749708847,0.09849253899024507,0.14902160254732613,0.13916355940411296,0.006925411764845025,0.12599498268088946,0.026882113971066976,0.10219056212954564,0.10165245947872492,0.13637239805412096,0.2065789773007694,0.34185116629161283,0.136959765348878,0.10846255198284323,0.3637507366076278,0.330504037435058
2023-09-04 09:00:00,0.28432766403927834,0.5097434628331858,0.2253514247938564,0.0988992622474037,0.20275063335479881,0.09279274793566804,0.16276412110716101,0.1840046713623346,0.23003061031516858,0.24875105007776477,0.19311882465293298,0.19289467574650696,0.26395295509682265,0.17213540379043787,0.209161697681362,0.20320333279779815,0.03995949299123313,0.30516285562166706,0.052137231998823544,0.17251387500347015,0.17348981579539982,0.2878965967596882,0.19463645081180056,0.46425340830172757,0.24031282900612408,0.17179053005999217,0.48079772120328135,0.4317314899774514
2023-09-04 10:00:00,0.4383560861131855,0.6246031046446311,0.36712994254919196,0.1811317836146591,0.2546435169998631,0.12518727655469591,0.21705870404665065,0.2545138457289537,0.30199300868200807,0.3793019423815912,0.2682284891198087,0.3544269079036569,0.33512262252966263,0.28957640730846457,0.28586765349630905,0.25238474631143953,0.0840725576085475,0.4468170132741922,0.07655607541530636,0.2889342338859273,0.3041019527471208,0.44382434473405796,0.20249664638754203,0.5460665728311493,0.3837963963985347,0.257100564483448,0.5751846144183873,0.4956471098172654
2023-09-04 11:00:00,0.3844663028756296,0.6280523307749221,0.3538946419584763,0.21817558880703566,0.3203466854153954,0.1292733007358756,0.21408751266475043,0.2829820899618471,0.2974712986996075,0.36749594637336785,0.2579006742418161,0.3169152201036351,0.3423377915140331,0.3360474247263107,0.31038257812812275,0.31041362979738774,0.09460151075014432,0.37486467566958925,0.0901479508345672,0.3194368895971971,0.3515121076007949,0.3415833453277552,0.2527068572861887,0.6073775680523195,0.4365559487089483,0.2141056346730592,0.6127589169795371,0.6042722218429525
2023-09-04 12:00:00,0.36931756229474355,0.5360088759400193,0.4095307358709226,0.2468444251774233,0.3057253760465159,0.1222155446209699,0.30219036262060023,0.3111125869011551,0.3408327433917682,0.47637300412562755,0.3685303638477398,0.26533320138713934,0.36265360349380316,0.2847607354589903,0.2481632105873405,0.2865395452851847,0.12481166978529289,0.29145943458549217,0.14296703733487942,0.2875575591153412,0.2944067296477267,0.38884391136588414,0.42931720340858365,0.615901188820978,0.6099996086250887,0.17750796805291372,0.5190725618813484,0.6442194699628754
2023-09-04 13:00:00,0.42388257766138127,0.5291005502267283,0.448947574879872,0.2410079992589555,0.32075550552452436,0.15376383179648592,0.34744815750165886,0.37678291610794096,0.3921545166197314,0.4829109489438227,0.3683577966032555,0.3054403075756411,0.38820677617542804,0.3953473978619553,0.2736877354750344,0.3169203560361075,0.2088813369571865,0.28001172191087104,0.19694876875459252,0.40164841696931924,0.40941955715029055,0.4112082177745955,0.4475903873749683,0.6065079476176108,0.6144640201205492,0.18101069607015996,0.4939975604758282,0.6085747915155035
2023-09-04 14:00:00,0.4282331597980778,0.5095257510304791,0.41700818110056764,0.2801703602960939,0.33156293401393705,0.14112917764429217,0.3161168137684922,0.34926111884549854,0.322304832471641,0.3924143827562412,0.3012521914905334,0.37438663583371484,0.33745643522868213,0.411309671370355,0.1931299534889994,0.2582959498020167,0.3036183422573338,0.3162620353306294,0.20287259649793138,0.4233782719938235,0.4273714319034617,0.41310724889076805,0.4367137636037464,0.5628230882270816,0.5744174144587518,0.16452283531649572,0.5033331581708442,0.5853481889873489
2023-09-04 15:00:00,0.3759137094107122,0.4183305422008686,0.4481210479604689,0.2941655321415908,0.3363980814860483,0.1383627698587579,0.3114206445952754,0.31406858336059434,0.23786836655897772,0.31661870021181093,0.26340503578771296,0.35727284967443595,0.258240098128142,0.38440391078259273,0.181429786449576,0.22013657469476017,0.28389828405341855,0.25407505808010405,0.19173522958545638,0.3471140223189443,0.4020042900310896,0.35503002351940666,0.4184110812330899,0.48647822336199714,0.5042918066889901,0.17329478565005732,0.46061241310575984,0.508105671135424
2023-09-04 16:00:00,0.3016937948259503,0.30991961902190096,0.39270682610132024,0.3052015485515427,0.3583650936479178,0.16332407229412255,0.29749240619248524,0.29156263212536954,0.20982705484186517,0.2602034334235844,0.22595494640452024,0.32812136514996937,0.21379306610520543,0.3601490032036152,0.17063731281057995,0.16794306387199992,0.253748295582226,0.26716762939785815,0.2084187003513776,0.33410441756045506,0.37413763655468135,0.301211483485004,0.37443019275560935,0.4761088252462427,0.5308906036270695,0.1938504750617403,0.429325654678653,0.4852983159402961
2023-09-04 17:00:00,0.24261212573200258,0.24768846119078036,0.37870033908586676,0.22729802373188682,0.27243949000938605,0.11861469384476701,0.27336384204561837,0.19556096037338574,0.1597643016448869,0.1792116478990156,0.18312054654231774,0.21089687578758726,0.1576983449066495,0.22206383120040274,0.1362214928982968,0.13757399290279673,0.18541915779256762,0.27286539329421816,0.11828287802066739,0.18688259955655562,0.22973175039633048,0.21497322344955164,0.33284422250092444,0.46275520216527016,0.42451358302822956,0.13783557267376348,0.35701020614199636,0.4379909095075405
2023-09-04 18:00:00,0.1559490821579602,0.11931295052468616,0.35213550123013554,0.12492335752640292,0.238855713060035,0.10016053957737697,0.3068861157705874,0.17507190267312603,0.13739355007269563,0.16445887555754307,0.1777501722764494,0.12747048276115336,0.10296729173166776,0.15860480276857591,0.17514509594496838,0.14158494570578511,0.15659591425560948,0.2005049385924794,0.09632194105488023,0.1600902500291002,0.16205280708840256,0.14432017307221134,0.26567557320334023,0.2236166162961873,0.33668392693524885,0.12903274938527312,0.22046670417952624,0.2301522153384237
2023-09-04 19:00:00,0.10018931559176385,0.05597020329651749,0.2697410184231673,0.07663912741776534,0.1880353313521624,0.06459424212360639,0.3677726596790949,0.24414690886267973,0.1341834384225379,0.19891073436363116,0.2359645115428074,0.10432021613575253,0.09805633026847105,0.19104633140937477,0.12974607423194942,0.0919357493776171,0.10329061079980864,0.13106703766061534,0.05011959272683282,0.18535181531039746,0.18391212499493184,0.11443708904458876,0.22630668557215686,0.1077457629116655,0.24587905999972895,0.09046794128747411,0.11821360834105368,0.11003441793550403
2023-09-04 20:00:00,0.07223821217377475,0.022723841731174827,0.15103664339216907,0.03481315984846676,0.10829379473888082,0.03343300781448647,0.2315078496579203,0.16044083917389315,0.1326717536276335,0.087861406775672,0.14394544015819627,0.05294649898142767,0.09527356361580593,0.12125680221889074,0.09476101509943827,0.047023516564084177,0.062309629832522924,0.039811230680748745,0.03695446014462292,0.0716953380076409,0.11097951049841163,0.03446176750140185,0.0,0.007202574638380498,0.0,0.05053932008307301,0.001213800012443749,0.006488217067875648
2023-09-04 21:00:00,0.0,0.0,0.0,0.0,0.027973063992318435,0.0,0.0,0.0,0.0,0.0,0.0,0.0,0.0,0.0,0.0,0.0,0.0,0.0,0.0,0.0,0.0,0.0,0.0,0.0,0.0,0.0,0.0,0.0
2023-09-04 22:00:00,0.0,0.0,0.0,0.0,0.0,0.0,0.0,0.0,0.0,0.0,0.0,0.0,0.0,0.0,0.0,0.0,0.0,0.0,0.0,0.0,0.0,0.0,0.0,0.0,0.0,0.0,0.0,0.0
2023-09-04 23:00:00,0.0,0.0,0.0,0.0,0.0,0.0,0.0,0.0,0.0,0.0,0.0,0.0,0.0,0.0,0.0,0.0,0.0,0.0,0.0,0.0,0.0,0.0,0.0,0.0,0.0,0.0,0.0,0.0
2023-09-05 00:00:00,0.0,0.0,0.0,0.0,0.0,0.0,0.0,0.0,0.0,0.0,0.0,0.0,0.0,0.0,0.0,0.0,0.0,0.0,0.0,0.0,0.0,0.0,0.0,0.0,0.0,0.0,0.0,0.0
2023-09-05 01:00:00,0.0,0.0,0.0,0.0,0.0,0.0,0.0,0.0,0.0,0.0,0.0,0.0,0.0,0.0,0.0,0.0,0.0,0.0,0.0,0.0,0.0,0.0,0.0,0.0,0.0,0.0,0.0,0.0
2023-09-05 02:00:00,0.0,0.0,0.0,0.0,0.0,0.0,0.0,0.0,0.0,0.0,0.0,0.0,0.0,0.0,0.0,0.0,0.0,0.0,0.0,0.0,0.0,0.0,0.0,0.0,0.0,0.0,0.0,0.0
2023-09-05 03:00:00,0.0,0.0,0.0,0.0,0.0,0.0,0.0,0.0,0.0,0.0,0.0,0.0,0.0,0.0,0.0,0.0,0.0,0.0,0.0,0.0,0.0,0.0,0.0,0.0,0.0,0.0,0.0,0.0
2023-09-05 04:00:00,0.0,0.0,0.0,0.0,0.0,0.0,0.0,0.0,0.0,0.0,0.0,0.0,0.0,0.0,0.0,0.0,0.0,0.0,0.0,0.0,0.0,0.0,0.0,0.0,0.0,0.0,0.0,0.0
2023-09-05 05:00:00,0.0,0.0,0.0,0.0,0.0,0.0,0.0,0.0,0.0,0.0,0.0,0.0,0.0,0.0,0.0,0.0,0.0,0.0,0.0,0.0,0.0,0.0,0.0,0.0,0.0,0.0,0.0,0.0
2023-09-05 06:00:00,0.0,0.0,0.0,0.0,0.0,0.0,0.0,0.0,0.0,0.0,0.0,0.0,0.0,0.0,0.0,0.0,0.0,0.0,0.0,0.0,0.0,0.0,0.0,0.0,0.0,0.0,0.0,0.0
2023-09-05 07:00:00,0.0,0.0,0.0,0.0,0.0,0.0,0.0,0.0,0.0,0.0,0.0,0.0,0.0,0.0,0.0,0.0,0.0,0.0,0.0,0.0,0.0,0.0,0.10584733651076829,0.020668932293409117,0.01893695481226324,0.0,0.014276424551893391,0.015866485268959715
2023-09-05 08:00:00,0.11872571873759734,0.17313472413259187,0.18646045247689275,0.19265112354737432,0.04266361387846721,0.032908904442856275,0.16578311230869547,0.18315400658091666,0.15473655945935003,0.16599627629895627,0.13165370600203272,0.10123859430075233,0.17594420707223973,0.22385873079196664,0.01830236549158299,0.0849876386074706,0.0491089449758249,0.02512567966506327,0.024407555724270925,0.22380808139678823,0.2296005356103374,0.07409084128248108,0.2682928342513105,0.20931525104181908,0.0948551411672478,0.02452263123702544,0.0831248525151069,0.28199660096791845
2023-09-05 09:00:00,0.1910381590770203,0.2979152912643843,0.32021347445347736,0.20864414173932355,0.13555334132790348,0.0841272803335534,0.3488352929643339,0.31948957525565236,0.25419936853512687,0.23566137712975196,0.25060145480511725,0.08836063158054192,0.33147555874151446,0.3620991026187863,0.11771015977151558,0.2796629611427304,0.07845337462857292,0.17663082356479154,0.0519907391279325,0.2665626732215671,0.36326728133902225,0.12390049328896975,0.35150040165833624,0.36998710865832646,0.1302529962731678,0.05457974230419872,0.2146044083482127,0.39742982372494456
2023-09-05 10:00:00,0.3523761872624609,0.3741050139768061,0.562758776519384,0.302538178689042,0.2570849813610787,0.21101357644022903,0.5464006734003437,0.5428652337405695,0.3776290581012847,0.4727489233075743,0.5125549991323576,0.1863861214354416,0.4330790607073396,0.5614754542065821,0.23866697640798562,0.29366312229470887,0.1549755101709334,0.21049464037381957,0.11120925078241455,0.4305453496133487,0.5577950527856976,0.25044188170127357,0.45118620733629333,0.3972987427331975,0.20142343445741878,0.13150890361409745,0.3464617582049447,0.39460445534638294
2023-09-05 11:00:00,0.35289935090918423,0.457060087446765,0.5065087792451186,0.39300287148065804,0.3532971165519044,0.3019881122475806,0.5879027139981622,0.5819902301096361,0.3403870496371133,0.42266475306550455,0.4697319467495683,0.30851711381743746,0.3867566282799523,0.6293009443824964,0.2232006200705766,0.25373734474471976,0.23233131512900823,0.3517202459224329,0.17782703327358,0.5036676919575698,0.6238907983647127,0.29925233501507736,0.530025432915888,0.514924394594878,0.34680498681403304,0.22143977412632146,0.47563505327017935,0.5159549612133462
2023-09-05 12:00:00,0.3317858030354354,0.4159031856483731,0.5723077222858609,0.439016221192315,0.4928090562765354,0.3199489870125955,0.6422326784237792,0.637327866374335,0.2699945680764404,0.5257357612026986,0.5819300514426075,0.41789179021176986,0.2927583959717992,0.647394413715057,0.25619319525729606,0.2093391261418373,0.20254170111110187,0.3392614233001918,0.13607723435792426,0.5298628355304036,0.6387365240432458,0.41823989059554956,0.5527253646921032,0.5324432102990607,0.42364778430349,0.20580739562045267,0.5003317483106998,0.5259401660964212
2023-09-05 13:00:00,0.4140836548307957,0.4481076509003323,0.6037065717392043,0.457506102172367,0.5437947083496434,0.30318561403450156,0.6916720474467636,0.6757038051615698,0.324388394563653,0.5004158262690122,0.6035630525909467,0.47932396862154636,0.3263075725182116,0.7124106050600721,0.2615555147267302,0.19617513368108522,0.25799980115584736,0.4201437324237897,0.1890307478452674,0.5588299348832243,0.7049045022465955,0.4672018240482423,0.5771112934262467,0.49484464559067476,0.4590524199221075,0.26261186774025785,0.4578374838141438,0.5428002782377931
2023-09-05 14:00:00,0.3955594327995862,0.43365288788814366,0.5763157029532193,0.4899571830905416,0.5821160596560122,0.3591316805885293,0.6179684523223385,0.6238831561629339,0.2794363521185694,0.5405482609553443,0.5847982273573051,0.4911086974646914,0.23665836620395964,0.664954767917447,0.2170344166831105,0.1636338900078128,0.2888655580976191,0.40942728976731085,0.1947492368052913,0.5513602410713783,0.6630929532879112,0.4812475168862875,0.6094639471335849,0.5204944195756238,0.5640596834827402,0.27652494973385366,0.5282094828545475,0.5364213478426061
2023-09-05 15:00:00,0.4160456526314631,0.38462261129031966,0.5885843375908938,0.4708013085627201,0.573420336104265,0.35224885975748804,0.5722867280300656,0.5949332934559691,0.26824645686586307,0.5570826305992688,0.5671741509221594,0.4741564167239881,0.21291538407839736,0.6400856513216038,0.17871568167126625,0.17235650535806477,0.3595579421716596,0.4506686396062783,0.23845358497196983,0.5495169880474545,0.6433848351196426,0.5035563816577425,0.5525018193971238,0.47328417097159897,0.48451554588035645,0.27528740687431963,0.4742159172886024,0.5068812164953589
2023-09-05 16:00:00,0.40153652630096665,0.38370433540606647,0.5475139430708423,0.4995803387615789,0.5426783834547919,0.28498605626138473,0.6219648223935005,0.6111742472840155,0.23500655841465154,0.5812177056427924,0.5908215619085136,0.5520832851201293,0.18018019338647548,0.6406583923128698,0.12275472348581776,0.12916067954470217,0.4004489954090693,0.47087169652324157,0.29007018245946614,0.54780208059629,0.6445421554738444,0.5573434229759192,0.4496863128992513,0.5063038620379029,0.46287495516473615,0.28736907157425406,0.4537759691201967,0.5239342650953726
2023-09-05 17:00:00,0.37708703791274567,0.35025611846214577,0.4787462999371178,0.42163169325042643,0.47811708728264507,0.26996232648371526,0.6087345104176622,0.5899164496171637,0.2455924129632221,0.5810448256292235,0.5764647817832208,0.45885214218138703,0.2070880292263669,0.6053088205385904,0.1270416541624145,0.1402359830505412,0.38024891571617625,0.48084627405279234,0.2263547812518364,0.5875886736417761,0.6101368770592841,0.5140561771706671,0.4385678786414645,0.4322286415233318,0.4399056141336732,0.27989316633654043,0.3396332780717544,0.4522027544114837
2023-09-05 18:00:00,0.36643667891184695,0.2579872173468947,0.3781516570144896,0.412005781366205,0.43175533057314625,0.20456820331222325,0.4788265570472712,0.5064288930668913,0.21424498578713413,0.5283979478725495,0.4996238149889006,0.4436524773324051,0.1896189661872888,0.5246136394177956,0.06686065429770312,0.1964807852919691,0.4042752343381119,0.44228080375669315,0.28771044589686723,0.5049360655557067,0.5309271435404157,0.5034302181470074,0.3246863300169561,0.39396605004660534,0.4054623315969387,0.22688399468458997,0.2939917801108556,0.4327853239857069
2023-09-05 19:00:00,0.22160697422676293,0.22086260206396488,0.27391338070409577,0.2701874010228201,0.3923408034295676,0.22259323876304654,0.35173669330722657,0.4243079534176902,0.19429419992884459,0.4688075513290225,0.4449480301336175,0.32858973988391094,0.16423739800351922,0.398210748696356,0.05785633119112615,0.08262618166911018,0.3483292535249033,0.2440383656866594,0.27076123544535297,0.4000013201273653,0.3971007138860623,0.3844295215291103,0.23297432464184398,0.3268529916238368,0.2657087473840638,0.1626851430581308,0.24455116577339278,0.3709770339226413
2023-09-05 20:00:00,0.15887483816687922,0.1575943682107968,0.15961738859193786,0.21371154124797354,0.2758868263410982,0.204355418465202,0.2157423936787993,0.2251952876226543,0.09754369029918278,0.2960245770846621,0.26631328254991354,0.2665155108306386,0.08460080048627465,0.17957153682899502,0.10260509149834625,0.07374581681514486,0.2619520768640457,0.19359635755227722,0.18238779046509632,0.2678553242218802,0.17789550044303692,0.26635268467793477,0.0,0.08654021780324588,0.0,0.12634824533737785,0.04723673552214617,0.07668147199653433
2023-09-05 21:00:00,0.0,0.0,0.0,0.0,0.10483576265402245,0.0,0.0,0.0,0.0,0.0,0.0,0.0,0.0,0.0,0.0,0.0,0.0,0.0,0.0,0.0,0.0,0.0,0.0,0.0,0.0,0.0,0.0,0.0
2023-09-05 22:00:00,0.0,0.0,0.0,0.0,0.0,0.0,0.0,0.0,0.0,0.0,0.0,0.0,0.0,0.0,0.0,0.0,0.0,0.0,0.0,0.0,0.0,0.0,0.0,0.0,0.0,0.0,0.0,0.0
2023-09-05 23:00:00,0.0,0.0,0.0,0.0,0.0,0.0,0.0,0.0,0.0,0.0,0.0,0.0,0.0,0.0,0.0,0.0,0.0,0.0,0.0,0.0,0.0,0.0,0.0,0.0,0.0,0.0,0.0,0.0
2023-09-06 00:00:00,0.0,0.0,0.0,0.0,0.0,0.0,0.0,0.0,0.0,0.0,0.0,0.0,0.0,0.0,0.0,0.0,0.0,0.0,0.0,0.0,0.0,0.0,0.0,0.0,0.0,0.0,0.0,0.0
2023-09-06 01:00:00,0.0,0.0,0.0,0.0,0.0,0.0,0.0,0.0,0.0,0.0,0.0,0.0,0.0,0.0,0.0,0.0,0.0,0.0,0.0,0.0,0.0,0.0,0.0,0.0,0.0,0.0,0.0,0.0
2023-09-06 02:00:00,0.0,0.0,0.0,0.0,0.0,0.0,0.0,0.0,0.0,0.0,0.0,0.0,0.0,0.0,0.0,0.0,0.0,0.0,0.0,0.0,0.0,0.0,0.0,0.0,0.0,0.0,0.0,0.0
2023-09-06 03:00:00,0.0,0.0,0.0,0.0,0.0,0.0,0.0,0.0,0.0,0.0,0.0,0.0,0.0,0.0,0.0,0.0,0.0,0.0,0.0,0.0,0.0,0.0,0.0,0.0,0.0,0.0,0.0,0.0
2023-09-06 04:00:00,0.0,0.0,0.0,0.0,0.0,0.0,0.0,0.0,0.0,0.0,0.0,0.0,0.0,0.0,0.0,0.0,0.0,0.0,0.0,0.0,0.0,0.0,0.0,0.0,0.0,0.0,0.0,0.0
2023-09-06 05:00:00,0.0,0.0,0.0,0.0,0.0,0.0,0.0,0.0,0.0,0.0,0.0,0.0,0.0,0.0,0.0,0.0,0.0,0.0,0.0,0.0,0.0,0.0,0.0,0.0,0.0,0.0,0.0,0.0
2023-09-06 06:00:00,0.0,0.0,0.0,0.0,0.0,0.0,0.0,0.0,0.0,0.0,0.0,0.0,0.0,0.0,0.0,0.0,0.0,0.0,0.0,0.0,0.0,0.0,0.0,0.0,0.0,0.0,0.0,0.0
2023-09-06 07:00:00,0.0,0.0,0.0,0.0,0.0,0.0,0.0,0.0,0.0,0.0,0.0,0.0,0.0,0.0,0.0,0.0,0.0,0.0,0.0,0.0,0.0,0.0,0.10541308971604657,0.004246541860831448,0.030552419431199053,0.0,0.01598023968552624,0.006483424026837297
2023-09-06 08:00:00,0.12719394039765108,0.17258548116051273,0.06257116165315174,0.22304087660856597,0.07001351906409355,0.11290822378912826,0.055540620381115714,0.15037609394068321,0.16016000372935826,0.17083075311485585,0.10626341581721052,0.11891687194627533,0.16773284374456557,0.21517657480906055,0.15419805987458593,0.16799713249500828,0.11725062008200905,0.05360883403679698,0.07562057739112708,0.27653965015427207,0.22899802375485176,0.11111056666352204,0.19884363996465923,0.20086959017315345,0.1156530835664404,0.11899514305052958,0.14780792271640858,0.22841103937051868
2023-09-06 09:00:00,0.22790194275940032,0.26128172604833155,0.1400586218826779,0.35849772192313933,0.10398323862440952,0.18732179663776033,0.10224031347631125,0.20958955590614123,0.23072623892517016,0.14663764730516352,0.11962751305325778,0.24273658431559603,0.24604400892432285,0.30859131040746623,0.22102589680910797,0.2838542235577914,0.1994449826000602,0.1570182507019507,0.13803796011788003,0.3312597790261341,0.32043610171999476,0.18328641741359677,0.3939756021108026,0.3052093023816993,0.2685311690087867,0.21699783064343617,0.24512489418488154,0.33835172142840547
2023-09-06 10:00:00,0.35353208402122704,0.3897636836422873,0.2898247677986119,0.5401695794717698,0.19878650904622344,0.36351294949676005,0.2939189920121398,0.4018473976205453,0.3800793949490991,0.22249938840384886,0.27734705460845277,0.350285661300923,0.4332803255160276,0.4879730588776066,0.4853433720084063,0.48909269168055625,0.3323371604068678,0.29314367785576084,0.24183473021400242,0.42158993884520957,0.48847505626253124,0.24982426577555347,0.4853788282112365,0.3776135779654912,0.4001891455324053,0.3550466217258342,0.345384139666334,0.46856599056980053
2023-09-06 11:00:00,0.39700618434692647,0.5006955855885225,0.2874833260132687,0.563544922302412,0.30246018395427293,0.44609466092095434,0.32223838629761925,0.3569536539113824,0.43827468486666793,0.1609138695308219,0.2489450068759473,0.49362172209879085,0.4376574577881367,0.4180360547001589,0.5232291602633838,0.4514359217923327,0.3804818295517622,0.33860718876832957,0.2904115324509803,0.3066078341915045,0.4114523206112618,0.31886035721065026,0.530599949033013,0.4903990280410362,0.47790117489186773,0.4431930459335683,0.34031085730678606,0.562147278019401
2023-09-06 12:00:00,0.4345509667488391,0.5317039282009915,0.27645621627802597,0.37336958752592136,0.37081193019416697,0.45565239761105375,0.06440595010624219,0.13621444132235136,0.4756876687568791,0.08193554621854916,0.057790140318967745,0.3623572802998823,0.46381197507516525,0.2340915166139786,0.508263436841644,0.48430228332829683,0.47524943850226664,0.20732167677759458,0.4010734643375208,0.27696212227449896,0.24721896824342204,0.2776196674956312,0.49818421239162625,0.4939655242003285,0.4295818728124127,0.47217469694884595,0.4221270396774508,0.5693889227235891
2023-09-06 13:00:00,0.5244917652950531,0.5654923839018,0.28804599213909504,0.4873313619889151,0.4022866952340518,0.48301305367844094,0.13776224837610992,0.2351275069952693,0.5398985385374164,0.15133477519270866,0.13876594058212277,0.42834472547935926,0.4943743163263273,0.3217347201274002,0.4989694848055447,0.4867247832878016,0.47334904388596216,0.38630159168992145,0.3983336161754484,0.37162011015054325,0.3293922524928686,0.3431664904619367,0.5376434676197952,0.6059749976213796,0.5535510124706554,0.49150077182167656,0.4862201708730264,0.6123138204054519
2023-09-06 14:00:00,0.47543371676764784,0.5141911128503651,0.35403972424734076,0.517299869000767,0.3904312139452468,0.4630672077295638,0.2389108106030208,0.32880885333765564,0.5722754734268003,0.21952341194100078,0.21997284650662818,0.4571470847758026,0.5578088119955739,0.39028925925551694,0.5068426289078656,0.5199076431076923,0.5386241370619262,0.2946451715361702,0.5001054184757854,0.40455662019663835,0.3912075707760005,0.34994028965838314,0.6287174673907938,0.5565069564413769,0.5311802504470425,0.45366974727688,0.4615639743573441,0.583553273230314
2023-09-06 15:00:00,0.4867372828381999,0.4967120913166165,0.37742025660476797,0.47982743093982094,0.3608400432102463,0.4226065607528197,0.1493038411886325,0.2219071110127009,0.5563524252958875,0.23302267065046914,0.17833869942041206,0.433261792015391,0.5292477866014872,0.26870772294893946,0.4865332693365668,0.5466157512449065,0.559119331326417,0.279919070057653,0.47024274716377823,0.3499242604830531,0.2791441341167899,0.3358377700002513,0.601647506497246,0.5161111643375109,0.5003945286262064,0.4094434447084098,0.4909041373546034,0.5448017736504739
2023-09-06 16:00:00,0.5455324532444307,0.49532185889148483,0.42296806699949996,0.4705206235249823,0.34681735884085907,0.44418170074548996,0.15605855601018356,0.2514980073264468,0.575488684722977,0.3243616949832882,0.2462630130333176,0.4449136122265935,0.5641600596144334,0.3148358710155865,0.40177704291793387,0.5390168138315401,0.5822604038936321,0.40007365464827616,0.49007939863388783,0.4038202963202393,0.3310683713462066,0.4456465648111008,0.5447556509580785,0.496345457538558,0.5007667886794903,0.42494659108523003,0.4788242716253934,0.5512672621757244
2023-09-06 17:00:00,0.530851260559334,0.4899816367341259,0.46115015089925027,0.38115704582723636,0.3132108141897017,0.39978450999527376,0.13508029784150716,0.12905284940497916,0.5503328725480866,0.22781567651758922,0.20008363868824897,0.3912771376421855,0.5360529843275511,0.1531910098069943,0.4376307413870385,0.48702550440806586,0.4643464745870166,0.42518711766098244,0.41749146801453585,0.17490000540614337,0.16427259639070482,0.4157732431482313,0.5294408428540508,0.4826326854641687,0.46947200513819803,0.3871395236324653,0.4349770329336573,0.530842234852765
2023-09-06 18:00:00,0.4491787923552254,0.4357786385747114,0.45982163305030915,0.38174917842669154,0.2988682847481339,0.30484639501974936,0.1550728130725689,0.11144918275535938,0.49625162551267793,0.21257696069594034,0.19717513034894893,0.37131125234954393,0.4783551504621468,0.09196214866628166,0.3809436176788046,0.4631512907816168,0.4186570081945903,0.3695264817616601,0.3766617624236693,0.13540706114498594,0.09800692600734681,0.3389924942509705,0.438421343924412,0.3948764139346726,0.4172670736630905,0.342883118191541,0.37317436637122176,0.40951246406003805
2023-09-06 19:00:00,0.34694564118058957,0.33320133876753416,0.32896652175392194,0.328146037238749,0.20964834711119432,0.3034955592201901,0.17754519344725514,0.18891592469238816,0.40842592979002185,0.15618446578547396,0.17695463438218337,0.25703845582311763,0.3954094401945647,0.21328860575385106,0.35073127088737344,0.40137519625712265,0.4127083701140126,0.30850768004954343,0.36102735462338303,0.2489965973834185,0.2161785252779371,0.21674438691420392,0.24495125979326268,0.3208656504628925,0.29951650084566966,0.2923397372686249,0.23031017204464352,0.3296182347096149
2023-09-06 20:00:00,0.25255302800715346,0.2510564035969614,0.2200120470607357,0.15544494100193312,0.14568904602322852,0.20003791626330186,0.18923607362393655,0.20908484686107076,0.2586244565553473,0.14233599904398753,0.17841246213890286,0.20268015907995005,0.24861548082794468,0.21976661893928473,0.2497870144714731,0.24298545265399704,0.28219843044582865,0.24579304398190863,0.2207026325778687,0.17342194473945471,0.21533407513975908,0.17501937111713414,0.0,0.049925101189664485,0.0,0.23091367586980657,0.056487946773194915,0.03908014303539477
2023-09-06 21:00:00,0.0,0.0,0.0,0.0,0.017574898764453385,0.0,0.0,0.0,0.0,0.0,0.0,0.0,0.0,0.0,0.0,0.0,0.0,0.0,0.0,0.0,0.0,0.0,0.0,0.0,0.0,0.0,0.0,0.0
2023-09-06 22:00:00,0.0,0.0,0.0,0.0,0.0,0.0,0.0,0.0,0.0,0.0,0.0,0.0,0.0,0.0,0.0,0.0,0.0,0.0,0.0,0.0,0.0,0.0,0.0,0.0,0.0,0.0,0.0,0.0
2023-09-06 23:00:00,0.0,0.0,0.0,0.0,0.0,0.0,0.0,0.0,0.0,0.0,0.0,0.0,0.0,0.0,0.0,0.0,0.0,0.0,0.0,0.0,0.0,0.0,0.0,0.0,0.0,0.0,0.0,0.0
2023-09-07 00:00:00,0.0,0.0,0.0,0.0,0.0,0.0,0.0,0.0,0.0,0.0,0.0,0.0,0.0,0.0,0.0,0.0,0.0,0.0,0.0,0.0,0.0,0.0,0.0,0.0,0.0,0.0,0.0,0.0
2023-09-07 01:00:00,0.0,0.0,0.0,0.0,0.0,0.0,0.0,0.0,0.0,0.0,0.0,0.0,0.0,0.0,0.0,0.0,0.0,0.0,0.0,0.0,0.0,0.0,0.0,0.0,0.0,0.0,0.0,0.0
2023-09-07 02:00:00,0.0,0.0,0.0,0.0,0.0,0.0,0.0,0.0,0.0,0.0,0.0,0.0,0.0,0.0,0.0,0.0,0.0,0.0,0.0,0.0,0.0,0.0,0.0,0.0,0.0,0.0,0.0,0.0
2023-09-07 03:00:00,0.0,0.0,0.0,0.0,0.0,0.0,0.0,0.0,0.0,0.0,0.0,0.0,0.0,0.0,0.0,0.0,0.0,0.0,0.0,0.0,0.0,0.0,0.0,0.0,0.0,0.0,0.0,0.0
2023-09-07 04:00:00,0.0,0.0,0.0,0.0,0.0,0.0,0.0,0.0,0.0,0.0,0.0,0.0,0.0,0.0,0.0,0.0,0.0,0.0,0.0,0.0,0.0,0.0,0.0,0.0,0.0,0.0,0.0,0.0
2023-09-07 05:00:00,0.0,0.0,0.0,0.0,0.0,0.0,0.0,0.0,0.0,0.0,0.0,0.0,0.0,0.0,0.0,0.0,0.0,0.0,0.0,0.0,0.0,0.0,0.0,0.0,0.0,0.0,0.0,0.0
2023-09-07 06:00:00,0.0,0.0,0.0,0.0,0.0,0.0,0.0,0.0,0.0,0.0,0.0,0.0,0.0,0.0,0.0,0.0,0.0,0.0,0.0,0.0,0.0,0.0,0.0,0.0,0.0,0.0,0.0,0.0
2023-09-07 07:00:00,0.0,0.0,0.0,0.0,0.0,0.0,0.0,0.0,0.0,0.0,0.0,0.0,0.0,0.0,0.0,0.0,0.0,0.0,0.0,0.0,0.0,0.0,0.1712371946809922,0.002285918144359807,0.05919039829047081,0.0,0.014846152754411488,0.002585699107683915
2023-09-07 08:00:00,0.16926471260272394,0.2539793759395275,0.18597893830257278,0.15209634472989786,0.10689268975734827,0.04069628295021565,0.14963719206588164,0.16853990441025002,0.09049914810904838,0.27943482901632644,0.22747970014088675,0.07540240790677978,0.06184890905540171,0.13032565725873707,0.0597756315825594,0.02983855820518673,0.08579401407016234,0.2130701049785841,0.08322593272976453,0.1933526206365627,0.1325662399340055,0.18954411568114451,0.2838671538025063,0.20633507659808786,0.14138544498753977,0.07515879906678444,0.1443532888400323,0.23966676654397145
2023-09-07 09:00:00,0.25720038283820196,0.3890197312667538,0.28256311277359825,0.29419782817250284,0.17393370901252242,0.10629862033592265,0.26471702435917077,0.28062422426287337,0.1517710015846747,0.42363204215154815,0.3602932953549975,0.2200278931815111,0.12284286083854253,0.20750687552900182,0.14503426026329713,0.09318707965897005,0.2183678994122482,0.3381714894650232,0.17335139112827813,0.3005726465005781,0.20372421936602111,0.3205022998379559,0.4562917382224418,0.353315297142738,0.3257465797780374,0.16132708855208827,0.281915564392989,0.39570612325059684
2023-09-07 10:00:00,0.46765377428539,0.5625303861309543,0.49170597785749315,0.6205505676477657,0.23009740823625144,0.2409591242403017,0.5313145116982555,0.4714062205101441,0.3438735585613802,0.6166149584297262,0.5794240387701995,0.5144101658818115,0.32790836241007526,0.3517730540856461,0.29739881898977694,0.23569442721887027,0.30755418691726505,0.5241792939977911,0.282525137727636,0.509223468869146,0.3432620286129731,0.5231790182882278,0.6087710582227097,0.4459901313607752,0.48122059186986416,0.2669119596820965,0.41694671266109906,0.49013199893472836
2023-09-07 11:00:00,0.5558846788980006,0.6382859987360378,0.5066456396964905,0.7374524359646153,0.2821259449583796,0.3193747373089969,0.468468937149439,0.48185510109601987,0.5052351885086435,0.6316884578101188,0.5704950891596439,0.6998899199905557,0.5190956789053023,0.3896971338961164,0.38061389496183806,0.37148484682772465,0.3137807526808137,0.5552754466654694,0.25743629835846954,0.5769669410877795,0.3858736911493085,0.619438429918012,0.6847504184420111,0.6496841160142126,0.5972466203125912,0.3096114990309506,0.6139764420677347,0.6488154012468721
2023-09-07 12:00:00,0.5215527149858317,0.46604079603917414,0.4610235306494088,0.6365854288464292,0.2464288306880148,0.2809803291758662,0.28245461801979355,0.3926851049978804,0.4678353916490755,0.5329155640719031,0.3994412914499224,0.6188434499973811,0.4013450156886932,0.40104360651953813,0.34534774031653,0.31084377469440555,0.32737208206436114,0.5582937623951248,0.2623241670920984,0.6339349470876137,0.4150077859301833,0.6008997944497446,0.6927977285332888,0.5606514018711333,0.5974934390276732,0.36568252662276085,0.48615654086556154,0.5753641450347015
2023-09-07 13:00:00,0.48128459448103833,0.4063838506705181,0.5590945228651424,0.5525678707255454,0.25912785714378805,0.3099143605647928,0.39942678802379145,0.4613064298368492,0.5304011654801543,0.5533515010260914,0.48465405894901675,0.4430931413976593,0.49971095965595363,0.4391065762490291,0.36610707257965414,0.40926590221910897,0.34918673363627006,0.4186172102217492,0.30800880123449004,0.5729406159121891,0.44645211200183865,0.45247689706043265,0.6066801849442972,0.4889129907937196,0.529380315761285,0.3285922139048765,0.48253676273535906,0.5440593037353684
2023-09-07 14:00:00,0.48438357298718093,0.40912225953117315,0.581079540232876,0.4993344308138075,0.2786789302822471,0.3693124272701655,0.45821246358777973,0.49691917806093605,0.46076008168087373,0.598426680641665,0.5240851313088297,0.42058022463028333,0.4254965579652276,0.44051214955988743,0.47247897870670114,0.42137864573327055,0.3612396246020452,0.451451555552376,0.2915402226370523,0.6074862832177572,0.4449753707160286,0.4823696423912405,0.5745417911895278,0.3961870198324487,0.4678401173063986,0.36660826980511885,0.45625877175708013,0.42749746155207297
2023-09-07 15:00:00,0.459265163063749,0.35840690883791726,0.5741580452092138,0.5019909018513167,0.23340766992013026,0.30206798197272006,0.4336682873515756,0.46933906035652506,0.4908935353768101,0.5897119610572121,0.5070220829422529,0.37124473608074005,0.4670904944666125,0.4087986711516721,0.3806587588696146,0.48049936343544875,0.3434052881842652,0.4689091744745148,0.26882246549179006,0.6065930412889233,0.41351204839205835,0.4400084317895221,0.5453908500423337,0.3638080585195655,0.49944188665981976,0.30406742799322184,0.42734199885589363,0.31171820112595006
2023-09-07 16:00:00,0.5210613348383273,0.32002410189562314,0.5419050794237212,0.4069913268921263,0.23576712588196055,0.28919456654908265,0.35391691909571416,0.3883872643875313,0.523710898546901,0.512861411082502,0.4478337062258061,0.3986751473141255,0.4794185622559368,0.34793509682236634,0.2945370522039716,0.4238738681339055,0.37660789880489015,0.5523805704549393,0.27615643614319785,0.48398880897684277,0.34907659476432784,0.5070936245467528,0.5012284063937819,0.35629752549751287,0.39654193525310205,0.2678861162057684,0.406941151153942,0.341319552423786
2023-09-07 17:00:00,0.4497232149670144,0.3539942034540209,0.4741027273903562,0.43564089340417084,0.20605143412652696,0.26151733598659554,0.3855782260836958,0.40307529902951195,0.49016531437787564,0.528799956548774,0.4669972486145092,0.3005479288170052,0.45457905384210606,0.32078970546778535,0.38398046927893825,0.43981858092902504,0.3794074632679825,0.44642377950616025,0.27033415824078155,0.4165087533418502,0.3171949493897884,0.39085698676669595,0.48560826772482374,0.353048028495333,0.4262217742742782,0.26236861248210824,0.36857176508017836,0.3386626096302279
2023-09-07 18:00:00,0.360712198870728,0.32188084654968063,0.45937623015418655,0.3709960280856794,0.18659662815698597,0.1793418341646393,0.36449086198718567,0.3109399074110565,0.41313481881314723,0.4650686279617634,0.4217269166356864,0.29620736244697216,0.42792704138461085,0.1890397099494417,0.3288212939741957,0.41222086358030563,0.3785982633206658,0.32991856836257716,0.24705005160194127,0.3113907140126285,0.18484011968965894,0.33115201573315695,0.37224805708306175,0.2582795283440223,0.36379413614516154,0.20159490842470626,0.29170307645784854,0.2600059116346856
2023-09-07 19:00:00,0.33920814133164656,0.2922786995161234,0.3598085410997475,0.2873346814543189,0.12495607229503658,0.17889343193241777,0.35420656717014315,0.3268839715570552,0.27897197181903965,0.41603027182884333,0.4009499691189857,0.32718097652075284,0.247135701318747,0.21866956798924078,0.21307304521210044,0.2013526347285866,0.33300121345194905,0.38010633535005556,0.19526544777984647,0.300818178430752,0.2069237145241018,0.37920407010642293,0.29754079924323235,0.25120320083962533,0.3002949098436846,0.1557135563380778,0.23848753335892103,0.24720729564818278
2023-09-07 20:00:00,0.28339333544120604,0.23173272723494098,0.26343135493554604,0.0607724264160355,0.09861186733451817,0.12895780895548936,0.27270213113778147,0.26140934146658795,0.220194800254202,0.30307080338606635,0.29382090864564864,0.25956689088628554,0.18892166377099684,0.20260532218888372,0.12443809505489035,0.14624753293734746,0.24319456557068925,0.31906954981814123,0.16038116030187724,0.2861765433462229,0.19668553149916143,0.32308632346506116,0.0,0.0,0.0,0.10346300512112229,0.03668871909613213,0.014663714749733485
2023-09-07 21:00:00,0.0,0.0,0.0,0.0,0.0026392486417351167,0.0,0.0,0.0,0.0,0.0,0.0,0.0,0.0,0.0,0.0,0.0,0.0,0.0,0.0,0.0,0.0,0.0,0.0,0.0,0.0,0.0,0.0,0.0
2023-09-07 22:00:00,0.0,0.0,0.0,0.0,0.0,0.0,0.0,0.0,0.0,0.0,0.0,0.0,0.0,0.0,0.0,0.0,0.0,0.0,0.0,0.0,0.0,0.0,0.0,0.0,0.0,0.0,0.0,0.0
2023-09-07 23:00:00,0.0,0.0,0.0,0.0,0.0,0.0,0.0,0.0,0.0,0.0,0.0,0.0,0.0,0.0,0.0,0.0,0.0,0.0,0.0,0.0,0.0,0.0,0.0,0.0,0.0,0.0,0.0,0.0
2023-09-08 00:00:00,0.0,0.0,0.0,0.0,0.0,0.0,0.0,0.0,0.0,0.0,0.0,0.0,0.0,0.0,0.0,0.0,0.0,0.0,0.0,0.0,0.0,0.0,0.0,0.0,0.0,0.0,0.0,0.0
2023-09-08 01:00:00,0.0,0.0,0.0,0.0,0.0,0.0,0.0,0.0,0.0,0.0,0.0,0.0,0.0,0.0,0.0,0.0,0.0,0.0,0.0,0.0,0.0,0.0,0.0,0.0,0.0,0.0,0.0,0.0
2023-09-08 02:00:00,0.0,0.0,0.0,0.0,0.0,0.0,0.0,0.0,0.0,0.0,0.0,0.0,0.0,0.0,0.0,0.0,0.0,0.0,0.0,0.0,0.0,0.0,0.0,0.0,0.0,0.0,0.0,0.0
2023-09-08 03:00:00,0.0,0.0,0.0,0.0,0.0,0.0,0.0,0.0,0.0,0.0,0.0,0.0,0.0,0.0,0.0,0.0,0.0,0.0,0.0,0.0,0.0,0.0,0.0,0.0,0.0,0.0,0.0,0.0
2023-09-08 04:00:00,0.0,0.0,0.0,0.0,0.0,0.0,0.0,0.0,0.0,0.0,0.0,0.0,0.0,0.0,0.0,0.0,0.0,0.0,0.0,0.0,0.0,0.0,0.0,0.0,0.0,0.0,0.0,0.0
2023-09-08 05:00:00,0.0,0.0,0.0,0.0,0.0,0.0,0.0,0.0,0.0,0.0,0.0,0.0,0.0,0.0,0.0,0.0,0.0,0.0,0.0,0.0,0.0,0.0,0.0,0.0,0.0,0.0,0.0,0.0
2023-09-08 06:00:00,0.0,0.0,0.0,0.0,0.0,0.0,0.0,0.0,0.0,0.0,0.0,0.0,0.0,0.0,0.0,0.0,0.0,0.0,0.0,0.0,0.0,0.0,0.0,0.0,0.0,0.0,0.0,0.0
2023-09-08 07:00:00,0.0,0.0,0.0,0.0,0.0,0.0,0.0,0.0,0.0,0.0,0.0,0.0,0.0,0.0,0.0,0.0,0.0,0.0,0.0,0.0,0.0,0.0,0.27902239001482776,0.013982444156679926,0.39080085660374986,0.0,0.09515148023792244,0.0
2023-09-08 08:00:00,0.325101013448054,0.36526183337658974,0.278960105513684,0.2247635873129679,0.1360105934079815,0.0767217132351934,0.2856458069478483,0.3024949198804024,0.24367172421200733,0.3158535434436944,0.3192074134778639,0.3661160331673452,0.21099491475617987,0.2712151811407362,0.06693338175191517,0.10113834221973057,0.08878348921124063,0.35919268873257093,0.11787546431382767,0.2425862715090811,0.26606047501499386,0.3853595321884087,0.42837095886367943,0.4039013748253536,0.5401414790721244,0.09388667239101313,0.488728613728994,0.4161181191130937
2023-09-08 09:00:00,0.4414611115035651,0.517488461758184,0.36788068367263116,0.34814897431413533,0.20150110945674501,0.15700185497320596,0.42574707086670394,0.4242204894373933,0.3574002246156625,0.39256451908258405,0.4282817186014776,0.4854000469807766,0.31151039323296237,0.38282123742949437,0.1657848414220308,0.19438656025988865,0.19374422469317143,0.49758413607726815,0.2635270093449869,0.3342683006708996,0.3703203766259341,0.4977091019362379,0.48449390996592356,0.5625918712574354,0.6608239688922889,0.1738342744681826,0.6312196620251153,0.5799237858094408
2023-09-08 10:00:00,0.6646646079463716,0.6619342459907739,0.6099588790634265,0.5918423903733749,0.26964957222364505,0.2728556132186914,0.5821904202126895,0.5990031273825808,0.5800815663883043,0.6366057338916818,0.640838867600888,0.661538211243679,0.5442568182880024,0.5336038881148233,0.33123092092571643,0.3401231276283311,0.33333232291225057,0.6550937377166349,0.38381226998900997,0.5730080540059351,0.5228460198379046,0.6790139067911926,0.6719878296407491,0.7130405605365658,0.7642413021008335,0.295579948420569,0.7203293629262347,0.7108308952329254
2023-09-08 11:00:00,0.755958618438911,0.7666651476068391,0.6896342356922036,0.7221069052629528,0.2992788006412205,0.40573422384418867,0.6583069420573419,0.6482535790504328,0.6999329517923993,0.7022331905850927,0.7041770504343237,0.7862606951672438,0.692741515938371,0.5792633875692628,0.6370888393291053,0.589303900218151,0.38161792168029823,0.7610738389794633,0.40797806933959807,0.6152973389732772,0.5696766304231746,0.7610018611431779,0.6930331678864488,0.7627154160380064,0.7692987554854227,0.4704015206532834,0.7835468033101198,0.7557830574316923
2023-09-08 12:00:00,0.7267468326067302,0.7816438240692579,0.6378965231366104,0.7710684025168356,0.2558217335772854,0.3795729935985656,0.597751090787919,0.5903972717961004,0.712243998524359,0.6960488017789009,0.6395384929956179,0.8076747642618507,0.7284616019084059,0.5789491574379784,0.7115893356494007,0.7133859441908124,0.46981741919856823,0.7596908569461047,0.4829402896699861,0.675491307625842,0.5868439743149853,0.7745486967327904,0.6654825016290755,0.7858837774281714,0.7358923301293205,0.4969195145123747,0.7969212045377249,0.7684841076619409
2023-09-08 13:00:00,0.6720706440799421,0.7562933070516156,0.6538527312690083,0.7582882512657968,0.27009391774191444,0.4482719766259613,0.6464641134071303,0.6204851961174209,0.6914526305535741,0.6692358659397594,0.6288574917669588,0.7959828702503717,0.7065868198327275,0.6190546052859932,0.6548990224924573,0.6825711201889058,0.4903617950938377,0.6568274641838302,0.48805727802772914,0.7089611558444417,0.627108252305111,0.7214571023124287,0.6629496473565961,0.7489317352079342,0.6923222668028447,0.4787787470096822,0.7558829757156013,0.7346159716023023
2023-09-08 14:00:00,0.6739991967982083,0.6806847130911162,0.575098326281968,0.6921987407320169,0.27029677878274977,0.42162994426150047,0.4492206555647122,0.4930252918048015,0.6477301248686895,0.6002938978776011,0.4875195511114786,0.7748826741793486,0.6630005841283488,0.5684578258560676,0.5181910941453922,0.6165033907113927,0.48879068236186746,0.6798323717642019,0.47603688801892036,0.6402645162278626,0.5929327373075363,0.7206984236592863,0.6738532575102225,0.7060770477438277,0.6748506750203312,0.4058688139702806,0.715438619165818,0.7056572022051126
2023-09-08 15:00:00,0.6308369942513898,0.567013100252703,0.5618953014221865,0.656584960397974,0.23119123111645207,0.3469865552410746,0.5266393273998123,0.5713054306304118,0.6423856442855933,0.6437798655957667,0.5767616735683908,0.7173623785798454,0.6558825009730586,0.6078831204644454,0.5297532708665756,0.6561597564402616,0.47983876369323825,0.5823310192738675,0.4277550767328256,0.6379606208847022,0.6202880473348743,0.6903121376483462,0.5750640426009217,0.6038274465323885,0.5513853356680589,0.3461070387075014,0.6485434344359509,0.6055195288245124
2023-09-08 16:00:00,0.6455388411050932,0.482472249874307,0.6296815612070807,0.6439649883622783,0.19294228562914717,0.31753372615222025,0.5816828687728679,0.617987011318678,0.5599755245137578,0.6621443090585939,0.6145221794795859,0.7479413427938392,0.5572300010280866,0.6325093422515634,0.42534840724512407,0.5670022047496805,0.4399971230863448,0.6630220731784062,0.3921588242778954,0.7076918526381253,0.6402060188857619,0.7186246925754438,0.47939066382790674,0.5079269877265163,0.4200839434209362,0.3347359406460162,0.5986438498956963,0.48680074660229455
2023-09-08 17:00:00,0.655816874159562,0.4821336194064877,0.566912357571864,0.6325813918412769,0.1587895903103656,0.3163684082742783,0.5215032084231729,0.5663791094764817,0.5414575248971469,0.6309573215053659,0.5798196594311511,0.7224098311236408,0.5113641284000368,0.5970078740448336,0.5071863515166067,0.5462375358726128,0.4522678189889827,0.6683653433536083,0.4377458112836824,0.6485353230617416,0.606073023462415,0.7089416953765015,0.44345691511791085,0.4749094488588549,0.32260949660337757,0.3266581237195348,0.543175349683905,0.4593659952537909
2023-09-08 18:00:00,0.6163601655630672,0.47993715525769226,0.5354313176391926,0.6250632700388764,0.1331918900693651,0.2628014873156698,0.5541139626437773,0.613437078013514,0.6084635771045089,0.6140747379996954,0.6104473865773105,0.6682696646927833,0.593611291135449,0.6209727339146793,0.4173005330252455,0.5476849912524708,0.41456006514858085,0.6559415359322718,0.4101668052235724,0.590674173783707,0.619192851495273,0.6641816858924058,0.40140800712412267,0.48019530204119565,0.31198817458194994,0.307295307640219,0.4921752738776514,0.44876715229123293
2023-09-08 19:00:00,0.4836625601856926,0.46741514153845043,0.4043756779108548,0.4957890581061481,0.09317781982274832,0.17552526314821082,0.43415225589577416,0.4731725883946651,0.5138495845432458,0.4575868662082794,0.4688131730187871,0.5361365473577413,0.5068922285569875,0.4816329060292826,0.4376549876476878,0.5074271020110176,0.3281572145922851,0.5318413375401704,0.3294011613947554,0.47120583503897107,0.4798477106107105,0.5180116753421812,0.3479509777508831,0.4141829869258139,0.32862411945745396,0.2241207599818921,0.42354111699581887,0.41594777905598046
2023-09-08 20:00:00,0.3431854695673025,0.3095288802365878,0.3172255581847318,0.0,0.07028757192842387,0.118267252617495,0.3506496687888458,0.4123146054974878,0.34634681652037164,0.3723022953614416,0.37535940925652356,0.319240308897712,0.34693256301166037,0.29043391308808697,0.2731947765026651,0.3158324797574198,0.2389918846458537,0.37914725252792664,0.2204452474825584,0.10491438396953534,0.27457820022865176,0.3962306980082098,0.0,0.0,0.0,0.14629277732613824,0.055660108273131365,0.0
2023-09-08 21:00:00,0.0,0.0,0.0,0.0,0.0004666580526688068,0.0,0.0,0.0,0.0,0.0,0.0,0.0,0.0,0.0,0.0,0.0,0.0,0.0,0.0,0.0,0.0,0.0,0.0,0.0,0.0,0.0,0.0,0.0
2023-09-08 22:00:00,0.0,0.0,0.0,0.0,0.0,0.0,0.0,0.0,0.0,0.0,0.0,0.0,0.0,0.0,0.0,0.0,0.0,0.0,0.0,0.0,0.0,0.0,0.0,0.0,0.0,0.0,0.0,0.0
2023-09-08 23:00:00,0.0,0.0,0.0,0.0,0.0,0.0,0.0,0.0,0.0,0.0,0.0,0.0,0.0,0.0,0.0,0.0,0.0,0.0,0.0,0.0,0.0,0.0,0.0,0.0,0.0,0.0,0.0,0.0
2023-09-09 00:00:00,0.0,0.0,0.0,0.0,0.0,0.0,0.0,0.0,0.0,0.0,0.0,0.0,0.0,0.0,0.0,0.0,0.0,0.0,0.0,0.0,0.0,0.0,0.0,0.0,0.0,0.0,0.0,0.0
2023-09-09 01:00:00,0.0,0.0,0.0,0.0,0.0,0.0,0.0,0.0,0.0,0.0,0.0,0.0,0.0,0.0,0.0,0.0,0.0,0.0,0.0,0.0,0.0,0.0,0.0,0.0,0.0,0.0,0.0,0.0
2023-09-09 02:00:00,0.0,0.0,0.0,0.0,0.0,0.0,0.0,0.0,0.0,0.0,0.0,0.0,0.0,0.0,0.0,0.0,0.0,0.0,0.0,0.0,0.0,0.0,0.0,0.0,0.0,0.0,0.0,0.0
2023-09-09 03:00:00,0.0,0.0,0.0,0.0,0.0,0.0,0.0,0.0,0.0,0.0,0.0,0.0,0.0,0.0,0.0,0.0,0.0,0.0,0.0,0.0,0.0,0.0,0.0,0.0,0.0,0.0,0.0,0.0
2023-09-09 04:00:00,0.0,0.0,0.0,0.0,0.0,0.0,0.0,0.0,0.0,0.0,0.0,0.0,0.0,0.0,0.0,0.0,0.0,0.0,0.0,0.0,0.0,0.0,0.0,0.0,0.0,0.0,0.0,0.0
2023-09-09 05:00:00,0.0,0.0,0.0,0.0,0.0,0.0,0.0,0.0,0.0,0.0,0.0,0.0,0.0,0.0,0.0,0.0,0.0,0.0,0.0,0.0,0.0,0.0,0.0,0.0,0.0,0.0,0.0,0.0
2023-09-09 06:00:00,0.0,0.0,0.0,0.0,0.0,0.0,0.0,0.0,0.0,0.0,0.0,0.0,0.0,0.0,0.0,0.0,0.0,0.0,0.0,0.0,0.0,0.0,0.0,0.0,0.0,0.0,0.0,0.0
2023-09-09 07:00:00,0.0,0.0,0.0,0.0,0.0,0.0,0.0,0.0,0.0,0.0,0.0,0.0,0.0,0.0,0.0,0.0,0.0,0.0,0.0,0.0,0.0,0.0,0.3599998780113917,0.0,0.3525897570219475,0.0,0.038103041927507644,0.0
2023-09-09 08:00:00,0.2614064284658825,0.39700400252983226,0.2326789029477697,0.33659206853228574,0.14982753114859812,0.21175734665615678,0.3092431449383653,0.37062323655347756,0.2532541225213517,0.25247458788510296,0.29013885628420855,0.32128791392421174,0.30005888565800126,0.40899726317394336,0.28334905491354323,0.2925774471881234,0.24980005916681589,0.2856836503768434,0.21774668879638287,0.35109388893262683,0.40721924827707967,0.302318789294627,0.5362456667216574,0.49490036422656397,0.5734012161411856,0.284458158684422,0.5277818536634363,0.4769301723524285
2023-09-09 09:00:00,0.4162530269264499,0.5692458453431162,0.4308439390544121,0.5167301762057127,0.2347629522253207,0.3673505098087352,0.45787711721832985,0.5434420940641614,0.4224823610509939,0.41036091410409514,0.4525967357605141,0.5009920634491623,0.4771716656181363,0.5989255372323439,0.44406238136813725,0.4743037201149167,0.3950313044215717,0.4601237678193281,0.33652979293949103,0.5525520560549408,0.5977517958331364,0.4803943951589817,0.6751272851184084,0.642325209561415,0.7050097319605676,0.46447488275336957,0.6793740535397563,0.6137712208809041
2023-09-09 10:00:00,0.6139464854194377,0.7070597823440463,0.6129771659110844,0.7063706921974761,0.3046425572442924,0.5073994469104526,0.5765428784911997,0.6553914068921091,0.5833728446232882,0.5982594735992821,0.6272713941645626,0.7249496507489159,0.6536598185397956,0.6861675949015527,0.6337639446721807,0.6527365288348448,0.48456736692935815,0.6815680448680269,0.4481550220619649,0.654317035384731,0.6854409658606361,0.6737082990892205,0.7619546679486126,0.7330291173847575,0.769777350906518,0.5911083369081225,0.7499810246823932,0.7168534481891762
2023-09-09 11:00:00,0.70796647059185,0.7692415065971722,0.719052677586718,0.7644948662421882,0.3398590443232481,0.5876608489059943,0.6986889637420987,0.7289351983097155,0.6888793626089678,0.7159998827457915,0.7255338211055605,0.7902548329189201,0.7300100153655391,0.7363512646064809,0.7254353978991204,0.722244061776517,0.5885247866808271,0.7587068676977982,0.5371345445225455,0.7234789762546603,0.7364604972594645,0.7619442756152726,0.7902946020809718,0.7700961162975859,0.7904827554858038,0.6682198875369438,0.7808935905115473,0.7632095193584215
2023-09-09 12:00:00,0.7583773300454664,0.7899168534368098,0.7487273356230888,0.7801991971934107,0.3545925831835202,0.6193098126724348,0.7581987902203347,0.755910729666152,0.7385199325175126,0.7562151293088708,0.7571801964382588,0.8079851018523005,0.7667115313419636,0.7593983569788736,0.7489581535085348,0.7537377025354542,0.5900598490121047,0.7811142734990603,0.5714555750628554,0.751697206071228,0.760029788792578,0.7906120303092986,0.7981658257817593,0.7864353216621156,0.8117177961585404,0.719859339117674,0.7983432200103431,0.7792280228513362
2023-09-09 13:00:00,0.7650063333624686,0.793493950806879,0.7555672317899393,0.7857508154683353,0.3728405007363933,0.6738383104135509,0.7655051552898079,0.7656384498336243,0.763787767676082,0.7667412389001216,0.7659858624763488,0.8132655022985334,0.7779893506976461,0.7709750622571734,0.7655612082076835,0.7694976396411588,0.6290653140153137,0.7890021790122083,0.6102413726722468,0.7624473142511867,0.7718974128901286,0.7988661212169093,0.7624193784826159,0.7894849995359837,0.8087831561402467,0.749187585472905,0.800680522550716,0.7825756219042876
2023-09-09 14:00:00,0.7777302591567874,0.789496892670419,0.7566510864017937,0.7829807963137753,0.3803956525049618,0.6883285775448436,0.7642207458464069,0.766206267671365,0.7723574746296116,0.7678859250635668,0.7672147026390388,0.8104821833761118,0.7828837470299558,0.7703756425731859,0.7680901925063973,0.773451884218821,0.6584141405983874,0.7875656009933941,0.6251778643708036,0.7615641933595322,0.7714222132884565,0.797265506487073,0.6612249315757006,0.7850721111351043,0.7904266482430355,0.7595893376395493,0.7959745308896282,0.7787737675937666
2023-09-09 15:00:00,0.7638540795232055,0.7751850139302563,0.7460687715244116,0.770385189892655,0.3732864363909985,0.7166396858177769,0.7624959337626125,0.7547049494715727,0.7597023264255138,0.7573049530562082,0.7550596395049034,0.7968505908579007,0.7711668795751813,0.7605549554219715,0.7618297413662308,0.7665746272135575,0.6821292527816599,0.7759318620514372,0.6578858375022408,0.7518758028923003,0.7615868693330962,0.7859977080138383,0.5675303027396656,0.7658593458371118,0.7189155792016264,0.7540910822439306,0.7799105281902535,0.7616431905143219
2023-09-09 16:00:00,0.7468827028195718,0.7525027236073208,0.7246822223820111,0.74794310060417,0.37557830086191274,0.6665303347687697,0.7303058308472373,0.7293623200138755,0.7445626544353575,0.7318404141210807,0.7269277513121853,0.7749400079432541,0.7520477972936905,0.7383288772677155,0.734385023576573,0.7416230382063306,0.6835405136680379,0.7546898495376705,0.6734030845171523,0.7302926201463398,0.7391121185535766,0.7639936179715122,0.5600607951897824,0.7460401617812885,0.6822498928192385,0.7207778698944414,0.7543398516973544,0.7396416664804085
2023-09-09 17:00:00,0.7101635075761461,0.7129114233656967,0.6897503163075034,0.7088897176679344,0.3431813166252564,0.6639660299125235,0.6820245550004235,0.6896929705248361,0.7064960946037145,0.6933006510748172,0.6883648732800649,0.7354060315591292,0.7089605982884046,0.695830133972519,0.6846811462673634,0.6998739205464318,0.6420003021251959,0.7146504886202969,0.6565871778059613,0.6897568333661721,0.6963111693449883,0.7240261106627416,0.48533243753593996,0.7025934466891817,0.627849266176674,0.6858750120523269,0.7124162738770913,0.6997299534660185
2023-09-09 18:00:00,0.6325611529087171,0.6466702507220387,0.6257420983271132,0.6370122826736024,0.32453431594725,0.59868434322869,0.6352598469900789,0.6213229474940851,0.649057376767756,0.6268284618080933,0.6255468372913694,0.6662901989767971,0.6531235597010167,0.6200868768649486,0.6383586710872718,0.6454564134483924,0.5922327127934794,0.6471954047582182,0.6017924492118951,0.6164933398508274,0.6199808431126144,0.6550853776599976,0.3941071961562843,0.6271641500299481,0.5879235270991452,0.6140551867247768,0.6363888774569517,0.6245625056336438
2023-09-09 19:00:00,0.5205311018316827,0.5172333572011587,0.47322046615431135,0.49202297315368443,0.26028735924655066,0.5017954804503871,0.46665322942309717,0.47606793117167906,0.5297607374638474,0.4813476296843554,0.4765794723244755,0.5277707798138078,0.5271489667060907,0.479556848563526,0.5267757139667404,0.5297773101857739,0.5157454623800118,0.5145457396638039,0.5174106777285006,0.4748462072747031,0.4784706201595494,0.5196534010417131,0.3460233713071093,0.47845411268845556,0.4532647518303701,0.5147266056319495,0.4855033699535908,0.4761429406356448
2023-09-09 20:00:00,0.38596696144752946,0.2605313254671732,0.3625289270341305,0.0,0.17190009738285014,0.3322037564658108,0.34422873440279506,0.1361488253883125,0.35085143683809444,0.2980357365802663,0.29737264679041653,0.1499565308311562,0.350477619697192,0.0,0.3443407330159486,0.33822682808084864,0.336709928005679,0.3985644673843362,0.3244068176882172,0.0,0.0,0.4306700015736064,0.0,0.0,0.0,0.3525045855722851,0.04423420746825958,0.0
2023-09-09 21:00:00,0.0,0.0,0.0,0.0,1.6139189313338852e-05,0.0,0.0,0.0,0.0,0.0,0.0,0.0,0.0,0.0,0.0,0.0,0.0,0.0,0.0,0.0,0.0,0.0,0.0,0.0,0.0,0.0,0.0,0.0
2023-09-09 22:00:00,0.0,0.0,0.0,0.0,0.0,0.0,0.0,0.0,0.0,0.0,0.0,0.0,0.0,0.0,0.0,0.0,0.0,0.0,0.0,0.0,0.0,0.0,0.0,0.0,0.0,0.0,0.0,0.0
2023-09-09 23:00:00,0.0,0.0,0.0,0.0,0.0,0.0,0.0,0.0,0.0,0.0,0.0,0.0,0.0,0.0,0.0,0.0,0.0,0.0,0.0,0.0,0.0,0.0,0.0,0.0,0.0,0.0,0.0,0.0
2023-09-10 00:00:00,0.0,0.0,0.0,0.0,0.0,0.0,0.0,0.0,0.0,0.0,0.0,0.0,0.0,0.0,0.0,0.0,0.0,0.0,0.0,0.0,0.0,0.0,0.0,0.0,0.0,0.0,0.0,0.0
2023-09-10 01:00:00,0.0,0.0,0.0,0.0,0.0,0.0,0.0,0.0,0.0,0.0,0.0,0.0,0.0,0.0,0.0,0.0,0.0,0.0,0.0,0.0,0.0,0.0,0.0,0.0,0.0,0.0,0.0,0.0
2023-09-10 02:00:00,0.0,0.0,0.0,0.0,0.0,0.0,0.0,0.0,0.0,0.0,0.0,0.0,0.0,0.0,0.0,0.0,0.0,0.0,0.0,0.0,0.0,0.0,0.0,0.0,0.0,0.0,0.0,0.0
2023-09-10 03:00:00,0.0,0.0,0.0,0.0,0.0,0.0,0.0,0.0,0.0,0.0,0.0,0.0,0.0,0.0,0.0,0.0,0.0,0.0,0.0,0.0,0.0,0.0,0.0,0.0,0.0,0.0,0.0,0.0
2023-09-10 04:00:00,0.0,0.0,0.0,0.0,0.0,0.0,0.0,0.0,0.0,0.0,0.0,0.0,0.0,0.0,0.0,0.0,0.0,0.0,0.0,0.0,0.0,0.0,0.0,0.0,0.0,0.0,0.0,0.0
2023-09-10 05:00:00,0.0,0.0,0.0,0.0,0.0,0.0,0.0,0.0,0.0,0.0,0.0,0.0,0.0,0.0,0.0,0.0,0.0,0.0,0.0,0.0,0.0,0.0,0.0,0.0,0.0,0.0,0.0,0.0
2023-09-10 06:00:00,0.0,0.0,0.0,0.0,0.0,0.0,0.0,0.0,0.0,0.0,0.0,0.0,0.0,0.0,0.0,0.0,0.0,0.0,0.0,0.0,0.0,0.0,0.0,0.0,0.0,0.0,0.0,0.0
2023-09-10 07:00:00,0.0,0.0,0.0,0.0,0.0,0.0,0.0,0.0,0.0,0.0,0.0,0.0,0.0,0.0,0.0,0.0,0.0,0.0,0.0,0.0,0.0,0.0,0.4087498364967194,0.0,0.24858747279972668,0.0,0.0,0.0
2023-09-10 08:00:00,0.2812310431272499,0.45303516444633585,0.137481980287491,0.45923039731970694,0.22035216185061085,0.33060922545461363,0.2880231620681094,0.35756365466143764,0.23808381748998936,0.31164484963028616,0.3089356861572439,0.46045828864065147,0.29065078183252385,0.37879215888320433,0.37909269456878336,0.27498546632469906,0.17006336184734322,0.3992608794815424,0.2369076630249509,0.40115928417897295,0.3770730971981345,0.3880433419932238,0.5812800911548552,0.5028020736440639,0.5622016549624453,0.35890341255100283,0.5097385294942482,0.4938661898920514
2023-09-10 09:00:00,0.42208041545379266,0.6268657664904032,0.22403258446276217,0.6298894931848221,0.34457186568623305,0.5054446766828985,0.39016115337612844,0.5046425228398342,0.3374612518634596,0.4386785365872651,0.42410127331508646,0.6413033223954939,0.37485900344618484,0.5467432522096414,0.5393725786187574,0.35208886173844545,0.29128249523162447,0.5718522125373288,0.3457573203905322,0.5807449662277979,0.54644463788521,0.5448725571250045,0.7104264062035329,0.6580265239591291,0.6964655796746222,0.5468013846221755,0.6567958546883514,0.6503611109659314
2023-09-10 10:00:00,0.5114416240480588,0.7216097353889216,0.336454516390109,0.7099342432121124,0.41528481474316276,0.6116095144261317,0.41242983063376565,0.5300778640505538,0.3514876317199582,0.4981652788693465,0.4600153452597804,0.7257314656465758,0.3842859469975335,0.579944752146321,0.5575546237476875,0.3293952392613219,0.37686507053884555,0.605547201256926,0.40363510754285054,0.6488109333606923,0.584330072787311,0.6151996557209275,0.7650236890747012,0.7272178563533462,0.758736192665541,0.6533413649622296,0.7263406423579486,0.721560897918133
2023-09-10 11:00:00,0.48199732233767634,0.7457969947471005,0.45711231599468594,0.7469530059977226,0.47382209198935465,0.6509055452330044,0.450566737424335,0.5032090049736254,0.32477569928710737,0.4772856009385126,0.4460219708470689,0.7525736034614048,0.40151605031919735,0.5525657927853787,0.47482852389624075,0.36609558313697715,0.39449387678160935,0.554815686673907,0.428516029057713,0.6479709913827005,0.5591228187173829,0.6029773729832683,0.7901138191440776,0.7595830550229278,0.7910245074915349,0.6786476147229574,0.7733433503018042,0.7536639299338161
2023-09-10 12:00:00,0.4876547084793227,0.7429319977930569,0.565722108953095,0.7371668601003442,0.5037424643429588,0.6777801320244462,0.6121626072435484,0.562310832375605,0.3168894224319481,0.5642587058623078,0.5926190924750395,0.70565046274064,0.3671097093791089,0.5438767877701818,0.5371309284445126,0.3479381012355471,0.407157966299733,0.5606157638177468,0.48650524637197534,0.5446027779188138,0.5407977236791743,0.6021359727792522,0.8026678092542799,0.773817557068339,0.8038408084802744,0.7205340718051529,0.7884321190175171,0.7676982044937226
2023-09-10 13:00:00,0.4523792544448231,0.7280215773947686,0.5734484107528207,0.7284560784628262,0.5539510173434093,0.6647382633058069,0.6846336931336462,0.6662549549662921,0.36556808272479824,0.6699215334658166,0.6812809884427597,0.6721922797206864,0.43836083244873597,0.647396163571743,0.45807796907162224,0.3656864685474634,0.4072582526171664,0.6202529917732772,0.4462068078101419,0.6424685993130212,0.6437465988468727,0.6333908258739908,0.7984594031545668,0.7750566202786623,0.8050057751129117,0.6912210181372753,0.7894125841856935,0.7707056767364373
2023-09-10 14:00:00,0.4268692231999075,0.6707009516468067,0.4827442465203889,0.6777462292021582,0.5625934255865425,0.6389864198618838,0.6352110175922044,0.6580224082866873,0.327040600786268,0.6204469500306381,0.6398785558575122,0.6048195203864944,0.3132073954914278,0.6676051100164515,0.28343558169802563,0.22886028763057525,0.4256228008348146,0.6058143558381933,0.3964769160910137,0.6473139761741026,0.6665361303971854,0.600153617644366,0.7902383344457762,0.7634096479614821,0.8005444998115351,0.6216799585149502,0.7847116739548002,0.7607543097979678
2023-09-10 15:00:00,0.41669066727004844,0.5446149822939804,0.44453875778773383,0.5850589871157318,0.5807126914923879,0.5542468048758046,0.6160334898270348,0.6220366700521652,0.31642612624681243,0.5983061312556085,0.610715977020057,0.5224079630525866,0.24595653844537235,0.6344510653755119,0.178523887383766,0.1430678194253221,0.41834165342712065,0.5653622256959702,0.2699806095129609,0.6440510966462089,0.6354180470863683,0.5556791888945057,0.7788787807334243,0.7300519667309332,0.7819539890044226,0.5090207752293393,0.7706223739575517,0.725387450568235
2023-09-10 16:00:00,0.3411739964554298,0.43249029199811817,0.2889468661308629,0.46844596660838095,0.5848108097108647,0.5160266599871512,0.4863127648089704,0.4930116107470747,0.2857016224449486,0.4763498590270152,0.46503873395851913,0.42240537464244954,0.17803197307004143,0.5049204587022883,0.14388249398488395,0.13268204442522513,0.3610690080771563,0.4326347418154282,0.23194036353560551,0.5609674763714664,0.5067459655602717,0.43028336173555376,0.7407407327976995,0.6421705944474704,0.7458212358983463,0.4532180185964938,0.7445799870526378,0.6143232418808718
2023-09-10 17:00:00,0.27891737994396404,0.3165551736086078,0.20373668838367082,0.3938023261209883,0.5575387147946623,0.4330413038663668,0.392906246703893,0.405250862232637,0.15986606437106002,0.39665018737394286,0.3884388164970296,0.39358449112444754,0.12046699127499966,0.39826816769177387,0.07429497422662577,0.11795187359883855,0.24596336687545128,0.37388371010329363,0.25968017353561235,0.4236604517386443,0.3944164437079443,0.41337839052088277,0.6990747542142534,0.5626932524878215,0.7060498851154732,0.3615260703527754,0.6891810719481202,0.5180519374130538
2023-09-10 18:00:00,0.15255101654813646,0.2190754377913842,0.11282600606978048,0.28476084039996075,0.5293570227717549,0.29096155185873973,0.26271535747030156,0.33101351888884656,0.06972921151230892,0.28405948660488956,0.2790063332984114,0.3040518079295798,0.06040922217053652,0.3278999661621126,0.04605259237650996,0.059702854457144454,0.21896526589047255,0.210002626365541,0.16576377814230944,0.37243620791591325,0.3212855865401169,0.28020317816901136,0.6015342068207213,0.4135099404885221,0.6241247089203006,0.2635897856053123,0.5797567481400352,0.3561831640139311
2023-09-10 19:00:00,0.1589197551282157,0.17100220926540097,0.054709619687531824,0.24622225748621032,0.4718269865742841,0.14307880648341914,0.1140966722526559,0.16173871717606117,0.03616834451679479,0.1532103268928124,0.14358946945219103,0.2904082579683252,0.021862437052552447,0.17842420399789632,0.02297898406785107,0.023253264952647304,0.23263505196777795,0.2097486529466314,0.15236035308952517,0.23469524932805963,0.17840461167517843,0.2584074264929395,0.41607246595120795,0.27122043038975185,0.4460503912794476,0.19501476089385086,0.36939263219190743,0.23946324126949703
2023-09-10 20:00:00,0.040332075274856896,0.02835832750652995,0.04362413345184213,0.0,0.29169768798251017,0.07815989484697436,0.017250362499530863,0.008851812978242552,0.0028610276108368936,0.026033881885958905,0.02401320075773458,0.0,0.002669473211398403,0.0,0.0035497768546854922,0.0017749325698394886,0.1896649749240534,0.09324701506468151,0.1179784712659746,0.0,0.0,0.05986931471370762,0.0,0.0,0.0,0.08320946049874975,0.0038961632273873466,0.0
2023-09-10 21:00:00,0.0,0.0,0.0,0.0,0.013165452846061037,0.0,0.0,0.0,0.0,0.0,0.0,0.0,0.0,0.0,0.0,0.0,0.0,0.0,0.0,0.0,0.0,0.0,0.0,0.0,0.0,0.0,0.0,0.0
2023-09-10 22:00:00,0.0,0.0,0.0,0.0,0.0,0.0,0.0,0.0,0.0,0.0,0.0,0.0,0.0,0.0,0.0,0.0,0.0,0.0,0.0,0.0,0.0,0.0,0.0,0.0,0.0,0.0,0.0,0.0
2023-09-10 23:00:00,0.0,0.0,0.0,0.0,0.0,0.0,0.0,0.0,0.0,0.0,0.0,0.0,0.0,0.0,0.0,0.0,0.0,0.0,0.0,0.0,0.0,0.0,0.0,0.0,0.0,0.0,0.0,0.0
2023-09-11 00:00:00,0.0,0.0,0.0,0.0,0.0,0.0,0.0,0.0,0.0,0.0,0.0,0.0,0.0,0.0,0.0,0.0,0.0,0.0,0.0,0.0,0.0,0.0,0.0,0.0,0.0,0.0,0.0,0.0
2023-09-11 01:00:00,0.0,0.0,0.0,0.0,0.0,0.0,0.0,0.0,0.0,0.0,0.0,0.0,0.0,0.0,0.0,0.0,0.0,0.0,0.0,0.0,0.0,0.0,0.0,0.0,0.0,0.0,0.0,0.0
2023-09-11 02:00:00,0.0,0.0,0.0,0.0,0.0,0.0,0.0,0.0,0.0,0.0,0.0,0.0,0.0,0.0,0.0,0.0,0.0,0.0,0.0,0.0,0.0,0.0,0.0,0.0,0.0,0.0,0.0,0.0
2023-09-11 03:00:00,0.0,0.0,0.0,0.0,0.0,0.0,0.0,0.0,0.0,0.0,0.0,0.0,0.0,0.0,0.0,0.0,0.0,0.0,0.0,0.0,0.0,0.0,0.0,0.0,0.0,0.0,0.0,0.0
2023-09-11 04:00:00,0.0,0.0,0.0,0.0,0.0,0.0,0.0,0.0,0.0,0.0,0.0,0.0,0.0,0.0,0.0,0.0,0.0,0.0,0.0,0.0,0.0,0.0,0.0,0.0,0.0,0.0,0.0,0.0
2023-09-11 05:00:00,0.0,0.0,0.0,0.0,0.0,0.0,0.0,0.0,0.0,0.0,0.0,0.0,0.0,0.0,0.0,0.0,0.0,0.0,0.0,0.0,0.0,0.0,0.0,0.0,0.0,0.0,0.0,0.0
2023-09-11 06:00:00,0.0,0.0,0.0,0.0,0.0,0.0,0.0,0.0,0.0,0.0,0.0,0.0,0.0,0.0,0.0,0.0,0.0,0.0,0.0,0.0,0.0,0.0,0.0,0.0,0.0,0.0,0.0,0.0
2023-09-11 07:00:00,0.0,0.0,0.0,0.0,0.0,0.0,0.0,0.0,0.0,0.0,0.0,0.0,0.0,0.0,0.0,0.0,0.0,0.0,0.0,0.0,0.0,0.0,0.3427213098763086,0.0,0.12160159579076173,0.0,0.0,0.0
2023-09-11 08:00:00,0.03182344360374094,0.04635105358231536,0.06218193862344116,0.018025242333584497,0.12635957705537051,0.045144088866598375,0.0077102447309706475,0.006354832496445888,0.01958815121162448,0.013265819072456265,0.013086835238858775,0.004354496142916159,0.028675238945837258,0.0042633823587992885,0.1154217920092991,0.06498503332173233,0.021085455142908688,0.005645875278894162,0.028412923201011138,0.002799239968069683,0.0037865775611927426,0.008876028782282969,0.4675866573115901,0.15467218126269475,0.3233940974191971,0.10571154000507099,0.26687045940635284,0.10693033576019592
2023-09-11 09:00:00,0.11648948393530903,0.14728703624677444,0.23201111511834607,0.07555745911585675,0.2405179056557,0.04464833545235393,0.08615683506289207,0.08693124245825656,0.14100705774118763,0.08603459247221099,0.09281503838311478,0.02866395937951895,0.1314129650904925,0.07030309300561693,0.16344557765984974,0.1645379142367611,0.06055690709020214,0.033381248996449224,0.04896922149486458,0.04735823246837312,0.0649178329484561,0.04851308085111249,0.5894287128807143,0.25222764204764536,0.4539662897801549,0.1254818933313099,0.37497453176517836,0.16816654951984644
2023-09-11 10:00:00,0.19390580547937555,0.2027070357727147,0.3491087515947679,0.12458258465295581,0.25748626842206473,0.05968538056691092,0.25629250307118845,0.1854167530974042,0.19460927609578607,0.1710264407206641,0.19950711266837853,0.06862981358284874,0.21280615164443234,0.14560707889011468,0.19163566123663212,0.1922639725245042,0.07379277103439917,0.07498147212795947,0.05708785431575336,0.09568167904892756,0.13580814285224407,0.09898507879921509,0.6035770353323353,0.30156759540132905,0.4596034348730775,0.1350828374196047,0.4597483413324565,0.213892800541714
2023-09-11 11:00:00,0.279629841184646,0.3521395419742962,0.5601706753444867,0.15213906599100138,0.3093390619564944,0.07604897482150988,0.495426183168489,0.3788511760013573,0.26594078040313973,0.34533729204296026,0.44450205980602125,0.10012468856141125,0.32751760051327344,0.31195598599585034,0.2433632376065776,0.33282934765551736,0.13351718343437877,0.2419737745069921,0.12247459868391841,0.17062193459950492,0.2964366350975706,0.2258840632542852,0.6478200052136098,0.3340492033496686,0.49024200879729685,0.14537999031511323,0.5434666566592398,0.26150603450472704
2023-09-11 12:00:00,0.3662070263290867,0.37430102953372807,0.6686086123282734,0.15813883332081294,0.2680308688927778,0.08557378792074688,0.6596032314321714,0.5254406045752616,0.30230616833581747,0.5259200503217955,0.5930774441824622,0.11479558934094078,0.36364674404767955,0.42157828157325944,0.3172714175196365,0.26113334965722,0.14711953630898678,0.21643915634463898,0.12798947809041597,0.27668880698340864,0.403901562022024,0.3060809666873017,0.6608802783395437,0.3411252696610605,0.6655803111531445,0.21205531005082903,0.5502239396646753,0.29245203633967704
2023-09-11 13:00:00,0.5124785476180067,0.4102255157624223,0.6983858065517181,0.2385890379811715,0.2792620776248725,0.08921652468168977,0.738272063390347,0.6392384424069638,0.44875799469412625,0.620038458251206,0.6851054871449904,0.29641045130798427,0.4526417385876761,0.5622630359536056,0.339514012916138,0.2511242079748836,0.2196595462370351,0.4094420521286654,0.1730658742924442,0.4187150277249549,0.5476227294330721,0.45130919725511615,0.6884686218691508,0.34599331621362245,0.6125550286725965,0.2226938307045215,0.5142712716702965,0.3130374190121608
2023-09-11 14:00:00,0.4758299017653983,0.44599120045209395,0.6635683336110647,0.3475855565361379,0.29037541094112124,0.0963004528516298,0.7326374312187651,0.657446940107171,0.3431153209926773,0.6620388414938347,0.7118942907336515,0.46383818338792804,0.37294128322645365,0.5808383530834015,0.23125235099341815,0.23799947868669835,0.2365455714784877,0.497836528125884,0.21770196801518013,0.4405384810882286,0.5659922538549998,0.5602165130881297,0.6364712143727791,0.30820351047492955,0.5076350344433124,0.19902625874105231,0.35736825406263323,0.29515499308170695
2023-09-11 15:00:00,0.4808125907707482,0.39438444551385266,0.6145040937741232,0.4462484063590564,0.2641583284384379,0.07577503892769444,0.6821916223253126,0.6340798804309508,0.24953945910075487,0.61478405256514,0.6497819272568159,0.5194962859013149,0.2129646795972207,0.5919096104629173,0.09811977812269887,0.09220196633635266,0.2980953266718051,0.5047989177226194,0.21975081171089914,0.5627297485585654,0.5816528472359959,0.5537792303704042,0.552818414093271,0.2777357078989556,0.5099202746721297,0.14265565200900268,0.30385812091523273,0.2849530530342476
2023-09-11 16:00:00,0.37588463730164984,0.35158515641822036,0.5482841910273809,0.4096002897209283,0.2334722560819643,0.05218492191649489,0.7121327043464306,0.6616747176260699,0.18773987230531947,0.5940059934667352,0.6168402864527793,0.45116119167308777,0.15880249003227367,0.6389416753286549,0.05772034215873293,0.10808087863824697,0.20764812103773786,0.5066331063989057,0.1450230353315178,0.6438951091615064,0.6317440534203778,0.49748797621621405,0.4379116797061799,0.2713141586179177,0.3934270778962571,0.08527806313786333,0.21231833912281742,0.33132461159949816
2023-09-11 17:00:00,0.2931378523067853,0.26770751123621045,0.6071627699094074,0.4566445256875182,0.1819812928177679,0.04809624485067057,0.6524742947516277,0.6222994513979344,0.08781199235993785,0.6431406893652252,0.6505032905958004,0.3622836875050325,0.09138419511372511,0.5965280977112162,0.09444189624454975,0.1258686921836335,0.11970766940678018,0.42528710810737325,0.10436848032681592,0.568568358702567,0.5931456984880795,0.4477397200669044,0.36045485139003164,0.27151284457243,0.29316412008692105,0.05108074196420596,0.16430440650361638,0.3559968402278756
2023-09-11 18:00:00,0.25865153878469027,0.24338348918675703,0.5002217844795909,0.39458132804043156,0.1031836444066612,0.02436304843171428,0.5848083718840091,0.5549913726853639,0.116059280015398,0.5517933112729972,0.567950139595176,0.37427629262899004,0.1183250355584686,0.5452585643692519,0.07606581494940101,0.05430277741144886,0.0542716032716512,0.3534354920068716,0.055280871559837186,0.49643477657602053,0.542623843751797,0.3930008007819645,0.2299048831354934,0.24631550205174804,0.1642769365242638,0.02830830613277927,0.10332745872102563,0.33337164592230656
2023-09-11 19:00:00,0.1621515591964202,0.18317133633603572,0.2629524509644256,0.2734055808399412,0.05245769995720586,0.01118752077686437,0.42751539457121623,0.4367357305094885,0.0591674473321607,0.4437018086983649,0.455569825964545,0.2474888232003931,0.07397849740332257,0.41468736704470643,0.04794779496866949,0.03601824218402093,0.018349087684255302,0.27546275218719174,0.03424875340603164,0.38913888069886243,0.41074275544254957,0.2922274167519238,0.09248567360591513,0.19617641867374921,0.03546384646097479,0.009536608789349395,0.06404498443950617,0.2701496680154236
2023-09-11 20:00:00,0.058874725020387486,0.030044919312847775,0.02749024179411878,0.0,0.043919905454699454,0.005766142040116428,0.0,0.0,0.03150791320449113,0.0,0.0,0.0,0.025517952532649716,0.0,0.021359458005371083,0.010746221493966032,0.002196269228626875,0.03873124773992852,0.001681050222225967,0.0,0.0,0.0,0.0,0.0,0.0,0.0058655163693660025,0.006061386658277358,0.0
2023-09-11 21:00:00,0.0,0.0,0.0,0.0,2.2638917621575292e-05,0.0,0.0,0.0,0.0,0.0,0.0,0.0,0.0,0.0,0.0,0.0,0.0,0.0,0.0,0.0,0.0,0.0,0.0,0.0,0.0,0.0,0.0,0.0
2023-09-11 22:00:00,0.0,0.0,0.0,0.0,0.0,0.0,0.0,0.0,0.0,0.0,0.0,0.0,0.0,0.0,0.0,0.0,0.0,0.0,0.0,0.0,0.0,0.0,0.0,0.0,0.0,0.0,0.0,0.0
2023-09-11 23:00:00,0.0,0.0,0.0,0.0,0.0,0.0,0.0,0.0,0.0,0.0,0.0,0.0,0.0,0.0,0.0,0.0,0.0,0.0,0.0,0.0,0.0,0.0,0.0,0.0,0.0,0.0,0.0,0.0
2023-09-12 00:00:00,0.0,0.0,0.0,0.0,0.0,0.0,0.0,0.0,0.0,0.0,0.0,0.0,0.0,0.0,0.0,0.0,0.0,0.0,0.0,0.0,0.0,0.0,0.0,0.0,0.0,0.0,0.0,0.0
2023-09-12 01:00:00,0.0,0.0,0.0,0.0,0.0,0.0,0.0,0.0,0.0,0.0,0.0,0.0,0.0,0.0,0.0,0.0,0.0,0.0,0.0,0.0,0.0,0.0,0.0,0.0,0.0,0.0,0.0,0.0
2023-09-12 02:00:00,0.0,0.0,0.0,0.0,0.0,0.0,0.0,0.0,0.0,0.0,0.0,0.0,0.0,0.0,0.0,0.0,0.0,0.0,0.0,0.0,0.0,0.0,0.0,0.0,0.0,0.0,0.0,0.0
2023-09-12 03:00:00,0.0,0.0,0.0,0.0,0.0,0.0,0.0,0.0,0.0,0.0,0.0,0.0,0.0,0.0,0.0,0.0,0.0,0.0,0.0,0.0,0.0,0.0,0.0,0.0,0.0,0.0,0.0,0.0
2023-09-12 04:00:00,0.0,0.0,0.0,0.0,0.0,0.0,0.0,0.0,0.0,0.0,0.0,0.0,0.0,0.0,0.0,0.0,0.0,0.0,0.0,0.0,0.0,0.0,0.0,0.0,0.0,0.0,0.0,0.0
2023-09-12 05:00:00,0.0,0.0,0.0,0.0,0.0,0.0,0.0,0.0,0.0,0.0,0.0,0.0,0.0,0.0,0.0,0.0,0.0,0.0,0.0,0.0,0.0,0.0,0.0,0.0,0.0,0.0,0.0,0.0
2023-09-12 06:00:00,0.0,0.0,0.0,0.0,0.0,0.0,0.0,0.0,0.0,0.0,0.0,0.0,0.0,0.0,0.0,0.0,0.0,0.0,0.0,0.0,0.0,0.0,0.0,0.0,0.0,0.0,0.0,0.0
2023-09-12 07:00:00,0.0,0.0,0.0,0.0,0.0,0.0,0.0,0.0,0.0,0.0,0.0,0.0,0.0,0.0,0.0,0.0,0.0,0.0,0.0,0.0,0.0,0.0,0.3591075040345573,0.0,0.13779957138366333,0.0,0.0,0.0
2023-09-12 08:00:00,0.013258031153826321,0.06486581292059272,0.01779820576795698,0.03684163299916698,0.009337507314333913,0.0,0.049932807034413586,0.06595189405591849,0.0007771620175135021,0.05741073144903639,0.05816638979453469,0.015618493815920533,0.002770023564442678,0.0606892587817977,7.67166584871863e-05,2.7255860423556987e-05,0.035312720876713846,0.0052970882980628055,0.010355570162076954,0.06064252716169155,0.05918460973049665,0.02318117329202105,0.46195881041609627,0.13809909479958546,0.2801887054406349,5.630575288278164e-06,0.20249404922702258,0.14031790960701646
2023-09-12 09:00:00,0.020054215914353656,0.1143327774717932,0.02514245112889331,0.1262612767951144,0.03489396042132807,0.005524308295199381,0.05230440543029575,0.10849102076567478,0.009198464020120567,0.10445300823042131,0.08059798420211346,0.04560272795586289,0.009742065209431485,0.1273231718400564,0.007877759720489838,0.009070967487104136,0.1529902347058991,0.022410077226721985,0.1352559698864994,0.1756996298206813,0.13050934554402444,0.05170836741235396,0.5690007131704896,0.3308687338558738,0.3770985414814287,0.006689190606656298,0.30095799361444214,0.35947325451151774
2023-09-12 10:00:00,0.026720783623939797,0.1384654722052807,0.05150453540837639,0.207221970357236,0.07364733974602652,0.017039723902437378,0.07803329058333348,0.10188499876281136,0.02353891596135289,0.05841023597161924,0.06514378667622112,0.08655596877641407,0.023618577070515033,0.12482776819303237,0.013648196443365564,0.018992606673428922,0.26121637216187976,0.02417531448999594,0.18897403527319995,0.1409819201150827,0.12517351217227268,0.03832585405693704,0.6368127139815567,0.4111959839363027,0.4526345775371141,0.018643243355303953,0.3726838048628275,0.46090292732039667
2023-09-12 11:00:00,0.046647481873000114,0.23553663580114972,0.0562600669514349,0.2999358609350382,0.136542181048737,0.03332104232048315,0.05976338834197806,0.0957493287935588,0.03254555532253902,0.08102426106405443,0.05436440235431885,0.16331508861062355,0.033816326951339966,0.139141563023574,0.029518357077713248,0.03245557383926602,0.3365126050538871,0.027296922488658146,0.2639116596841352,0.23131316178580894,0.14748439910121847,0.061664460142784074,0.5584675014009451,0.489797091711567,0.5585177918103418,0.03884442101512089,0.44198860650951477,0.4859572007053956
2023-09-12 12:00:00,0.060536236938643816,0.20531350244593682,0.1504894786695872,0.10498319424558723,0.201468703397634,0.06322663036476094,0.07887971116374314,0.09205827441223362,0.08329226751788939,0.05510058299170949,0.051302887816675816,0.07013304486544286,0.08578994945601659,0.14004510734727896,0.0943572715858351,0.06795309857883944,0.37141365525443565,0.039315417455412095,0.30514489884448387,0.11258183800917577,0.1464925589108545,0.05201721756107761,0.5501699269897066,0.317481558128324,0.5629333025501791,0.07553402014718717,0.4089806956652357,0.3330975742253649
2023-09-12 13:00:00,0.07494291470035341,0.2452919948018937,0.19652669262534544,0.09488373360609327,0.2079297853419236,0.08486030920612384,0.11400461718398004,0.09880319457001724,0.0913909764086246,0.06604568480194804,0.06822657795334701,0.08499437115879467,0.09760389217288204,0.13327801975645018,0.1156951263256769,0.08038169017059016,0.3850436159338213,0.04937648361329816,0.3095363385640874,0.1038647932139929,0.1373862815934179,0.06929075327232397,0.5530622829110683,0.29657602832659075,0.5468397902623893,0.09235219061952776,0.4121174847726595,0.3003104585601116
2023-09-12 14:00:00,0.1186157989479955,0.21910098102885003,0.27105422443464583,0.09393491423497129,0.27308572786517954,0.17243727682710253,0.2236864668411204,0.20573989937178902,0.15259531058541204,0.1673906544291148,0.16515558218051044,0.11243887158079555,0.11266009817102637,0.24586337089790775,0.10342951984601216,0.08999906249818916,0.4786121372352403,0.09199634515083682,0.38819099040315125,0.14609802812236464,0.25121114682942314,0.12956984970361196,0.5444591812647939,0.30660966198367706,0.5037556361629173,0.11708930215849796,0.3631333732027209,0.24025597454267686
2023-09-12 15:00:00,0.11615827960732714,0.22881013355520335,0.3085620203952328,0.08288417887322481,0.2589077164100086,0.14814390558313295,0.28637051659414353,0.1899520560939889,0.126787496377554,0.1471279717345072,0.18421754019753867,0.10385537279350017,0.061508175859403755,0.18921383019852786,0.06637607100405843,0.06436940950414856,0.3989820633295761,0.09941792586608911,0.40357510487567483,0.11512145029282272,0.19035349102143362,0.10560893930289698,0.5777951732924307,0.20768206456878657,0.5351933659108175,0.1194690527319458,0.3524104701700878,0.18495531419621544
2023-09-12 16:00:00,0.13095045276959488,0.19863082089812087,0.2963923558726893,0.09182196472050709,0.2525908460495958,0.19321352693861332,0.30196072968711635,0.2436908621295816,0.15919446262286643,0.246155842599984,0.24279094299088516,0.0885531483281913,0.06269128350058913,0.2555583182603425,0.07136585453668502,0.08108102115763621,0.4390383283835515,0.14293167847772784,0.45131139959166944,0.18771536354979346,0.25971703973394045,0.15939858354437095,0.47416558199817926,0.1574836890091495,0.4342072788753862,0.14747012976756718,0.2688704534535762,0.14129476442076394
2023-09-12 17:00:00,0.10030679443954511,0.15116685423212478,0.31020274487583666,0.07270008561689695,0.20186908518515306,0.15824051845309162,0.3129089169869332,0.21671953664080135,0.12634301775068388,0.18678442577803053,0.20830117474004012,0.07754004771293903,0.05065488624915238,0.20825592409340787,0.06131793212565194,0.08715224488348275,0.41420654102170457,0.05602628541166527,0.42483163462506435,0.16920345519484387,0.20821976078686716,0.11718495701436511,0.30983268712099743,0.14665067317995967,0.29894889386809415,0.14841389053685725,0.18624544941704774,0.1434013552964675
2023-09-12 18:00:00,0.08653876315473488,0.13936249919016283,0.2447513755169222,0.040971257395799036,0.1711744094385615,0.17696450796100172,0.33620661796943946,0.23400667765277428,0.12512275780672058,0.210475893631317,0.23451009548105395,0.034437183807107904,0.07248380487593652,0.18431239998203822,0.06260961013878162,0.09163993154397264,0.39641163589658074,0.016406209866909133,0.3989460943194824,0.1568152829445829,0.17857294717949923,0.08052195209132197,0.13480887380088757,0.0827218598072268,0.14871540865998828,0.15689004912200816,0.11284834924643383,0.11056235587837346
2023-09-12 19:00:00,0.042453510179870715,0.139121913834676,0.16175518174450987,0.02611416089100951,0.09727029943867956,0.12749550536835774,0.2717461407297863,0.18599702680619315,0.07777429026339822,0.128510748338503,0.16787730842188336,0.024188479752335786,0.046193960716746155,0.15948318684028978,0.04003286613612224,0.05370649444791081,0.2825737135158025,0.0032665735282921752,0.3145500000849294,0.10892434619698307,0.15303539510776187,0.037230226813221794,0.04576787375227996,0.07198709645694984,0.0303736615817112,0.12094598242309698,0.051147022484141484,0.12333038102483951
2023-09-12 20:00:00,0.011034274364877264,0.0013587660680918904,0.030921722014979707,0.0,0.04194141003438341,0.10300529372710258,0.0,0.0,0.006120997566035143,0.0,0.0,0.0,0.003864438542736599,0.0,0.027127931871781547,0.025217478109052314,0.17208412210010177,0.0,0.1911558703575276,0.0,0.0,0.0,0.0,0.0,0.0,0.08516974735519844,0.0,0.0
2023-09-12 21:00:00,0.0,0.0,0.0,0.0,0.00026128178062998647,0.0,0.0,0.0,0.0,0.0,0.0,0.0,0.0,0.0,0.0,0.0,0.0,0.0,0.0,0.0,0.0,0.0,0.0,0.0,0.0,0.0,0.0,0.0
2023-09-12 22:00:00,0.0,0.0,0.0,0.0,0.0,0.0,0.0,0.0,0.0,0.0,0.0,0.0,0.0,0.0,0.0,0.0,0.0,0.0,0.0,0.0,0.0,0.0,0.0,0.0,0.0,0.0,0.0,0.0
2023-09-12 23:00:00,0.0,0.0,0.0,0.0,0.0,0.0,0.0,0.0,0.0,0.0,0.0,0.0,0.0,0.0,0.0,0.0,0.0,0.0,0.0,0.0,0.0,0.0,0.0,0.0,0.0,0.0,0.0,0.0
2023-09-13 00:00:00,0.0,0.0,0.0,0.0,0.0,0.0,0.0,0.0,0.0,0.0,0.0,0.0,0.0,0.0,0.0,0.0,0.0,0.0,0.0,0.0,0.0,0.0,0.0,0.0,0.0,0.0,0.0,0.0
2023-09-13 01:00:00,0.0,0.0,0.0,0.0,0.0,0.0,0.0,0.0,0.0,0.0,0.0,0.0,0.0,0.0,0.0,0.0,0.0,0.0,0.0,0.0,0.0,0.0,0.0,0.0,0.0,0.0,0.0,0.0
2023-09-13 02:00:00,0.0,0.0,0.0,0.0,0.0,0.0,0.0,0.0,0.0,0.0,0.0,0.0,0.0,0.0,0.0,0.0,0.0,0.0,0.0,0.0,0.0,0.0,0.0,0.0,0.0,0.0,0.0,0.0
2023-09-13 03:00:00,0.0,0.0,0.0,0.0,0.0,0.0,0.0,0.0,0.0,0.0,0.0,0.0,0.0,0.0,0.0,0.0,0.0,0.0,0.0,0.0,0.0,0.0,0.0,0.0,0.0,0.0,0.0,0.0
2023-09-13 04:00:00,0.0,0.0,0.0,0.0,0.0,0.0,0.0,0.0,0.0,0.0,0.0,0.0,0.0,0.0,0.0,0.0,0.0,0.0,0.0,0.0,0.0,0.0,0.0,0.0,0.0,0.0,0.0,0.0
2023-09-13 05:00:00,0.0,0.0,0.0,0.0,0.0,0.0,0.0,0.0,0.0,0.0,0.0,0.0,0.0,0.0,0.0,0.0,0.0,0.0,0.0,0.0,0.0,0.0,0.0,0.0,0.0,0.0,0.0,0.0
2023-09-13 06:00:00,0.0,0.0,0.0,0.0,0.0,0.0,0.0,0.0,0.0,0.0,0.0,0.0,0.0,0.0,0.0,0.0,0.0,0.0,0.0,0.0,0.0,0.0,0.0,0.0,0.0,0.0,0.0,0.0
2023-09-13 07:00:00,0.0,0.0,0.0,0.0,0.0,0.0,0.0,0.0,0.0,0.0,0.0,0.0,0.0,0.0,0.0,0.0,0.0,0.0,0.0,0.0,0.0,0.0,0.28501572343980625,0.0,0.015110797700060352,0.0,0.0,0.0
2023-09-13 08:00:00,0.08206941300399209,0.2525212505952023,0.06939596930638456,0.14224711772418597,0.08134692345483932,0.10811196848061667,0.07739635165844408,0.1732414940953494,0.0670134374295478,0.13238264154547277,0.10202637508152448,0.1300344148629401,0.060993253886953896,0.24319617149917885,0.13187268892820997,0.09039351586647684,0.1510457467985018,0.12346194780210605,0.1322641264716839,0.2442857421813552,0.25200789253567174,0.14109663164247674,0.41308746103496713,0.14026326263940886,0.0931886359733835,0.10623053601368888,0.18950656290814838,0.1728390539269378
2023-09-13 09:00:00,0.15757283052950724,0.4116596621819356,0.16490263576295938,0.21070099222082792,0.22442150017484547,0.17844925129700756,0.1286968003835197,0.20622435266843056,0.14009563381346749,0.17360684230121576,0.13679643993017412,0.18478251548601154,0.13365340407845785,0.29262104259225613,0.206114986231039,0.1727204338118184,0.24243107966245941,0.18206856752475123,0.2915289177783148,0.254183164403205,0.3039207279137333,0.1656789210751114,0.5392894547496606,0.23601428726122256,0.3139351112006088,0.2052460743515729,0.3478879740922697,0.27645866790263807
2023-09-13 10:00:00,0.37519706714140144,0.5690103324723735,0.2503058474680617,0.38253339574064976,0.3451528214186606,0.3007565664438209,0.23575677953100785,0.3186889508206213,0.31461396345614706,0.30067622651916637,0.26220349570221746,0.44332216287600623,0.3284115934839636,0.39949322837206314,0.3607501061085696,0.3544868956026233,0.41412635080053034,0.42486167888311294,0.4391933129440938,0.3337406427605468,0.4080409909755529,0.40645058407431195,0.5854508925462139,0.38177681974257255,0.3934767707147969,0.35584093047674165,0.46812894381690956,0.4089132358465849
2023-09-13 11:00:00,0.4341721092970385,0.6045564381531892,0.26594279376443125,0.420295112823108,0.39354775713492746,0.3120636453809703,0.30134001024431073,0.3753261621235011,0.342191242893125,0.32852257069298774,0.2840269683087649,0.5102377939274322,0.3290009416372512,0.46642602534674016,0.46899511997698273,0.3846445459106272,0.5243025601518945,0.4815345879138442,0.491631314788508,0.4233733454015357,0.47600451791300685,0.45609495698138414,0.5956717083709863,0.49680360280045033,0.5390505558903912,0.36947325602606035,0.5650394395959559,0.473363208088113
2023-09-13 12:00:00,0.4459796751282334,0.6387491143971546,0.20313600620651168,0.5017461747648605,0.4204551314689388,0.36777978915632875,0.11706409531420646,0.18053057016187835,0.45489398846992246,0.2531531097172664,0.1765065961255628,0.5891461135139673,0.39659711509086065,0.23745797373402716,0.4414526159786033,0.4761519149365802,0.5385898857628689,0.40322709120810035,0.4882122831511469,0.24620884090487546,0.2509753949809327,0.47464808015282095,0.6326517829674178,0.6168915744384977,0.5821478247264654,0.40900333882911794,0.599568209233677,0.5946817720104758
2023-09-13 13:00:00,0.5254103600503763,0.6213312264668401,0.25023309136342475,0.5528461479185681,0.4322387176590925,0.3595629138824044,0.14201064933228644,0.23960972573993589,0.6048436795763779,0.30186184400323185,0.21418920338430758,0.6243561206727837,0.5768993454328385,0.3083777046117878,0.4126192665361462,0.5620674901468976,0.5277232624763653,0.47363284149706025,0.4483301394707355,0.38043574411060577,0.32458886016601873,0.5148476677866686,0.6333461479964896,0.6379460862063381,0.6344820134336893,0.3857589629612185,0.6422266842290513,0.5967422978457817
2023-09-13 14:00:00,0.6194630960674009,0.6261248608299665,0.32708496082653177,0.5833416303406685,0.399790482832329,0.38680291696265584,0.19627560234647357,0.2821949105233225,0.6567760482430939,0.35379105740942113,0.2704209172083688,0.699172157229878,0.6423544433177671,0.3404396559098092,0.4705726109906425,0.6133793863070253,0.49871665994326675,0.5290170240658668,0.4311547358715736,0.358609882409077,0.35525742767026275,0.5779757517154841,0.5354083827352947,0.594517617463417,0.5728675246631331,0.3534381111029687,0.5309532656430662,0.5604449523821553
2023-09-13 15:00:00,0.6383009612860479,0.6866590667833277,0.40053473342203527,0.5722960763106768,0.3882122231835883,0.40036839697410886,0.24287007571653307,0.3025316298156053,0.7015628307973536,0.4326739460954906,0.33300893166187795,0.71791834318331,0.7054885146250054,0.3338278889239279,0.4461185749670337,0.6436850329543553,0.4865371406119296,0.6136297058671959,0.4135079632679619,0.4012567391529914,0.3520559606568746,0.634202815091196,0.5049520757181333,0.595274799825012,0.623666156469308,0.3499477519566393,0.5695827956516303,0.6029691620159529
2023-09-13 16:00:00,0.630578623419788,0.6965268872971964,0.5099697252538908,0.5838757264203417,0.3689102576858097,0.34513387449852556,0.45671950505352576,0.4449510522684132,0.6935510217768259,0.5454049075187325,0.48949199309337366,0.7135427359803883,0.6850639698185274,0.3863748783780727,0.4102399528935389,0.5359817195339102,0.4712925770279435,0.590059827776202,0.35176850484528566,0.40958238170809674,0.38712547947629444,0.6461085664266394,0.594977661128334,0.63666446300924,0.6120944107099757,0.32713908790503493,0.540556371893268,0.6607678107393019
2023-09-13 17:00:00,0.6072543850236107,0.6632003414245049,0.5470445029808524,0.5675457597368672,0.26069958530027465,0.2895785546853441,0.4503531576405299,0.44027458446856066,0.6747574228421169,0.5122204772444046,0.4557833939664066,0.691691097199807,0.6897497087298009,0.4452735793859907,0.427390596225122,0.6365731018488945,0.3631452123815312,0.5785724918988864,0.29973047227605415,0.46571853490284615,0.4567541857471869,0.6157781441188964,0.570812448191303,0.6119184946280575,0.5580838702063742,0.3008818388052467,0.4937763851386994,0.6483667248916216
2023-09-13 18:00:00,0.5613310716809737,0.6129093410441476,0.5111321504266502,0.5099627919780313,0.23802407526248073,0.24737423853441468,0.378083525895815,0.33324157254559167,0.5943992436269618,0.415489191078684,0.3451832355057177,0.6041325310587,0.602940690930764,0.34383966361343765,0.4835499022393817,0.6029679895668831,0.2950893392293415,0.526880383173306,0.2164830557239669,0.40383216398957,0.3578184354966968,0.522071547552669,0.5514282512485582,0.5859021966303005,0.570203128757839,0.2766233681015342,0.48113761725072896,0.5838546967011913
2023-09-13 19:00:00,0.47107612857167347,0.48213133171737294,0.387953968844989,0.3512491382232876,0.13198866620430805,0.15089112647744138,0.25328748678972873,0.2214673850954164,0.49291371987546345,0.29757702885047843,0.24414812137900516,0.46658493886219865,0.4917058177356461,0.245768924816899,0.4332791982583051,0.4918127586747555,0.1459610090527542,0.4610273248281293,0.1193594270184299,0.22913530938091858,0.2594189081556879,0.4338942718557519,0.4008581385705755,0.4451674379942901,0.4095788850911788,0.17618882040646794,0.4115571826939735,0.43310958563795626
2023-09-13 20:00:00,0.1052221626080035,0.07370032518714872,0.1358128042099984,0.0,0.0780988353269343,0.09665867740229822,0.0,0.0,0.2858023809561776,0.0,0.0,0.0,0.3689537749833508,0.0,0.30245794106934387,0.3498427019570928,0.06869384402654673,0.0,0.08834999782913128,0.0,0.0,0.0,0.0,0.0,0.0,0.10985186785269091,0.0,0.0
2023-09-13 21:00:00,0.0,0.0,0.0,0.0,0.0,0.0,0.0,0.0,0.0,0.0,0.0,0.0,0.0,0.0,0.0,0.0,0.0,0.0,0.0,0.0,0.0,0.0,0.0,0.0,0.0,0.0,0.0,0.0
2023-09-13 22:00:00,0.0,0.0,0.0,0.0,0.0,0.0,0.0,0.0,0.0,0.0,0.0,0.0,0.0,0.0,0.0,0.0,0.0,0.0,0.0,0.0,0.0,0.0,0.0,0.0,0.0,0.0,0.0,0.0
2023-09-13 23:00:00,0.0,0.0,0.0,0.0,0.0,0.0,0.0,0.0,0.0,0.0,0.0,0.0,0.0,0.0,0.0,0.0,0.0,0.0,0.0,0.0,0.0,0.0,0.0,0.0,0.0,0.0,0.0,0.0
2023-09-14 00:00:00,0.0,0.0,0.0,0.0,0.0,0.0,0.0,0.0,0.0,0.0,0.0,0.0,0.0,0.0,0.0,0.0,0.0,0.0,0.0,0.0,0.0,0.0,0.0,0.0,0.0,0.0,0.0,0.0
2023-09-14 01:00:00,0.0,0.0,0.0,0.0,0.0,0.0,0.0,0.0,0.0,0.0,0.0,0.0,0.0,0.0,0.0,0.0,0.0,0.0,0.0,0.0,0.0,0.0,0.0,0.0,0.0,0.0,0.0,0.0
2023-09-14 02:00:00,0.0,0.0,0.0,0.0,0.0,0.0,0.0,0.0,0.0,0.0,0.0,0.0,0.0,0.0,0.0,0.0,0.0,0.0,0.0,0.0,0.0,0.0,0.0,0.0,0.0,0.0,0.0,0.0
2023-09-14 03:00:00,0.0,0.0,0.0,0.0,0.0,0.0,0.0,0.0,0.0,0.0,0.0,0.0,0.0,0.0,0.0,0.0,0.0,0.0,0.0,0.0,0.0,0.0,0.0,0.0,0.0,0.0,0.0,0.0
2023-09-14 04:00:00,0.0,0.0,0.0,0.0,0.0,0.0,0.0,0.0,0.0,0.0,0.0,0.0,0.0,0.0,0.0,0.0,0.0,0.0,0.0,0.0,0.0,0.0,0.0,0.0,0.0,0.0,0.0,0.0
2023-09-14 05:00:00,0.0,0.0,0.0,0.0,0.0,0.0,0.0,0.0,0.0,0.0,0.0,0.0,0.0,0.0,0.0,0.0,0.0,0.0,0.0,0.0,0.0,0.0,0.0,0.0,0.0,0.0,0.0,0.0
2023-09-14 06:00:00,0.0,0.0,0.0,0.0,0.0,0.0,0.0,0.0,0.0,0.0,0.0,0.0,0.0,0.0,0.0,0.0,0.0,0.0,0.0,0.0,0.0,0.0,0.0,0.0,0.0,0.0,0.0,0.0
2023-09-14 07:00:00,0.0,0.0,0.0,0.0,0.0,0.0,0.0,0.0,0.0,0.0,0.0,0.0,0.0,0.0,0.0,0.0,0.0,0.0,0.0,0.0,0.0,0.0,0.3945248522936088,0.0,0.0,0.0,0.0,0.0
2023-09-14 08:00:00,0.30918333413673116,0.3651620288005677,0.27290770943630704,0.3029889864417447,0.020187858725094824,0.06327581848812722,0.310932673888771,0.3726308734844477,0.21534676738442943,0.32523039227858724,0.3447334990541536,0.2771082020319509,0.2328446579973019,0.3862568368529351,0.26042897259525194,0.26573507807272545,0.05529530532439647,0.3031587570188243,0.05092842062311891,0.3347115665957094,0.3847260652586573,0.32801306706359573,0.561232488914496,0.46370094419179925,0.5610231264023446,0.1003340311480712,0.4982651445442127,0.4533817999191932
2023-09-14 09:00:00,0.45952955814514695,0.5755173456359012,0.4402860174996334,0.48305127001187903,0.06416323966794885,0.11625156513627083,0.4923195427133367,0.5629609200722273,0.3759874378754306,0.47857856757116485,0.5033566515962759,0.4667875116227609,0.4074628572250062,0.5884004761275742,0.4681883354545436,0.45066161529394155,0.1664807662540467,0.4445483273431483,0.11006002208241514,0.5757825906456657,0.5881878415974142,0.47826954959491763,0.6968205726197578,0.6096804451216609,0.7092042033391777,0.2071450943559003,0.6625147404478635,0.6167841435437446
2023-09-14 10:00:00,0.6351938508629533,0.7098151140503346,0.6420140672263229,0.6838201161735342,0.09342825565529975,0.19559275783336252,0.6355275527767895,0.6827766497716848,0.5291064861754444,0.6775032660274667,0.6813202375075543,0.7194623205505455,0.5584937837729204,0.6854343127180039,0.6531023521886743,0.6090138055190055,0.2854370878169753,0.6925214184234761,0.21675145527965414,0.6688724421452394,0.6852393301361859,0.7063070274672304,0.7666885754874124,0.7313991214000368,0.7782088823239893,0.3262769382723915,0.7422768411908307,0.7200093175964986
2023-09-14 11:00:00,0.7336091121639077,0.7558851172237938,0.7194692125791042,0.7505461066315344,0.1281991194564032,0.2879966595039744,0.719186406603196,0.7353873138228036,0.6934654389499151,0.7319462597720121,0.7357919998273639,0.776055220636063,0.7113638790687183,0.7371816377592201,0.7276919032240349,0.718750526749489,0.3956085079532478,0.7508244599493924,0.32814882863706857,0.7272294624187066,0.7372332632671136,0.7602579490171303,0.799611687648343,0.7724141439770299,0.8105013083199897,0.4516122788653136,0.7749612223815291,0.7635402994428448
2023-09-14 12:00:00,0.7720920122125335,0.7716441698335973,0.6973799080049449,0.7713435594754808,0.23231926135321448,0.32520210134943106,0.774111480110521,0.7016448853904201,0.7666977854857139,0.7527259637706016,0.7581873439165536,0.8023661525697862,0.7636068220548269,0.6393235841158601,0.7627659642955972,0.7574426351262968,0.36299348556636934,0.7790958515873995,0.29773742735689696,0.6590260430003679,0.6318822933291484,0.7856930866405384,0.813985305984212,0.7855957674479401,0.8223835797977196,0.5036880474120998,0.7743401224025968,0.7789195359807479
2023-09-14 13:00:00,0.7817911822083083,0.7801934731069896,0.7058075257238489,0.7862245848058721,0.32560927832344155,0.37926775507067145,0.7814764630665442,0.7514766951087205,0.7760193598197556,0.7702048342305433,0.7758128943494831,0.8102450460001027,0.774674405820801,0.7238269910374227,0.7791331788620947,0.7784673194887196,0.43531924190379173,0.7901305299321003,0.38125529328248337,0.7394819585554033,0.7204286909744652,0.7974205891624854,0.8143464016453994,0.78423120993856,0.8216679769896668,0.5616690786277986,0.7816269793097901,0.7798840557263029
2023-09-14 14:00:00,0.7848191441157726,0.779471417082438,0.7078796040592112,0.7855821563123723,0.3044584723182246,0.40252508539087045,0.781530974054489,0.766821870758748,0.7765830462510342,0.7714571928159543,0.7757368056539162,0.8066918292854648,0.7885344831426507,0.7592099059278318,0.7787399332273163,0.7822443077262436,0.4265142451882755,0.7877697480672706,0.3926921156933125,0.767061342915529,0.7582391491967295,0.7957821037870962,0.8065370819568173,0.7772783588270895,0.8095200118816733,0.576630505183263,0.7812379556066154,0.7745665946225325
2023-09-14 15:00:00,0.7702624230348167,0.7694993473141049,0.6882752248068373,0.7710176110881783,0.30395232349325957,0.3809157768899996,0.7598866447299703,0.7560892651368137,0.7747062412612816,0.757814598544684,0.7576559283150288,0.7926119908934243,0.7786866998414443,0.7601698690406155,0.7682267968754788,0.7708496941439277,0.40601118799503527,0.7767623894475775,0.3956362144239041,0.7553225057171731,0.7603683094666609,0.7844169681691135,0.7888545254132356,0.7628385491452381,0.7934183730379285,0.576526555617222,0.7667274138834407,0.7610965623785966
2023-09-14 16:00:00,0.744199088770712,0.7460738430845345,0.6738633304770478,0.7434966715552559,0.29009625367451075,0.3161138269879052,0.7277036907334694,0.7355586913613249,0.753814490929066,0.7364336064595366,0.7348010035435827,0.7684774216068854,0.7569892003178007,0.7409925203211405,0.7459976354426502,0.7473864207631233,0.3214960114309922,0.7540401330770486,0.3044216454171002,0.7357790022532482,0.7414108067484869,0.7619212504761106,0.7550727551143028,0.7384133437168761,0.7612527405875343,0.5195638276707467,0.7337879794645844,0.73618614779276
2023-09-14 17:00:00,0.7150394603751831,0.7057432825908551,0.6300333349044349,0.7053853831432907,0.25185199153108045,0.28350239112249387,0.6730482584996645,0.6887335902402457,0.7143089222546767,0.6916042719061433,0.6884339030840119,0.7267924230175354,0.7164313250642649,0.693310836227033,0.7010739053813859,0.7111192872026069,0.28365179166042326,0.7116751178581588,0.25233455910411,0.6948932547022455,0.6930059554231112,0.7194617390979682,0.6980403154146062,0.6949933108520199,0.7082870312860986,0.4710974039939284,0.680998061656575,0.6914592024309626
2023-09-14 18:00:00,0.6202512705762879,0.6316579125131545,0.5444983095509344,0.6257018218569955,0.21317044278805306,0.2464749190344612,0.598044018266168,0.610748049080432,0.6424338957741781,0.6119045267262362,0.6079733954848026,0.6501275021080056,0.6416744534018933,0.619579441952999,0.6397310625658581,0.6406615581166765,0.24208067683568332,0.6386769700743695,0.20903131703742642,0.6147110676018741,0.6193956141401052,0.6442106525615102,0.5882421506501043,0.6120684746513829,0.6140958457999128,0.4200406817400607,0.5952301399332629,0.6075505046540298
2023-09-14 19:00:00,0.4971860406862862,0.4852101548018194,0.4094338272102418,0.4610155960001443,0.1395555045668526,0.18141979593216323,0.42289740090396294,0.4532160796117755,0.5113180756238765,0.45459868157929784,0.4493788712248188,0.49205644872289717,0.5121227179138774,0.4618246063164462,0.5116270460195703,0.5107209960539137,0.17152236673143342,0.4892818183020118,0.10923703865602812,0.4547179573330548,0.46083684310000605,0.49116628828154574,0.4021492152359403,0.4429284107704979,0.425160033466258,0.3080662873245952,0.43684189878787666,0.44077345381703736
2023-09-14 20:00:00,0.10879475025599887,0.04982914816807977,0.04779913224679077,0.0,0.05766454711424027,0.10778662114479434,0.0,0.0,0.23428765898386364,0.0,0.0,0.0,0.2427843723010143,0.0,0.33593773298821145,0.33474045488615883,0.12137209966783762,0.0,0.070424773874349,0.0,0.0,0.0,0.0,0.0,0.0,0.19835617851602846,0.0,0.0
2023-09-14 21:00:00,0.0,0.0,0.0,0.0,0.0,0.0,0.0,0.0,0.0,0.0,0.0,0.0,0.0,0.0,0.0,0.0,0.0,0.0,0.0,0.0,0.0,0.0,0.0,0.0,0.0,0.0,0.0,0.0
2023-09-14 22:00:00,0.0,0.0,0.0,0.0,0.0,0.0,0.0,0.0,0.0,0.0,0.0,0.0,0.0,0.0,0.0,0.0,0.0,0.0,0.0,0.0,0.0,0.0,0.0,0.0,0.0,0.0,0.0,0.0
2023-09-14 23:00:00,0.0,0.0,0.0,0.0,0.0,0.0,0.0,0.0,0.0,0.0,0.0,0.0,0.0,0.0,0.0,0.0,0.0,0.0,0.0,0.0,0.0,0.0,0.0,0.0,0.0,0.0,0.0,0.0
2023-09-15 00:00:00,0.0,0.0,0.0,0.0,0.0,0.0,0.0,0.0,0.0,0.0,0.0,0.0,0.0,0.0,0.0,0.0,0.0,0.0,0.0,0.0,0.0,0.0,0.0,0.0,0.0,0.0,0.0,0.0
2023-09-15 01:00:00,0.0,0.0,0.0,0.0,0.0,0.0,0.0,0.0,0.0,0.0,0.0,0.0,0.0,0.0,0.0,0.0,0.0,0.0,0.0,0.0,0.0,0.0,0.0,0.0,0.0,0.0,0.0,0.0
2023-09-15 02:00:00,0.0,0.0,0.0,0.0,0.0,0.0,0.0,0.0,0.0,0.0,0.0,0.0,0.0,0.0,0.0,0.0,0.0,0.0,0.0,0.0,0.0,0.0,0.0,0.0,0.0,0.0,0.0,0.0
2023-09-15 03:00:00,0.0,0.0,0.0,0.0,0.0,0.0,0.0,0.0,0.0,0.0,0.0,0.0,0.0,0.0,0.0,0.0,0.0,0.0,0.0,0.0,0.0,0.0,0.0,0.0,0.0,0.0,0.0,0.0
2023-09-15 04:00:00,0.0,0.0,0.0,0.0,0.0,0.0,0.0,0.0,0.0,0.0,0.0,0.0,0.0,0.0,0.0,0.0,0.0,0.0,0.0,0.0,0.0,0.0,0.0,0.0,0.0,0.0,0.0,0.0
2023-09-15 05:00:00,0.0,0.0,0.0,0.0,0.0,0.0,0.0,0.0,0.0,0.0,0.0,0.0,0.0,0.0,0.0,0.0,0.0,0.0,0.0,0.0,0.0,0.0,0.0,0.0,0.0,0.0,0.0,0.0
2023-09-15 06:00:00,0.0,0.0,0.0,0.0,0.0,0.0,0.0,0.0,0.0,0.0,0.0,0.0,0.0,0.0,0.0,0.0,0.0,0.0,0.0,0.0,0.0,0.0,0.0,0.0,0.0,0.0,0.0,0.0
2023-09-15 07:00:00,0.0,0.0,0.0,0.0,0.0,0.0,0.0,0.0,0.0,0.0,0.0,0.0,0.0,0.0,0.0,0.0,0.0,0.0,0.0,0.0,0.0,0.0,0.2715491943795265,0.0,0.0,0.0,0.0,0.0
2023-09-15 08:00:00,0.24200812082180692,0.4154876485710189,0.20810847066453733,0.43661594625895933,0.054868395943690224,0.023445827572836437,0.2961637999740671,0.37881647222726583,0.19110094029443633,0.30012741177305163,0.30816491244651556,0.4424914787045201,0.266090093542781,0.4085021676521005,0.1762224311693434,0.25088734896916304,0.020297253262970938,0.33579450655572013,0.021565444638132838,0.406908278856026,0.40720149221486623,0.33956407626689455,0.5749994714866912,0.48605626135704355,0.5393933284963071,0.11078077120257804,0.49406552090933303,0.48074017056661356
2023-09-15 09:00:00,0.33848479908601453,0.5817837201674045,0.3469638524580685,0.6064203487397407,0.13890499110740706,0.05068547094804202,0.44335103834855066,0.5603229912963271,0.3034832867727109,0.4796842134808129,0.4744410258422196,0.6168285003094,0.34494368538909276,0.6048063140580417,0.1999601475006018,0.216844398446742,0.17360843279579755,0.49842869196033374,0.041866781829563826,0.6009907317990406,0.6038761936628666,0.5074264165172683,0.7094941478648739,0.6517049566458463,0.6721546750354971,0.12415357630422946,0.6569172110645853,0.6500862167911649
2023-09-15 10:00:00,0.48613687700795155,0.6757913725064395,0.5454827186941196,0.7301378117931208,0.25380222426372956,0.08988742849148595,0.5740381742336169,0.6680633833171408,0.4051383118548914,0.6262405036942194,0.623139334455204,0.7460025354681636,0.4424830298651808,0.6934056477892371,0.1852612894429922,0.2938616851704315,0.2668648156198199,0.6766942991683148,0.11979003456113223,0.6905527704897801,0.6926461367906341,0.6839925511470097,0.7631295968866632,0.7443158538155479,0.7695576239118559,0.10951904349357795,0.7453517588168295,0.7381797357742294
2023-09-15 11:00:00,0.61283847010137,0.7279220313551449,0.6223334090173415,0.769463644789509,0.3591604457699404,0.1117993493676574,0.6233304759762258,0.7206637142959623,0.4634912103150007,0.7172818640167269,0.7054477029733119,0.7915862949527364,0.48194579512209057,0.746392159625963,0.21446095239354943,0.266276192800607,0.36727587536165557,0.7619715852460907,0.31722244064741495,0.7347075123119369,0.7465048215718938,0.7708674421662899,0.790838622217241,0.7776782692516306,0.8007702609076383,0.14832118053646903,0.7814862064668139,0.7730971335451086
2023-09-15 12:00:00,0.6408379049467812,0.7377189890118734,0.688667435162692,0.7851036198283285,0.40661523294398594,0.12183886843165659,0.7269891155403191,0.7599744359113134,0.45551966661725646,0.763762474946714,0.761880441830526,0.8087749960965287,0.4336461109489374,0.764954258193941,0.1931854776053084,0.27965791328960593,0.405208473500295,0.7854895244868692,0.3881200044697087,0.7534931880566684,0.7655158156838832,0.7960376983306565,0.8066489111755493,0.7898283285651849,0.8155508563035148,0.1448950003479367,0.7975229087776543,0.7843434073684519
2023-09-15 13:00:00,0.6954833867320478,0.73838016092658,0.7154062887618637,0.7900620562310255,0.4564463190081849,0.1691758052085057,0.7488775771358904,0.7630777462136985,0.5016862007180459,0.7647209966783435,0.7575169046611866,0.8152645136416713,0.43809833826970523,0.7784993594687742,0.23490236612170348,0.3132101499393808,0.4672621259162674,0.7933597378708362,0.46129394264500667,0.7669407430160449,0.7792319682992581,0.8033663789413862,0.8069689520989357,0.7923474009970181,0.8166869278593091,0.18818116528421694,0.7953502490399454,0.7864984404267387
2023-09-15 14:00:00,0.7253864406026723,0.7572569476246624,0.7734676228892486,0.7867438507204949,0.4205742404821436,0.18446816792438958,0.7828765526198884,0.769191451743703,0.4715978974412246,0.7721574978951139,0.7693967931741883,0.8130751941205427,0.3916854075732871,0.7761767372712371,0.31940303997665137,0.30174051498536436,0.4890591019764692,0.7928255638598709,0.5023319229717657,0.7681545080283845,0.7771525339654004,0.8020338354710815,0.8009854646682357,0.7859518374898801,0.8101293645207818,0.22527742503776035,0.7693595332356388,0.7800516426038306
2023-09-15 15:00:00,0.7392529343293752,0.7607094652534027,0.7529781195056712,0.7749124592078451,0.34989835098252525,0.25307705345404685,0.7532268672292397,0.7560040169867581,0.49789485107460507,0.7573316640225355,0.7510739730571157,0.8020371319527595,0.3904367020539051,0.7682423487718926,0.542741517461944,0.3260973140340574,0.5744287687938842,0.7804239994318909,0.5522080448077462,0.7610456769770898,0.7693479087269961,0.7901359200768773,0.7841092084040104,0.771919465697523,0.794143323885688,0.2956624951927338,0.7484393067530444,0.7663166477532628
2023-09-15 16:00:00,0.72988556947597,0.7233891711265519,0.7478387499354107,0.7516626419815597,0.3049704770099598,0.2896284160552199,0.7483127623102067,0.7352110661970013,0.5467656209451125,0.7374068340750322,0.7338943313011355,0.7793234067253245,0.4716974089344031,0.7426309285685635,0.38101820415379706,0.36920101015472456,0.5758723837194041,0.7614871844449954,0.47125503998616763,0.7359168934140172,0.7436853848574925,0.7681925022407343,0.7533357862931229,0.7455076841792992,0.7642295540586588,0.27373160510425776,0.7362144591811919,0.7400370355426491
2023-09-15 17:00:00,0.6965779167845385,0.687623525416202,0.7055798403085087,0.7103078316332914,0.29867287323292196,0.30516793045646107,0.7098384157506835,0.6938593054681111,0.5515658609793032,0.6949939480252197,0.693743037355032,0.7392643277169516,0.4978849082858361,0.6986011974392607,0.41155854597470876,0.3845048937216194,0.5488313733883253,0.7161881138681413,0.4865058458570408,0.6908373753077404,0.6992958359753478,0.7247378502188657,0.6981586014198696,0.7007529342357972,0.7120397460193292,0.2669015876976106,0.6866843489784549,0.6963399794440502
2023-09-15 18:00:00,0.6378910364712197,0.6131181144668207,0.6288429208296032,0.6301348476656196,0.2667388406373927,0.3095632720116478,0.6253055241834033,0.6169431085298583,0.46937305462745166,0.617025016332223,0.6177677858390813,0.6616897511392542,0.40406679032320836,0.6181647057089859,0.34844409873912363,0.27659479938603115,0.4710196281402135,0.6351710463565913,0.4009583733456076,0.6101440954037715,0.6182935654217903,0.6454240265455523,0.5885803469607529,0.6154662559805691,0.6136182336215913,0.2529785050463141,0.5961338975652645,0.6127805324377044
2023-09-15 19:00:00,0.475584586695372,0.45687003801269066,0.4751182171721509,0.4660162607395179,0.1939257056836631,0.2187747777347649,0.4651354472252074,0.46184898554581505,0.36972511318704654,0.45890712011599627,0.4649847927357475,0.5032323690251457,0.33878974115905275,0.4570157776179887,0.2014395788708599,0.23561772017607466,0.34685951918270985,0.47842653958355835,0.3145365172032449,0.4483368260748522,0.45590162911535487,0.48848961867399304,0.410489578175185,0.4457302125216698,0.43129115376143806,0.14639486717050415,0.43012231222539254,0.4473978687244193
2023-09-15 20:00:00,0.09896387921367707,0.005315466739467083,0.0,0.0,0.10205895864857306,0.12341573586907849,0.0,0.0,0.12269869397412618,0.0,0.0,0.0,0.09017732137615184,0.0,0.12828935230538652,0.15710880937617508,0.19068844648559571,0.0,0.16103904222870463,0.0,0.0,0.0,0.0,0.0,0.0,0.06516026065612965,0.0,0.0
2023-09-15 21:00:00,0.0,0.0,0.0,0.0,0.0,0.0,0.0,0.0,0.0,0.0,0.0,0.0,0.0,0.0,0.0,0.0,0.0,0.0,0.0,0.0,0.0,0.0,0.0,0.0,0.0,0.0,0.0,0.0
2023-09-15 22:00:00,0.0,0.0,0.0,0.0,0.0,0.0,0.0,0.0,0.0,0.0,0.0,0.0,0.0,0.0,0.0,0.0,0.0,0.0,0.0,0.0,0.0,0.0,0.0,0.0,0.0,0.0,0.0,0.0
2023-09-15 23:00:00,0.0,0.0,0.0,0.0,0.0,0.0,0.0,0.0,0.0,0.0,0.0,0.0,0.0,0.0,0.0,0.0,0.0,0.0,0.0,0.0,0.0,0.0,0.0,0.0,0.0,0.0,0.0,0.0
2023-09-16 00:00:00,0.0,0.0,0.0,0.0,0.0,0.0,0.0,0.0,0.0,0.0,0.0,0.0,0.0,0.0,0.0,0.0,0.0,0.0,0.0,0.0,0.0,0.0,0.0,0.0,0.0,0.0,0.0,0.0
2023-09-16 01:00:00,0.0,0.0,0.0,0.0,0.0,0.0,0.0,0.0,0.0,0.0,0.0,0.0,0.0,0.0,0.0,0.0,0.0,0.0,0.0,0.0,0.0,0.0,0.0,0.0,0.0,0.0,0.0,0.0
2023-09-16 02:00:00,0.0,0.0,0.0,0.0,0.0,0.0,0.0,0.0,0.0,0.0,0.0,0.0,0.0,0.0,0.0,0.0,0.0,0.0,0.0,0.0,0.0,0.0,0.0,0.0,0.0,0.0,0.0,0.0
2023-09-16 03:00:00,0.0,0.0,0.0,0.0,0.0,0.0,0.0,0.0,0.0,0.0,0.0,0.0,0.0,0.0,0.0,0.0,0.0,0.0,0.0,0.0,0.0,0.0,0.0,0.0,0.0,0.0,0.0,0.0
2023-09-16 04:00:00,0.0,0.0,0.0,0.0,0.0,0.0,0.0,0.0,0.0,0.0,0.0,0.0,0.0,0.0,0.0,0.0,0.0,0.0,0.0,0.0,0.0,0.0,0.0,0.0,0.0,0.0,0.0,0.0
2023-09-16 05:00:00,0.0,0.0,0.0,0.0,0.0,0.0,0.0,0.0,0.0,0.0,0.0,0.0,0.0,0.0,0.0,0.0,0.0,0.0,0.0,0.0,0.0,0.0,0.0,0.0,0.0,0.0,0.0,0.0
2023-09-16 06:00:00,0.0,0.0,0.0,0.0,0.0,0.0,0.0,0.0,0.0,0.0,0.0,0.0,0.0,0.0,0.0,0.0,0.0,0.0,0.0,0.0,0.0,0.0,0.0,0.0,0.0,0.0,0.0,0.0
2023-09-16 07:00:00,0.0,0.0,0.0,0.0,0.0,0.0,0.0,0.0,0.0,0.0,0.0,0.0,0.0,0.0,0.0,0.0,0.0,0.0,0.0,0.0,0.0,0.0,0.24187120539636753,0.0,0.0,0.0,0.0,0.0
2023-09-16 08:00:00,0.31340676543352275,0.359338522900714,0.2670054463485355,0.4610285183237663,0.00965983214075546,0.0065430466724442525,0.3270328086077466,0.3834125629892892,0.0962396182664146,0.32980184914106875,0.34646818220455544,0.46734665355802285,0.08178475046094016,0.3979047463868124,0.01356282147414626,0.021733581032550322,0.002369578582331256,0.3829575957797375,0.0019276029764014634,0.3904524417761501,0.3958146886762017,0.39226927408269047,0.5776486536072705,0.49504719248488077,0.5502635965554146,0.009720421468065498,0.49063940988004706,0.4879688660609271
2023-09-16 09:00:00,0.4359238840432537,0.5365928776908676,0.4182812947158601,0.6419599536663326,0.05204434710424559,0.07044678891713876,0.47736015791990355,0.5599262584411298,0.15771045680305276,0.48232692304135116,0.49868248769615686,0.6629152687575399,0.17227391966103892,0.5774611972480286,0.07613213090510633,0.07639745738927092,0.03181838163436028,0.5474147922370652,0.028896882425114814,0.5855999994700852,0.5738881240416844,0.5578182996480733,0.7089945652556606,0.6693403215925186,0.6954161932206017,0.09082456824773458,0.663336259743581,0.6644391154587477
2023-09-16 10:00:00,0.5712627427659723,0.6833704113276138,0.5864937561130055,0.7310582931481306,0.10154440464246565,0.13252215745926027,0.6049460348979573,0.6635099568557279,0.28260869203729644,0.5777602550110104,0.6042114808812848,0.7505693403643845,0.310831864929817,0.6719149917839071,0.18288050771759795,0.15646099160147336,0.04568718287263573,0.6785893381392784,0.046375755111540115,0.6803952208800363,0.6688530372052395,0.6535297225816378,0.7639318068447288,0.7446996639053021,0.767596925066601,0.18124069485996067,0.741903046381794,0.7410848018226411
2023-09-16 11:00:00,0.6601437829538919,0.7525114351506593,0.6364989811609302,0.77112243384816,0.15193248640095028,0.18082105364180645,0.5885436507771236,0.7142119240397582,0.45368009828345374,0.6933659903453293,0.6927905716363019,0.7924094699596258,0.5061709446960906,0.7399624080796552,0.372332085475645,0.2964952664017228,0.062782290981897,0.7616130881710155,0.06951335818149423,0.7327102872462407,0.738396354209262,0.7609911121684455,0.7902110746624907,0.7789179973881857,0.7944684825346324,0.3010588649521611,0.7784553279794955,0.7755478762938922
2023-09-16 12:00:00,0.6482794091068275,0.7740289182650094,0.5729647012892775,0.7881190568891697,0.2156018999366415,0.1613814385067556,0.6436842624256515,0.75238039440966,0.43254968144038924,0.7474596046762978,0.7431299095929325,0.8127234821570515,0.48151919177870467,0.7646345604093975,0.36143936492814055,0.3258728792370117,0.0965927062240834,0.7893879700195088,0.10590764424565592,0.7636802113011363,0.7635049556945437,0.797285137192187,0.8060128084250847,0.79358369273573,0.8090696938964949,0.2641857505428603,0.7851373340579928,0.7891171863368478
2023-09-16 13:00:00,0.6513653446183796,0.7898143513687756,0.6543987265404992,0.7927358861772876,0.24690941712813844,0.21779123507283016,0.6987959634952472,0.7667111778214605,0.38241884363356793,0.7628594532147321,0.7596755418108414,0.8189822274580449,0.4180961326592803,0.7789925705991085,0.38175284610971,0.28169413882346356,0.14947996620950835,0.7935996210571358,0.14415564000256875,0.7717975586237886,0.779021019775858,0.8047448607103228,0.8052213384744442,0.7956770009008853,0.8103626186294334,0.31362458622883205,0.793450808031691,0.7908275832585928
2023-09-16 14:00:00,0.6248301368277909,0.7466248821071133,0.6184479114147564,0.7871559695559405,0.2754682540100752,0.1857758609546029,0.6697805777252976,0.7603251846452269,0.32861474644585825,0.7553373448339498,0.7443170766023681,0.8147017076947647,0.3348883539191238,0.7885586754186849,0.22419726601180778,0.19794918735447964,0.19472218017360474,0.7813141556857685,0.17067285837020596,0.7724085208010492,0.7896236163378226,0.8009338811072163,0.7969535973147038,0.787688318044054,0.8027444661461719,0.23022425767288549,0.7918301140048365,0.7825044787398707
2023-09-16 15:00:00,0.5418663551110988,0.6652857901552421,0.5519400881540866,0.7748620393093262,0.28376514873563824,0.21932243688979924,0.669372503908019,0.744613230338718,0.24092429504325405,0.7347995987193874,0.7203184630469173,0.8048809114557401,0.23571496080140864,0.7763234025614506,0.22180587897354853,0.1672051797332924,0.19680401555828175,0.7094617008258042,0.11293361098751441,0.7649937273180629,0.7768209206530267,0.7738153675555633,0.7806565906727291,0.7736610351590991,0.788665608509774,0.26081166362900393,0.775587306268632,0.767806506478411
2023-09-16 16:00:00,0.4069155661052092,0.5062166524767,0.3929338073535016,0.7520901382839175,0.2957506376888516,0.2082398303447079,0.6318148933785691,0.7054289827829797,0.1802730715763837,0.6507372836080624,0.6389404886279633,0.7597982257702605,0.1478194662767712,0.7520803019009416,0.14118244200605362,0.1293303847218514,0.16511458666109108,0.5677593131243318,0.11793972098603919,0.7434308279477088,0.7520219374078569,0.667139791177688,0.7489067588365936,0.7470292198462058,0.7588914124768574,0.24817513304937788,0.726718703863498,0.7391258282749116
2023-09-16 17:00:00,0.2674860462256416,0.33262952425004577,0.24614061841449222,0.7108276987407935,0.2676609302916792,0.15207297943381587,0.5750416105902414,0.6504373980148682,0.12710933070448108,0.528450310335658,0.5304290830120386,0.6413913205019551,0.10392159732793717,0.7120260476057384,0.1034062377568592,0.12323973920569031,0.13262718935531306,0.344380105366964,0.11439092077552902,0.6959403415162336,0.7119713032761928,0.4677948123657674,0.6926197775171143,0.7015999407682074,0.7067841131710731,0.2293631383898654,0.6489414496388856,0.6873751624143101
2023-09-16 18:00:00,0.11916214872402084,0.18584089645468954,0.10949410196170353,0.6220210395541664,0.18899215385545848,0.08255626364883398,0.3484784269869128,0.4464413445074726,0.0800761533932925,0.2653237739556228,0.29843505449904373,0.4161166142895881,0.06430104359212879,0.543736607121716,0.15309135639111934,0.09879190713672656,0.12766710099584996,0.09335738050119598,0.10215487127565225,0.5356500555095546,0.5466960770728785,0.1709415081331166,0.5801088782696221,0.609416644222664,0.6059985849365199,0.12521957025780694,0.509406908109015,0.5947143875792948
2023-09-16 19:00:00,0.048771910412542176,0.06855645448656264,0.031239332916818432,0.3857096989312756,0.11835203119212499,0.04267598899340977,0.04806053365648454,0.12443031183119702,0.05727390343534215,0.04689893240838545,0.04230258955352671,0.14610068180599628,0.04045695368294494,0.21716873160829664,0.05272932340179672,0.040712161331759755,0.16062011566979545,0.017454244270031078,0.10960046654434356,0.24965242665318982,0.22839637681498176,0.02523925932080311,0.4088751780369521,0.38804146423592817,0.4209432816806777,0.07692130507863805,0.29294280425918556,0.3887837416028668
2023-09-16 20:00:00,0.012694509074943867,0.0,0.0,0.0,0.07842919587816564,0.01882863941193433,0.0,0.0,0.014591090012369518,0.0,0.0,0.0,0.006350036676983061,0.0,0.009596924082339678,0.00906314146145149,0.11555633286286243,0.0,0.02329367861458981,0.0,0.0,0.0,0.0,0.0,0.0,0.03896059509582083,0.0,0.0
2023-09-16 21:00:00,0.0,0.0,0.0,0.0,0.0,0.0,0.0,0.0,0.0,0.0,0.0,0.0,0.0,0.0,0.0,0.0,0.0,0.0,0.0,0.0,0.0,0.0,0.0,0.0,0.0,0.0,0.0,0.0
2023-09-16 22:00:00,0.0,0.0,0.0,0.0,0.0,0.0,0.0,0.0,0.0,0.0,0.0,0.0,0.0,0.0,0.0,0.0,0.0,0.0,0.0,0.0,0.0,0.0,0.0,0.0,0.0,0.0,0.0,0.0
2023-09-16 23:00:00,0.0,0.0,0.0,0.0,0.0,0.0,0.0,0.0,0.0,0.0,0.0,0.0,0.0,0.0,0.0,0.0,0.0,0.0,0.0,0.0,0.0,0.0,0.0,0.0,0.0,0.0,0.0,0.0
2023-09-17 00:00:00,0.0,0.0,0.0,0.0,0.0,0.0,0.0,0.0,0.0,0.0,0.0,0.0,0.0,0.0,0.0,0.0,0.0,0.0,0.0,0.0,0.0,0.0,0.0,0.0,0.0,0.0,0.0,0.0
2023-09-17 01:00:00,0.0,0.0,0.0,0.0,0.0,0.0,0.0,0.0,0.0,0.0,0.0,0.0,0.0,0.0,0.0,0.0,0.0,0.0,0.0,0.0,0.0,0.0,0.0,0.0,0.0,0.0,0.0,0.0
2023-09-17 02:00:00,0.0,0.0,0.0,0.0,0.0,0.0,0.0,0.0,0.0,0.0,0.0,0.0,0.0,0.0,0.0,0.0,0.0,0.0,0.0,0.0,0.0,0.0,0.0,0.0,0.0,0.0,0.0,0.0
2023-09-17 03:00:00,0.0,0.0,0.0,0.0,0.0,0.0,0.0,0.0,0.0,0.0,0.0,0.0,0.0,0.0,0.0,0.0,0.0,0.0,0.0,0.0,0.0,0.0,0.0,0.0,0.0,0.0,0.0,0.0
2023-09-17 04:00:00,0.0,0.0,0.0,0.0,0.0,0.0,0.0,0.0,0.0,0.0,0.0,0.0,0.0,0.0,0.0,0.0,0.0,0.0,0.0,0.0,0.0,0.0,0.0,0.0,0.0,0.0,0.0,0.0
2023-09-17 05:00:00,0.0,0.0,0.0,0.0,0.0,0.0,0.0,0.0,0.0,0.0,0.0,0.0,0.0,0.0,0.0,0.0,0.0,0.0,0.0,0.0,0.0,0.0,0.0,0.0,0.0,0.0,0.0,0.0
2023-09-17 06:00:00,0.0,0.0,0.0,0.0,0.0,0.0,0.0,0.0,0.0,0.0,0.0,0.0,0.0,0.0,0.0,0.0,0.0,0.0,0.0,0.0,0.0,0.0,0.0,0.0,0.0,0.0,0.0,0.0
2023-09-17 07:00:00,0.0,0.0,0.0,0.0,0.0,0.0,0.0,0.0,0.0,0.0,0.0,0.0,0.0,0.0,0.0,0.0,0.0,0.0,0.0,0.0,0.0,0.0,0.11526265029644323,0.0,0.0,0.0,0.0,0.0
2023-09-17 08:00:00,0.04694544642952299,0.1836572395193734,0.06653788517339156,0.252427827929645,0.027446635543545705,0.0009676824422897864,0.16691128160278756,0.23790044214313533,0.0019016378031986832,0.24331548280894516,0.20031638990590536,0.12496605975265643,0.0004580228020776437,0.27305280811895444,0.0013217596266210504,6.981002513594118e-05,0.0,0.08385141126707742,0.0,0.3363942977544269,0.2794848857370388,0.12154088891024144,0.40067613765412835,0.39260316473848555,0.34902406311311196,0.006339100870974718,0.43130696782624134,0.38187146091661817
2023-09-17 09:00:00,0.06338417564885401,0.269789949005969,0.12897136535176124,0.4211131047693091,0.10889462860392239,0.020330696534181385,0.288050990189649,0.3449332455330157,0.007235975956612788,0.25950899628864216,0.2662568446711213,0.18881474575712184,0.008947280862177836,0.3966870767769628,0.03021402417347475,0.014156870554113635,0.1854334347388939,0.086872882079857,0.12711800627034253,0.46164504196530187,0.4001808366786344,0.12108009950733907,0.541192869300386,0.5243327064226131,0.5440924536284931,0.035447604356741276,0.5599252055929002,0.4731613012730542
2023-09-17 10:00:00,0.07310220269189101,0.33054109750231303,0.1560689712863266,0.5419277581675773,0.19629075750122857,0.037700215734062584,0.37336319213622654,0.41760630241523017,0.015049332548341036,0.3346085745659164,0.3416935577481417,0.25975934518721683,0.009851896472283817,0.4441860822442517,0.013955204611496217,0.014990841381311612,0.24561642430898126,0.10130712486018466,0.24147060686840702,0.5051490671668007,0.4434921450715316,0.1647012072910612,0.5700545703071755,0.5708829856900811,0.6785405970075667,0.07276410199379067,0.6098937995550543,0.5487050853007381
2023-09-17 11:00:00,0.11278896623385692,0.3818301045041433,0.2514192175338485,0.5134322178816842,0.2681235608298892,0.07952760166431716,0.6007675975632659,0.6060491877674482,0.042957669968303296,0.5177277334034976,0.5293612400173546,0.310644355461226,0.035541103298231555,0.5986273422323071,0.022993458020571504,0.023514503855494237,0.34993604464432476,0.1780306996280028,0.40870009441155475,0.6151022894667115,0.5919304915756437,0.26770598633999776,0.6082595141939835,0.6551879038233749,0.7391832278326658,0.0940353958757518,0.6494981960239138,0.6509849689608538
2023-09-17 12:00:00,0.13273502892719213,0.43522850294535265,0.24320967740342875,0.6577214274718499,0.26878307229384907,0.1476013097182082,0.6253428062325267,0.6675179830478015,0.09262265027481159,0.5035439948211876,0.520959154120807,0.3490206571934744,0.0684057018338811,0.7169758042547585,0.04498673994125624,0.05511045641735769,0.41920335065459524,0.06768785785026697,0.4556763687665053,0.7430188098671348,0.7149340129169597,0.22646695232688793,0.6596079714827635,0.7286280833314865,0.7857822212894395,0.11602480896491042,0.692695973203985,0.7344759835956367
2023-09-17 13:00:00,0.1145863500543838,0.4654061577098428,0.16474784547766658,0.66475658875845,0.2777794248730973,0.29922201674540194,0.4672289189424739,0.567591773108934,0.14174881950961718,0.4127958410544047,0.39480542831881177,0.29392504798428565,0.0808410488432634,0.6832083664758187,0.08963097487070905,0.1250142478264898,0.475065846209401,0.04779887648226183,0.4221563654816364,0.684852071200862,0.6904406688688849,0.18805987478725014,0.6698690281756566,0.7181852225920005,0.761739292596365,0.22735496240387787,0.6204391773596253,0.7173616180169934
2023-09-17 14:00:00,0.10022641173203191,0.4437433241365519,0.10968416491019155,0.5999841670399713,0.25210558755359064,0.2773380693003913,0.23720985499302047,0.36515869035721854,0.14212938228445318,0.19025398168222923,0.1825419131542951,0.24031923188605508,0.0567218429745909,0.5461082076225723,0.09950574185864577,0.11025227570215661,0.4722861898783388,0.041737820900629864,0.37463548321796436,0.5829387197205806,0.5639555261487986,0.09466536077974319,0.5740007689298988,0.6602471845828273,0.6248354721742998,0.2696950976028603,0.4732521151672367,0.6564704052220259
2023-09-17 15:00:00,0.10094005908557142,0.3700480874591601,0.1383927592595019,0.5652819637230011,0.25387583868001357,0.3208392846310051,0.32328658687082956,0.4020591749452243,0.2282321545586519,0.17791713677647927,0.2304423399838201,0.2184679064600892,0.14409823703190802,0.5477138446154339,0.17117752538002098,0.23608706431156823,0.42110734764786306,0.027585322826372344,0.34253201378258374,0.5036345181063153,0.5557554229279145,0.07788309548234817,0.6609957225568045,0.5104721550791259,0.6443460630428125,0.3501074855249654,0.34678016026825736,0.5487202764038615
2023-09-17 16:00:00,0.10728644222394981,0.33684095882786413,0.0780060037836137,0.44261116728394134,0.2492212103655963,0.2521179790858371,0.18876100343362978,0.2595833254266342,0.2619547798461707,0.18933857900762052,0.1574896694854163,0.18721570155115513,0.1819663722214724,0.3610134678258847,0.27191786082294533,0.29977536332347327,0.32187736239920295,0.01854004422956654,0.23707603639587174,0.3646572416017086,0.3742253568743116,0.08792400316966885,0.5907608757308744,0.45282923260755065,0.5515211443785403,0.37493580997771875,0.24394344619964833,0.512576894393258
2023-09-17 17:00:00,0.08581471201014126,0.24865937390334455,0.048384865258827056,0.32514348504048624,0.23372968037510672,0.17572648124003573,0.10605173813144891,0.19286171700903246,0.2740854742643586,0.07106492536220285,0.0800564964596043,0.09894140255202862,0.17326984685198446,0.31287218787351573,0.20646657580670508,0.28987083145054016,0.2607884030466863,0.006086264659617855,0.14220355166019494,0.2713475998518807,0.3247508295579782,0.02676036996796448,0.5451813791044895,0.3682398888306384,0.5120783090106665,0.22886533627885747,0.23862854146653745,0.4027554258051753
2023-09-17 18:00:00,0.09405427801517124,0.2485180621419946,0.02044093781585267,0.23222440698802857,0.1709495826408595,0.12751005924048123,0.055786537717022966,0.10721033493135662,0.22256411467658938,0.023989214606065113,0.03621325707802737,0.060567094301362534,0.15355533615300054,0.18995565044956197,0.24021501831340242,0.2200364325803806,0.21862213392788857,0.012746611402784503,0.12716640156144174,0.1414115627074134,0.19818534157515866,0.010310976496080674,0.45574642992728276,0.22518166485214267,0.4339346264265212,0.21954611109430905,0.18382560986716392,0.31992350173927914
2023-09-17 19:00:00,0.05928657393316199,0.1843315575506498,0.0026723059642883664,0.12402851784998856,0.11146949768865477,0.06602811968887862,0.002408464273057618,0.03660661879052824,0.1620209801503306,0.0016289584568757933,0.00535407160229071,0.024267103455027524,0.15078206370462754,0.0771488374664639,0.21166584992282772,0.21140210034043788,0.1269563945822239,0.00010132852985808551,0.050867607431099346,0.04812206080814698,0.08269673076827318,0.0016095574370106152,0.2965977417229041,0.14686550508247795,0.32556808773618007,0.09721748131905635,0.1549104895638355,0.1539459785590035
2023-09-17 20:00:00,0.0,0.0,0.0,0.0,0.03597976054787298,0.03472364271209682,0.0,0.0,0.06985095268496644,0.0,0.0,0.0,0.0,0.0,0.03364409306558548,0.09434875443628914,0.04781023127194859,0.0,0.03711798569241122,0.0,0.0,0.0,0.0,0.0,0.0,0.044179616538693615,0.0,0.0
2023-09-17 21:00:00,0.0,0.0,0.0,0.0,0.0,0.0,0.0,0.0,0.0,0.0,0.0,0.0,0.0,0.0,0.0,0.0,0.0,0.0,0.0,0.0,0.0,0.0,0.0,0.0,0.0,0.0,0.0,0.0
2023-09-17 22:00:00,0.0,0.0,0.0,0.0,0.0,0.0,0.0,0.0,0.0,0.0,0.0,0.0,0.0,0.0,0.0,0.0,0.0,0.0,0.0,0.0,0.0,0.0,0.0,0.0,0.0,0.0,0.0,0.0
2023-09-17 23:00:00,0.0,0.0,0.0,0.0,0.0,0.0,0.0,0.0,0.0,0.0,0.0,0.0,0.0,0.0,0.0,0.0,0.0,0.0,0.0,0.0,0.0,0.0,0.0,0.0,0.0,0.0,0.0,0.0
2023-09-18 00:00:00,0.0,0.0,0.0,0.0,0.0,0.0,0.0,0.0,0.0,0.0,0.0,0.0,0.0,0.0,0.0,0.0,0.0,0.0,0.0,0.0,0.0,0.0,0.0,0.0,0.0,0.0,0.0,0.0
2023-09-18 01:00:00,0.0,0.0,0.0,0.0,0.0,0.0,0.0,0.0,0.0,0.0,0.0,0.0,0.0,0.0,0.0,0.0,0.0,0.0,0.0,0.0,0.0,0.0,0.0,0.0,0.0,0.0,0.0,0.0
2023-09-18 02:00:00,0.0,0.0,0.0,0.0,0.0,0.0,0.0,0.0,0.0,0.0,0.0,0.0,0.0,0.0,0.0,0.0,0.0,0.0,0.0,0.0,0.0,0.0,0.0,0.0,0.0,0.0,0.0,0.0
2023-09-18 03:00:00,0.0,0.0,0.0,0.0,0.0,0.0,0.0,0.0,0.0,0.0,0.0,0.0,0.0,0.0,0.0,0.0,0.0,0.0,0.0,0.0,0.0,0.0,0.0,0.0,0.0,0.0,0.0,0.0
2023-09-18 04:00:00,0.0,0.0,0.0,0.0,0.0,0.0,0.0,0.0,0.0,0.0,0.0,0.0,0.0,0.0,0.0,0.0,0.0,0.0,0.0,0.0,0.0,0.0,0.0,0.0,0.0,0.0,0.0,0.0
2023-09-18 05:00:00,0.0,0.0,0.0,0.0,0.0,0.0,0.0,0.0,0.0,0.0,0.0,0.0,0.0,0.0,0.0,0.0,0.0,0.0,0.0,0.0,0.0,0.0,0.0,0.0,0.0,0.0,0.0,0.0
2023-09-18 06:00:00,0.0,0.0,0.0,0.0,0.0,0.0,0.0,0.0,0.0,0.0,0.0,0.0,0.0,0.0,0.0,0.0,0.0,0.0,0.0,0.0,0.0,0.0,0.0,0.0,0.0,0.0,0.0,0.0
2023-09-18 07:00:00,0.0,0.0,0.0,0.0,0.0,0.0,0.0,0.0,0.0,0.0,0.0,0.0,0.0,0.0,0.0,0.0,0.0,0.0,0.0,0.0,0.0,0.0,0.009000395801256018,0.0,0.0,0.0,0.0,0.0
2023-09-18 08:00:00,0.20625642541369915,0.3093540444858509,0.2975343833263846,0.06252870956724756,0.01812520413777382,0.03884814441105423,0.3642285745032734,0.3607094483335262,0.15395067385746264,0.35184321495737003,0.3660492519698336,0.06956057030701966,0.1303748228351341,0.3461379516648524,0.09898482002430604,0.08460651997020363,0.0,0.18612221954870403,0.004957161851707555,0.27148063024260005,0.3436492721040031,0.20693719486478837,0.3333962182174098,0.2173093087653314,0.17539293815593146,0.025692677800090526,0.19211809134561345,0.23061662836118965
2023-09-18 09:00:00,0.36391036348572775,0.47166072254758684,0.45118339214587877,0.17193817277375434,0.06906099805118851,0.040552076748462666,0.5390657432209954,0.5554727310967884,0.2819597485141659,0.5105428625356044,0.529108491020021,0.2333963388108214,0.2755385362168854,0.5685704925924205,0.09674692833627715,0.19624069017950344,0.09456847089919773,0.3876891857181228,0.08426560657968545,0.47708563452751795,0.5686274133973298,0.3977774364744195,0.5379960264716895,0.31980535939152943,0.3028756405713671,0.027581666510071958,0.38798736605804096,0.3401662181704899
2023-09-18 10:00:00,0.5304389267297261,0.5883175794796668,0.6052991421421914,0.3175406806998459,0.09704316074199137,0.0779122315714833,0.653994953315813,0.6644108318005739,0.4031625039086297,0.6454021272916365,0.6573141445691211,0.4193737250387649,0.37491532095286784,0.6600760468383188,0.10561521351657294,0.21123028452326892,0.11237912212389917,0.5334352239296871,0.1283151852324196,0.5728852672012918,0.6581017799690568,0.5584527374414038,0.6192803020133687,0.4997971538864403,0.4183383530784324,0.07913263627757454,0.49476649141122336,0.4894359297402409
2023-09-18 11:00:00,0.5915069062846989,0.6368576246914311,0.6846140900659822,0.4005938944280553,0.1639412131713586,0.12060517678946621,0.7099535614375844,0.713390360482644,0.41275480891816035,0.6987762157350644,0.7030602464462538,0.5167271998572616,0.419451367604927,0.710537778581624,0.19723486475809857,0.2547084939188638,0.11567262969479283,0.57145949421914,0.19100300245256294,0.6576222322423408,0.7109153696665058,0.6391861772897488,0.6925318543369867,0.6066010732328844,0.5809198270915532,0.1327522049670008,0.6271863793082284,0.5631568875543558
2023-09-18 12:00:00,0.5811336575498176,0.603180595342342,0.6997220992747477,0.44739905890761433,0.1557046749728377,0.1823744235062658,0.7429242845265849,0.7562011421225096,0.3714283301868054,0.7386740988498491,0.7408737359373794,0.5701520986998252,0.39366488073187905,0.7611772130505295,0.1994066554268903,0.27533250894924494,0.21398332663646236,0.6268107306412959,0.23832448170822998,0.7111249640596102,0.7616929270267943,0.692941484264446,0.6768192027584747,0.488160845146753,0.6149321849520473,0.17817691599607777,0.5565962358207757,0.5299800097086135
2023-09-18 13:00:00,0.6046503925050088,0.5664977478853822,0.6864630015477405,0.49023541178992414,0.16144122979224693,0.18217219129296927,0.6313828877402986,0.6540389323606908,0.47264723584223267,0.6770776523594009,0.6324677473594118,0.5917292625102364,0.4733081301139168,0.6958904748495253,0.23785121245246746,0.3571571257928,0.24111659641654268,0.5984022650294754,0.25519637702546955,0.7119390892829601,0.7076248244723367,0.6779104116833664,0.621381973750445,0.5069831101024748,0.6498193961859169,0.2142612410181244,0.5978188741694951,0.49615882582005894
2023-09-18 14:00:00,0.5424784327907399,0.5119443183248482,0.6243591722516545,0.5852979347141852,0.18273567985879283,0.23774167200695268,0.5861902467538401,0.5941878996913164,0.4124980500251835,0.6186318551507684,0.5636523169717937,0.612657431753637,0.39837963513951274,0.6509627454902439,0.30879645357051627,0.33673077563798126,0.35334497196871617,0.5473495038400588,0.3599666216594393,0.6851389385200352,0.6679369127676344,0.6242600118270646,0.632082363826081,0.5013311034468605,0.6430449586424868,0.29511967427910435,0.5748216215436577,0.49388675309566027
2023-09-18 15:00:00,0.4822797718322457,0.441302568381613,0.4941562664204599,0.5124523284255029,0.1854710540622552,0.2915178744619771,0.49091102789951874,0.5649376602529385,0.4087085712148671,0.5845045544458192,0.5034780789074513,0.6344148920698387,0.3708620377343565,0.6302183744571829,0.30524555664528125,0.3625722447265561,0.35226603938374423,0.46202028924979127,0.31012781825250973,0.6262687495133681,0.6447709518694277,0.6082824021908158,0.5463069608701282,0.4494804893457411,0.6479272871022113,0.286981375195138,0.5714797419217286,0.4375853353835693
2023-09-18 16:00:00,0.4265611761829658,0.409645993386849,0.4776743759643423,0.49882191645546803,0.19567659604846763,0.28622384738140677,0.3328799112617831,0.39974928886328165,0.401947857385911,0.4789841694995811,0.37122878847185387,0.5040280107720041,0.3588656810847404,0.4791461321395918,0.3918495786069554,0.3880633540942425,0.29192690466960974,0.3243828326021864,0.30692558873813275,0.5717679204177378,0.5027367880068373,0.48164278804476873,0.5106766223399162,0.45663712571990667,0.6218727913503014,0.31157770836996174,0.5756450126525771,0.4565570124956277
2023-09-18 17:00:00,0.41594434103321565,0.3641079278319697,0.5663029344537764,0.49911607790468404,0.17894069854187977,0.2312647268970717,0.3621518756122894,0.3185965540710787,0.41250825871679403,0.42625010460048846,0.367718127169846,0.45135231414075344,0.38100322519151125,0.32797043839193335,0.3580729317473967,0.32143697077480304,0.11192165133812236,0.2911313001566758,0.149137223763514,0.42667888680464044,0.34390983292019284,0.3977691106361383,0.3753773088241646,0.4008199314660927,0.5921386629112667,0.2834265767856015,0.5035080335896621,0.3914824458900063
2023-09-18 18:00:00,0.37712708071377593,0.3102822658145235,0.5285043288895136,0.4268065678617789,0.1645212985389594,0.14185474310550897,0.4160336807954523,0.3275262661793649,0.3665788074214251,0.4353590274258494,0.39404541263472176,0.36569718346996666,0.3821083025344036,0.2605640839460366,0.27259337329442035,0.3375141158831817,0.06239016774042174,0.2806339992719255,0.07820162312998934,0.3119499497293594,0.26062385974916,0.3438088294700663,0.2728791680703403,0.35529006886817893,0.4730318591730793,0.19065518014029517,0.3567105840952123,0.3073936190644069
2023-09-18 19:00:00,0.27318597595128236,0.27689578704281914,0.3875488823298848,0.28631575442460827,0.1032918668673352,0.04702882287469722,0.37917372920704556,0.32671205030035355,0.2093751536359269,0.33958957556538877,0.33316228206123233,0.34558362822994054,0.22908893516252746,0.30378067988265145,0.18034612537588157,0.22564960480813684,0.008547521009354771,0.31891500845675386,0.008903007729710007,0.26374591460545627,0.30284928872543365,0.3024001336167481,0.16588541137859836,0.3260024915965809,0.3373850061531616,0.07675911740311114,0.2939416222877003,0.3087971621475094
2023-09-18 20:00:00,0.0,0.0,0.0,0.0,0.018234976430109195,0.0017595178242541022,0.0,0.0,0.0009777945553054552,0.0,0.0,0.0,0.0,0.0,0.0,0.0,0.0,0.0,0.0,0.0,0.0,0.0,0.0,0.0,0.0,0.001781373280529487,0.0,0.0
2023-09-18 21:00:00,0.0,0.0,0.0,0.0,0.0,0.0,0.0,0.0,0.0,0.0,0.0,0.0,0.0,0.0,0.0,0.0,0.0,0.0,0.0,0.0,0.0,0.0,0.0,0.0,0.0,0.0,0.0,0.0
2023-09-18 22:00:00,0.0,0.0,0.0,0.0,0.0,0.0,0.0,0.0,0.0,0.0,0.0,0.0,0.0,0.0,0.0,0.0,0.0,0.0,0.0,0.0,0.0,0.0,0.0,0.0,0.0,0.0,0.0,0.0
2023-09-18 23:00:00,0.0,0.0,0.0,0.0,0.0,0.0,0.0,0.0,0.0,0.0,0.0,0.0,0.0,0.0,0.0,0.0,0.0,0.0,0.0,0.0,0.0,0.0,0.0,0.0,0.0,0.0,0.0,0.0
2023-09-19 00:00:00,0.0,0.0,0.0,0.0,0.0,0.0,0.0,0.0,0.0,0.0,0.0,0.0,0.0,0.0,0.0,0.0,0.0,0.0,0.0,0.0,0.0,0.0,0.0,0.0,0.0,0.0,0.0,0.0
2023-09-19 01:00:00,0.0,0.0,0.0,0.0,0.0,0.0,0.0,0.0,0.0,0.0,0.0,0.0,0.0,0.0,0.0,0.0,0.0,0.0,0.0,0.0,0.0,0.0,0.0,0.0,0.0,0.0,0.0,0.0
2023-09-19 02:00:00,0.0,0.0,0.0,0.0,0.0,0.0,0.0,0.0,0.0,0.0,0.0,0.0,0.0,0.0,0.0,0.0,0.0,0.0,0.0,0.0,0.0,0.0,0.0,0.0,0.0,0.0,0.0,0.0
2023-09-19 03:00:00,0.0,0.0,0.0,0.0,0.0,0.0,0.0,0.0,0.0,0.0,0.0,0.0,0.0,0.0,0.0,0.0,0.0,0.0,0.0,0.0,0.0,0.0,0.0,0.0,0.0,0.0,0.0,0.0
2023-09-19 04:00:00,0.0,0.0,0.0,0.0,0.0,0.0,0.0,0.0,0.0,0.0,0.0,0.0,0.0,0.0,0.0,0.0,0.0,0.0,0.0,0.0,0.0,0.0,0.0,0.0,0.0,0.0,0.0,0.0
2023-09-19 05:00:00,0.0,0.0,0.0,0.0,0.0,0.0,0.0,0.0,0.0,0.0,0.0,0.0,0.0,0.0,0.0,0.0,0.0,0.0,0.0,0.0,0.0,0.0,0.0,0.0,0.0,0.0,0.0,0.0
2023-09-19 06:00:00,0.0,0.0,0.0,0.0,0.0,0.0,0.0,0.0,0.0,0.0,0.0,0.0,0.0,0.0,0.0,0.0,0.0,0.0,0.0,0.0,0.0,0.0,0.0,0.0,0.0,0.0,0.0,0.0
2023-09-19 07:00:00,0.0,0.0,0.0,0.0,0.0,0.0,0.0,0.0,0.0,0.0,0.0,0.0,0.0,0.0,0.0,0.0,0.0,0.0,0.0,0.0,0.0,0.0,0.0187528474897228,0.0,0.0,0.0,0.0,0.0
2023-09-19 08:00:00,0.05685216809710051,0.08510352484793629,0.0636563178732377,0.06297703564471993,0.007763297207352888,0.017353191785667764,0.1252627239920563,0.07854498656330282,0.05216908139108376,0.07003841960022551,0.08512236539967627,0.14006791968563365,0.024677742607753583,0.06358930080415436,0.039487715627361586,0.0367683506803901,0.0,0.06436036328056949,0.00027993175047249017,0.03885789736067424,0.06086250860353806,0.09985116150344152,0.2636225899502055,0.020708044521881828,0.10261208647020825,0.005048649495704414,0.009611513059030165,0.017996132967003278
2023-09-19 09:00:00,0.060504380607019424,0.22375871817649642,0.08214527365892738,0.17869703063549844,0.13731301857849101,0.06679122150874699,0.24689174322326826,0.21252870996712261,0.08097520128729667,0.10870332606150968,0.17734006288774093,0.20344405716312808,0.03656932032910171,0.2124241785139288,0.06393524788719993,0.05931741436461902,0.0354037546492833,0.06791173970545385,0.05982740102683638,0.12630554033742358,0.2031163673023973,0.09038470577123119,0.26196362032590864,0.12195746941450389,0.11586437939411809,0.05103208504533764,0.03712649509300079,0.15981830962366955
2023-09-19 10:00:00,0.1641433805287896,0.31296113533054876,0.14655228792287495,0.3064799271390106,0.2879956019465509,0.16495763037228592,0.3287044952268481,0.3896130423908694,0.1404057740440519,0.22713515934170378,0.2719564712267428,0.32672012808435363,0.11554287250192523,0.45733148459314055,0.08258293167102979,0.1047548533361801,0.11858310756294553,0.07213941204315791,0.11534591754931879,0.48476656067288826,0.4595105470506918,0.16448962524456545,0.30236237439706554,0.2448661187713069,0.1605285343802395,0.13171754965937033,0.08203491965792956,0.34554633771385523
2023-09-19 11:00:00,0.19346034975650955,0.33911016520985304,0.12736004768792597,0.22113086300215307,0.4072484456448967,0.22426309609229442,0.3011607783733778,0.439809694957908,0.28036242629117686,0.3079745215862162,0.31530106429025617,0.21987542191982462,0.22693384866581068,0.5334448996726053,0.06461458177010451,0.1709015397975312,0.19135012534547635,0.12957319729402075,0.12281001368068034,0.47976824409028507,0.5388898746545879,0.19915329683922622,0.34501781977671253,0.27980226233298816,0.20490834238732478,0.16821063850387785,0.13581900522879953,0.3604744215045311
2023-09-19 12:00:00,0.2500453764589906,0.3997822285012389,0.16734114425529076,0.17512319494994377,0.38553964125180185,0.2362425661896787,0.23628394500450092,0.36236174907006763,0.2815193857376593,0.28250732272980816,0.28126416941923216,0.20589223254540384,0.19382371941161222,0.43300850676420166,0.0828102143345616,0.14225273503938632,0.25493164036547183,0.12155684522030387,0.20114528249998956,0.37915262841856,0.43836390230598216,0.20270797251175146,0.25588664895933205,0.2434473294594384,0.189106292770241,0.16241614458676204,0.2260738671615259,0.289417250561672
2023-09-19 13:00:00,0.2813817489368934,0.36802518328520323,0.24298845138844666,0.2185227002162578,0.4386613589129619,0.35064118835268004,0.16888714812557384,0.25416918182303727,0.25278624651467246,0.23798815892253528,0.18851198851032014,0.30022717245295244,0.20552738844838164,0.32792991467881577,0.09569531764654207,0.24145704429820405,0.247376694025732,0.17367207449403668,0.230341767053512,0.2934116965377376,0.3387870019709995,0.24612559619618557,0.25839047466004467,0.22451242941756888,0.21935305503471755,0.21816853635354871,0.2357547496901337,0.2569108837856217
2023-09-19 14:00:00,0.30315256387093426,0.4510203264053762,0.22265387735324438,0.19824203986623587,0.44686857287914605,0.41350076981140893,0.19202538198997943,0.2979577450113437,0.24270935725871592,0.28699526861367625,0.22474439886796024,0.30867112207655006,0.18643976232477288,0.3591062777466531,0.10708534831953363,0.1455796532124644,0.25468812041888694,0.17694491122779424,0.2749576777518649,0.37443726983157744,0.3679412692079727,0.2508574725065589,0.20775297569969844,0.24731723277021106,0.19078016713773172,0.2561478078824806,0.21856778266579444,0.28113627401338503
2023-09-19 15:00:00,0.2558456353653286,0.4121152795970167,0.2163838581411382,0.17979039329517546,0.44436069589861954,0.4162447249458356,0.15618159148493224,0.21957504699702066,0.22244846701830634,0.22193453323995288,0.17187235774010418,0.250255739089815,0.1986333591710302,0.2519510388448977,0.1765980829768628,0.22253753012384564,0.2629433301545404,0.13850985767491616,0.28827415001827406,0.2913823786346025,0.2582096258725197,0.19708351624819684,0.21786213801236914,0.2635895016661136,0.20965350565554852,0.2499572408266517,0.21658135482279744,0.29286376602816827
2023-09-19 16:00:00,0.19711849279600613,0.3881981636571625,0.26786428016984076,0.22433562968793208,0.4212167722275071,0.3671015623750284,0.1093377717959109,0.13764003822949814,0.24312933519746757,0.17550563600419666,0.1163260868450646,0.2044866954541948,0.23583950200139198,0.16602355910568367,0.0965529159084214,0.1381390737499018,0.20795631016204286,0.13873074043461117,0.27264913198401247,0.23475916289644963,0.1730379287380086,0.15294360354868838,0.1778690184894578,0.2786967553173513,0.1584676346993849,0.2183534042588642,0.1803439387235311,0.3290193387102949
2023-09-19 17:00:00,0.19025812459747446,0.31178342517816077,0.28508798158562626,0.19044589619640384,0.36254218937575866,0.2941007762082236,0.12349950602463489,0.10057809735554613,0.20565123715914987,0.1954801856841007,0.1309505896090873,0.20914273999087557,0.21925391012618606,0.07875086084921229,0.09704465604321391,0.12134345036764513,0.23565977518410355,0.047613092417493154,0.3293337780767174,0.11284566356788675,0.08357200929719602,0.14389419047984217,0.17766087040302345,0.22373863094501245,0.09561122974399722,0.1801543492635314,0.13188739323031487,0.2912633444251648
2023-09-19 18:00:00,0.15376091328636643,0.15928635497729282,0.25382051217857593,0.13043804315077637,0.34844185941231326,0.28140392441373224,0.11781993455491385,0.0930718601305789,0.19667860327202816,0.10384408131820062,0.08529472263200463,0.09857999562457241,0.17064935766251313,0.10532567762416183,0.09367195501262032,0.10229021848610258,0.24526106502663172,0.015872544296777345,0.32519428369359177,0.09944412687480832,0.11173775489684823,0.05884580631236064,0.13294796631147487,0.1973550591075766,0.04173694096123767,0.16296886650038794,0.08200140096510994,0.2649870115602289
2023-09-19 19:00:00,0.11910011249614767,0.11100215905925079,0.19661916703921442,0.027530810131872665,0.3037144137143764,0.19312574881537847,0.15929727003222163,0.09914553720888346,0.09985335561083582,0.13719719204284733,0.12862501229891213,0.05040885011894098,0.055988045836762666,0.050423579724726914,0.03213917707289132,0.02561520238365483,0.18095332721617444,0.011903483934827014,0.222260751755556,0.047753471509202186,0.04690193688413045,0.07741075514508795,0.09427605855007612,0.11988276074907735,0.023811445762929918,0.1199432496305052,0.0405980758506507,0.17056608323055444
2023-09-19 20:00:00,0.0,0.0,0.0,0.0,0.1916474595002705,0.1463334495552524,0.0,0.0,0.0,0.0,0.0,0.0,0.0,0.0,0.0,0.0,0.18860053337155097,0.0,0.19459542688058257,0.0,0.0,0.0,0.0,0.0,0.0,0.0612492061997557,0.0,0.0
2023-09-19 21:00:00,0.0,0.0,0.0,0.0,0.0,0.0,0.0,0.0,0.0,0.0,0.0,0.0,0.0,0.0,0.0,0.0,0.0,0.0,0.0,0.0,0.0,0.0,0.0,0.0,0.0,0.0,0.0,0.0
2023-09-19 22:00:00,0.0,0.0,0.0,0.0,0.0,0.0,0.0,0.0,0.0,0.0,0.0,0.0,0.0,0.0,0.0,0.0,0.0,0.0,0.0,0.0,0.0,0.0,0.0,0.0,0.0,0.0,0.0,0.0
2023-09-19 23:00:00,0.0,0.0,0.0,0.0,0.0,0.0,0.0,0.0,0.0,0.0,0.0,0.0,0.0,0.0,0.0,0.0,0.0,0.0,0.0,0.0,0.0,0.0,0.0,0.0,0.0,0.0,0.0,0.0
2023-09-20 00:00:00,0.0,0.0,0.0,0.0,0.0,0.0,0.0,0.0,0.0,0.0,0.0,0.0,0.0,0.0,0.0,0.0,0.0,0.0,0.0,0.0,0.0,0.0,0.0,0.0,0.0,0.0,0.0,0.0
2023-09-20 01:00:00,0.0,0.0,0.0,0.0,0.0,0.0,0.0,0.0,0.0,0.0,0.0,0.0,0.0,0.0,0.0,0.0,0.0,0.0,0.0,0.0,0.0,0.0,0.0,0.0,0.0,0.0,0.0,0.0
2023-09-20 02:00:00,0.0,0.0,0.0,0.0,0.0,0.0,0.0,0.0,0.0,0.0,0.0,0.0,0.0,0.0,0.0,0.0,0.0,0.0,0.0,0.0,0.0,0.0,0.0,0.0,0.0,0.0,0.0,0.0
2023-09-20 03:00:00,0.0,0.0,0.0,0.0,0.0,0.0,0.0,0.0,0.0,0.0,0.0,0.0,0.0,0.0,0.0,0.0,0.0,0.0,0.0,0.0,0.0,0.0,0.0,0.0,0.0,0.0,0.0,0.0
2023-09-20 04:00:00,0.0,0.0,0.0,0.0,0.0,0.0,0.0,0.0,0.0,0.0,0.0,0.0,0.0,0.0,0.0,0.0,0.0,0.0,0.0,0.0,0.0,0.0,0.0,0.0,0.0,0.0,0.0,0.0
2023-09-20 05:00:00,0.0,0.0,0.0,0.0,0.0,0.0,0.0,0.0,0.0,0.0,0.0,0.0,0.0,0.0,0.0,0.0,0.0,0.0,0.0,0.0,0.0,0.0,0.0,0.0,0.0,0.0,0.0,0.0
2023-09-20 06:00:00,0.0,0.0,0.0,0.0,0.0,0.0,0.0,0.0,0.0,0.0,0.0,0.0,0.0,0.0,0.0,0.0,0.0,0.0,0.0,0.0,0.0,0.0,0.0,0.0,0.0,0.0,0.0,0.0
2023-09-20 07:00:00,0.0,0.0,0.0,0.0,0.0,0.0,0.0,0.0,0.0,0.0,0.0,0.0,0.0,0.0,0.0,0.0,0.0,0.0,0.0,0.0,0.0,0.0,0.0,0.0,0.0,0.0,0.0,0.0
2023-09-20 08:00:00,0.2887008310782696,0.20850348435380522,0.26713449203077366,0.21265036026933962,0.09335896256875166,0.024058211389433985,0.21447714629874862,0.18610775999409726,0.25431385223296704,0.2755086595272057,0.22507427060431137,0.2612109028432443,0.2630647467201883,0.15808846238140803,0.19059737952819708,0.30316846131502895,0.0,0.37098903288759577,0.0,0.28255943566691993,0.1631011809628515,0.3276394533404519,0.32110801013996554,0.11685192392159266,0.08861940142290883,0.017296039091114667,0.10323251991089974,0.1313058900777925
2023-09-20 09:00:00,0.48162864578185394,0.35679613339230654,0.4508283855430173,0.4180824842291624,0.18665292149159485,0.1102003011499837,0.4139076697807424,0.4041038481475723,0.41089377988612746,0.4598030670028924,0.3988052917502454,0.47885211273006545,0.4171583768448607,0.4229548607502536,0.2671055471457943,0.4239977719286606,0.19797828021971894,0.5705051657748906,0.19311865043158533,0.5448626870687207,0.43290053085061586,0.5256457865399051,0.45840124124402937,0.24474287843104353,0.2188782078898137,0.1354072713662309,0.23342366754602442,0.23862721541336573
2023-09-20 10:00:00,0.5772674300968352,0.48542497775131244,0.6148390506845952,0.5414736521988531,0.24815294176476915,0.18350561258859055,0.5906789342110588,0.5891388864530261,0.49776582319442886,0.6335543789143525,0.5983193960435265,0.6318778742042448,0.5122711975969431,0.5884302802198654,0.3537298887858167,0.5492551318819211,0.3725910415461261,0.6822071673810152,0.3707044463502851,0.6784561443062287,0.591552666354723,0.6651409941131864,0.5524138739692774,0.4294488034006096,0.3959577976567742,0.1965378625290197,0.41186802725683314,0.3926906805562893
2023-09-20 11:00:00,0.6377125421276285,0.5330686042232148,0.6933005146626688,0.5756392518129346,0.30997440211476596,0.27672755374125346,0.7069192034897901,0.7143018441576743,0.6309126660814122,0.6915904820270831,0.6876394829562122,0.6672663122733934,0.673000415087963,0.713019129285675,0.43142959105460155,0.6410857726358786,0.4692557377525119,0.7171759759805005,0.44114563145309005,0.7442166295490475,0.7107622384217783,0.6976761399240464,0.6301954912043297,0.47988872557477424,0.533440693130663,0.3373551960356531,0.5619268592804493,0.45280021080610494
2023-09-20 12:00:00,0.7246870480098494,0.4487419166914916,0.7744033405395856,0.5252296158148473,0.2332098836180964,0.41261992730213476,0.7686642991574942,0.7756620927446156,0.7088395950185574,0.7731375067336299,0.7773274751191659,0.599982813085865,0.7356250372398283,0.7584093884069403,0.5689426152380994,0.6982942120043032,0.5097480532544563,0.7365866717264128,0.4333790596359002,0.7766626850272796,0.7560989223942581,0.7261794372279026,0.6579293352933375,0.4159515961277876,0.5527997802351291,0.4373173327061,0.515725011603609,0.45226265930423093
2023-09-20 13:00:00,0.7634462163257641,0.5335829928931671,0.785882123563226,0.5561048978229638,0.2479437117133129,0.4629944512757483,0.7820060611357443,0.7869749710406463,0.7410604215248473,0.7773767917628294,0.7849186034605456,0.6151636425618983,0.7825325030370026,0.7822282255422253,0.732822731510093,0.7599275667106218,0.6210296186222664,0.7863702443248665,0.5216885791121338,0.7424624716773385,0.7810078745426742,0.768453734150139,0.661346529831687,0.46519489455926877,0.6442077741132296,0.5227111921274228,0.5690260452196,0.4938287611337359
2023-09-20 14:00:00,0.7611316166396308,0.511954955097385,0.7686410861092438,0.47789458291382636,0.24620116329957076,0.4566978464513722,0.7667101257431691,0.7663497882093596,0.7177559588307171,0.7727741106085669,0.7737892017420132,0.5382953077189121,0.761276400753241,0.7544074369813979,0.7767893724562273,0.7657412156367904,0.6879365919656519,0.7699238809551643,0.5720755934585571,0.7073594882574601,0.7518779137337885,0.7354419907644506,0.6366770241031249,0.44312823485786806,0.6525190723068108,0.5754042510106058,0.5671762674321598,0.4258705307476469
2023-09-20 15:00:00,0.7058484557159864,0.47040159024978545,0.7255580288039846,0.5705627910166844,0.22770057773285568,0.4468165953219545,0.7286574230855827,0.7656225979358534,0.7373802501001089,0.758991659378973,0.7493762046116051,0.5554336077352715,0.7779874704758479,0.7784155439124851,0.7723216076500998,0.7645199803524297,0.6785801575424402,0.6782556302676102,0.6125648040345663,0.7841643351511762,0.7777792171746256,0.6529038866275134,0.5553411050524989,0.4003980938925911,0.671415721313831,0.570671099351254,0.4950319993405162,0.3948631541725591
2023-09-20 16:00:00,0.6805718696539843,0.4377825289769293,0.7498431259016761,0.4679296726028577,0.1767231257909401,0.41313947109184884,0.745649840683225,0.747175664593719,0.7299574236698445,0.7383549261180611,0.7482148260164538,0.4640687643773699,0.7666922544335399,0.7421757605402293,0.7554424391622859,0.7391980107782589,0.6370147503822987,0.57577329818729,0.5135822845873345,0.684093563114934,0.7416203568821674,0.5867075447536584,0.491911676603997,0.3997253388287213,0.6156052200547737,0.5098354742290391,0.42015924429657164,0.3900015900015888
2023-09-20 17:00:00,0.6673383078090805,0.4049183730085278,0.70252022758717,0.36455438469980966,0.11455537018455338,0.34337357522241096,0.6966127932449511,0.6904210822421483,0.691437890462307,0.6886310114636416,0.689846510407092,0.42834774749819543,0.7211597102940737,0.6874559835619342,0.7123329429301931,0.7086652987780409,0.5973633482720322,0.6562449174083422,0.5103028312111322,0.6788386955327983,0.6873323065513356,0.6321174690287984,0.42907787340101333,0.36996169955988945,0.4959532369514838,0.45550171390459393,0.3965791973470374,0.33876183397928306
2023-09-20 18:00:00,0.5885627630763004,0.37423181884514556,0.6154421061822641,0.3572354814578271,0.06279255813664247,0.2708386312680433,0.6105446649165056,0.6009268153260862,0.6105625470396948,0.601072747376586,0.6044172192402444,0.41405544085716556,0.6372816097805027,0.5998655141214463,0.6283704380487138,0.6294276226546811,0.4545329380241755,0.5607115181566994,0.3728738846775046,0.5973854498043996,0.5999237201794758,0.5476392313230728,0.4007180054797919,0.30801866462097266,0.43009712544989415,0.3925897007407083,0.30901372415792033,0.2966009819431197
2023-09-20 19:00:00,0.4517323052742267,0.3294832879937493,0.43963723533619925,0.3611930107655261,0.027772313008192356,0.16727970743220208,0.4283027785161371,0.41454669499052627,0.4455883167837116,0.41924340537223703,0.42405552171305416,0.3675555741190903,0.46797083579442883,0.40752506471030836,0.47344285504780426,0.4697408460182247,0.26802938987530844,0.43773827416779837,0.21142587279201505,0.4016368291670763,0.4061983359500298,0.43068970923337263,0.168984791774942,0.28791840509174565,0.28073245019072623,0.27912282581925396,0.25870696785569214,0.2721541718059574
2023-09-20 20:00:00,0.0,0.0,0.0,0.0,0.004517799326388422,0.011216507923911784,0.0,0.0,0.0,0.0,0.0,0.0,0.0,0.0,0.0,0.0,0.0513371648697646,0.0,0.05297476802838849,0.0,0.0,0.0,0.0,0.0,0.0,0.008894742916733736,0.0,0.0
2023-09-20 21:00:00,0.0,0.0,0.0,0.0,0.0,0.0,0.0,0.0,0.0,0.0,0.0,0.0,0.0,0.0,0.0,0.0,0.0,0.0,0.0,0.0,0.0,0.0,0.0,0.0,0.0,0.0,0.0,0.0
2023-09-20 22:00:00,0.0,0.0,0.0,0.0,0.0,0.0,0.0,0.0,0.0,0.0,0.0,0.0,0.0,0.0,0.0,0.0,0.0,0.0,0.0,0.0,0.0,0.0,0.0,0.0,0.0,0.0,0.0,0.0
2023-09-20 23:00:00,0.0,0.0,0.0,0.0,0.0,0.0,0.0,0.0,0.0,0.0,0.0,0.0,0.0,0.0,0.0,0.0,0.0,0.0,0.0,0.0,0.0,0.0,0.0,0.0,0.0,0.0,0.0,0.0
2023-09-21 00:00:00,0.0,0.0,0.0,0.0,0.0,0.0,0.0,0.0,0.0,0.0,0.0,0.0,0.0,0.0,0.0,0.0,0.0,0.0,0.0,0.0,0.0,0.0,0.0,0.0,0.0,0.0,0.0,0.0
2023-09-21 01:00:00,0.0,0.0,0.0,0.0,0.0,0.0,0.0,0.0,0.0,0.0,0.0,0.0,0.0,0.0,0.0,0.0,0.0,0.0,0.0,0.0,0.0,0.0,0.0,0.0,0.0,0.0,0.0,0.0
2023-09-21 02:00:00,0.0,0.0,0.0,0.0,0.0,0.0,0.0,0.0,0.0,0.0,0.0,0.0,0.0,0.0,0.0,0.0,0.0,0.0,0.0,0.0,0.0,0.0,0.0,0.0,0.0,0.0,0.0,0.0
2023-09-21 03:00:00,0.0,0.0,0.0,0.0,0.0,0.0,0.0,0.0,0.0,0.0,0.0,0.0,0.0,0.0,0.0,0.0,0.0,0.0,0.0,0.0,0.0,0.0,0.0,0.0,0.0,0.0,0.0,0.0
2023-09-21 04:00:00,0.0,0.0,0.0,0.0,0.0,0.0,0.0,0.0,0.0,0.0,0.0,0.0,0.0,0.0,0.0,0.0,0.0,0.0,0.0,0.0,0.0,0.0,0.0,0.0,0.0,0.0,0.0,0.0
2023-09-21 05:00:00,0.0,0.0,0.0,0.0,0.0,0.0,0.0,0.0,0.0,0.0,0.0,0.0,0.0,0.0,0.0,0.0,0.0,0.0,0.0,0.0,0.0,0.0,0.0,0.0,0.0,0.0,0.0,0.0
2023-09-21 06:00:00,0.0,0.0,0.0,0.0,0.0,0.0,0.0,0.0,0.0,0.0,0.0,0.0,0.0,0.0,0.0,0.0,0.0,0.0,0.0,0.0,0.0,0.0,0.0,0.0,0.0,0.0,0.0,0.0
2023-09-21 07:00:00,0.0,0.0,0.0,0.0,0.0,0.0,0.0,0.0,0.0,0.0,0.0,0.0,0.0,0.0,0.0,0.0,0.0,0.0,0.0,0.0,0.0,0.0,0.0,0.0,0.0,0.0,0.0,0.0
2023-09-21 08:00:00,0.3678966039888925,0.33956008892553935,0.33376468249030633,0.43003857403201595,0.008825790870367063,0.007852446461507805,0.36450846063929293,0.349239025409295,0.20411853690384013,0.2717266693865753,0.31728428896223754,0.39357161701802146,0.21590163848253074,0.3627288650270403,0.11476725510938224,0.1415549405937528,0.0,0.307534075787751,0.0,0.34757432591017595,0.36127056787647943,0.31244967835049314,0.2771584120114934,0.27532132480270644,0.30185634537783806,0.035517625255060754,0.22585707614439401,0.3236742886355617
2023-09-21 09:00:00,0.5390103412324934,0.5314614051291003,0.5152458120366402,0.629256303375191,0.024307173397643995,0.04609264386889464,0.5674854481358095,0.5510581751617339,0.3415199012400767,0.47833566914182785,0.5115590668834644,0.6045293701526271,0.33494693796938185,0.5633675300215111,0.2879550391876863,0.24332675384661603,0.045314295576077634,0.5069117732785325,0.047094375241861754,0.55319640857843,0.562275821358049,0.5202509147809194,0.3979914912492299,0.4538492139319637,0.4822379662454264,0.08146987583222404,0.3662399098031221,0.4984988315170417
2023-09-21 10:00:00,0.6947769003187643,0.6734008604207332,0.6604857723511581,0.7171351505236727,0.04772166048002025,0.06667830360979955,0.6784264464552606,0.6641663572829949,0.4954341969702479,0.629900104797593,0.6548294921295609,0.7421579854304076,0.4690289633876879,0.6715176463169725,0.36016824702051986,0.37133665753660533,0.08552438366326931,0.6883204351337652,0.08794734991271912,0.6554779345194663,0.6704231872588489,0.68955475435067,0.49065655969630323,0.6396919365106443,0.659434747087652,0.09639542505359873,0.5445812915146492,0.6553214014466492
2023-09-21 11:00:00,0.7595718924760854,0.7608909515680498,0.7273089027021817,0.7745192991731749,0.08664971766359457,0.09624218421734287,0.7417966811889691,0.7339386209778396,0.58815368575357,0.7347002744255178,0.7384538168636039,0.8044097639013533,0.5690789265337157,0.7300064924141615,0.5845801220825563,0.5106106535065433,0.14405962980218232,0.7617168340796986,0.1430535035994562,0.7255156708413611,0.7293511407033464,0.7750796208330198,0.5839779854259673,0.7699727109147377,0.809682949626885,0.13311173836711404,0.6958794629616377,0.7563050226918779
2023-09-21 12:00:00,0.7850274625137093,0.7687033660833049,0.7631327943060189,0.8031982973091498,0.0967858673839607,0.10073150688592612,0.7685635992042127,0.7631986792839727,0.6693199172032754,0.7626814526800647,0.7640233763118506,0.8259971775973637,0.6679983990829751,0.7648439776182459,0.5725451163741847,0.5584722820093497,0.11183669037823085,0.7873275579707855,0.1256554888840311,0.7614626311869415,0.7649543235665113,0.7983908519033999,0.7216301448052391,0.8087168265085857,0.8482961207319035,0.1499430961623474,0.7490421060576042,0.7988332713006508
2023-09-21 13:00:00,0.7944140256746721,0.7814443148105396,0.7772572757126269,0.8093714138726411,0.11345652395305489,0.1364905564789661,0.7818741579910925,0.7754427760205767,0.7142244740475213,0.7754089612482142,0.7759282984641871,0.8305970222266065,0.6822067229644915,0.7782350079659831,0.6220213965815444,0.5749050522566,0.15420228080814305,0.7956418383241749,0.16497754678768542,0.7738250846987659,0.7786144805772197,0.8070265629587386,0.7471415528591325,0.8107264886736517,0.8524791142705755,0.18684831394797682,0.7561270186907425,0.8046007303289539
2023-09-21 14:00:00,0.7900861416959422,0.7679796938676471,0.7733089340211414,0.8038145217102902,0.14163899439874558,0.16378050043029851,0.7822048371713909,0.7741040585140605,0.7181418785140773,0.7749170994789603,0.7742056556684891,0.8194064809783217,0.7192574347806251,0.7777947294695342,0.6730803779288383,0.6755136162405551,0.24606877302665225,0.7905384289927593,0.24378946168468682,0.7730909883563489,0.7783364222914804,0.8019015371283028,0.7663918757244478,0.7978329225915002,0.8403357882646677,0.23888536175967234,0.7335393696651357,0.7949304040755122
2023-09-21 15:00:00,0.7725240139776902,0.7492722085739503,0.7681602836633697,0.7881877651160173,0.13646925542761984,0.14900508625071038,0.7703646330178153,0.7623314358002552,0.7058419624404508,0.7648060584907229,0.7622849924861523,0.8069422413517893,0.7084929653628304,0.7670300066880206,0.6981696436031416,0.7034928491548754,0.18996210505658392,0.7762268333361995,0.1872548646294947,0.7629139671623552,0.7676693103528225,0.7887774106084987,0.7340120993508332,0.7712212664752538,0.8218237094650348,0.2332678668059516,0.7206467403946291,0.7732876978923477
2023-09-21 16:00:00,0.7500784211634111,0.7236922759697701,0.7426128642101131,0.7595542369210027,0.1285427340427109,0.13210701958393486,0.7455437913161408,0.737480441150815,0.7001347824093823,0.7391027769648539,0.7373806523336268,0.7779026712453956,0.7049763151587566,0.7416996627739496,0.682239988333935,0.6858708844449245,0.14291701673018312,0.7493820125509179,0.13956648711673622,0.7361189545325673,0.7421885571053665,0.7614513434947079,0.6893842396836721,0.7470857100875011,0.783080613825479,0.22778070512596665,0.6571564710331432,0.7438430636836028
2023-09-21 17:00:00,0.6999308797909193,0.6741479571104465,0.6963021996942468,0.7106152025464394,0.11851787722030815,0.11743594931941076,0.7001467399528575,0.6914943334396281,0.6439059120651097,0.6925953951855169,0.6919476605444258,0.730734521992166,0.6557556879002974,0.6939816009663186,0.6304190433410893,0.6197357378339108,0.10157296064921885,0.7009462289272888,0.103741509710966,0.6872227388812642,0.6941212195905033,0.7134318307554771,0.6163327300639397,0.6944780325504237,0.7182491604599539,0.2105738208964084,0.609105669407058,0.6932235033155739
2023-09-21 18:00:00,0.6115986366094002,0.5776106039861139,0.6073238691581003,0.6133612833574581,0.08248942595529561,0.09491442203674406,0.6058570378487255,0.6014944101488576,0.5829243658997787,0.6010973301498201,0.6034163775327239,0.637013756786652,0.5844235206919953,0.601147780047659,0.5470780381037038,0.5369044940076466,0.05110932111693301,0.6117867327988362,0.054590985802375105,0.5913793919969823,0.6007675404223061,0.621775375879081,0.4815781907453143,0.5841879653647251,0.5869546326397971,0.1941433441599545,0.440372579901414,0.5818653427940663
2023-09-21 19:00:00,0.42250930271167925,0.4051119616001359,0.43384671765269106,0.42721648732322987,0.07848259989782838,0.0578658100412648,0.43355930571292456,0.42487241462653724,0.41381563425219947,0.4241958694579903,0.43055704703267256,0.44976113441878446,0.41868953202412174,0.4176003782525253,0.3906568316634804,0.3875745855636213,0.022302587702105334,0.43406972816517775,0.016791304245565936,0.4077642101318987,0.41629703626591874,0.4407087825912619,0.2664871218537348,0.400324255221617,0.4157863933387645,0.1380396498312776,0.30563576271688175,0.4005404224883634
2023-09-21 20:00:00,0.0,0.0,0.0,0.0,0.017265903611917835,2.3576405600576867e-05,0.0,0.0,0.0,0.0,0.0,0.0,0.0,0.0,0.0,0.0,0.00037018553790351164,0.0,0.0013544605535100683,0.0,0.0,0.0,0.0,0.0,0.0,0.0,0.0,0.0
2023-09-21 21:00:00,0.0,0.0,0.0,0.0,0.0,0.0,0.0,0.0,0.0,0.0,0.0,0.0,0.0,0.0,0.0,0.0,0.0,0.0,0.0,0.0,0.0,0.0,0.0,0.0,0.0,0.0,0.0,0.0
2023-09-21 22:00:00,0.0,0.0,0.0,0.0,0.0,0.0,0.0,0.0,0.0,0.0,0.0,0.0,0.0,0.0,0.0,0.0,0.0,0.0,0.0,0.0,0.0,0.0,0.0,0.0,0.0,0.0,0.0,0.0
2023-09-21 23:00:00,0.0,0.0,0.0,0.0,0.0,0.0,0.0,0.0,0.0,0.0,0.0,0.0,0.0,0.0,0.0,0.0,0.0,0.0,0.0,0.0,0.0,0.0,0.0,0.0,0.0,0.0,0.0,0.0
2023-09-22 00:00:00,0.0,0.0,0.0,0.0,0.0,0.0,0.0,0.0,0.0,0.0,0.0,0.0,0.0,0.0,0.0,0.0,0.0,0.0,0.0,0.0,0.0,0.0,0.0,0.0,0.0,0.0,0.0,0.0
2023-09-22 01:00:00,0.0,0.0,0.0,0.0,0.0,0.0,0.0,0.0,0.0,0.0,0.0,0.0,0.0,0.0,0.0,0.0,0.0,0.0,0.0,0.0,0.0,0.0,0.0,0.0,0.0,0.0,0.0,0.0
2023-09-22 02:00:00,0.0,0.0,0.0,0.0,0.0,0.0,0.0,0.0,0.0,0.0,0.0,0.0,0.0,0.0,0.0,0.0,0.0,0.0,0.0,0.0,0.0,0.0,0.0,0.0,0.0,0.0,0.0,0.0
2023-09-22 03:00:00,0.0,0.0,0.0,0.0,0.0,0.0,0.0,0.0,0.0,0.0,0.0,0.0,0.0,0.0,0.0,0.0,0.0,0.0,0.0,0.0,0.0,0.0,0.0,0.0,0.0,0.0,0.0,0.0
2023-09-22 04:00:00,0.0,0.0,0.0,0.0,0.0,0.0,0.0,0.0,0.0,0.0,0.0,0.0,0.0,0.0,0.0,0.0,0.0,0.0,0.0,0.0,0.0,0.0,0.0,0.0,0.0,0.0,0.0,0.0
2023-09-22 05:00:00,0.0,0.0,0.0,0.0,0.0,0.0,0.0,0.0,0.0,0.0,0.0,0.0,0.0,0.0,0.0,0.0,0.0,0.0,0.0,0.0,0.0,0.0,0.0,0.0,0.0,0.0,0.0,0.0
2023-09-22 06:00:00,0.0,0.0,0.0,0.0,0.0,0.0,0.0,0.0,0.0,0.0,0.0,0.0,0.0,0.0,0.0,0.0,0.0,0.0,0.0,0.0,0.0,0.0,0.0,0.0,0.0,0.0,0.0,0.0
2023-09-22 07:00:00,0.0,0.0,0.0,0.0,0.0,0.0,0.0,0.0,0.0,0.0,0.0,0.0,0.0,0.0,0.0,0.0,0.0,0.0,0.0,0.0,0.0,0.0,0.0,0.0,0.0,0.0,0.0,0.0
2023-09-22 08:00:00,0.3178343306393224,0.4001817957618357,0.299141581695438,0.40069242593427706,0.0311792572704501,0.009177068632951414,0.35706957782316257,0.35034200919167974,0.21541469484890333,0.2615086462661932,0.2946159742008097,0.3839351370202623,0.3353594569855073,0.36162961145267336,0.20531749384457976,0.2545708725538979,0.0,0.25969660966627417,0.0,0.35363336264718587,0.360261649662742,0.28922665965793853,0.3559261894259147,0.3970910418659929,0.5291687432198109,0.015947081610692238,0.4593786966371366,0.414986432683627
2023-09-22 09:00:00,0.4684619392217722,0.5641322002622164,0.4827110986365714,0.5947676874093945,0.11993734306598307,0.022283766588019813,0.5535957115625988,0.547856328564688,0.38523153955299194,0.4764387946856759,0.49581986388208804,0.586611928106423,0.48656813023873713,0.5548934368758286,0.3200262136381105,0.422958947792901,0.0011000624091712437,0.4340270195976452,0.0038922076124443704,0.5414083875773491,0.5536000335213974,0.49229870577027063,0.46049604881370915,0.5858598652034682,0.6955674605467935,0.048446897697218994,0.6508047468263432,0.598726385699437
2023-09-22 10:00:00,0.6407943831233134,0.698947207530314,0.6450491290981101,0.7106693766012518,0.2135921276664177,0.047342564711502735,0.6656685120312297,0.6671197891997945,0.525152384470029,0.6513939815687951,0.6572725114920127,0.7188896746048348,0.6380548209424405,0.6679406634244877,0.4000595645415255,0.5439285355710798,0.009435932342945387,0.6141673388571518,0.01972369513133152,0.6678209758111741,0.667308285763222,0.6698896294160875,0.5305547639549957,0.7204212863220708,0.7724174850721958,0.10224791227579534,0.7470121080180183,0.7132196574975265
2023-09-22 11:00:00,0.7492035188120013,0.7659281993824264,0.7245890788764588,0.7454751436847392,0.2736907858260046,0.08366986013318492,0.7227904623984989,0.7181388027465717,0.6415520635735528,0.7236150810354764,0.7245327243476537,0.7930862050875157,0.727780615569285,0.7132700091912024,0.5649262031923298,0.627141337783326,0.026971843379553457,0.7576411351005384,0.027901209007609038,0.7098106828923567,0.7123813635190378,0.7704590027411982,0.5818977411888376,0.7762262869816745,0.8100221997840769,0.1307182078806155,0.7887447170510886,0.7676460713510975
2023-09-22 12:00:00,0.7417687802681705,0.786149172584948,0.6831891644292761,0.778302937587611,0.28474049172154897,0.08958756496613411,0.7582949426402864,0.7545356545224949,0.6806385144526423,0.7537707641899792,0.7591586197780957,0.8145140663371956,0.7624241190405262,0.7524916090836175,0.6426994094532742,0.7090028667790267,0.029296539649468153,0.7866584206917694,0.041122095197391455,0.7492262954208616,0.752865100904201,0.7959964873718453,0.6613775726575475,0.78756900365031,0.8152848268782279,0.12202326517001436,0.8025410913695974,0.7802141713784855
2023-09-22 13:00:00,0.7532608400179182,0.7937455302085727,0.7086714392133762,0.7843703172717936,0.33345573086770125,0.1085026845271541,0.7709940418090885,0.762922858400915,0.6854652924506063,0.7640098131106325,0.7662917225218436,0.820706953094054,0.7622234764957838,0.7642045722108061,0.7045461703253137,0.6920252001836746,0.04665565420491184,0.7957290796382287,0.08410308577774629,0.760948430537129,0.7649041826596109,0.8047399616859071,0.6540758893663184,0.7902355773197283,0.8162750908966778,0.16531516396511453,0.804685618509233,0.7826385219564778
2023-09-22 14:00:00,0.7462668120070421,0.7889633786153324,0.6631444155229841,0.7626568235493697,0.3377942220979441,0.11559632051968824,0.7486444168314317,0.7561488455357561,0.682381862614088,0.7563326624720589,0.753024441167565,0.8153282649597173,0.7604755552739504,0.7670204116797545,0.6648517199408257,0.6925584152096549,0.052712150536131167,0.7933580232390948,0.08134969808583074,0.7623763621000361,0.7678412111924615,0.8017289086240128,0.6195881418554974,0.7821958213697346,0.8081057987040118,0.1711293294781214,0.796637041771542,0.7753238688813483
2023-09-22 15:00:00,0.7284757005054405,0.7704031834874475,0.6839935911525838,0.7168681253659609,0.36324279450712393,0.16160107473766852,0.7316223901216591,0.7394895359425876,0.6664045029215788,0.7441900712732645,0.7380099561170191,0.7989311163221517,0.7346691347354468,0.7462944436004773,0.6372858746154058,0.6579204661932627,0.08111931630419421,0.7793401379266663,0.12883803378636094,0.7516037154081318,0.7464183241707639,0.7872186490517811,0.4711032170399486,0.7496206125514109,0.7892402569751513,0.2110461629736243,0.776267574407926,0.7469075660573741
2023-09-22 16:00:00,0.68945109844916,0.7331506683454712,0.6529007436173508,0.6707831022903202,0.3457574963085329,0.16127489028923386,0.7177089722471294,0.7148875429136307,0.6262487458515313,0.7236042783665956,0.7207664693147926,0.7707639898420736,0.6849203090457986,0.7082980407846935,0.5087041006562838,0.5567934310904978,0.05192135972957999,0.7526973384893955,0.11578513199184981,0.7239003240969873,0.70734240448101,0.7604157028015973,0.40092950431994484,0.6895183801719799,0.7484224742409258,0.1938939493108457,0.7411256155653372,0.6910965905400106
2023-09-22 17:00:00,0.6217781982348711,0.6781127768096694,0.619990016180211,0.5891128162761151,0.2983626106896845,0.13162344361320333,0.6789648208036855,0.6657658939519164,0.5448305416067601,0.6802716319758403,0.6822986986582771,0.6920097168218949,0.6391133241051461,0.6366652231989344,0.4621607787709066,0.5197928851414596,0.04184101738677481,0.702260532070906,0.07805431107250255,0.6779838667871623,0.6333322334385553,0.708601742277,0.3692550272502282,0.6104125908041411,0.6796368751242844,0.17052321564294057,0.6791305466849522,0.6021794715628818
2023-09-22 18:00:00,0.5045575030911494,0.5820295012851704,0.5223435226769503,0.48737503491316336,0.23371520636333762,0.09025511053371514,0.5699749492040874,0.5541854336925641,0.4524276919941947,0.5820318623480213,0.5782485347532644,0.5664206729645069,0.5517471242084808,0.5252892593506688,0.40214959666936323,0.4453309203161338,0.025811816406164846,0.6040429492612056,0.057640886614842596,0.5786183953444205,0.5227396305642333,0.6058048707622593,0.2525774027609686,0.5128284963342754,0.5427869334881316,0.13612898275522647,0.5696200636793386,0.5109001058406162
2023-09-22 19:00:00,0.3548414781652466,0.41756122374940063,0.35157304490602226,0.3458059591845418,0.1594450562316515,0.032621319752979085,0.33185400514910407,0.32493578311027177,0.3210313068007223,0.38209844958425143,0.3566663394034122,0.4021292641383762,0.3885761976330504,0.3086962354647336,0.1919098373037913,0.2766680310427689,0.011703700991813214,0.4237512407710427,0.02009442560992827,0.37390286315885474,0.3113842190970198,0.42567227982549016,0.09384674182139532,0.34971948045618906,0.3929279682009984,0.07118129391070052,0.38461762522106707,0.34775385437901085
2023-09-22 20:00:00,0.0,0.0,0.0,0.0,0.07581185809185204,0.0033308487900031735,0.0,0.0,0.0,0.0,0.0,0.0,0.0,0.0,0.0,0.0,0.00043866934501737045,0.0,0.0011940768692652016,0.0,0.0,0.0,0.0,0.0,0.0,0.00044839936112649046,0.0,0.0
2023-09-22 21:00:00,0.0,0.0,0.0,0.0,0.0,0.0,0.0,0.0,0.0,0.0,0.0,0.0,0.0,0.0,0.0,0.0,0.0,0.0,0.0,0.0,0.0,0.0,0.0,0.0,0.0,0.0,0.0,0.0
2023-09-22 22:00:00,0.0,0.0,0.0,0.0,0.0,0.0,0.0,0.0,0.0,0.0,0.0,0.0,0.0,0.0,0.0,0.0,0.0,0.0,0.0,0.0,0.0,0.0,0.0,0.0,0.0,0.0,0.0,0.0
2023-09-22 23:00:00,0.0,0.0,0.0,0.0,0.0,0.0,0.0,0.0,0.0,0.0,0.0,0.0,0.0,0.0,0.0,0.0,0.0,0.0,0.0,0.0,0.0,0.0,0.0,0.0,0.0,0.0,0.0,0.0
2023-09-23 00:00:00,0.0,0.0,0.0,0.0,0.0,0.0,0.0,0.0,0.0,0.0,0.0,0.0,0.0,0.0,0.0,0.0,0.0,0.0,0.0,0.0,0.0,0.0,0.0,0.0,0.0,0.0,0.0,0.0
2023-09-23 01:00:00,0.0,0.0,0.0,0.0,0.0,0.0,0.0,0.0,0.0,0.0,0.0,0.0,0.0,0.0,0.0,0.0,0.0,0.0,0.0,0.0,0.0,0.0,0.0,0.0,0.0,0.0,0.0,0.0
2023-09-23 02:00:00,0.0,0.0,0.0,0.0,0.0,0.0,0.0,0.0,0.0,0.0,0.0,0.0,0.0,0.0,0.0,0.0,0.0,0.0,0.0,0.0,0.0,0.0,0.0,0.0,0.0,0.0,0.0,0.0
2023-09-23 03:00:00,0.0,0.0,0.0,0.0,0.0,0.0,0.0,0.0,0.0,0.0,0.0,0.0,0.0,0.0,0.0,0.0,0.0,0.0,0.0,0.0,0.0,0.0,0.0,0.0,0.0,0.0,0.0,0.0
2023-09-23 04:00:00,0.0,0.0,0.0,0.0,0.0,0.0,0.0,0.0,0.0,0.0,0.0,0.0,0.0,0.0,0.0,0.0,0.0,0.0,0.0,0.0,0.0,0.0,0.0,0.0,0.0,0.0,0.0,0.0
2023-09-23 05:00:00,0.0,0.0,0.0,0.0,0.0,0.0,0.0,0.0,0.0,0.0,0.0,0.0,0.0,0.0,0.0,0.0,0.0,0.0,0.0,0.0,0.0,0.0,0.0,0.0,0.0,0.0,0.0,0.0
2023-09-23 06:00:00,0.0,0.0,0.0,0.0,0.0,0.0,0.0,0.0,0.0,0.0,0.0,0.0,0.0,0.0,0.0,0.0,0.0,0.0,0.0,0.0,0.0,0.0,0.0,0.0,0.0,0.0,0.0,0.0
2023-09-23 07:00:00,0.0,0.0,0.0,0.0,0.0,0.0,0.0,0.0,0.0,0.0,0.0,0.0,0.0,0.0,0.0,0.0,0.0,0.0,0.0,0.0,0.0,0.0,0.0,0.0,0.0,0.0,0.0,0.0
2023-09-23 08:00:00,0.15243453155975878,0.21423918728467292,0.2052185326664603,0.16383084409815538,0.006497083050316832,0.00015451629264347824,0.26595063166592386,0.2909872188084296,0.1324346999248744,0.2912633369883821,0.30478719521862785,0.0890827214261202,0.17728534731117165,0.27105796785960584,0.05632204618552884,0.057923983345987876,0.0,0.14983044810557045,0.0,0.2500528515836214,0.26790296812279774,0.15642626866257256,0.11114963344801902,0.0745212025722636,0.015937368353223617,0.005667686762023054,0.2706989519234879,0.1022510889818783
2023-09-23 09:00:00,0.24568184863482195,0.3063550461381339,0.13024515098882897,0.3629815264813101,0.08107123964218231,0.012184682725817445,0.21719491662021098,0.35237168191693335,0.1830795564189258,0.37184977361628463,0.3444362268410407,0.25430550615554454,0.23471680664130307,0.37971470221383263,0.1208561007015666,0.1322144277054653,0.01980116209751151,0.22305335462626472,0.050614756190470525,0.40956014431597754,0.38279578660369407,0.27208196252196565,0.18008244721133096,0.1294856551681641,0.03370925083811657,0.015653473840542026,0.3384829769089982,0.175533995469045
2023-09-23 10:00:00,0.2559678069622239,0.3788234339983414,0.06773770724863581,0.3678907559290909,0.13783943458657405,0.0496636103231307,0.1536920116190932,0.2690659487075896,0.2156511983127791,0.2733590310414015,0.23862531602645148,0.3470594541491711,0.2635057752969102,0.2948805731885511,0.17748421984505436,0.1771189933011572,0.052655345156663966,0.34010401586562106,0.09990977771054939,0.3246629486043641,0.2972132949601647,0.32848399930122435,0.19627562956106245,0.19998860227522142,0.10554605975791347,0.052682921214423306,0.31678477784778025,0.26803835974591067
2023-09-23 11:00:00,0.2374797116943717,0.4748473456119296,0.036448266159576824,0.34456811544474336,0.20741915459230092,0.08357556838847223,0.07393593574243011,0.15270468977172574,0.25807536128035813,0.15007385482218222,0.10664592021027369,0.35320102432531597,0.3025006297091715,0.20552056102731597,0.29411650528679156,0.26154107944839006,0.11114036423732616,0.31835778304026713,0.19034231656273692,0.3033763690690493,0.2138705350908773,0.27207200613512766,0.2812351072697011,0.2697432539952936,0.11234033406896327,0.08886631956289366,0.31048648609268337,0.38846623790938556
2023-09-23 12:00:00,0.1700952231649546,0.4879249551928015,0.06823545277700332,0.4016496388153208,0.3113572903760381,0.09793645568688433,0.12342567070982814,0.1692812844978396,0.19087655494884453,0.13695514032958567,0.1299017745585526,0.3762300258746422,0.24001884023308176,0.19265945989355376,0.21900036814028276,0.20905500343324737,0.20476810309940963,0.1665286869214223,0.23544550604283218,0.18856862005246502,0.1929442796756643,0.19132701420561146,0.35095524687244845,0.25905056745195987,0.14316701634258033,0.09825453514374406,0.16922120470926622,0.3768073308371271
2023-09-23 13:00:00,0.16443448094220345,0.5267779244202028,0.11125830177342956,0.22818631532803976,0.3618659786264823,0.15046985086228845,0.13688337058190678,0.14763418623762276,0.20613072357757933,0.18514392897659787,0.1479478625377904,0.2280071170385495,0.25589167984118844,0.1354987120294205,0.3430044884501166,0.2643340689140437,0.26210902403498126,0.14484683386871866,0.2777898825135615,0.16732650177705644,0.13635911484475235,0.19975073501996413,0.3609557574197177,0.32484925420750116,0.21793621807563185,0.1599800082788899,0.1810700536363754,0.4264585127508847
2023-09-23 14:00:00,0.12194024056313577,0.37783485226858105,0.15100484901840852,0.2007958215512985,0.3980889692544869,0.16003978973960134,0.14051126071745185,0.10126858153671414,0.11674200481735725,0.1040921877230402,0.11555422841570608,0.19707237772567313,0.13476674965339708,0.10183528278417978,0.27214740964401046,0.1619220353441837,0.30149703601706357,0.0889597671895736,0.2976012768855569,0.11689850714018286,0.103962521224126,0.1346440046789107,0.3813118412315577,0.2238388942687765,0.2752281253599027,0.15858281538476157,0.1777641821892778,0.28614810115985323
2023-09-23 15:00:00,0.09003963258199663,0.283992169932634,0.18748916059135967,0.14145677981035185,0.37407804623281704,0.14097000586043076,0.1996091514067737,0.11015370979823898,0.07098393116598967,0.12923627995974202,0.15697695104479903,0.14463905256660528,0.06398683798123889,0.07443213796391136,0.1718938682628392,0.08049476310808608,0.2369336682486072,0.05898765625784477,0.24441562691703222,0.06488646811133242,0.07113020219196528,0.1073071472657219,0.41436211715824234,0.2234182912069082,0.3070797225548669,0.13805091932531544,0.25412612633155107,0.24418089920889752
2023-09-23 16:00:00,0.08066858374046938,0.1876121459523909,0.29492010629923976,0.10689342485640539,0.3624666105708208,0.11156177955353627,0.40265068788733965,0.2334907880453441,0.0442856211372306,0.199755898815301,0.2921062290998121,0.10173839254571662,0.03562955539823302,0.1407617305333992,0.09313681802562485,0.04017390166195689,0.22544736849691177,0.046860560698733504,0.22298777347132032,0.09256285079404407,0.1267803883798526,0.0949043191159503,0.45226678425283384,0.18261404802591097,0.2730398583214196,0.0935861805773739,0.21772040925320713,0.21473760301051878
2023-09-23 17:00:00,0.11044923324832814,0.1208066963689677,0.34293955895641315,0.058778232713584865,0.29539473176457226,0.08944959667141442,0.35705344201709943,0.274639858573596,0.041779056542427494,0.2411577283145866,0.34836703470956976,0.08286287050485666,0.027525684487489335,0.18037426452225797,0.039187488169074816,0.020743791866683726,0.24601642161409495,0.06415146059915118,0.16635714068351976,0.062121119959422766,0.16178862807364616,0.12387773529454375,0.40146408135043216,0.20662709250932007,0.21940776192257658,0.0649596997207185,0.1669246210261182,0.26112107291838044
2023-09-23 18:00:00,0.14422931527065602,0.11459069799381502,0.32062982489920977,0.02589679060981611,0.27047387891952895,0.05584713970111044,0.3206313404700198,0.27406018478966254,0.04107328309053709,0.25143891879211877,0.33850038896709367,0.052889821963848914,0.025755877003637528,0.20037223199658388,0.015071829627761943,0.012170978035404113,0.21714678296232143,0.09020543000555514,0.1368082951338961,0.07035319099460086,0.18289850107743827,0.13473634483795677,0.24166136143696546,0.15069820774318193,0.12445888324130928,0.03712442223212349,0.06800845713478013,0.2537152078843093
2023-09-23 19:00:00,0.12656073811707755,0.10114414945271569,0.2585048541444543,0.008152122531206037,0.20935755809753903,0.02164440878210053,0.20900768235449615,0.19372603675813171,0.07438111081727741,0.1828001102953492,0.22402065409906355,0.029240148881677034,0.028825672637041926,0.15409343709775328,0.0016300414626729447,0.004308807898556863,0.10023205499750225,0.03729645278258729,0.05540803275391504,0.07096830166485141,0.144394583887637,0.0896251774066363,0.037435412362272685,0.09174336195728805,0.04468462233261189,0.011409705202092736,0.04812121384791885,0.13607483413756105
2023-09-23 20:00:00,0.0,0.0,0.0,0.0,0.12087647937050376,0.0031211238722461824,0.0,0.0,0.0,0.0,0.0,0.0,0.0,0.0,0.0,0.0,0.05134512564981494,0.0,0.034213657252650034,0.0,0.0,0.0,0.0,0.0,0.0,0.0023524597609385117,0.0,0.0
2023-09-23 21:00:00,0.0,0.0,0.0,0.0,0.0,0.0,0.0,0.0,0.0,0.0,0.0,0.0,0.0,0.0,0.0,0.0,0.0,0.0,0.0,0.0,0.0,0.0,0.0,0.0,0.0,0.0,0.0,0.0
2023-09-23 22:00:00,0.0,0.0,0.0,0.0,0.0,0.0,0.0,0.0,0.0,0.0,0.0,0.0,0.0,0.0,0.0,0.0,0.0,0.0,0.0,0.0,0.0,0.0,0.0,0.0,0.0,0.0,0.0,0.0
2023-09-23 23:00:00,0.0,0.0,0.0,0.0,0.0,0.0,0.0,0.0,0.0,0.0,0.0,0.0,0.0,0.0,0.0,0.0,0.0,0.0,0.0,0.0,0.0,0.0,0.0,0.0,0.0,0.0,0.0,0.0
2023-09-24 00:00:00,0.0,0.0,0.0,0.0,0.0,0.0,0.0,0.0,0.0,0.0,0.0,0.0,0.0,0.0,0.0,0.0,0.0,0.0,0.0,0.0,0.0,0.0,0.0,0.0,0.0,0.0,0.0,0.0
2023-09-24 01:00:00,0.0,0.0,0.0,0.0,0.0,0.0,0.0,0.0,0.0,0.0,0.0,0.0,0.0,0.0,0.0,0.0,0.0,0.0,0.0,0.0,0.0,0.0,0.0,0.0,0.0,0.0,0.0,0.0
2023-09-24 02:00:00,0.0,0.0,0.0,0.0,0.0,0.0,0.0,0.0,0.0,0.0,0.0,0.0,0.0,0.0,0.0,0.0,0.0,0.0,0.0,0.0,0.0,0.0,0.0,0.0,0.0,0.0,0.0,0.0
2023-09-24 03:00:00,0.0,0.0,0.0,0.0,0.0,0.0,0.0,0.0,0.0,0.0,0.0,0.0,0.0,0.0,0.0,0.0,0.0,0.0,0.0,0.0,0.0,0.0,0.0,0.0,0.0,0.0,0.0,0.0
2023-09-24 04:00:00,0.0,0.0,0.0,0.0,0.0,0.0,0.0,0.0,0.0,0.0,0.0,0.0,0.0,0.0,0.0,0.0,0.0,0.0,0.0,0.0,0.0,0.0,0.0,0.0,0.0,0.0,0.0,0.0
2023-09-24 05:00:00,0.0,0.0,0.0,0.0,0.0,0.0,0.0,0.0,0.0,0.0,0.0,0.0,0.0,0.0,0.0,0.0,0.0,0.0,0.0,0.0,0.0,0.0,0.0,0.0,0.0,0.0,0.0,0.0
2023-09-24 06:00:00,0.0,0.0,0.0,0.0,0.0,0.0,0.0,0.0,0.0,0.0,0.0,0.0,0.0,0.0,0.0,0.0,0.0,0.0,0.0,0.0,0.0,0.0,0.0,0.0,0.0,0.0,0.0,0.0
2023-09-24 07:00:00,0.0,0.0,0.0,0.0,0.0,0.0,0.0,0.0,0.0,0.0,0.0,0.0,0.0,0.0,0.0,0.0,0.0,0.0,0.0,0.0,0.0,0.0,0.0,0.0,0.0,0.0,0.0,0.0
2023-09-24 08:00:00,0.13252530499556464,0.2737524280505227,0.09731977372852298,0.2292343299751702,0.0010382331878443774,0.0,0.04198835872793225,0.10604158572880475,0.030862227146813234,0.14711214156893168,0.08839932668934772,0.14684392157196544,0.027130207409205714,0.12312720474858375,0.017962802946960447,0.0021706867435229487,0.0,0.19069272156360617,0.0,0.2572226913566727,0.13013161785056274,0.13272612016962365,0.24293792882890916,0.2370073591625058,0.19592471565962868,0.0,0.22418397090880884,0.2820317626542203
2023-09-24 09:00:00,0.25010088362038013,0.4206139238582901,0.11180779515846931,0.3772402101462239,0.09329004177178678,0.048967345371429036,0.08971686542053159,0.10253622788860683,0.21021868306692357,0.1719403660960128,0.10670081101579737,0.34750163225924,0.2203665255078615,0.09889775350001741,0.054054916091861936,0.1348912597570077,0.013696881537249185,0.28777459897674573,0.012812488562075687,0.2750884148774235,0.10544077863906967,0.2358825084597875,0.39357259773512093,0.35227543905273817,0.34551275818678584,0.07628385860112791,0.3555880529902133,0.35466665526433605
2023-09-24 10:00:00,0.3548852213544234,0.5614159845089117,0.11953008521256331,0.33770074862935673,0.24130647209757683,0.09689683485557202,0.0973968448459314,0.10865607326334059,0.3630058798033169,0.18678325397617618,0.12415339987802036,0.3965034852969135,0.37305818376731353,0.10928123603036144,0.11389904002787435,0.22978794848570466,0.0281194300007541,0.5092066371236105,0.03183515838473815,0.22178434485975373,0.11440156901533513,0.37182018106518006,0.43981096281682935,0.5110947600569494,0.4710601453151526,0.13418523877719857,0.4849923568341736,0.5039146569799441
2023-09-24 11:00:00,0.41979260076007385,0.6590429557106826,0.155027842765103,0.3609893731012765,0.31208993717195466,0.14276320702539494,0.14416935839753064,0.16562497982522126,0.5843932826941881,0.24033881932743195,0.1776255364377314,0.44833529812276246,0.6122497950642657,0.17006981803600402,0.152211890433154,0.43942865377138124,0.05518875796935835,0.4903590248120304,0.05259194461540571,0.2674035584318341,0.17747335554586774,0.45945282679661603,0.44200685529640604,0.5487493086730042,0.5457564945069566,0.1660539757249253,0.6073715336019871,0.5455802018899983
2023-09-24 12:00:00,0.5613780263751652,0.7134486544628948,0.2606447701483292,0.7092470193254171,0.43143349341904846,0.23679237367638165,0.22178142714869079,0.3145785613104311,0.6450694156858986,0.41822536854313525,0.2872570232427746,0.6590160335034556,0.6857453406298484,0.3502978579846713,0.5314731202122728,0.6771895874315709,0.06380802094171843,0.6472543400532663,0.039729437999943946,0.5941289191981272,0.3657380934719186,0.5778892912597963,0.5035192333560817,0.5887215461470584,0.5576311914956507,0.23617286417615121,0.569409247144355,0.5996602515993164
2023-09-24 13:00:00,0.619490819049096,0.748960728730949,0.24370772726446482,0.614717646750424,0.4286977077767395,0.33160402114736454,0.2564332872507695,0.30251095659449384,0.7064734466621726,0.3431724271441684,0.2913208998597431,0.7078396666028551,0.7039958221115361,0.3123094517058551,0.7398422851091178,0.7375564615659203,0.1638029139460016,0.7095613208718605,0.050210658045169894,0.4408406326473935,0.31748336441248687,0.6259889141959428,0.613181626015788,0.573926303809571,0.6241672896983165,0.31653978259326515,0.5737559561168554,0.5815071824065398
2023-09-24 14:00:00,0.5594833524163482,0.7435129327988871,0.15961994450102962,0.48586870194560255,0.4306593460563049,0.36967487979654656,0.16913864721357383,0.2235063991529199,0.7056513254257557,0.2814747602078579,0.21877179627728113,0.6721581375800927,0.6953909857780011,0.22541294137864018,0.7506930017368617,0.7213487917948583,0.21722146630450964,0.5593387174355533,0.12042120675452707,0.3495744810631407,0.2290707141021105,0.5601275994732099,0.524387966263108,0.5006023941085126,0.5426080330518306,0.4039531822414201,0.5322297597628741,0.547139515558106
2023-09-24 15:00:00,0.39986396806547275,0.7013649992153606,0.08696750091607344,0.35238690556811697,0.4485639220769226,0.3689370777712878,0.10472429315699915,0.14770807407305708,0.6256841035667333,0.1830025275105509,0.13906070655959252,0.5479016582256427,0.6531006887294565,0.1624282927563522,0.7168390901511463,0.724364255754651,0.30392923436808544,0.47235234795041064,0.24909927474659505,0.25950007273323517,0.1668103607027848,0.4566674859115019,0.49906925163969573,0.4193368714419758,0.5954062459133668,0.42049809498126595,0.543391627222634,0.5038454324472761
2023-09-24 16:00:00,0.3174869135964896,0.6360901556578542,0.057346352774404044,0.23726363986597301,0.4020903050999938,0.3139371755708262,0.056862689260565515,0.08205394677947776,0.5054312664303974,0.09929473714012003,0.0762644806176893,0.3913743454304432,0.5691478500766455,0.09575639209994564,0.6893193534070692,0.7070349771272637,0.3502400772503803,0.3313156268524927,0.3596735580837278,0.14983530928714514,0.09866713848009934,0.328788740109206,0.43647331726042454,0.3715079071741792,0.5378006233477411,0.4150937258019679,0.48182343951754575,0.4081562219666959
2023-09-24 17:00:00,0.22026046054172405,0.5584391921096807,0.022642583491555613,0.09863647816853423,0.3098191088862223,0.29832307448316825,0.027563266715020015,0.03943019255784447,0.3993592166632876,0.04436586796422994,0.0374980090073994,0.2016364737278324,0.4627614693149784,0.044203522910652625,0.6342219975313891,0.6291942691966474,0.5061893834582037,0.16198040512206624,0.5001894343752841,0.052464882746247825,0.045065745751311004,0.17303681615260832,0.33203405404036973,0.2851666832263953,0.47996655522243203,0.39302560238771184,0.503273329553132,0.300211729775008
2023-09-24 18:00:00,0.11741576003414012,0.47822588644549247,0.004651095327424,0.05627600827145749,0.20646918695120237,0.2758208342735181,0.005062586995381705,0.012711504343809382,0.29590704047876587,0.01086026872450144,0.007656006710177386,0.07373835270567776,0.3725966672917786,0.01999454497509812,0.593299193236839,0.5253942122711445,0.510763287455348,0.07340146328551239,0.5721040837575123,0.026721991154259384,0.021058344205940004,0.06657261606487219,0.1694156586414927,0.16005212173287703,0.3456382082576536,0.36024503730426993,0.4817927982304633,0.17151787534586363
2023-09-24 19:00:00,0.021645794335556294,0.27650952133977386,7.77037299864337e-06,0.02014688811004822,0.13801122208661187,0.21629939246389138,1.2498749725636955e-05,0.00013282931680443303,0.07809383636473431,1.8748124588455432e-05,0.0,0.0073646736400894575,0.10307537684846152,0.0003134530326472215,0.41575045515603676,0.19344748592895206,0.33077338086503316,0.004902998279869973,0.4387099869535489,0.00015717368485526178,0.0003526346617281242,0.005434876784389632,0.0,0.08423467738868436,0.11829327473486825,0.27398576353879683,0.3443963839325994,0.05867832650338704
2023-09-24 20:00:00,0.0,0.0,0.0,0.0,0.030108520826185585,1.0221330983760076e-05,0.0,0.0,0.0,0.0,0.0,0.0,0.0,0.0,0.0,0.0,0.015379408550913793,0.0,0.07753926709369897,0.0,0.0,0.0,0.0,0.0,0.0,6.159227539357767e-06,0.0,0.0
2023-09-24 21:00:00,0.0,0.0,0.0,0.0,0.0,0.0,0.0,0.0,0.0,0.0,0.0,0.0,0.0,0.0,0.0,0.0,0.0,0.0,0.0,0.0,0.0,0.0,0.0,0.0,0.0,0.0,0.0,0.0
2023-09-24 22:00:00,0.0,0.0,0.0,0.0,0.0,0.0,0.0,0.0,0.0,0.0,0.0,0.0,0.0,0.0,0.0,0.0,0.0,0.0,0.0,0.0,0.0,0.0,0.0,0.0,0.0,0.0,0.0,0.0
2023-09-24 23:00:00,0.0,0.0,0.0,0.0,0.0,0.0,0.0,0.0,0.0,0.0,0.0,0.0,0.0,0.0,0.0,0.0,0.0,0.0,0.0,0.0,0.0,0.0,0.0,0.0,0.0,0.0,0.0,0.0
2023-09-25 00:00:00,0.0,0.0,0.0,0.0,0.0,0.0,0.0,0.0,0.0,0.0,0.0,0.0,0.0,0.0,0.0,0.0,0.0,0.0,0.0,0.0,0.0,0.0,0.0,0.0,0.0,0.0,0.0,0.0
2023-09-25 01:00:00,0.0,0.0,0.0,0.0,0.0,0.0,0.0,0.0,0.0,0.0,0.0,0.0,0.0,0.0,0.0,0.0,0.0,0.0,0.0,0.0,0.0,0.0,0.0,0.0,0.0,0.0,0.0,0.0
2023-09-25 02:00:00,0.0,0.0,0.0,0.0,0.0,0.0,0.0,0.0,0.0,0.0,0.0,0.0,0.0,0.0,0.0,0.0,0.0,0.0,0.0,0.0,0.0,0.0,0.0,0.0,0.0,0.0,0.0,0.0
2023-09-25 03:00:00,0.0,0.0,0.0,0.0,0.0,0.0,0.0,0.0,0.0,0.0,0.0,0.0,0.0,0.0,0.0,0.0,0.0,0.0,0.0,0.0,0.0,0.0,0.0,0.0,0.0,0.0,0.0,0.0
2023-09-25 04:00:00,0.0,0.0,0.0,0.0,0.0,0.0,0.0,0.0,0.0,0.0,0.0,0.0,0.0,0.0,0.0,0.0,0.0,0.0,0.0,0.0,0.0,0.0,0.0,0.0,0.0,0.0,0.0,0.0
2023-09-25 05:00:00,0.0,0.0,0.0,0.0,0.0,0.0,0.0,0.0,0.0,0.0,0.0,0.0,0.0,0.0,0.0,0.0,0.0,0.0,0.0,0.0,0.0,0.0,0.0,0.0,0.0,0.0,0.0,0.0
2023-09-25 06:00:00,0.0,0.0,0.0,0.0,0.0,0.0,0.0,0.0,0.0,0.0,0.0,0.0,0.0,0.0,0.0,0.0,0.0,0.0,0.0,0.0,0.0,0.0,0.0,0.0,0.0,0.0,0.0,0.0
2023-09-25 07:00:00,0.0,0.0,0.0,0.0,0.0,0.0,0.0,0.0,0.0,0.0,0.0,0.0,0.0,0.0,0.0,0.0,0.0,0.0,0.0,0.0,0.0,0.0,0.0,0.0,0.0,0.0,0.0,0.0
2023-09-25 08:00:00,0.001085194996889035,0.06494663080090736,0.006451770953453886,8.026837787407221e-07,0.008485453483943807,0.0,0.0,5.633967870549489e-05,7.232646643115071e-05,0.0,0.0,0.00035618681267788596,1.4560667089845077e-05,0.000145294103017187,0.010191021206458992,0.003698639248256443,0.0,0.0,0.0,0.0,0.00016345586589433539,0.0002512860897288594,0.09047359889679656,0.026453380915742335,0.018521845237180052,0.0,0.04829812933676693,0.02679772709117015
2023-09-25 09:00:00,0.031948735093543415,0.13781872657158473,0.01929870602573715,0.005288487471106821,0.13895877087723102,0.07576603815273578,0.005426249253377992,0.005814632245506955,0.07083881362407468,0.0032633700252373225,0.004017198606096261,0.007797074547193575,0.04941406682649667,0.007874978134055334,0.12108233585905952,0.10646091218217776,0.16608921712950406,0.001635985789893518,0.19748200695870416,0.0038582276207346972,0.008160057181108234,0.00675779570853717,0.16990662381861177,0.07295497808473071,0.08711949709518454,0.11723270183796455,0.16691069751993912,0.08875044143517788
2023-09-25 10:00:00,0.046366359028960344,0.24142368761067787,0.029340614918949126,0.023382017571203218,0.16174761823845918,0.11076496391456121,0.013154357931772338,0.015108619316710122,0.09847752670043458,0.01022438620170429,0.010662265705279093,0.03815432170041398,0.07088188058720236,0.019524858413083896,0.10165543390658567,0.08714091631528277,0.23909412326813353,0.01173624726700793,0.2395437104190126,0.011176406868327597,0.020136282634751597,0.027464437743314057,0.2742656532947424,0.149128227731607,0.16435995856456304,0.13481420474521164,0.24836829883245573,0.14371888066569927
2023-09-25 11:00:00,0.08110553419226715,0.31658574377176,0.05020504132954322,0.04260163028448762,0.2036988569772673,0.18949171066368542,0.021596298232078873,0.026025581308165516,0.1462753384582768,0.019171330058173258,0.018760155333943377,0.05628431715959293,0.11197718421051248,0.03896701233345354,0.13376502761431303,0.1803039455506979,0.41040504569747993,0.02630457368510002,0.3169348706183837,0.02974750607661687,0.04076438879280077,0.0521477406218723,0.3816945334778994,0.20495399564104597,0.25686751710427197,0.12842685899113868,0.31517889550992234,0.24177564827583006
2023-09-25 12:00:00,0.1414140464649936,0.319230809244898,0.043301650083034854,0.07402661935369757,0.2202136331046077,0.187115163258403,0.02548953172721638,0.02476328487904331,0.2629827709732533,0.02045850298811235,0.020894674799764944,0.09479380436329324,0.1810395238597484,0.028931300525898745,0.1715696867297638,0.21357921989779755,0.3135516185553822,0.028866795027365638,0.19425487916366593,0.01934326359326092,0.029339872861802375,0.0636497894268168,0.3191949331245654,0.18900688567546958,0.2942084422219125,0.09328105181174356,0.22907420432324074,0.2007929948147278
2023-09-25 13:00:00,0.15003833742507597,0.23886148096949178,0.11053816016351248,0.12450773395453467,0.2341916215037949,0.25451719433287295,0.05090154701138883,0.042756005261537076,0.23474730695446996,0.039989828669297275,0.03620499101736471,0.07030416911334024,0.1577193916970117,0.04911593968515844,0.22817382182098853,0.2468987260525536,0.25931763381834727,0.03466516008338336,0.2534997921431312,0.036771419483585525,0.049358060244714674,0.06324281286702738,0.40314699386113184,0.19324554340840366,0.33853549938626054,0.14894081120774091,0.25721539463461884,0.27879705910025554
2023-09-25 14:00:00,0.14914214531852693,0.26148088215097026,0.1753525068298658,0.08507236777628852,0.23774438540197632,0.25557899819704066,0.07549108261222058,0.05963413396240366,0.20375143982961158,0.03009549148222114,0.03462522960010101,0.06861910155253576,0.1285809002732679,0.08587050049895473,0.1564131194400933,0.16014772897099774,0.35710320401879553,0.02802804068343404,0.4265039109064788,0.04924876921115679,0.08795504631038484,0.04636861657420777,0.44130367762919825,0.2151216998107957,0.21674084507138555,0.2382377999750098,0.14167008901143988,0.34580524820642505
2023-09-25 15:00:00,0.21252118741611867,0.22487859720677922,0.2830639579623773,0.04918367004493181,0.21361016125025376,0.2700121434208353,0.13888345418518994,0.1255290126492105,0.21888421040151051,0.08878751492959223,0.11426198187289968,0.0598064089165466,0.1692167887439402,0.131646134969777,0.12078227004789875,0.1869231375329276,0.4393185864854407,0.03124482313653122,0.4156845830557483,0.060686216300735195,0.12883718819871653,0.0763696210048161,0.4470912442967562,0.17558567422490928,0.138701570135456,0.18551039134801917,0.13195186624537175,0.25788859070497544
2023-09-25 16:00:00,0.1793549676438181,0.16576044518774716,0.32217774781985214,0.035922722996138995,0.2213035685223413,0.27956159739141545,0.28164932291888084,0.24607134460795232,0.2631816948292204,0.1510051540226992,0.22282379625047358,0.030839342064615454,0.25082540114659385,0.2298006551306524,0.1248109987123142,0.23422330216574117,0.3031613534925785,0.02676624758059253,0.3326924052815147,0.10002927132326551,0.22179318217124916,0.058600837182876536,0.4667575275097619,0.10970783445407915,0.1917635068449183,0.15528500286786426,0.14843608305475584,0.12348054779476099
2023-09-25 17:00:00,0.17625719784747004,0.09265110211456595,0.29158230949392383,0.03464533993967445,0.18278745362935522,0.25954059723540146,0.2543828814175375,0.23527825090024343,0.26045433430922627,0.25344601318108184,0.2383831225509074,0.023957606567906794,0.28498191494684955,0.23290402180804767,0.16367121278694952,0.3327491490646096,0.2257388346022033,0.06188760728942808,0.31315872970076725,0.15717548148504065,0.23555182075976439,0.12807697043509328,0.43554976733060624,0.049718419628879934,0.24137664236437725,0.1399053095962381,0.07425321768714138,0.06327324827385232
2023-09-25 18:00:00,0.1603142072233606,0.06761117685795597,0.2693990536829449,0.06500051444631581,0.13400140415495107,0.23147066021723606,0.20699346614793934,0.15720650298350655,0.1838507257263969,0.16978076533035227,0.1826970742993221,0.030236149106742653,0.21637386203287265,0.1554043320817172,0.2900378465615402,0.3613766387242947,0.14358821245007292,0.08671257895994611,0.2263384391708773,0.08320105684507262,0.1545556933091609,0.1063973826217911,0.3360298365312828,0.06574063053440471,0.25968846485952385,0.13615506040311703,0.04418367430170148,0.05639044241255381
2023-09-25 19:00:00,0.05860388002159531,0.06230152136585274,0.13479913394543863,0.03146655714145574,0.07711748878808757,0.09570077219456904,0.15645814057514876,0.1258357657705085,0.07179236261324688,0.12840878266252864,0.13750742096829366,0.01870868887558301,0.09959548586466642,0.11383544492676337,0.23276126568377484,0.17704349170198302,0.06368820108483901,0.06889283281881399,0.16969795825917303,0.08108220457510061,0.11188084893056871,0.06979684991869263,0.0,0.037471287866702147,0.031076885192652667,0.12069133565722885,0.019463939397643508,0.0447007000359028
2023-09-25 20:00:00,0.0,0.0,0.0,0.0,0.0256717641884698,0.0,0.0,0.0,0.0,0.0,0.0,0.0,0.0,0.0,0.0,0.0,0.008593300084678375,0.0,0.013425632587793206,0.0,0.0,0.0,0.0,0.0,0.0,0.0,0.0,0.0
2023-09-25 21:00:00,0.0,0.0,0.0,0.0,0.0,0.0,0.0,0.0,0.0,0.0,0.0,0.0,0.0,0.0,0.0,0.0,0.0,0.0,0.0,0.0,0.0,0.0,0.0,0.0,0.0,0.0,0.0,0.0
2023-09-25 22:00:00,0.0,0.0,0.0,0.0,0.0,0.0,0.0,0.0,0.0,0.0,0.0,0.0,0.0,0.0,0.0,0.0,0.0,0.0,0.0,0.0,0.0,0.0,0.0,0.0,0.0,0.0,0.0,0.0
2023-09-25 23:00:00,0.0,0.0,0.0,0.0,0.0,0.0,0.0,0.0,0.0,0.0,0.0,0.0,0.0,0.0,0.0,0.0,0.0,0.0,0.0,0.0,0.0,0.0,0.0,0.0,0.0,0.0,0.0,0.0
2023-09-26 00:00:00,0.0,0.0,0.0,0.0,0.0,0.0,0.0,0.0,0.0,0.0,0.0,0.0,0.0,0.0,0.0,0.0,0.0,0.0,0.0,0.0,0.0,0.0,0.0,0.0,0.0,0.0,0.0,0.0
2023-09-26 01:00:00,0.0,0.0,0.0,0.0,0.0,0.0,0.0,0.0,0.0,0.0,0.0,0.0,0.0,0.0,0.0,0.0,0.0,0.0,0.0,0.0,0.0,0.0,0.0,0.0,0.0,0.0,0.0,0.0
2023-09-26 02:00:00,0.0,0.0,0.0,0.0,0.0,0.0,0.0,0.0,0.0,0.0,0.0,0.0,0.0,0.0,0.0,0.0,0.0,0.0,0.0,0.0,0.0,0.0,0.0,0.0,0.0,0.0,0.0,0.0
2023-09-26 03:00:00,0.0,0.0,0.0,0.0,0.0,0.0,0.0,0.0,0.0,0.0,0.0,0.0,0.0,0.0,0.0,0.0,0.0,0.0,0.0,0.0,0.0,0.0,0.0,0.0,0.0,0.0,0.0,0.0
2023-09-26 04:00:00,0.0,0.0,0.0,0.0,0.0,0.0,0.0,0.0,0.0,0.0,0.0,0.0,0.0,0.0,0.0,0.0,0.0,0.0,0.0,0.0,0.0,0.0,0.0,0.0,0.0,0.0,0.0,0.0
2023-09-26 05:00:00,0.0,0.0,0.0,0.0,0.0,0.0,0.0,0.0,0.0,0.0,0.0,0.0,0.0,0.0,0.0,0.0,0.0,0.0,0.0,0.0,0.0,0.0,0.0,0.0,0.0,0.0,0.0,0.0
2023-09-26 06:00:00,0.0,0.0,0.0,0.0,0.0,0.0,0.0,0.0,0.0,0.0,0.0,0.0,0.0,0.0,0.0,0.0,0.0,0.0,0.0,0.0,0.0,0.0,0.0,0.0,0.0,0.0,0.0,0.0
2023-09-26 07:00:00,0.0,0.0,0.0,0.0,0.0,0.0,0.0,0.0,0.0,0.0,0.0,0.0,0.0,0.0,0.0,0.0,0.0,0.0,0.0,0.0,0.0,0.0,0.0,0.0,0.0,0.0,0.0,0.0
2023-09-26 08:00:00,0.0025170851654818327,0.060846746751478296,0.0,0.0659385983025959,0.0029577316616664264,0.0,0.0018384867643233343,0.015541119684291371,0.0007260944102985837,0.0003025751378398288,0.001948766801584364,0.021520711218151266,0.0008916715983917703,0.032132925564593226,0.0005542178477454163,0.0010517517628852546,0.0,0.0010020066767980169,0.0,0.019835702649824177,0.03383241975208761,0.002889286329488532,0.17895919476945707,0.27335162818864406,0.16410146403078515,0.0,0.30190967940186103,0.25992464701213364
2023-09-26 09:00:00,0.01601851602739817,0.11973626025522047,0.016212097814177328,0.10467602274293983,0.0970121642590782,0.021657219981184563,0.05912588656544291,0.056557994315302056,0.027213344578667028,0.019162844035402127,0.027728879699861927,0.05148464880572454,0.011437094213870373,0.08568992877490993,0.04201732856047389,0.040820491500722714,0.0693346632481421,0.0056508610077973045,0.04120130795481107,0.055912634634004865,0.08717342021977688,0.024701748066299174,0.2870268755534791,0.38790925456520653,0.3136305530129949,0.028560414604750783,0.38841254285293114,0.3913691857514409
2023-09-26 10:00:00,0.0450655004795532,0.1655749795813533,0.038206462649245994,0.2004603054485348,0.18240406156141456,0.05134190994929168,0.09260361787464089,0.06129436225934268,0.09944191508208447,0.039215403334561943,0.03529382329298538,0.08208781212660855,0.03715344383048452,0.10394745351114387,0.08378066651650662,0.1076494245787828,0.09763052276816901,0.0201790422647803,0.039708702846383,0.07390439660239023,0.10998580971550742,0.054629858594632257,0.37028528598426225,0.4470662858906896,0.457507972999268,0.03507548406608719,0.4762154906747054,0.4781043728664886
2023-09-26 11:00:00,0.08015254854258554,0.23157161856555622,0.09240935085315619,0.21569190682002776,0.24475695956177368,0.06851408229314251,0.13289827518571742,0.12116684452136273,0.1346331881802513,0.11370958378695305,0.10169384038338562,0.10128795129676796,0.07379186986795833,0.14812650544852593,0.07325535630239942,0.1992609000969636,0.08635250232154673,0.04498794465000921,0.08795044857481037,0.10477455766080765,0.15344852564262695,0.1126228094722787,0.4619760906851537,0.47879306569309665,0.5163975779440532,0.06432465409506442,0.5478564029761934,0.48867766745340685
2023-09-26 12:00:00,0.21302807796559847,0.2841690805892234,0.1317757976542515,0.4387953739053429,0.22587790724509935,0.13281767059077682,0.1762630226281382,0.21467311438690406,0.15226855805786696,0.18367356865522277,0.16485321703205968,0.38256157191338286,0.1250513103869,0.24094184406964583,0.09557171540141236,0.12497567828773823,0.16746144723743583,0.24775056615621874,0.1436028982313775,0.2881017958904558,0.241361216755459,0.31096843243776795,0.5592523713209044,0.4634015416308774,0.5402232515701717,0.10076416561243881,0.5116072402684878,0.5281753094050106
2023-09-26 13:00:00,0.279526726559517,0.33031626303242584,0.22822345120488605,0.38688647913018576,0.27445077838292103,0.17973386438171104,0.22571844600844218,0.22754270048129496,0.1889406445513578,0.12233960056041052,0.12892571515627219,0.36949602947181037,0.17217486451635639,0.3200050628493019,0.14286778181925558,0.13537830582576474,0.23628545564971187,0.2611040867863527,0.2147275893184492,0.2905433218305328,0.3266173475350666,0.29507632324927485,0.623633673926598,0.5772144659960344,0.5240324830086551,0.14088262572878182,0.5316565716112628,0.5997881750002617
2023-09-26 14:00:00,0.3584683685057737,0.33276722731136654,0.2898727125094412,0.3334510059246661,0.2650994936527515,0.15885219709490542,0.377655375112312,0.35725135962722593,0.1851751140738073,0.19096391376711347,0.27536927344016393,0.3470284494390159,0.1978713943431655,0.3698830595021926,0.12255707487672969,0.16360705802849104,0.1582882062319123,0.3320334990692014,0.1890949641754543,0.2426338395945995,0.3580255983533035,0.32532339264636134,0.6396298480588524,0.49497443419399684,0.44164274982507123,0.13559980930053583,0.4460749745844981,0.5430212017123132
2023-09-26 15:00:00,0.3097864081861905,0.31968772923882083,0.3888023522886484,0.3631859301859778,0.22949063262993555,0.1768870415880373,0.3891122637825488,0.37615080049530875,0.17720753534805436,0.2793310932385161,0.31979217579764224,0.32494771204299,0.1977921763931293,0.41757245629757533,0.1819139333606264,0.1515939068040836,0.14385875979876378,0.23212899580598126,0.19513689798081313,0.3396438197480601,0.4175406962373864,0.3234811914380254,0.5833972939828724,0.5354391718581453,0.4783257538224261,0.1570531003161532,0.4820487697623742,0.554162052921094
2023-09-26 16:00:00,0.21083900034924055,0.22908345041412154,0.3309665964121469,0.2859962324761724,0.20964934748235697,0.15525220411271812,0.35398144428665707,0.3279057043969636,0.13660208520975553,0.2384324846276384,0.2808782979323261,0.2622846139089121,0.1903985088296846,0.36773372344741034,0.11893278799460007,0.1294688871116177,0.15415204165717133,0.18587598328686883,0.16962160375482807,0.31019979970899847,0.364704020480906,0.26400402599730327,0.5761468468526978,0.43917329702331254,0.4848365754793093,0.14837497711767075,0.3755120825252556,0.4473117993493147
2023-09-26 17:00:00,0.18909416700800472,0.162951616291697,0.22894772391891266,0.15175735686986824,0.16066014988426736,0.12607690971494673,0.29489243497656753,0.3149372173310415,0.11420674930792496,0.33753545543223923,0.3399212791966745,0.12753922716358446,0.146268059833396,0.3096106520013244,0.12258653345448767,0.18584979743319008,0.12657956478962681,0.2565591453986866,0.17186737520691492,0.22612770593733228,0.3074511219877031,0.27021255901385877,0.3945114402632314,0.36560334162122543,0.42612106470875716,0.12289396878706059,0.31360241691372537,0.3346799552369107
2023-09-26 18:00:00,0.13518944129461952,0.10657183754645387,0.16985155909470068,0.12565457998405896,0.120631891899964,0.09863838431075411,0.19912177645901977,0.2683716701673852,0.11620312287598804,0.2240059264808426,0.2209061034583528,0.08364749810332536,0.11525819498987286,0.3222328489816261,0.07436915783599964,0.07941392259234831,0.10919262239742897,0.1467876815909063,0.1230305185523518,0.24798014800368912,0.326155442269989,0.16627460028584282,0.28511175521657184,0.280524876203619,0.30936498398914897,0.1152233037945844,0.31233074766612257,0.2689367608654874
2023-09-26 19:00:00,0.09001863593606853,0.045119063227005846,0.15862762906923666,0.05020299284792638,0.053974964509828645,0.07937066804940959,0.17145254598006077,0.23096634049541373,0.09716748872031762,0.2152621183537543,0.21398226672175247,0.020959046091178695,0.0768267105593359,0.250230725842764,0.0376763657084764,0.05306071254516566,0.06696094237738291,0.1268336568106721,0.062395321793210605,0.1918381423167647,0.2490890412050699,0.13167810646207348,0.0,0.16630052798578857,0.055435774222912876,0.08896151319312086,0.19958256694408846,0.14391876349464588
2023-09-26 20:00:00,0.0,0.0,0.0,0.0,0.0033746540545009124,0.0,0.0,0.0,0.0,0.0,0.0,0.0,0.0,0.0,0.0,0.0,0.0,0.0,0.0,0.0,0.0,0.0,0.0,0.0,0.0,0.0,0.0,0.0
2023-09-26 21:00:00,0.0,0.0,0.0,0.0,0.0,0.0,0.0,0.0,0.0,0.0,0.0,0.0,0.0,0.0,0.0,0.0,0.0,0.0,0.0,0.0,0.0,0.0,0.0,0.0,0.0,0.0,0.0,0.0
2023-09-26 22:00:00,0.0,0.0,0.0,0.0,0.0,0.0,0.0,0.0,0.0,0.0,0.0,0.0,0.0,0.0,0.0,0.0,0.0,0.0,0.0,0.0,0.0,0.0,0.0,0.0,0.0,0.0,0.0,0.0
2023-09-26 23:00:00,0.0,0.0,0.0,0.0,0.0,0.0,0.0,0.0,0.0,0.0,0.0,0.0,0.0,0.0,0.0,0.0,0.0,0.0,0.0,0.0,0.0,0.0,0.0,0.0,0.0,0.0,0.0,0.0
2023-09-27 00:00:00,0.0,0.0,0.0,0.0,0.0,0.0,0.0,0.0,0.0,0.0,0.0,0.0,0.0,0.0,0.0,0.0,0.0,0.0,0.0,0.0,0.0,0.0,0.0,0.0,0.0,0.0,0.0,0.0
2023-09-27 01:00:00,0.0,0.0,0.0,0.0,0.0,0.0,0.0,0.0,0.0,0.0,0.0,0.0,0.0,0.0,0.0,0.0,0.0,0.0,0.0,0.0,0.0,0.0,0.0,0.0,0.0,0.0,0.0,0.0
2023-09-27 02:00:00,0.0,0.0,0.0,0.0,0.0,0.0,0.0,0.0,0.0,0.0,0.0,0.0,0.0,0.0,0.0,0.0,0.0,0.0,0.0,0.0,0.0,0.0,0.0,0.0,0.0,0.0,0.0,0.0
2023-09-27 03:00:00,0.0,0.0,0.0,0.0,0.0,0.0,0.0,0.0,0.0,0.0,0.0,0.0,0.0,0.0,0.0,0.0,0.0,0.0,0.0,0.0,0.0,0.0,0.0,0.0,0.0,0.0,0.0,0.0
2023-09-27 04:00:00,0.0,0.0,0.0,0.0,0.0,0.0,0.0,0.0,0.0,0.0,0.0,0.0,0.0,0.0,0.0,0.0,0.0,0.0,0.0,0.0,0.0,0.0,0.0,0.0,0.0,0.0,0.0,0.0
2023-09-27 05:00:00,0.0,0.0,0.0,0.0,0.0,0.0,0.0,0.0,0.0,0.0,0.0,0.0,0.0,0.0,0.0,0.0,0.0,0.0,0.0,0.0,0.0,0.0,0.0,0.0,0.0,0.0,0.0,0.0
2023-09-27 06:00:00,0.0,0.0,0.0,0.0,0.0,0.0,0.0,0.0,0.0,0.0,0.0,0.0,0.0,0.0,0.0,0.0,0.0,0.0,0.0,0.0,0.0,0.0,0.0,0.0,0.0,0.0,0.0,0.0
2023-09-27 07:00:00,0.0,0.0,0.0,0.0,0.0,0.0,0.0,0.0,0.0,0.0,0.0,0.0,0.0,0.0,0.0,0.0,0.0,0.0,0.0,0.0,0.0,0.0,0.0,0.0,0.0,0.0,0.0,0.0
2023-09-27 08:00:00,0.0007873707949092288,0.08066596800167238,0.013155591506025485,0.0037877414576151023,0.0003741395762909182,0.0,0.009814517649908787,0.008158814494678302,0.0020252771249764595,0.0,0.0,0.004301565216623956,0.0015430600676733497,0.021065849463317146,0.0,4.415977268503758e-05,0.0,0.0,0.0,0.0,0.023032448700561932,0.00016292487407409864,0.1338605384654505,0.07186207942058573,0.09598569420450681,0.0,0.18460238052662653,0.08395682075850801
2023-09-27 09:00:00,0.1308736047409192,0.19110447255061228,0.056681805008393225,0.05366412159658756,0.09208102450710143,0.02956528895827424,0.037972617172091196,0.023141817885608398,0.24239643091849755,0.004749329080099228,0.007449507286737798,0.030013157664198462,0.2745968299284245,0.04563885726667868,0.12326200771826643,0.27687936519122947,0.14832090709002727,0.0039656199849398615,0.10272590187094406,0.01107828645837078,0.04837972292182306,0.007675703075984222,0.26138102439358085,0.15836630556577627,0.22806754884078295,0.045173685845678574,0.31171842434533026,0.1721179621930411
2023-09-27 10:00:00,0.20148197133337203,0.3228613476180058,0.20202879144593258,0.16585870178267306,0.17844925018062205,0.05453727250345915,0.034945656215939584,0.08222274553138223,0.40045714741936833,0.022933904567752975,0.02181554304830085,0.09820360930927724,0.4542787322337997,0.1587625775687833,0.2354902340806542,0.4519698011635353,0.17882039860342383,0.021467477116884206,0.17067569680063427,0.11818789537356297,0.16936805811154543,0.03820150193627824,0.39146931360552206,0.30266785640074906,0.3915521375573125,0.10062822314307225,0.43559502932890154,0.29872739360624995
2023-09-27 11:00:00,0.2539745956010445,0.38513023788410583,0.242931165106026,0.29362477688575406,0.2684323676000078,0.08960094663744757,0.07721309192738382,0.1247649423336874,0.4854583174281714,0.07040307826829707,0.05808635591825944,0.1961807612048343,0.5187562893330323,0.1969144529999237,0.33028399311313955,0.527392705557781,0.23921017673565273,0.061510346301026336,0.2419190696743933,0.23070328961233616,0.20597029952134688,0.09776043052910517,0.4333657430686679,0.38893953222596006,0.4837514406893263,0.16876032688593978,0.5161151310735214,0.37943555644716476
2023-09-27 12:00:00,0.33715658950593597,0.4807836858398676,0.3418601137164624,0.156623007321956,0.30270217721759457,0.11666704939932893,0.16699818644345468,0.19873170257761194,0.5806685300458638,0.25007582259547617,0.17453568015104035,0.2028782263038874,0.6470476902406235,0.2136613761694039,0.4687572649073554,0.6607500091741831,0.2985520203199093,0.10269960102027707,0.3241506091537066,0.20361192408426815,0.21982557145101667,0.22189507434811703,0.3542551230611014,0.37190886864508427,0.46367867123404793,0.18016276255206548,0.5582842570592279,0.30433847482733867
2023-09-27 13:00:00,0.3489399229167117,0.44131723239973114,0.3341771024666389,0.1868399822144739,0.3027487074831049,0.13847063996535192,0.09133577579976626,0.14984877445407793,0.5773306817903435,0.18948666333240732,0.1159644284524094,0.24983972401181068,0.6415994093842969,0.19730711174504786,0.48770177391708025,0.6104075586406706,0.28853280550914595,0.1161247231449475,0.3395970265245965,0.2037625489268442,0.20854990488356934,0.2347032427791631,0.27002286011129073,0.34383468187342486,0.4245075031187392,0.2382190392180161,0.5520012646005279,0.2904752740154879
2023-09-27 14:00:00,0.38886527349877037,0.4326844347889041,0.4215057613928405,0.3037335320963954,0.34784989552479517,0.21036402602897136,0.2044140063206009,0.31415262793555093,0.5938175515816727,0.24606977940731828,0.19540277223253796,0.3245879807888835,0.6331190681023586,0.4402320757586893,0.5073665422255017,0.5774291949736823,0.22897097122970117,0.16904709706294463,0.32641284187409136,0.45129750889630016,0.4609633734273857,0.28179577300526243,0.2609845519683924,0.36947835147094427,0.42741218663801883,0.3218460931484406,0.5777353238508935,0.2997688247371631
2023-09-27 15:00:00,0.38392969326737103,0.39987518226891444,0.4662253502829713,0.2775772490175402,0.32158434794365454,0.2044818151798095,0.2580097095426805,0.26093406420677095,0.5296958655358703,0.23098358713232936,0.22224085366049962,0.31705139456311154,0.598686479540257,0.3594902967410531,0.483670637692331,0.5278490126408213,0.13739679335449662,0.1404924084730715,0.2854465857893737,0.3495034352483931,0.3768646395647385,0.260475389782967,0.2040812390838856,0.3946563823339917,0.3041500628045441,0.33037397639280014,0.5416615897259115,0.39322249475369847
2023-09-27 16:00:00,0.3605241926284657,0.3167359677052012,0.5203710189352926,0.34620541419109396,0.25038224908551737,0.1842086453872139,0.3054976496481942,0.2073617034451369,0.4453223391144911,0.2272358086659309,0.24490102669187136,0.31467786882037235,0.44438541838426254,0.219708334971967,0.35042204905268204,0.44085649371802205,0.12345210337990027,0.1481865659366046,0.24489351098385195,0.23156673128792474,0.22722862779129105,0.21655795941577485,0.17478692020340114,0.284332926338676,0.22555431017388983,0.23518970670189443,0.38276892870397483,0.29755223873226594
2023-09-27 17:00:00,0.3033923928712865,0.2944067234144837,0.5626734520190602,0.2182745097271912,0.22171442190800114,0.15697088139814291,0.489488938479594,0.32712946560333855,0.4062950002768323,0.32794048772320267,0.41061974566848086,0.15933634989770967,0.47518929343353666,0.23843287838545046,0.304205631359071,0.5003954760795731,0.12429180203619264,0.11462286767469809,0.22188025962752117,0.12488819040117229,0.22527290803243277,0.1984786424601662,0.11783389557706482,0.28429985421726345,0.14285278756143782,0.20710576398656275,0.31469765138437716,0.3306091337472713
2023-09-27 18:00:00,0.2271823013176796,0.1723139433467755,0.46868035087452053,0.18395492704548183,0.1650296706214048,0.10521846337293582,0.45610791205920975,0.3169032246139523,0.30231208214069766,0.3185727885520756,0.3745956023313898,0.08077033828791012,0.3955344566843174,0.23266435215858175,0.2801289683863054,0.41203361989587944,0.13635470348048043,0.0758088326334234,0.16674929770327496,0.16298117055637396,0.21931075705292422,0.1504113363595892,0.06656893486702432,0.15776506709841412,0.06325496716392513,0.15288075569094967,0.18721312639886736,0.21349055101661232
2023-09-27 19:00:00,0.16661187577970607,0.1468060066177458,0.30571343864857625,0.05934378726080757,0.10676890094857766,0.04343989734944188,0.3245996697272011,0.2441176150988145,0.20937990705643716,0.2777105129353046,0.30805683421192337,0.0260248233070858,0.2578346324679731,0.16760982662618515,0.17159345299190518,0.2331616089979057,0.10639001920150017,0.10241296131981602,0.14559787095966922,0.09209154970353614,0.1576663886995728,0.1360286704222869,0.0,0.06351272940868953,7.383415961270667e-06,0.08880297239744321,0.07422659631763831,0.08783085577657723
2023-09-27 20:00:00,0.0,0.0,0.0,0.0,0.014782363318925141,0.0,0.0,0.0,0.0,0.0,0.0,0.0,0.0,0.0,0.0,0.0,0.0,0.0,0.0,0.0,0.0,0.0,0.0,0.0,0.0,0.0,0.0,0.0
2023-09-27 21:00:00,0.0,0.0,0.0,0.0,0.0,0.0,0.0,0.0,0.0,0.0,0.0,0.0,0.0,0.0,0.0,0.0,0.0,0.0,0.0,0.0,0.0,0.0,0.0,0.0,0.0,0.0,0.0,0.0
2023-09-27 22:00:00,0.0,0.0,0.0,0.0,0.0,0.0,0.0,0.0,0.0,0.0,0.0,0.0,0.0,0.0,0.0,0.0,0.0,0.0,0.0,0.0,0.0,0.0,0.0,0.0,0.0,0.0,0.0,0.0
2023-09-27 23:00:00,0.0,0.0,0.0,0.0,0.0,0.0,0.0,0.0,0.0,0.0,0.0,0.0,0.0,0.0,0.0,0.0,0.0,0.0,0.0,0.0,0.0,0.0,0.0,0.0,0.0,0.0,0.0,0.0
2023-09-28 00:00:00,0.0,0.0,0.0,0.0,0.0,0.0,0.0,0.0,0.0,0.0,0.0,0.0,0.0,0.0,0.0,0.0,0.0,0.0,0.0,0.0,0.0,0.0,0.0,0.0,0.0,0.0,0.0,0.0
2023-09-28 01:00:00,0.0,0.0,0.0,0.0,0.0,0.0,0.0,0.0,0.0,0.0,0.0,0.0,0.0,0.0,0.0,0.0,0.0,0.0,0.0,0.0,0.0,0.0,0.0,0.0,0.0,0.0,0.0,0.0
2023-09-28 02:00:00,0.0,0.0,0.0,0.0,0.0,0.0,0.0,0.0,0.0,0.0,0.0,0.0,0.0,0.0,0.0,0.0,0.0,0.0,0.0,0.0,0.0,0.0,0.0,0.0,0.0,0.0,0.0,0.0
2023-09-28 03:00:00,0.0,0.0,0.0,0.0,0.0,0.0,0.0,0.0,0.0,0.0,0.0,0.0,0.0,0.0,0.0,0.0,0.0,0.0,0.0,0.0,0.0,0.0,0.0,0.0,0.0,0.0,0.0,0.0
2023-09-28 04:00:00,0.0,0.0,0.0,0.0,0.0,0.0,0.0,0.0,0.0,0.0,0.0,0.0,0.0,0.0,0.0,0.0,0.0,0.0,0.0,0.0,0.0,0.0,0.0,0.0,0.0,0.0,0.0,0.0
2023-09-28 05:00:00,0.0,0.0,0.0,0.0,0.0,0.0,0.0,0.0,0.0,0.0,0.0,0.0,0.0,0.0,0.0,0.0,0.0,0.0,0.0,0.0,0.0,0.0,0.0,0.0,0.0,0.0,0.0,0.0
2023-09-28 06:00:00,0.0,0.0,0.0,0.0,0.0,0.0,0.0,0.0,0.0,0.0,0.0,0.0,0.0,0.0,0.0,0.0,0.0,0.0,0.0,0.0,0.0,0.0,0.0,0.0,0.0,0.0,0.0,0.0
2023-09-28 07:00:00,0.0,0.0,0.0,0.0,0.0,0.0,0.0,0.0,0.0,0.0,0.0,0.0,0.0,0.0,0.0,0.0,0.0,0.0,0.0,0.0,0.0,0.0,0.0,0.0,0.0,0.0,0.0,0.0
2023-09-28 08:00:00,0.07516535580329525,0.031226251539355484,0.15181516075023735,0.0406316971696981,0.0,0.0,0.15304201197858444,0.11426846729529355,0.005864654193149729,0.1257411878451795,0.15715760110214186,0.04958895572236927,0.0012800389360067884,0.07462898916378885,0.0,0.0,0.0,0.07584079993351406,0.0,0.03572943232943926,0.06843308915495341,0.10276044940667155,0.15310341216761958,0.026551835966982212,0.01862599144703233,0.0,0.0405270157426518,0.03763728567622087
2023-09-28 09:00:00,0.15047077312327492,0.09393033784060653,0.310337143701227,0.08708969067554845,0.06502132203311947,0.10016514806399213,0.2415034410798661,0.14245225393775066,0.20158339756373075,0.12427273852659917,0.17375993344050755,0.09134484300580399,0.17882103378352043,0.11417792844604498,0.09477877596423269,0.18961627686817215,0.24422628144106803,0.04564027861951578,0.28937111395626725,0.08232415559463291,0.1112268399923825,0.08863659925587908,0.2560087840324806,0.11111124849698457,0.05232418591662184,0.06750007223051142,0.10713395437080314,0.15332572885680515
2023-09-28 10:00:00,0.24699989035414474,0.16567395959488565,0.4582385852293773,0.130819243418743,0.12486891342475093,0.17272613592379513,0.4524946192852184,0.3388125402344717,0.3346961397119875,0.2750456043810223,0.36114931845244624,0.1598127425025798,0.3139160692291514,0.2597446818855092,0.15907565287662273,0.29609617830052104,0.3209810422594917,0.0852919147679926,0.38637646970502376,0.13769876320271843,0.2438266910130772,0.18443846637422143,0.2869221774741861,0.18926079059416331,0.09265679210363258,0.13468313860554243,0.15425613803840332,0.21930680711969452
2023-09-28 11:00:00,0.3933989933184234,0.27622045408070045,0.5393827760611525,0.24894439000134228,0.20815007366243415,0.26871085495830066,0.5691534091547807,0.5128987697931577,0.41566362839179055,0.3698014871713499,0.48441244248055954,0.3005981815397777,0.40331024354054834,0.5023881892711363,0.18726295352363867,0.36394332788189326,0.4450428745714936,0.22826320762573737,0.46956657458338097,0.3732751951068498,0.4929162072708151,0.3406718857472919,0.3878335455111544,0.24436224458522984,0.15760546265698253,0.24546901873903312,0.23024146621514796,0.27597950682989153
2023-09-28 12:00:00,0.49451208509258604,0.2929642349798915,0.6117878214089983,0.36334634977362135,0.24303203735257128,0.36909907794687996,0.6384606855920388,0.6588266657719086,0.45303452702576036,0.5572728071071579,0.5975488451484318,0.39390895460103875,0.4439828457749864,0.6720894754640357,0.42202003091111107,0.45876665485183693,0.4936937081749297,0.3761086443450412,0.510176414266977,0.6638936432826918,0.6696602558703391,0.46408848419718,0.47416105908544487,0.27526830125945356,0.24132882225893215,0.2926925139680468,0.2030410520561206,0.3478326192388711
2023-09-28 13:00:00,0.5331151314384056,0.3341260625081253,0.6783071860802867,0.2760745321080031,0.25281382133246044,0.3871200234242163,0.6410021137084385,0.6387813692766359,0.48573612090196194,0.534225811808533,0.601768226633123,0.3568371799342926,0.46591779309671166,0.6504982785082872,0.4314457211094901,0.4271027505108686,0.5083621929958075,0.3827399356247945,0.5194837036812391,0.5196665578543544,0.6470990078781874,0.4392177762266733,0.5288230358190734,0.37183689035324846,0.35201720381927765,0.36080208205419656,0.2866277389838713,0.4554118581450153
2023-09-28 14:00:00,0.5778640884495504,0.31349038662141027,0.7086535914925132,0.27176321497521877,0.23743926219695954,0.37735312762537326,0.7089536233968502,0.6634929047169688,0.5271622118549736,0.5409278799298942,0.6282774885092786,0.3998596417327582,0.5329850450295224,0.665610618799218,0.394644756275235,0.4858247218069959,0.5542870896152874,0.4518062064485109,0.5679210621900177,0.5233311251508406,0.6581481741498851,0.5010254436652676,0.5250105357883814,0.34156362500293885,0.3998302359584507,0.3799968844112411,0.305988006359512,0.4138444986708459
2023-09-28 15:00:00,0.6311411528836414,0.3453662523413582,0.7123480944729654,0.350422253248003,0.27267172836926895,0.41789785850855354,0.6801518971428383,0.6676527007205921,0.5518346906919698,0.5836848376418737,0.6410642457763511,0.45824364893532443,0.5653274594403472,0.6846316521832583,0.4339625454274373,0.509888573241094,0.5512305089268503,0.5383737469241203,0.5295358270279766,0.585273465899888,0.6844749727035166,0.5870974544983659,0.5269331581649574,0.3588970883914363,0.39839912669003785,0.42803593271563134,0.29655767534343763,0.410263423968265
2023-09-28 16:00:00,0.5718974458380978,0.2932419593026592,0.6991769629807992,0.27584840941370053,0.2265868810271716,0.4455747170341728,0.6731956210687672,0.6397275132315832,0.5825711395391201,0.6059115326623523,0.6363250080257249,0.4099353380118168,0.5976355169537223,0.6252964688853326,0.46379536732993476,0.5590955670005089,0.5442751470941884,0.5100544697936136,0.5106637517440968,0.5756710690409602,0.6229713057991078,0.5610942157136499,0.5174679195185367,0.2840180999896906,0.3631484361264902,0.36901269959640276,0.21485058145690106,0.32674158135731035
2023-09-28 17:00:00,0.47233868984588295,0.2707594320172157,0.598723892186677,0.25874815599157414,0.18928690679813312,0.412059268078592,0.5786392218434221,0.5518490370686564,0.5445825640542191,0.4673830397103461,0.4957528511736501,0.3062070417605719,0.5364896188020178,0.5793218303870261,0.4272778724862946,0.4745579229617124,0.5051989809614954,0.3981731816649284,0.4331194400609812,0.5409791688468698,0.5831008551585117,0.4242639339372214,0.3468157288869076,0.2469077723902975,0.23515345566955984,0.30099067797145357,0.17079404673423756,0.33252365354399566
2023-09-28 18:00:00,0.3955068874137599,0.19273859589112557,0.49897653805678743,0.22369094038005152,0.1410741337552126,0.3466775006186326,0.49752875333086655,0.44241684070743065,0.4128337283834412,0.3873810181937406,0.41568725210669966,0.2977837895542582,0.3902638216133564,0.43484079583541735,0.31736661750838885,0.3425439607209758,0.3996516572049187,0.3712309473865556,0.3745257671306537,0.40803825471405564,0.4333732989336596,0.39228655033572957,0.29152174686945115,0.1469268555640245,0.2050301300529454,0.2633642927938151,0.13245594839675043,0.16603972316969118
2023-09-28 19:00:00,0.2753252131190159,0.12099791368464326,0.33387359215857415,0.13966598687087717,0.09517347091634185,0.27839544907946057,0.3265954966674123,0.29332275235674093,0.30699445512483453,0.28340101912511356,0.2960196875909181,0.16779753278313245,0.2948486757564108,0.26676453887530355,0.25377984111898655,0.240162153431445,0.32070709486250015,0.25766531956242394,0.30706910473967025,0.2635007875797013,0.2642456163238845,0.2621597402099293,0.0,0.1091185107599972,0.0,0.2201362074988164,0.04867545606581674,0.11220273408564835
2023-09-28 20:00:00,0.0,0.0,0.0,0.0,0.005602947126030045,0.0,0.0,0.0,0.0,0.0,0.0,0.0,0.0,0.0,0.0,0.0,0.0,0.0,0.0,0.0,0.0,0.0,0.0,0.0,0.0,0.0,0.0,0.0
2023-09-28 21:00:00,0.0,0.0,0.0,0.0,0.0,0.0,0.0,0.0,0.0,0.0,0.0,0.0,0.0,0.0,0.0,0.0,0.0,0.0,0.0,0.0,0.0,0.0,0.0,0.0,0.0,0.0,0.0,0.0
2023-09-28 22:00:00,0.0,0.0,0.0,0.0,0.0,0.0,0.0,0.0,0.0,0.0,0.0,0.0,0.0,0.0,0.0,0.0,0.0,0.0,0.0,0.0,0.0,0.0,0.0,0.0,0.0,0.0,0.0,0.0
2023-09-28 23:00:00,0.0,0.0,0.0,0.0,0.0,0.0,0.0,0.0,0.0,0.0,0.0,0.0,0.0,0.0,0.0,0.0,0.0,0.0,0.0,0.0,0.0,0.0,0.0,0.0,0.0,0.0,0.0,0.0
2023-09-29 00:00:00,0.0,0.0,0.0,0.0,0.0,0.0,0.0,0.0,0.0,0.0,0.0,0.0,0.0,0.0,0.0,0.0,0.0,0.0,0.0,0.0,0.0,0.0,0.0,0.0,0.0,0.0,0.0,0.0
2023-09-29 01:00:00,0.0,0.0,0.0,0.0,0.0,0.0,0.0,0.0,0.0,0.0,0.0,0.0,0.0,0.0,0.0,0.0,0.0,0.0,0.0,0.0,0.0,0.0,0.0,0.0,0.0,0.0,0.0,0.0
2023-09-29 02:00:00,0.0,0.0,0.0,0.0,0.0,0.0,0.0,0.0,0.0,0.0,0.0,0.0,0.0,0.0,0.0,0.0,0.0,0.0,0.0,0.0,0.0,0.0,0.0,0.0,0.0,0.0,0.0,0.0
2023-09-29 03:00:00,0.0,0.0,0.0,0.0,0.0,0.0,0.0,0.0,0.0,0.0,0.0,0.0,0.0,0.0,0.0,0.0,0.0,0.0,0.0,0.0,0.0,0.0,0.0,0.0,0.0,0.0,0.0,0.0
2023-09-29 04:00:00,0.0,0.0,0.0,0.0,0.0,0.0,0.0,0.0,0.0,0.0,0.0,0.0,0.0,0.0,0.0,0.0,0.0,0.0,0.0,0.0,0.0,0.0,0.0,0.0,0.0,0.0,0.0,0.0
2023-09-29 05:00:00,0.0,0.0,0.0,0.0,0.0,0.0,0.0,0.0,0.0,0.0,0.0,0.0,0.0,0.0,0.0,0.0,0.0,0.0,0.0,0.0,0.0,0.0,0.0,0.0,0.0,0.0,0.0,0.0
2023-09-29 06:00:00,0.0,0.0,0.0,0.0,0.0,0.0,0.0,0.0,0.0,0.0,0.0,0.0,0.0,0.0,0.0,0.0,0.0,0.0,0.0,0.0,0.0,0.0,0.0,0.0,0.0,0.0,0.0,0.0
2023-09-29 07:00:00,0.0,0.0,0.0,0.0,0.0,0.0,0.0,0.0,0.0,0.0,0.0,0.0,0.0,0.0,0.0,0.0,0.0,0.0,0.0,0.0,0.0,0.0,0.0,0.0,0.0,0.0,0.0,0.0
2023-09-29 08:00:00,0.14520069094110052,0.05188502355725227,0.1569143372915713,0.16129225384957244,0.0,0.0,0.19375786129966874,0.2116405171528645,0.007402840253595886,0.2789248961056895,0.23525894019274418,0.17615420611507726,0.0,0.24800612598843397,0.0,0.0,0.0,0.2755896057954394,0.0,0.24262107691782667,0.25796621021162003,0.2716178959724025,0.24132287523427545,0.04229294578610042,0.10265710876821645,0.0,0.018115604018724963,0.04429295260162864
2023-09-29 09:00:00,0.3023937873393107,0.1440248769140435,0.3873219138146404,0.3469420175004163,0.1510656780136249,0.1219784881486162,0.3057368714718936,0.34467302260367844,0.2415193473186787,0.3964782433465035,0.35011441498237933,0.2576629107325402,0.21034235720614147,0.40456084325510605,0.14017340520714094,0.17625886521433096,0.3038506052330526,0.3032849465450402,0.3182536524793425,0.398026381110829,0.4176887667872958,0.3184423286897827,0.3802619556320917,0.13215430484471158,0.1923543376763411,0.17261915937261033,0.06595229512066103,0.11333312466080851
2023-09-29 10:00:00,0.47885978943404905,0.23476138272008656,0.6022200925549986,0.5070036277171216,0.24132190618799892,0.23023522596540266,0.620846427270659,0.6362115843659214,0.41643603761755543,0.6257144226682871,0.6147546857011181,0.3846719707611769,0.41288878334325385,0.653605468364261,0.27924995916822815,0.359668994071703,0.5009157723471214,0.4839485704440381,0.48519292342724724,0.6603320970895867,0.6564879425316315,0.47970939712519706,0.48651094501908854,0.24088357749642678,0.37620672068863537,0.2811987274085317,0.17512915824766148,0.2565337980608864
2023-09-29 11:00:00,0.5841106528021339,0.33416710825742485,0.7125534024643752,0.5203582316745344,0.29985612697802055,0.3461296519942568,0.7021450987354511,0.6789668047725895,0.46266370278377156,0.6279062476030783,0.6537962388996005,0.47621412290960585,0.4790618488970555,0.6949772720750336,0.44101967983559653,0.4273523830464867,0.598377121306099,0.5826087121221005,0.5748754652173078,0.6667662651924074,0.6957991372251211,0.5817043469287909,0.5384243936741344,0.22588026084351398,0.3953674454758051,0.44699778812053054,0.18891846788413483,0.2529797154021795
2023-09-29 12:00:00,0.5676316590600932,0.37669616838736336,0.7043312103091424,0.48730986301303125,0.3505304337287191,0.34108274058342086,0.6421314823236425,0.624021316557864,0.4904124718436047,0.5429859146747806,0.5776765854598903,0.447056414323983,0.49996520928203975,0.6639085083540216,0.3685500116854903,0.47415343771946344,0.6039985752705599,0.4321389256870021,0.5958617813217955,0.5674265704513188,0.666241123726959,0.5266284882092597,0.5520877229222835,0.24325084345680947,0.3566097884993123,0.4431706640592252,0.18630088923673843,0.2860091312507531
2023-09-29 13:00:00,0.613919647177198,0.4654612560970278,0.7000858601163638,0.548733272752245,0.35787858873979816,0.47158874100928794,0.6680724596746953,0.6620678589198739,0.5231259029515288,0.6226085335847992,0.6123052643505756,0.6405182552187345,0.5619228656164875,0.6838443150239051,0.49099113909965686,0.5172910542563068,0.6572982902074798,0.4692747864964044,0.6032729079793221,0.6233939569249898,0.6875087408884741,0.6494326473700387,0.6326644560479985,0.3402433078479244,0.3893509738728678,0.5401201467202935,0.2464953697446836,0.4146871681316174
2023-09-29 14:00:00,0.5937954635827076,0.4068782718409891,0.6757018585213825,0.5241100569737456,0.3433125059094126,0.4972290298441907,0.6537646399427262,0.6385093201148214,0.4774658582857852,0.6037830082895864,0.6177275604269619,0.6100743727394294,0.5160847701782245,0.6542448115375179,0.45779128593863827,0.5062115770926997,0.6242416431053536,0.47261934513894,0.5734711010810853,0.5347755618161898,0.6557405010113538,0.6352229489076635,0.6800408141862947,0.3476992236930694,0.3855544523263805,0.4965090301977127,0.25614499282201797,0.4326828639677238
2023-09-29 15:00:00,0.5887982926013742,0.34469318658637244,0.6555707766385811,0.5320365811744909,0.3258071644680272,0.42742924456150205,0.6507743543729406,0.6342962069670407,0.42064570982968313,0.6122893936354785,0.6102158469442704,0.5469018268077959,0.4179931932849889,0.6289809325197953,0.29379525814430213,0.4091067094201839,0.5674201041100131,0.5299329110215051,0.47448232128190543,0.5536225131714044,0.6284848750605573,0.5940856575944065,0.6207516566385396,0.2959443255400973,0.27418742669544255,0.4423175599145606,0.26147033443277423,0.3682163092439369
2023-09-29 16:00:00,0.5931411832784963,0.3743330149038655,0.6974012456290382,0.6175354156616327,0.3257102116163909,0.43222368508893305,0.7145172919826713,0.7117270758605031,0.5258694402313661,0.6867180147929253,0.685803382120023,0.5731091222915137,0.5566692990280735,0.7109187798693131,0.3404757629585186,0.4383812769044328,0.5437438073544608,0.517102097588822,0.494856062677131,0.7382661308939173,0.7125590133694193,0.591424713138558,0.46979710892759385,0.3081318016017275,0.26574851183173753,0.42979527930639916,0.24911260814018302,0.38330505554706995
2023-09-29 17:00:00,0.534507073796186,0.3227510631041971,0.6711081344284456,0.5333662701480534,0.29841042439567655,0.31059451873732336,0.6156777983001932,0.6237099056965129,0.46830890379840473,0.6575790932504642,0.6377404129966684,0.527235439017942,0.5131232421288947,0.625821892747681,0.3000969915602171,0.45607956318045156,0.3790927207585027,0.49040666219353185,0.36991053258289347,0.6454213931601233,0.6299545991449891,0.5702803816170906,0.4819414891897003,0.25831818449023775,0.30252126486095887,0.36382797187879007,0.264553529956058,0.3096622302940454
2023-09-29 18:00:00,0.4374327203277721,0.18469281460673684,0.5555044015128061,0.45171976832053795,0.24459508637419122,0.23509340862418457,0.5173870911143629,0.5106393961913024,0.38155779167437176,0.5377626621338532,0.5193081172310192,0.40820804089721674,0.4526155024010637,0.5209996475387993,0.23393599061771958,0.43148573523904676,0.34397989552686214,0.4630172508894658,0.36352492507659545,0.5354345152219482,0.5255163547181755,0.437892871177433,0.26651672321391373,0.19179674831526308,0.20291807071266732,0.24439683167755724,0.13605677890291687,0.2257262599709582
2023-09-29 19:00:00,0.33133201369106324,0.191095250194314,0.38109833631051604,0.3369409560830374,0.18761474832938685,0.1961722614037337,0.3727545535286396,0.3672871820934121,0.309398740266876,0.365484396324066,0.3712375730420903,0.3175025535445451,0.32124396695141183,0.3638940777162485,0.2556524276138943,0.344152107112693,0.26670838690591575,0.3250886983888916,0.2851276255200757,0.35414352049058295,0.3631469907864533,0.297778865817464,0.0,0.12405646601906793,0.0,0.20387313732749432,0.04502244177788137,0.15656570294112426
2023-09-29 20:00:00,0.0,0.0,0.0,0.0,0.016571416430593955,0.0,0.0,0.0,0.0,0.0,0.0,0.0,0.0,0.0,0.0,0.0,0.0,0.0,0.0,0.0,0.0,0.0,0.0,0.0,0.0,0.0,0.0,0.0
2023-09-29 21:00:00,0.0,0.0,0.0,0.0,0.0,0.0,0.0,0.0,0.0,0.0,0.0,0.0,0.0,0.0,0.0,0.0,0.0,0.0,0.0,0.0,0.0,0.0,0.0,0.0,0.0,0.0,0.0,0.0
2023-09-29 22:00:00,0.0,0.0,0.0,0.0,0.0,0.0,0.0,0.0,0.0,0.0,0.0,0.0,0.0,0.0,0.0,0.0,0.0,0.0,0.0,0.0,0.0,0.0,0.0,0.0,0.0,0.0,0.0,0.0
2023-09-29 23:00:00,0.0,0.0,0.0,0.0,0.0,0.0,0.0,0.0,0.0,0.0,0.0,0.0,0.0,0.0,0.0,0.0,0.0,0.0,0.0,0.0,0.0,0.0,0.0,0.0,0.0,0.0,0.0,0.0
2023-09-30 00:00:00,0.0,0.0,0.0,0.0,0.0,0.0,0.0,0.0,0.0,0.0,0.0,0.0,0.0,0.0,0.0,0.0,0.0,0.0,0.0,0.0,0.0,0.0,0.0,0.0,0.0,0.0,0.0,0.0
2023-09-30 01:00:00,0.0,0.0,0.0,0.0,0.0,0.0,0.0,0.0,0.0,0.0,0.0,0.0,0.0,0.0,0.0,0.0,0.0,0.0,0.0,0.0,0.0,0.0,0.0,0.0,0.0,0.0,0.0,0.0
2023-09-30 02:00:00,0.0,0.0,0.0,0.0,0.0,0.0,0.0,0.0,0.0,0.0,0.0,0.0,0.0,0.0,0.0,0.0,0.0,0.0,0.0,0.0,0.0,0.0,0.0,0.0,0.0,0.0,0.0,0.0
2023-09-30 03:00:00,0.0,0.0,0.0,0.0,0.0,0.0,0.0,0.0,0.0,0.0,0.0,0.0,0.0,0.0,0.0,0.0,0.0,0.0,0.0,0.0,0.0,0.0,0.0,0.0,0.0,0.0,0.0,0.0
2023-09-30 04:00:00,0.0,0.0,0.0,0.0,0.0,0.0,0.0,0.0,0.0,0.0,0.0,0.0,0.0,0.0,0.0,0.0,0.0,0.0,0.0,0.0,0.0,0.0,0.0,0.0,0.0,0.0,0.0,0.0
2023-09-30 05:00:00,0.0,0.0,0.0,0.0,0.0,0.0,0.0,0.0,0.0,0.0,0.0,0.0,0.0,0.0,0.0,0.0,0.0,0.0,0.0,0.0,0.0,0.0,0.0,0.0,0.0,0.0,0.0,0.0
2023-09-30 06:00:00,0.0,0.0,0.0,0.0,0.0,0.0,0.0,0.0,0.0,0.0,0.0,0.0,0.0,0.0,0.0,0.0,0.0,0.0,0.0,0.0,0.0,0.0,0.0,0.0,0.0,0.0,0.0,0.0
2023-09-30 07:00:00,0.0,0.0,0.0,0.0,0.0,0.0,0.0,0.0,0.0,0.0,0.0,0.0,0.0,0.0,0.0,0.0,0.0,0.0,0.0,0.0,0.0,0.0,0.0,0.0,0.0,0.0,0.0,0.0
2023-09-30 08:00:00,0.08615261385099164,0.15741101638245933,0.18059229917897812,0.39305353480586336,0.0,0.0,0.40047677757528205,0.3761172165632698,0.0,0.34458373652010316,0.3783003860334459,0.21997863141970458,0.0,0.3660218841535953,0.0,0.0,0.0,0.13208855353463902,0.0,0.3471667702831311,0.36379981043126336,0.17532885009301988,0.03674827751225935,0.17798929697686183,0.13334536812308498,0.0,0.07076916480289933,0.23302894082543374
2023-09-30 09:00:00,0.2646334565323257,0.2718916913167143,0.48450586010663943,0.576885783633444,0.12300728663301758,0.12281637381759836,0.52742727841136,0.5164808597719697,0.29230418965353305,0.42422825367042494,0.4634073934603173,0.34457031931540016,0.29154952145303986,0.5336348205180966,0.1174447548298885,0.24985391556660558,0.17860815059380605,0.19114333478112613,0.15745632110190327,0.5107752503681746,0.5326310429487655,0.2626666782461193,0.10324658838421387,0.2721415572543888,0.2692387377064765,0.18226604376966848,0.16993595057498062,0.3491845740152318
2023-09-30 10:00:00,0.46602398205158835,0.4709318615641246,0.6397990405702407,0.709032643595449,0.20440164100108316,0.21193210199852577,0.66517638795664,0.6566800314573612,0.4752626808032761,0.6015773363426995,0.6274820314299983,0.5212273322774649,0.4982697738755809,0.6646945515087891,0.2342736968799012,0.4402294773088106,0.3691513419280255,0.42571811596693626,0.35956898987197683,0.6361044607719807,0.663755263354648,0.44990072034341866,0.09046270081539869,0.4152643953486974,0.4482028169660293,0.2950315527731997,0.31697516844096046,0.48029311161510047
2023-09-30 11:00:00,0.652929951353699,0.6159718039687435,0.7324639288434509,0.7620442143359955,0.3451646778407798,0.41713007685807385,0.7327089023928121,0.7325880105976531,0.5571177141909792,0.7274750001006964,0.7333780356838219,0.7057580375134831,0.5677041703901597,0.7303486074511544,0.4268170787262468,0.5100965761834018,0.5339576452661483,0.6438565209187502,0.5431008025738915,0.7165313623192024,0.7297322758248743,0.6664893206343163,0.10398376487617177,0.5279369407498223,0.5807578406126832,0.4675989068316871,0.45693158839812215,0.5641190776361868
2023-09-30 12:00:00,0.7199751753440384,0.6583301345083844,0.7636097545267725,0.7076027808607679,0.3789123641030151,0.480075952244955,0.7643929539492563,0.7638058160306512,0.633929939075318,0.759723895608724,0.7602968353935571,0.7378684047189735,0.6277716034538718,0.7625504587568959,0.5973783018122939,0.554691759941295,0.6313402914379881,0.6815990460099318,0.5492076807261315,0.7649272084225149,0.7624380329987872,0.7307237710721569,0.14539422976699928,0.5729975623787058,0.619138903468333,0.548736717021286,0.477533035318775,0.5279967133598441
2023-09-30 13:00:00,0.812625388163703,0.6064517401371063,0.7746330062158502,0.6354893600400272,0.42611021276534944,0.5755342371704864,0.7800592041431321,0.7786297635034978,0.6757270734350588,0.7713786081893235,0.7748387427755992,0.7802412212638004,0.6814902038234875,0.7792366967199098,0.6176843380810836,0.6204198018160706,0.6229619929520471,0.8238551313476554,0.5723505585679063,0.7766041003865274,0.7791956861435809,0.8419456040207765,0.1619575670531529,0.5479093240783093,0.5897025962743484,0.633081985603574,0.5473915079512957,0.48763680006440996
2023-09-30 14:00:00,0.8129486060178264,0.48809735432595386,0.7810562721153997,0.5111475194492027,0.4218597261195019,0.5582842927240012,0.7824843309589546,0.7902323351560533,0.6984543806808645,0.7811342096432083,0.7822306387534348,0.7027726316826961,0.6957708390316293,0.7884983447112298,0.6528243548195239,0.6366290132694756,0.6552320972768745,0.8215695944593677,0.5670911102661775,0.787151868181452,0.7881787356404875,0.8412821232319776,0.1471114793527593,0.4989279870247567,0.5524209223696637,0.6408778052880112,0.5216086246571967,0.4707196679246424
2023-09-30 15:00:00,0.8085471436244267,0.491154165648659,0.7641620107502907,0.5273847443909718,0.36635004491483675,0.5626402110689954,0.7520636112466642,0.7545983250218429,0.6807516250750169,0.7568080951091462,0.757124653132077,0.6980144510407003,0.7154487063211986,0.75490934519912,0.6797956995242619,0.6781319399712714,0.6251661417292071,0.8096073359127657,0.5349371189322939,0.7120416401059487,0.7552751914797358,0.8234637113132481,0.15417779742470403,0.4979482967647196,0.49930680581946646,0.6398595072911422,0.4538917044718924,0.4640276076045345
2023-09-30 16:00:00,0.7710452746980941,0.3937650149630851,0.7311200105966369,0.5275439635596872,0.29787150065145007,0.5033848457399793,0.7078260872839595,0.7153282822715319,0.7028619097789395,0.7265711852446939,0.7135528889729739,0.6184335940598806,0.7266663228441006,0.7197234350419291,0.7099079142300148,0.7234991101226768,0.5408841917361705,0.783222474585035,0.47212263477782346,0.7394655114053661,0.7224618788640942,0.7892816390366479,0.08218415949586366,0.4434781095650675,0.4135872891261899,0.5833886064398831,0.4371177970867122,0.40986019829450065
2023-09-30 17:00:00,0.707258010865252,0.4250043005774963,0.6740973284632673,0.4667044084818259,0.2339580733135457,0.3447648317826561,0.6401973304925594,0.6294466576158425,0.6666607020998558,0.6580761265081652,0.6459517041578602,0.5588940500476677,0.6873971200287315,0.6274222793232545,0.6652614426773279,0.6731898050609639,0.34872570295005206,0.7146820309453276,0.2922591232112729,0.6165591322202771,0.6296197497942656,0.7142122017736711,0.05839259189583781,0.431065972301606,0.3854801893149606,0.46790026372584165,0.32946910705757154,0.41350529371004463
2023-09-30 18:00:00,0.603149896866871,0.39551683333253373,0.569568683974858,0.31873450829891287,0.13663404488583733,0.2111413625937059,0.5618671207930602,0.5557722026198832,0.5510621196805648,0.5592136182837906,0.5617951793572049,0.47676374224784657,0.5725838123050554,0.5462987944783924,0.5558437076340288,0.5735748204454917,0.1600658891522407,0.5984286524992655,0.11978044671446443,0.556776946314333,0.5450213607233054,0.6042227962254502,0.016417496640200525,0.3228491040587943,0.2254402216433345,0.31893159365707513,0.28235217278358865,0.3102259146765783
2023-09-30 19:00:00,0.403667345218762,0.2868729128769752,0.376633677423071,0.30964582437616506,0.07220406850403771,0.0804236841492299,0.3704775717268893,0.36709597003449285,0.3828984685437742,0.36405413795690555,0.37063190572661064,0.39206590272963526,0.390919133400303,0.3636431091394556,0.35402257201147475,0.3863129635807317,0.09896405587603013,0.39605337665410034,0.03464459761823539,0.3580940040703498,0.3629532608758925,0.4035418910777158,0.0,0.11420711488414668,0.0,0.15337616512217,0.05394377831155599,0.1985043819672589
2023-09-30 20:00:00,0.0,0.0,0.0,0.0,3.526463746603472e-05,0.0,0.0,0.0,0.0,0.0,0.0,0.0,0.0,0.0,0.0,0.0,0.0,0.0,0.0,0.0,0.0,0.0,0.0,0.0,0.0,0.0,0.0,0.0
2023-09-30 21:00:00,0.0,0.0,0.0,0.0,0.0,0.0,0.0,0.0,0.0,0.0,0.0,0.0,0.0,0.0,0.0,0.0,0.0,0.0,0.0,0.0,0.0,0.0,0.0,0.0,0.0,0.0,0.0,0.0
2023-09-30 22:00:00,0.0,0.0,0.0,0.0,0.0,0.0,0.0,0.0,0.0,0.0,0.0,0.0,0.0,0.0,0.0,0.0,0.0,0.0,0.0,0.0,0.0,0.0,0.0,0.0,0.0,0.0,0.0,0.0
2023-09-30 23:00:00,0.0,0.0,0.0,0.0,0.0,0.0,0.0,0.0,0.0,0.0,0.0,0.0,0.0,0.0,0.0,0.0,0.0,0.0,0.0,0.0,0.0,0.0,0.0,0.0,0.0,0.0,0.0,0.0
2023-10-01 00:00:00,0.0,0.0,0.0,0.0,0.0,0.0,0.0,0.0,0.0,0.0,0.0,0.0,0.0,0.0,0.0,0.0,0.0,0.0,0.0,0.0,0.0,0.0,0.0,0.0,0.0,0.0,0.0,0.0
2023-10-01 01:00:00,0.0,0.0,0.0,0.0,0.0,0.0,0.0,0.0,0.0,0.0,0.0,0.0,0.0,0.0,0.0,0.0,0.0,0.0,0.0,0.0,0.0,0.0,0.0,0.0,0.0,0.0,0.0,0.0
2023-10-01 02:00:00,0.0,0.0,0.0,0.0,0.0,0.0,0.0,0.0,0.0,0.0,0.0,0.0,0.0,0.0,0.0,0.0,0.0,0.0,0.0,0.0,0.0,0.0,0.0,0.0,0.0,0.0,0.0,0.0
2023-10-01 03:00:00,0.0,0.0,0.0,0.0,0.0,0.0,0.0,0.0,0.0,0.0,0.0,0.0,0.0,0.0,0.0,0.0,0.0,0.0,0.0,0.0,0.0,0.0,0.0,0.0,0.0,0.0,0.0,0.0
2023-10-01 04:00:00,0.0,0.0,0.0,0.0,0.0,0.0,0.0,0.0,0.0,0.0,0.0,0.0,0.0,0.0,0.0,0.0,0.0,0.0,0.0,0.0,0.0,0.0,0.0,0.0,0.0,0.0,0.0,0.0
2023-10-01 05:00:00,0.0,0.0,0.0,0.0,0.0,0.0,0.0,0.0,0.0,0.0,0.0,0.0,0.0,0.0,0.0,0.0,0.0,0.0,0.0,0.0,0.0,0.0,0.0,0.0,0.0,0.0,0.0,0.0
2023-10-01 06:00:00,0.0,0.0,0.0,0.0,0.0,0.0,0.0,0.0,0.0,0.0,0.0,0.0,0.0,0.0,0.0,0.0,0.0,0.0,0.0,0.0,0.0,0.0,0.0,0.0,0.0,0.0,0.0,0.0
2023-10-01 07:00:00,0.0,0.0,0.0,0.0,0.0,0.0,0.0,0.0,0.0,0.0,0.0,0.0,0.0,0.0,0.0,0.0,0.0,0.0,0.0,0.0,0.0,0.0,0.0,0.0,0.0,0.0,0.0,0.0
2023-10-01 08:00:00,0.07478344245972489,0.20546487147767625,0.12806172926502188,0.3418721695456341,0.0,0.0,0.38682265801490595,0.35008469981868356,0.0,0.3093460926776582,0.2651029101215458,0.3066676460587861,0.0,0.3498807730055938,0.0,0.0,0.0,0.12855318611648547,0.0,0.33994391040496297,0.3495121403331842,0.20518673972329146,0.27477542285126033,0.25390810713812634,0.2184656652622803,0.0,0.15538765927231887,0.3080335312012347
2023-10-01 09:00:00,0.16015470523347208,0.3170975438287841,0.3661430471181268,0.5224657273494393,0.011083906910555922,0.003777834061181375,0.4832733902906687,0.48065436310010784,0.023786710789291166,0.4058222898620347,0.42071776390689164,0.4412629481381742,0.021709116195373482,0.5019797697778661,0.017541674670215716,0.006065155756069203,0.0,0.17951443359784747,0.0,0.5031467674004553,0.5032636822458516,0.2955000515232486,0.4484584009824455,0.4018669562283345,0.3915867124963665,0.0041089510946655805,0.34219231491384355,0.47980693265163965
2023-10-01 10:00:00,0.2759560350913507,0.3524100150865017,0.48639698257395675,0.6994818032731888,0.047725320812504246,0.025941555172356526,0.6496995039518296,0.6364104886651835,0.04217452324375428,0.5468119879384604,0.5702513038950776,0.6641822419331032,0.040649681574319564,0.6523632370255843,0.030777267356146703,0.026072549375291014,0.0031195412221341544,0.35601907725030196,0.0014598628329725353,0.647133171236878,0.6519201024171679,0.5023750170296702,0.4740495564464943,0.5352181688729002,0.5006522771253453,0.036635451208549503,0.4602857904845198,0.6111210996945269
2023-10-01 11:00:00,0.3260649219354984,0.38064491648848053,0.5267833802082875,0.7660928000722297,0.09932195452289039,0.04355052520295177,0.719597953058952,0.7085095638083322,0.05057409238273714,0.6583169146654492,0.6697401845874069,0.7603844338851669,0.050821932185382564,0.7144407325386131,0.033790796750989276,0.035517190002553066,0.01642611374001498,0.4275598980078081,0.01645106926845336,0.708052684238575,0.7142943925672617,0.6285245109524823,0.5914883031844438,0.6288256215116337,0.678431243108114,0.059793048052909616,0.5328771524894328,0.6790211722605377
2023-10-01 12:00:00,0.17659357235359213,0.42339100476167557,0.42002526856016376,0.7791200082281328,0.13645641744828657,0.07054487107862638,0.6222520304662286,0.6058560408500185,0.09104492343835661,0.3248417567119574,0.45132844439918257,0.4548986071740122,0.09887119467452876,0.7148305853175214,0.06872865707138308,0.0645094757487093,0.02542665837009824,0.15329315351818154,0.03936706427879933,0.6526768271475605,0.7171775705981871,0.20502255356422575,0.6433332932256093,0.719823090909191,0.815650147681012,0.07040871105421681,0.6484771355262943,0.7197682674100422
2023-10-01 13:00:00,0.2598379295177931,0.36711901588723395,0.5079779695920765,0.7497681929734974,0.14612062694911865,0.06919589620296925,0.7424695556403621,0.7006479391562922,0.1037233875607842,0.48096744650685047,0.5746647655410563,0.4814261990005021,0.10156735933737181,0.7507092753208515,0.0467943642082427,0.06663820025727427,0.04270289458050772,0.27977197297422535,0.0852644197262599,0.708206379854076,0.7500194026687896,0.4017574769988614,0.6551490528846419,0.752580855530092,0.8390526952362514,0.0657326939923859,0.6202839758884021,0.7218245592767673
2023-10-01 14:00:00,0.3332717122284279,0.33153220288754454,0.5333598051040201,0.7835282546454843,0.20358275086980404,0.09555248541879616,0.7549993611875078,0.7405824813092591,0.10985665016868447,0.6713763087718604,0.6835261626513619,0.7454899446431142,0.1324261418758466,0.7581084650542157,0.05847202152430349,0.08672870590653534,0.08167186330555891,0.4949536694874615,0.16028121157071712,0.7487965627690238,0.7585544488251347,0.6418428037499516,0.6684626243422628,0.751018600940246,0.8316346340524707,0.08246169390886486,0.6009323130026654,0.7177166351721023
2023-10-01 15:00:00,0.2880440719755035,0.29541082353608455,0.4085498117321159,0.7628403467134046,0.19067622243240787,0.09002555247421987,0.6369164184428316,0.6640536794460025,0.09371406562898428,0.5595052221672752,0.5604331354710959,0.7388422597896613,0.10746348959555349,0.7214138449388816,0.04946628152030756,0.061409175021419925,0.23568562314043165,0.41059466306509756,0.225216664958436,0.7216314390933637,0.724594482530043,0.5568346025354661,0.5713881835132244,0.7349592609598484,0.8137031307745265,0.09357534005225389,0.5204631811546994,0.6951455614303598
2023-10-01 16:00:00,0.1993365024766987,0.21903161288880316,0.2611973496635702,0.6665779962777422,0.16524895121288175,0.06861236713249833,0.3630289657611929,0.4241592018257609,0.10089958703863114,0.32768621133430575,0.31473277071899913,0.5157344774438298,0.10232615769434174,0.5363183286266044,0.03313041751130029,0.04534996447239638,0.34056123674167627,0.2319526692983351,0.22779352753943694,0.5482014036628285,0.5498976559085714,0.33484640961055784,0.5576678538109464,0.6469585310914966,0.7656070304376956,0.05030044224002191,0.46045628953713896,0.6064666297425904
2023-10-01 17:00:00,0.14468358403071707,0.1875137393383114,0.16708284645835944,0.46296163136392826,0.16612688448616508,0.06342001549337949,0.2323145559629833,0.283392762672202,0.07933776680651912,0.2019503277262663,0.2076528581076116,0.309716614945689,0.0832706867433069,0.37007916730384166,0.03597507056578348,0.0291659812539177,0.2883063817779641,0.15234756594262724,0.2495395771213342,0.32643405902233497,0.38032462938499706,0.22440061482548648,0.5002360597433814,0.41482456726448524,0.6787776079630621,0.0364392839097474,0.33218905082301575,0.4026980776272266
2023-10-01 18:00:00,0.08698084249767452,0.06355561914317613,0.07941733535088212,0.23887553739905937,0.09976848860681235,0.04255510968207061,0.0745410477472891,0.06906818457708755,0.05039726388878755,0.05396701672947575,0.060397122108879535,0.12000053489337348,0.048468203682031585,0.08905277454580933,0.013262463110547604,0.013591828134485263,0.17791667064366565,0.07266193611793413,0.19302902084518792,0.05235519775406611,0.09098464467254158,0.09566297924128468,0.4031277559353486,0.16314437438871118,0.5001880417724597,0.0215315966432558,0.12981950969971892,0.15188863322825913
2023-10-01 19:00:00,0.08266652752453074,0.033219489253386414,0.10874861494458074,0.08288173636179694,0.05857654154046271,0.021874891862025608,0.006209260660220608,0.0077554723116193824,0.028632762837110155,0.03758122058858536,0.03211159893687143,0.06560250691250341,0.023104190615392154,0.005556805893286925,0.004045996381757084,0.004310000203950922,0.09107873065504411,0.13400758825497303,0.137035581265653,0.006064545528474639,0.005669701583607827,0.09914934831631035,0.0,0.006317578744291859,0.0,0.009703400768296896,0.0,0.006400459375679993
2023-10-01 20:00:00,0.0,0.0,0.0,0.0,8.281319904118486e-05,0.0,0.0,0.0,0.0,0.0,0.0,0.0,0.0,0.0,0.0,0.0,0.0,0.0,0.0,0.0,0.0,0.0,0.0,0.0,0.0,0.0,0.0,0.0
2023-10-01 21:00:00,0.0,0.0,0.0,0.0,0.0,0.0,0.0,0.0,0.0,0.0,0.0,0.0,0.0,0.0,0.0,0.0,0.0,0.0,0.0,0.0,0.0,0.0,0.0,0.0,0.0,0.0,0.0,0.0
2023-10-01 22:00:00,0.0,0.0,0.0,0.0,0.0,0.0,0.0,0.0,0.0,0.0,0.0,0.0,0.0,0.0,0.0,0.0,0.0,0.0,0.0,0.0,0.0,0.0,0.0,0.0,0.0,0.0,0.0,0.0
2023-10-01 23:00:00,0.0,0.0,0.0,0.0,0.0,0.0,0.0,0.0,0.0,0.0,0.0,0.0,0.0,0.0,0.0,0.0,0.0,0.0,0.0,0.0,0.0,0.0,0.0,0.0,0.0,0.0,0.0,0.0
2023-10-02 00:00:00,0.0,0.0,0.0,0.0,0.0,0.0,0.0,0.0,0.0,0.0,0.0,0.0,0.0,0.0,0.0,0.0,0.0,0.0,0.0,0.0,0.0,0.0,0.0,0.0,0.0,0.0,0.0,0.0
2023-10-02 01:00:00,0.0,0.0,0.0,0.0,0.0,0.0,0.0,0.0,0.0,0.0,0.0,0.0,0.0,0.0,0.0,0.0,0.0,0.0,0.0,0.0,0.0,0.0,0.0,0.0,0.0,0.0,0.0,0.0
2023-10-02 02:00:00,0.0,0.0,0.0,0.0,0.0,0.0,0.0,0.0,0.0,0.0,0.0,0.0,0.0,0.0,0.0,0.0,0.0,0.0,0.0,0.0,0.0,0.0,0.0,0.0,0.0,0.0,0.0,0.0
2023-10-02 03:00:00,0.0,0.0,0.0,0.0,0.0,0.0,0.0,0.0,0.0,0.0,0.0,0.0,0.0,0.0,0.0,0.0,0.0,0.0,0.0,0.0,0.0,0.0,0.0,0.0,0.0,0.0,0.0,0.0
2023-10-02 04:00:00,0.0,0.0,0.0,0.0,0.0,0.0,0.0,0.0,0.0,0.0,0.0,0.0,0.0,0.0,0.0,0.0,0.0,0.0,0.0,0.0,0.0,0.0,0.0,0.0,0.0,0.0,0.0,0.0
2023-10-02 05:00:00,0.0,0.0,0.0,0.0,0.0,0.0,0.0,0.0,0.0,0.0,0.0,0.0,0.0,0.0,0.0,0.0,0.0,0.0,0.0,0.0,0.0,0.0,0.0,0.0,0.0,0.0,0.0,0.0
2023-10-02 06:00:00,0.0,0.0,0.0,0.0,0.0,0.0,0.0,0.0,0.0,0.0,0.0,0.0,0.0,0.0,0.0,0.0,0.0,0.0,0.0,0.0,0.0,0.0,0.0,0.0,0.0,0.0,0.0,0.0
2023-10-02 07:00:00,0.0,0.0,0.0,0.0,0.0,0.0,0.0,0.0,0.0,0.0,0.0,0.0,0.0,0.0,0.0,0.0,0.0,0.0,0.0,0.0,0.0,0.0,0.0,0.0,0.0,0.0,0.0,0.0
2023-10-02 08:00:00,0.0006602455754223442,0.11946974411222164,0.0,0.008640939573030304,0.0,0.0,0.0,0.0,0.0,0.0,0.0,0.007111000136232086,0.0,0.0,0.0,0.0,0.0,0.0,0.0,0.0,0.0,0.0001753173393562739,0.11132342860993179,0.19050515802009138,0.10239245496241338,0.0,0.16444913911356157,0.1895951716358481
2023-10-02 09:00:00,0.007821153017789333,0.1988731895693902,0.0010154110712189423,0.019154819827247486,0.05151056274514356,0.05166451808635102,0.002690898289761122,0.006531179350308191,0.022336305341471078,0.008464406580601273,0.004722024873018324,0.021119636334966354,0.020104750855782887,0.008718043490881547,0.04605891294032776,0.06376915757531805,0.15209961865791258,0.006977631150053283,0.15471848690693782,0.0129882738323692,0.009275075248649211,0.012707580202064153,0.18568450148642213,0.27071808034452743,0.17753174220887769,0.061909157670683376,0.26495664079325926,0.264289268165212
2023-10-02 10:00:00,0.036987555469567536,0.3262858060393849,0.008064309293340958,0.052152622865693374,0.1418358059788016,0.14023661938537466,0.009582780951353644,0.01750297950962322,0.16444214768655724,0.01773508326912641,0.013197846338677082,0.062212437823154554,0.10943521663351326,0.023067911678798802,0.20271722403884965,0.25818298889480534,0.2743859218098867,0.03027372833573994,0.24937523170484718,0.02844938262974462,0.02411011173651082,0.03800859387017368,0.27841864961773377,0.38996826500567705,0.3130372946735846,0.1767541590235389,0.3882162417117362,0.33704996196341
2023-10-02 11:00:00,0.10228254721537575,0.43185755056158126,0.013018805100124434,0.07343773369258076,0.2515122063772376,0.19938352450166602,0.018110549057530744,0.027456465030097882,0.251327018675551,0.027709440424979838,0.024362120845823062,0.1002918691555649,0.20397181377371917,0.03296238361481559,0.37679161319077215,0.3657467148767512,0.36925225422556907,0.07726466284484315,0.34533398460985754,0.03272787240076805,0.033961083190284784,0.06922460376716313,0.39300725689532034,0.41251119613813275,0.4814984543810905,0.23463963525714693,0.4228383011739319,0.372064080608589
2023-10-02 12:00:00,0.08509736527417629,0.4995733354535816,0.02735062692393954,0.09890558375647442,0.3150449516860941,0.22310480710032288,0.020285755617711346,0.032431299697722404,0.12216803206465018,0.01919317017627995,0.018541184089483093,0.1644474393028785,0.13990655950983677,0.05298240717327163,0.3634397149942528,0.37300738086344304,0.39271924886861287,0.047081625426382584,0.40081034446273767,0.04423515686354551,0.05576262024643973,0.07983263320130186,0.4794300231948078,0.43212191229523517,0.5719152865035235,0.31870899505512,0.4410796313827558,0.439733273175757
2023-10-02 13:00:00,0.0909216457272239,0.4817981206704956,0.03757045636571586,0.08284135463596086,0.2734600570894016,0.24262087264306978,0.02706920678407253,0.039530176640663585,0.17445251429154948,0.0259310914694071,0.025572498171170036,0.1440169758450475,0.19073810686207457,0.059018958287169916,0.3638192685987319,0.3832826235029896,0.40812378804131166,0.041276159751964664,0.38228789067869423,0.04171365214117882,0.061542528823199834,0.07759334519723246,0.5304265594739765,0.42887977060832266,0.5849431406378134,0.3409261305657694,0.40834047802746676,0.46523495935475556
2023-10-02 14:00:00,0.12308577992468428,0.5295230293898505,0.032167417695353404,0.05680848813218942,0.2768238180781786,0.2631704908174478,0.019704435801128503,0.024419869690666656,0.3176993869258973,0.019947608039505668,0.01731181721291221,0.107660327405784,0.3421408978184003,0.03490545464412713,0.4479035269215399,0.4943809344604333,0.4434465829464922,0.04887709748450458,0.42130858801711407,0.02760717042036687,0.03645592122464113,0.0866727827543019,0.5387746855872018,0.38157220520035146,0.5560233158961196,0.3605522759561507,0.4622744566237225,0.45713095929137704
2023-10-02 15:00:00,0.1369634424492784,0.5439963109900581,0.025862820310655604,0.037366607700937804,0.25055541171564,0.22503219192282473,0.018050533789345204,0.026194840036661723,0.4118899157972698,0.0251510513750922,0.018940729173124213,0.09118622781862158,0.37845453508060584,0.034969615759300895,0.45694062709246375,0.42865286723355794,0.4050193647909843,0.07200375714722355,0.3581420407285497,0.035597617104547605,0.0365727544280316,0.07853124087940372,0.5398352232324403,0.32952749421688665,0.502913468011043,0.2778388128438225,0.5081312114150983,0.3504154798707925
2023-10-02 16:00:00,0.17042310974028455,0.4982469698826274,0.019213222636224422,0.0237898019826822,0.170517150844773,0.24754193171730177,0.012032885714551083,0.016268416556770905,0.423953207176344,0.018074832190958096,0.01275358612581317,0.09150090237763939,0.3508236413032882,0.01955932659847826,0.4891416160089318,0.3979459356037204,0.4013777720264071,0.07969467554408831,0.40561811517900953,0.02110471577506767,0.020320434397050065,0.07993106135363263,0.3849818007849929,0.2673385377040316,0.39646362467758534,0.2808442909034286,0.4243782590447018,0.2791227858423683
2023-10-02 17:00:00,0.22803203299347916,0.4267943027066249,0.009188234362084902,0.021740312445980545,0.1661309731974294,0.21122571687720673,0.008607107511155803,0.010587016222778689,0.40285243221010186,0.01991389749223893,0.011242170025047554,0.10213352417387025,0.3513767536781117,0.010518903185517927,0.3370200243610488,0.34434103312168574,0.38193609397643197,0.10426275018847314,0.36113776605031,0.019081887950623343,0.011222290105771453,0.07908568130198519,0.2962371398536254,0.30041646690004714,0.4233036392155418,0.2318560588296552,0.4041652663923345,0.3184484924322476
2023-10-02 18:00:00,0.18666867441201943,0.3222398338919202,0.016748210364114776,0.008651314804162877,0.11965546320994196,0.16147169304519074,0.005200290827524657,0.00476655100070371,0.350509147579475,0.010048196632091897,0.006282589731091121,0.08386710097567537,0.32470433939485704,0.002555813049153209,0.26527310827103867,0.33246536129024173,0.31935892117605974,0.03625192743145429,0.27875083861973765,0.005255474755454507,0.0026522158106935434,0.041125030722612484,0.2424425158027566,0.23629582624648074,0.308271884797106,0.1812312638452732,0.3142546197107943,0.22475244861556504
2023-10-02 19:00:00,0.17414278771299277,0.21318450793821833,0.062215482989973404,0.004315799879341776,0.0871478050682675,0.08396718046897934,0.00028318645861188956,3.207386465924109e-05,0.25324681772085095,0.0005031626707490735,4.811079698886163e-05,0.056382368226324135,0.21321134157583072,0.0,0.14746868607709332,0.18717222105196948,0.19102759812458428,0.04350266936609438,0.1450725407210461,0.00034634968395844427,0.0,0.02468252400864965,0.0,0.026113064758161515,0.0,0.10121872185751174,0.057094995061868825,0.02372816099448994
2023-10-02 20:00:00,0.0,0.0,0.0,0.0,0.0,0.0,0.0,0.0,0.0,0.0,0.0,0.0,0.0,0.0,0.0,0.0,0.0,0.0,0.0,0.0,0.0,0.0,0.0,0.0,0.0,0.0,0.0,0.0
2023-10-02 21:00:00,0.0,0.0,0.0,0.0,0.0,0.0,0.0,0.0,0.0,0.0,0.0,0.0,0.0,0.0,0.0,0.0,0.0,0.0,0.0,0.0,0.0,0.0,0.0,0.0,0.0,0.0,0.0,0.0
2023-10-02 22:00:00,0.0,0.0,0.0,0.0,0.0,0.0,0.0,0.0,0.0,0.0,0.0,0.0,0.0,0.0,0.0,0.0,0.0,0.0,0.0,0.0,0.0,0.0,0.0,0.0,0.0,0.0,0.0,0.0
2023-10-02 23:00:00,0.0,0.0,0.0,0.0,0.0,0.0,0.0,0.0,0.0,0.0,0.0,0.0,0.0,0.0,0.0,0.0,0.0,0.0,0.0,0.0,0.0,0.0,0.0,0.0,0.0,0.0,0.0,0.0
2023-10-03 00:00:00,0.0,0.0,0.0,0.0,0.0,0.0,0.0,0.0,0.0,0.0,0.0,0.0,0.0,0.0,0.0,0.0,0.0,0.0,0.0,0.0,0.0,0.0,0.0,0.0,0.0,0.0,0.0,0.0
2023-10-03 01:00:00,0.0,0.0,0.0,0.0,0.0,0.0,0.0,0.0,0.0,0.0,0.0,0.0,0.0,0.0,0.0,0.0,0.0,0.0,0.0,0.0,0.0,0.0,0.0,0.0,0.0,0.0,0.0,0.0
2023-10-03 02:00:00,0.0,0.0,0.0,0.0,0.0,0.0,0.0,0.0,0.0,0.0,0.0,0.0,0.0,0.0,0.0,0.0,0.0,0.0,0.0,0.0,0.0,0.0,0.0,0.0,0.0,0.0,0.0,0.0
2023-10-03 03:00:00,0.0,0.0,0.0,0.0,0.0,0.0,0.0,0.0,0.0,0.0,0.0,0.0,0.0,0.0,0.0,0.0,0.0,0.0,0.0,0.0,0.0,0.0,0.0,0.0,0.0,0.0,0.0,0.0
2023-10-03 04:00:00,0.0,0.0,0.0,0.0,0.0,0.0,0.0,0.0,0.0,0.0,0.0,0.0,0.0,0.0,0.0,0.0,0.0,0.0,0.0,0.0,0.0,0.0,0.0,0.0,0.0,0.0,0.0,0.0
2023-10-03 05:00:00,0.0,0.0,0.0,0.0,0.0,0.0,0.0,0.0,0.0,0.0,0.0,0.0,0.0,0.0,0.0,0.0,0.0,0.0,0.0,0.0,0.0,0.0,0.0,0.0,0.0,0.0,0.0,0.0
2023-10-03 06:00:00,0.0,0.0,0.0,0.0,0.0,0.0,0.0,0.0,0.0,0.0,0.0,0.0,0.0,0.0,0.0,0.0,0.0,0.0,0.0,0.0,0.0,0.0,0.0,0.0,0.0,0.0,0.0,0.0
2023-10-03 07:00:00,0.0,0.0,0.0,0.0,0.0,0.0,0.0,0.0,0.0,0.0,0.0,0.0,0.0,0.0,0.0,0.0,0.0,0.0,0.0,0.0,0.0,0.0,0.0,0.0,0.0,0.0,0.0,0.0
2023-10-03 08:00:00,0.0,0.07278682857767635,0.0,0.12484110825452613,0.0,0.0,0.11052278116676528,0.18921993193256828,0.0,0.1565235081402579,0.0784001191390894,0.04082154396262659,0.0,0.2678416536746186,0.0,0.0,0.0,0.0,0.0,0.1953051584361653,0.261556710391154,0.0,0.3217480153342657,0.05281103981131118,0.010375593187815434,0.0,0.07091317866279254,0.09490910869117841
2023-10-03 09:00:00,0.28178481726127086,0.32013460794556503,0.390582161437543,0.18358158640315825,0.03107843405849951,0.0009700565589051262,0.41674805402175474,0.4186453860795723,0.10387954902827512,0.3722344261567418,0.39265899988762265,0.13438680594574448,0.09935118702431868,0.3985993388403413,0.03167210249945511,0.016037884601408012,0.00018982841222989075,0.18808715026097658,0.0,0.3450675584690817,0.3942238095184041,0.23252804309153965,0.42358843876288566,0.13331199586429268,0.051096422049270666,0.010389728396051871,0.17947402106784954,0.16169309455951955
2023-10-03 10:00:00,0.43739406342575304,0.5105096336058939,0.5798516604278167,0.38143040552981966,0.07593810281423657,0.00894963361164254,0.5824969037519059,0.5790388663649716,0.19112260169170228,0.4989226134798034,0.5428157889665886,0.3334844211185381,0.18901995647370026,0.586472423655048,0.08745468976259876,0.0723746230048453,0.005903384575005074,0.2944133403661637,0.0021752330012855896,0.5521146397863826,0.5846107154033079,0.3658792096814028,0.5111622069571993,0.3329510747045373,0.27753008313427174,0.018330147980521176,0.34073295964564326,0.39252105201872023
2023-10-03 11:00:00,0.5599029732664436,0.5561698216825015,0.6341731868290026,0.42948556493600965,0.15831026838291629,0.020409342041669446,0.6504614995175539,0.6748615282233749,0.1418381135902486,0.5947262598765345,0.6295585610168124,0.4708836964151934,0.14670548376126621,0.6939012162189325,0.026322208239226104,0.04199414392140534,0.03429070257487233,0.5213361163611642,0.010190883679514363,0.6503966173599979,0.6945722397647487,0.5639151489241641,0.5814169706586777,0.5539983075559357,0.4670739216926203,0.02206585978824808,0.44925243846039814,0.5580307646134016
2023-10-03 12:00:00,0.3353640977366521,0.3578648952023066,0.6662278332896008,0.46614617154232507,0.20625845387384656,0.0497105863957592,0.6669903330235637,0.6771462411486375,0.05416484510296436,0.6456167529100028,0.6718795648524056,0.5735786789882108,0.048104633131679446,0.6708479419277602,0.07212316438316062,0.061368588028884966,0.03614101568990924,0.4867429449420973,0.03739285373773598,0.5734089827540669,0.6691248494620498,0.5815181921977485,0.6032735552864602,0.5431465254999395,0.46546883313805626,0.061380219359733174,0.383140387656538,0.5804275137212264
2023-10-03 13:00:00,0.2779463641373383,0.27023455850699557,0.6548607337115205,0.6165597363024373,0.2197696960651993,0.05592821653958568,0.7051770956076369,0.7360298048763975,0.09820968245319606,0.7049707125559351,0.709095135909771,0.523477774871629,0.09562413838725443,0.7242046861121588,0.0940345289038698,0.10823295065936567,0.06326445294663549,0.2950438823960421,0.05560635161408115,0.7023814122923909,0.7219587582952329,0.47832077371124343,0.5489465883647373,0.5233125830753401,0.46188173328947946,0.06936482539923279,0.36131935608705684,0.554392543203774
2023-10-03 14:00:00,0.3326087892707687,0.32972356131558633,0.533579254232011,0.6054559188747974,0.2683159365901209,0.055392617794926075,0.6945968306901498,0.7079291542333634,0.15651033660835273,0.6700981638404114,0.6769136118156547,0.5134721058230801,0.13707315481086568,0.6908381522151674,0.08537775925214768,0.09312235298170893,0.0856715073534886,0.3934976260533074,0.06313100057370855,0.6372987829596255,0.6868760414070048,0.4845030152131124,0.473878192308799,0.5019883873721388,0.4332709500616834,0.05779175464318515,0.32816203598977794,0.5519339997791542
2023-10-03 15:00:00,0.5058837072900576,0.34837651081160725,0.5396934701229509,0.5587713282481369,0.29753058493785445,0.0739567597437426,0.7087817638930433,0.6976213948033205,0.16306159259124822,0.6705511934636529,0.6829079417780985,0.7115941778485577,0.13617105065099078,0.6903798312822118,0.20049774910248447,0.14283355266428158,0.08313083017394371,0.7358561875850579,0.0640794637199857,0.5805837118557406,0.687407360923933,0.7373381868341365,0.4874033913364759,0.5384014596354783,0.42596933186082564,0.0602077497875093,0.30856486372090963,0.6161497597913037
2023-10-03 16:00:00,0.4074015997291903,0.3005731144865975,0.4624149794311061,0.483684396095297,0.25920675946621236,0.05768048973048898,0.6398862248379132,0.6683211389019054,0.08678207067987742,0.6530795434906972,0.6542735909764076,0.7212651533880123,0.07333482386358355,0.6805198077709177,0.06740264202857116,0.05454433214670774,0.07064123093228919,0.6121840732740059,0.078542453818565,0.5390458059790922,0.6792039384473989,0.725715462529054,0.430112505122891,0.45082900586284463,0.3098946693188812,0.04206284605713985,0.14255947758259932,0.5416849727198344
2023-10-03 17:00:00,0.2629260989119758,0.22852070393573257,0.3488586026975786,0.40482557705792394,0.2765074287072428,0.05054433934628068,0.5773599630219798,0.5764551122312883,0.040537538349912194,0.5344532328308299,0.5520830388318054,0.6185673173775863,0.03293215516584543,0.5814119135103801,0.03273930723397992,0.03223216932920723,0.09188580145550408,0.3451746942181942,0.11714743733193565,0.43974170593257284,0.5794713436314319,0.5578012677723688,0.37704515262043964,0.39802253669241844,0.1316715231603373,0.034484328326382645,0.0795438370165886,0.47055113370286866
2023-10-03 18:00:00,0.09841527398231582,0.1460460687516156,0.19458407137373196,0.3365332039094343,0.25516841218448144,0.045976305753038176,0.37148616171933924,0.36090188096970316,0.018071473703335072,0.28289370351499943,0.3225658248168286,0.3480504444569214,0.013241687931038491,0.3840310210551092,0.019515453195265795,0.011298317984244674,0.10273598756777513,0.07023046630346905,0.09573433195215368,0.278895966439416,0.38341867596191115,0.20153487460269096,0.3161899967341019,0.2126765194650646,0.11571179245834018,0.03148198682592441,0.033271124729781824,0.291433253266608
2023-10-03 19:00:00,0.04471400287757974,0.06789099361928798,0.13939759577998234,0.18376738732182993,0.20230121619042069,0.036542474492813996,0.2001207696775251,0.20716341565347304,0.007216880527846116,0.16742956375323179,0.19595713747154755,0.18932270195046172,0.003533703448663463,0.22269712985077472,0.004329268130812206,0.0037895975105279754,0.08528978315971515,0.022037543776170423,0.09197526692155124,0.16094999121243375,0.2246781081006182,0.09159220141704204,0.0,0.0388644048698627,0.0,0.020356935986718908,6.154974035794492e-05,0.03149926955126802
2023-10-03 20:00:00,0.0,0.0,0.0,0.0,0.0,0.0,0.0,0.0,0.0,0.0,0.0,0.0,0.0,0.0,0.0,0.0,0.0,0.0,0.0,0.0,0.0,0.0,0.0,0.0,0.0,0.0,0.0,0.0
2023-10-03 21:00:00,0.0,0.0,0.0,0.0,0.0,0.0,0.0,0.0,0.0,0.0,0.0,0.0,0.0,0.0,0.0,0.0,0.0,0.0,0.0,0.0,0.0,0.0,0.0,0.0,0.0,0.0,0.0,0.0
2023-10-03 22:00:00,0.0,0.0,0.0,0.0,0.0,0.0,0.0,0.0,0.0,0.0,0.0,0.0,0.0,0.0,0.0,0.0,0.0,0.0,0.0,0.0,0.0,0.0,0.0,0.0,0.0,0.0,0.0,0.0
2023-10-03 23:00:00,0.0,0.0,0.0,0.0,0.0,0.0,0.0,0.0,0.0,0.0,0.0,0.0,0.0,0.0,0.0,0.0,0.0,0.0,0.0,0.0,0.0,0.0,0.0,0.0,0.0,0.0,0.0,0.0
2023-10-04 00:00:00,0.0,0.0,0.0,0.0,0.0,0.0,0.0,0.0,0.0,0.0,0.0,0.0,0.0,0.0,0.0,0.0,0.0,0.0,0.0,0.0,0.0,0.0,0.0,0.0,0.0,0.0,0.0,0.0
2023-10-04 01:00:00,0.0,0.0,0.0,0.0,0.0,0.0,0.0,0.0,0.0,0.0,0.0,0.0,0.0,0.0,0.0,0.0,0.0,0.0,0.0,0.0,0.0,0.0,0.0,0.0,0.0,0.0,0.0,0.0
2023-10-04 02:00:00,0.0,0.0,0.0,0.0,0.0,0.0,0.0,0.0,0.0,0.0,0.0,0.0,0.0,0.0,0.0,0.0,0.0,0.0,0.0,0.0,0.0,0.0,0.0,0.0,0.0,0.0,0.0,0.0
2023-10-04 03:00:00,0.0,0.0,0.0,0.0,0.0,0.0,0.0,0.0,0.0,0.0,0.0,0.0,0.0,0.0,0.0,0.0,0.0,0.0,0.0,0.0,0.0,0.0,0.0,0.0,0.0,0.0,0.0,0.0
2023-10-04 04:00:00,0.0,0.0,0.0,0.0,0.0,0.0,0.0,0.0,0.0,0.0,0.0,0.0,0.0,0.0,0.0,0.0,0.0,0.0,0.0,0.0,0.0,0.0,0.0,0.0,0.0,0.0,0.0,0.0
2023-10-04 05:00:00,0.0,0.0,0.0,0.0,0.0,0.0,0.0,0.0,0.0,0.0,0.0,0.0,0.0,0.0,0.0,0.0,0.0,0.0,0.0,0.0,0.0,0.0,0.0,0.0,0.0,0.0,0.0,0.0
2023-10-04 06:00:00,0.0,0.0,0.0,0.0,0.0,0.0,0.0,0.0,0.0,0.0,0.0,0.0,0.0,0.0,0.0,0.0,0.0,0.0,0.0,0.0,0.0,0.0,0.0,0.0,0.0,0.0,0.0,0.0
2023-10-04 07:00:00,0.0,0.0,0.0,0.0,0.0,0.0,0.0,0.0,0.0,0.0,0.0,0.0,0.0,0.0,0.0,0.0,0.0,0.0,0.0,0.0,0.0,0.0,0.0,0.0,0.0,0.0,0.0,0.0
2023-10-04 08:00:00,0.0,0.021032075806643746,0.0,0.03977522265034288,0.0,0.0,0.0,0.041017857221539604,0.0,0.0,0.0,0.011102348846918382,0.0,0.0818908534868321,0.0,0.0,0.0,0.0,0.0,0.12235585546728574,0.08558738090318896,0.0,0.16911570549993693,0.04895435464209151,0.046130503429891216,0.0,0.04804527103905665,0.04840139141452704
2023-10-04 09:00:00,0.044472698732497616,0.0799735876181021,0.10947386856856775,0.056171564928703455,0.10681822491734631,0.01240864123094934,0.07788077238629723,0.08730545603512996,0.006035306847187047,0.11589213832676643,0.10808671445177095,0.02427566049166183,0.006263121836622063,0.0868576694521642,0.0006209476046819276,0.0012291256254315867,0.005964046805091605,0.020878797831062324,0.005846833531981289,0.08160061138325467,0.0902605139924739,0.061958744460186566,0.271916463394753,0.1520148126777358,0.13249570024108756,0.010296946180559674,0.15297689439301174,0.15529071242725445
2023-10-04 10:00:00,0.11491896056620235,0.12531640040350006,0.2808986800153687,0.10677104956833451,0.18963290087996432,0.076140300648199,0.21664230055647984,0.22145951566654654,0.014976107185999954,0.25478916480487235,0.27980297588200254,0.0655303345463131,0.013419141681820667,0.1805797123768412,0.009346211409482623,0.005749283861313602,0.03565904830451628,0.0905410663498775,0.034968522913505676,0.1508887806768895,0.17627731319971784,0.15264883883085315,0.3950219694390677,0.28128077061763335,0.24805624006665275,0.056876124854363934,0.3235620788604304,0.22135803083565367
2023-10-04 11:00:00,0.17069922275204127,0.15796135151425672,0.41656645976638024,0.13014587084262,0.2611277470768987,0.12853590857407723,0.3005386529050356,0.27016641342598907,0.024526624568550492,0.3000417384067724,0.33397683127181704,0.08552641169879377,0.028406752696347667,0.22914486615469581,0.01379735876026654,0.015067831365528155,0.06160139703099726,0.08711104185614772,0.0647182485452959,0.1915808892356319,0.22453272476223635,0.17801129652439704,0.5124554737653529,0.38696746239788293,0.5136899431574653,0.10501930277906622,0.513880377232521,0.3213371556476402
2023-10-04 12:00:00,0.13897182974645403,0.266098041890975,0.4228069604100886,0.1386874293309153,0.35668878544716703,0.1438240487635217,0.4927979724546964,0.4595585584168471,0.044062042327704415,0.433335785679683,0.49916942798491487,0.08992718575803496,0.03527915724069713,0.38340172887956103,0.029472684350789646,0.023648652394719725,0.06242104986486114,0.07062360186880084,0.04206282120744028,0.2628790883094364,0.36800755349626024,0.208330423383384,0.5991954092698853,0.4778884094574281,0.6112040472855461,0.11198663081952155,0.5344159466369168,0.45308407572510656
2023-10-04 13:00:00,0.14853485068433028,0.2669559905668744,0.3901868466713433,0.22993126395366062,0.4106487087830498,0.1726262097885657,0.4193155940390188,0.4271573199685024,0.05615325015692312,0.3755228993366879,0.4232904716536081,0.12625301449600765,0.04496483221705696,0.40044488646782767,0.03657594332216338,0.03920775699639056,0.08135836160807498,0.10002037339804735,0.06465920396653592,0.3579167112974624,0.39256438383894043,0.19590709148887067,0.6619079167798873,0.5021361751398344,0.733318439379083,0.16849475650362786,0.5832359892232694,0.4479889230094462
2023-10-04 14:00:00,0.17310573838191806,0.25545375588655134,0.42525336938660413,0.181330043116229,0.4159782403117859,0.1637659313224934,0.37835508910492327,0.3946926362474443,0.060401285600379565,0.4016689601451794,0.42046187064601503,0.10521334558003317,0.06518320808015027,0.38782054598136084,0.04399205724619167,0.07318528674715073,0.08874705961780997,0.13112227718306016,0.06351950254566432,0.28659495127395906,0.3870652401968433,0.23908937848013814,0.670245230091123,0.4539653828047707,0.6893347536071608,0.13668143822684045,0.5707869384549006,0.38288133242042466
2023-10-04 15:00:00,0.16819155827944615,0.21915398258148258,0.40523421385115416,0.16362034089813823,0.40646831813666323,0.15120993425622567,0.30412198990191397,0.32093032040431907,0.04968818012565137,0.32815030404705087,0.3180743210676985,0.10838731676194248,0.04565819032307289,0.3538073029714009,0.035776177763199725,0.06711826117542281,0.06956306391469094,0.17081905050896992,0.04484546155248179,0.29197496717857657,0.36101669482964177,0.21680691474461566,0.6239047580931993,0.40723742401308216,0.6513086435978029,0.11792622204860892,0.5306653341482696,0.2993539758623881
2023-10-04 16:00:00,0.17391185302826323,0.1697942849473015,0.42183556876113315,0.12007549572457538,0.3484593112971492,0.09130058797966738,0.36007093967688536,0.3638315408637071,0.07167802405325503,0.2905222181155753,0.31564947624215955,0.07525500825256473,0.04513592612886942,0.40603051904810805,0.028529375794965554,0.07017428638671103,0.05665181130014183,0.1837907549863487,0.04461925797520755,0.3049728687995265,0.4123115659828027,0.1761521235169976,0.6302443920223783,0.4071130619252786,0.5885417940384955,0.0637634228492235,0.5147720004267111,0.3042066927900662
2023-10-04 17:00:00,0.14724454663633432,0.1380381322789356,0.3566324758216989,0.10247431997117107,0.3204404528221533,0.05287817303257951,0.2805251446600477,0.26693751393083,0.04571873559812425,0.304520755261687,0.26605329276329276,0.07470606309728844,0.04553676778329175,0.29329068955811444,0.028944576428557037,0.06503421266401067,0.050081553222624635,0.13382367249367652,0.027295763311059425,0.26163270842249636,0.30650008721889055,0.18117880147957385,0.5316976032521086,0.3730236605219016,0.5375768478526096,0.04542912040411987,0.5260059168677765,0.25629343797211035
2023-10-04 18:00:00,0.09902350940108261,0.07834275182022815,0.3089451108489404,0.03700394447187412,0.2387442544056562,0.023544682861993984,0.2487650076675715,0.2390182804916198,0.026784744127538465,0.29161988746137957,0.269299213723369,0.048416895333662696,0.028193649694398373,0.22727772643045085,0.009767577226457099,0.03650732124880289,0.013783508545245233,0.07988626744683208,0.01196694040514884,0.17418165295394716,0.23418094711638412,0.15242221354762933,0.3957147686654187,0.17676858282105218,0.39579483177013197,0.017230638129955837,0.3743645168540657,0.1165187450413979
2023-10-04 19:00:00,0.06832204500445316,0.01899578551635951,0.20929618516402393,0.00680556145096152,0.11391077926672345,0.0031987541077246173,0.12400712032507531,0.14575940486793806,0.0013607723666458989,0.20103986610575048,0.17933520581635753,0.0070710230492449355,0.0031125271756087883,0.1519146339303346,0.003194395909963235,0.0035571656336678657,0.0025739587057027444,0.03789453163980574,0.001370588026664506,0.09681988076473856,0.1579623650437488,0.10635303765735875,0.0,0.0,0.0,0.0034741262689121583,0.0019833481691064045,0.0
2023-10-04 20:00:00,0.0,0.0,0.0,0.0,0.0,0.0,0.0,0.0,0.0,0.0,0.0,0.0,0.0,0.0,0.0,0.0,0.0,0.0,0.0,0.0,0.0,0.0,0.0,0.0,0.0,0.0,0.0,0.0
2023-10-04 21:00:00,0.0,0.0,0.0,0.0,0.0,0.0,0.0,0.0,0.0,0.0,0.0,0.0,0.0,0.0,0.0,0.0,0.0,0.0,0.0,0.0,0.0,0.0,0.0,0.0,0.0,0.0,0.0,0.0
2023-10-04 22:00:00,0.0,0.0,0.0,0.0,0.0,0.0,0.0,0.0,0.0,0.0,0.0,0.0,0.0,0.0,0.0,0.0,0.0,0.0,0.0,0.0,0.0,0.0,0.0,0.0,0.0,0.0,0.0,0.0
2023-10-04 23:00:00,0.0,0.0,0.0,0.0,0.0,0.0,0.0,0.0,0.0,0.0,0.0,0.0,0.0,0.0,0.0,0.0,0.0,0.0,0.0,0.0,0.0,0.0,0.0,0.0,0.0,0.0,0.0,0.0
2023-10-05 00:00:00,0.0,0.0,0.0,0.0,0.0,0.0,0.0,0.0,0.0,0.0,0.0,0.0,0.0,0.0,0.0,0.0,0.0,0.0,0.0,0.0,0.0,0.0,0.0,0.0,0.0,0.0,0.0,0.0
2023-10-05 01:00:00,0.0,0.0,0.0,0.0,0.0,0.0,0.0,0.0,0.0,0.0,0.0,0.0,0.0,0.0,0.0,0.0,0.0,0.0,0.0,0.0,0.0,0.0,0.0,0.0,0.0,0.0,0.0,0.0
2023-10-05 02:00:00,0.0,0.0,0.0,0.0,0.0,0.0,0.0,0.0,0.0,0.0,0.0,0.0,0.0,0.0,0.0,0.0,0.0,0.0,0.0,0.0,0.0,0.0,0.0,0.0,0.0,0.0,0.0,0.0
2023-10-05 03:00:00,0.0,0.0,0.0,0.0,0.0,0.0,0.0,0.0,0.0,0.0,0.0,0.0,0.0,0.0,0.0,0.0,0.0,0.0,0.0,0.0,0.0,0.0,0.0,0.0,0.0,0.0,0.0,0.0
2023-10-05 04:00:00,0.0,0.0,0.0,0.0,0.0,0.0,0.0,0.0,0.0,0.0,0.0,0.0,0.0,0.0,0.0,0.0,0.0,0.0,0.0,0.0,0.0,0.0,0.0,0.0,0.0,0.0,0.0,0.0
2023-10-05 05:00:00,0.0,0.0,0.0,0.0,0.0,0.0,0.0,0.0,0.0,0.0,0.0,0.0,0.0,0.0,0.0,0.0,0.0,0.0,0.0,0.0,0.0,0.0,0.0,0.0,0.0,0.0,0.0,0.0
2023-10-05 06:00:00,0.0,0.0,0.0,0.0,0.0,0.0,0.0,0.0,0.0,0.0,0.0,0.0,0.0,0.0,0.0,0.0,0.0,0.0,0.0,0.0,0.0,0.0,0.0,0.0,0.0,0.0,0.0,0.0
2023-10-05 07:00:00,0.0,0.0,0.0,0.0,0.0,0.0,0.0,0.0,0.0,0.0,0.0,0.0,0.0,0.0,0.0,0.0,0.0,0.0,0.0,0.0,0.0,0.0,0.0,0.0,0.0,0.0,0.0,0.0
2023-10-05 08:00:00,0.0,0.011779418852574912,0.0,0.14781201318520562,0.0,0.0,0.0,0.0,0.0,0.0,0.0,0.03679233863176278,0.0,0.10430752342658248,0.0,0.0,0.0,0.0,0.0,0.26258618268348655,0.11734596385490528,0.0,0.16873441374892517,0.0845525491785986,0.11282512962385248,0.0,0.06907015015185199,0.124700090700254
2023-10-05 09:00:00,0.20338068695529293,0.10520855282511657,0.23115353029410413,0.20703456903737083,0.004560769808774921,0.0020111052510190736,0.15037279672171983,0.24129656053947515,0.10585157913504291,0.25331321352659986,0.19355004647202106,0.20881061837258444,0.09757905960261162,0.3162951907856663,0.011445507926370627,0.025970443165259167,0.017455828290411365,0.24161270329997397,0.007807433598501757,0.2977115149798242,0.3282367632149561,0.256692196978489,0.22004938578633162,0.13893693401655713,0.15509385118815777,0.0017580379205954877,0.11019556555670722,0.21253384190139166
2023-10-05 10:00:00,0.4019797559675145,0.19903456609202202,0.30127279381409594,0.44461654438194015,0.013154456497960963,0.020889559651003222,0.23537576542631275,0.30660184857555123,0.22851162565994587,0.34631067136042504,0.27789645406483926,0.4154043364995442,0.20633457673440478,0.37702047887965146,0.06065707110814763,0.07733230646746388,0.04889348213643231,0.493157984891901,0.02054708135699005,0.3862830816608327,0.39049046340340937,0.44269018739432303,0.2758636868957617,0.21719862777180474,0.22930216599585596,0.014403704623188403,0.1492849228046137,0.28535298141336174
2023-10-05 11:00:00,0.5046783889504949,0.26165306728493987,0.521675588138009,0.6414934108855136,0.027327445090450243,0.04603938777196899,0.5855756496263573,0.6049633612214663,0.34321730171352327,0.5824046568480403,0.5813679332194943,0.5653499875603488,0.30206523634014254,0.6169419544530419,0.11847916376034957,0.18240957222813425,0.08160642591843056,0.566834223465209,0.05968491249135143,0.6309727414251005,0.6196853678477042,0.5562628103520183,0.3518113145027456,0.3117162034055354,0.27967925435849117,0.03966076087835168,0.24403299443142645,0.37415371768182626
2023-10-05 12:00:00,0.6826239315475843,0.33823201628113564,0.6467792733570324,0.7136279926667984,0.0489621662445184,0.10872354803375256,0.7526582600576855,0.7325007178599923,0.46574104066601296,0.7020972510415139,0.7095392126051225,0.7280665522347939,0.4381730063069276,0.7336902204817303,0.33050940358712827,0.37222629182653977,0.16834944189989312,0.6978069839614734,0.13196256723437655,0.7367288290499306,0.7334271009014433,0.7337340611784523,0.43766710590283325,0.2722047419452941,0.42933553168319877,0.11417949849059734,0.23809158023794874,0.33075509177011264
2023-10-05 13:00:00,0.7265365175971015,0.43630677369110754,0.6567632365613615,0.7544395577082116,0.0728438749899522,0.12571579441907593,0.7700151091177632,0.7458376882658565,0.5099560655780483,0.7290214632530583,0.735447767433699,0.7728253124752863,0.4937350308049635,0.7394667281889353,0.4265095091099232,0.4717281212496275,0.19298387616417292,0.7191626556840706,0.14629723601553055,0.7373670749149375,0.7387204580408532,0.7587434233512654,0.49525308716804545,0.3497318635371247,0.4313717353215564,0.13207883462281542,0.27536343345105785,0.3963270093154648
2023-10-05 14:00:00,0.7523375664304432,0.46111820372643253,0.6805230817716139,0.7603421020487372,0.0721481185837827,0.11221231814058331,0.7607475682506791,0.7484810428631475,0.6191176091089208,0.7255072871588001,0.7403949730406056,0.8017423473371582,0.6488031701154068,0.7553993939261742,0.4267512411920779,0.5928527905241401,0.21366693129737543,0.7343364559677911,0.1547108208217958,0.7399000338392479,0.7555005159382007,0.7731820184995549,0.44114599994154935,0.31265487692930644,0.30493544849590193,0.13124851270903765,0.1696834588659763,0.3607888744524742
2023-10-05 15:00:00,0.7284120705792189,0.5033656276637649,0.661824419294688,0.7467592204680749,0.08603340901421871,0.12022273693754564,0.7485012629933009,0.7389388165379218,0.5968778081658881,0.7272856810026116,0.7350836277311984,0.775599682080228,0.6440178042169935,0.7396613630509304,0.44646055210889335,0.5408563304044346,0.195943543537664,0.6582044390368285,0.11354567007702092,0.7288021091611228,0.7399043326599142,0.7463545620755525,0.4775736113417435,0.28720025739539434,0.2837411822064617,0.18051549074453413,0.1833445048698991,0.36003709996057015
2023-10-05 16:00:00,0.6710093205077912,0.494666126837874,0.5806420506474009,0.713742285010924,0.07316348422427282,0.11712551306122956,0.7162446462848954,0.7101647888903226,0.5383960974945046,0.7085834092228025,0.7079827432121305,0.7473854057009564,0.6072060449732836,0.7060437469761802,0.569075628206786,0.5560481248952258,0.1635715308294176,0.6031908455575913,0.12415970854119755,0.698937829156828,0.7061764709089688,0.7201840582160094,0.4343733533253042,0.2281031914891711,0.23711213960263364,0.16504057925904156,0.11216427716668825,0.2735513324219688
2023-10-05 17:00:00,0.6472307705886478,0.4557163075153526,0.5480281049623449,0.6451956647745014,0.05062667949152064,0.08770128173887556,0.6436421661971403,0.639785880665531,0.5269826252383458,0.6346801032768247,0.6381532517789732,0.6816578106844255,0.6001646880242747,0.6372875352557558,0.5427195675664204,0.5503592027360715,0.15955162070801654,0.6206436341826661,0.08514579592109257,0.6302764193234984,0.6367591624138822,0.6673424136524283,0.38591630648693015,0.22635292716583902,0.1894976409806852,0.14034475273558872,0.08789289386284985,0.31061113237336585
2023-10-05 18:00:00,0.5229671367412269,0.42401282461549294,0.41453718128689054,0.5018501966467014,0.02723142143627355,0.07866123530520294,0.49571810263832994,0.500102668297037,0.4028571836598804,0.5006407747047432,0.5025613530521557,0.5344197037991232,0.4789220438011531,0.49829704307747885,0.4872495600226531,0.4625717931233051,0.08884785091989342,0.5079605677044307,0.05823536843583531,0.4854287796656798,0.49679053340077584,0.5357365534279602,0.3463383626676987,0.21754428127570868,0.14280608640733353,0.1419263839820041,0.049899304792920714,0.3109728827566502
2023-10-05 19:00:00,0.37633463558823793,0.20154193582742236,0.2854970051596931,0.0,0.005371931478375216,0.04500423407207405,0.3643605858714077,0.38068052444814415,0.269521228895115,0.35994888510783524,0.3646830474823757,0.2858307855758092,0.31544489866614117,0.39578678992074795,0.3074378914723979,0.2864323932824811,0.04560618575310156,0.3807308605557473,0.03834656915910393,0.401662682360858,0.39679842528279174,0.40411474892593735,0.0,0.0,0.0,0.11619124006575043,0.0,0.0
2023-10-05 20:00:00,0.0,0.0,0.0,0.0,0.0,0.0,0.0,0.0,0.0,0.0,0.0,0.0,0.0,0.0,0.0,0.0,0.0,0.0,0.0,0.0,0.0,0.0,0.0,0.0,0.0,0.0,0.0,0.0
2023-10-05 21:00:00,0.0,0.0,0.0,0.0,0.0,0.0,0.0,0.0,0.0,0.0,0.0,0.0,0.0,0.0,0.0,0.0,0.0,0.0,0.0,0.0,0.0,0.0,0.0,0.0,0.0,0.0,0.0,0.0
2023-10-05 22:00:00,0.0,0.0,0.0,0.0,0.0,0.0,0.0,0.0,0.0,0.0,0.0,0.0,0.0,0.0,0.0,0.0,0.0,0.0,0.0,0.0,0.0,0.0,0.0,0.0,0.0,0.0,0.0,0.0
2023-10-05 23:00:00,0.0,0.0,0.0,0.0,0.0,0.0,0.0,0.0,0.0,0.0,0.0,0.0,0.0,0.0,0.0,0.0,0.0,0.0,0.0,0.0,0.0,0.0,0.0,0.0,0.0,0.0,0.0,0.0
2023-10-06 00:00:00,0.0,0.0,0.0,0.0,0.0,0.0,0.0,0.0,0.0,0.0,0.0,0.0,0.0,0.0,0.0,0.0,0.0,0.0,0.0,0.0,0.0,0.0,0.0,0.0,0.0,0.0,0.0,0.0
2023-10-06 01:00:00,0.0,0.0,0.0,0.0,0.0,0.0,0.0,0.0,0.0,0.0,0.0,0.0,0.0,0.0,0.0,0.0,0.0,0.0,0.0,0.0,0.0,0.0,0.0,0.0,0.0,0.0,0.0,0.0
2023-10-06 02:00:00,0.0,0.0,0.0,0.0,0.0,0.0,0.0,0.0,0.0,0.0,0.0,0.0,0.0,0.0,0.0,0.0,0.0,0.0,0.0,0.0,0.0,0.0,0.0,0.0,0.0,0.0,0.0,0.0
2023-10-06 03:00:00,0.0,0.0,0.0,0.0,0.0,0.0,0.0,0.0,0.0,0.0,0.0,0.0,0.0,0.0,0.0,0.0,0.0,0.0,0.0,0.0,0.0,0.0,0.0,0.0,0.0,0.0,0.0,0.0
2023-10-06 04:00:00,0.0,0.0,0.0,0.0,0.0,0.0,0.0,0.0,0.0,0.0,0.0,0.0,0.0,0.0,0.0,0.0,0.0,0.0,0.0,0.0,0.0,0.0,0.0,0.0,0.0,0.0,0.0,0.0
2023-10-06 05:00:00,0.0,0.0,0.0,0.0,0.0,0.0,0.0,0.0,0.0,0.0,0.0,0.0,0.0,0.0,0.0,0.0,0.0,0.0,0.0,0.0,0.0,0.0,0.0,0.0,0.0,0.0,0.0,0.0
2023-10-06 06:00:00,0.0,0.0,0.0,0.0,0.0,0.0,0.0,0.0,0.0,0.0,0.0,0.0,0.0,0.0,0.0,0.0,0.0,0.0,0.0,0.0,0.0,0.0,0.0,0.0,0.0,0.0,0.0,0.0
2023-10-06 07:00:00,0.0,0.0,0.0,0.0,0.0,0.0,0.0,0.0,0.0,0.0,0.0,0.0,0.0,0.0,0.0,0.0,0.0,0.0,0.0,0.0,0.0,0.0,0.0,0.0,0.0,0.0,0.0,0.0
2023-10-06 08:00:00,0.0,0.025649266079422143,0.0,0.4068800973144613,0.0,0.0,0.0,0.0,0.0,0.0,0.0,0.10927483519721129,0.0,0.051506616461973395,0.0,0.0,0.0,0.0,0.0,0.0,0.05794494351972007,0.0,0.3964576282863586,0.21178944411342773,0.20848137652571658,0.0,0.11994036857928696,0.1885350513852221
2023-10-06 09:00:00,0.45457191202492525,0.37686578134789134,0.46377545996290415,0.5464171661794972,0.01312501031292299,0.030994243872433484,0.4930835851585535,0.49252009152153153,0.2949140611796133,0.4805359192659403,0.4864089732055625,0.5538110160454465,0.32720049822295744,0.4958921256178159,0.14577572496943908,0.1916355783344642,0.02990224475980331,0.5042444995989604,0.018344212496984404,0.49255040865347444,0.4953643286515933,0.5218286618514646,0.5927130982678501,0.26783913172505036,0.2770121857939198,0.08252650364362368,0.21542896834286943,0.27378420925765
2023-10-06 10:00:00,0.6195179948527866,0.49230921101794806,0.6199674779003459,0.6781993024220753,0.03743970362742617,0.055440464951214734,0.6405221525707151,0.6395085019856562,0.45819631334492944,0.630989107957881,0.6356203414218115,0.697244613931234,0.5245898519682888,0.6426119438681984,0.3370800624446227,0.36244197341732676,0.041168299795770025,0.6490320782619131,0.02581959321074805,0.6372557371404526,0.6423158520674829,0.6728768430758819,0.722356011367841,0.4199572423827248,0.4019726681212974,0.12341387140017751,0.3319400791911647,0.42517630089997654
2023-10-06 11:00:00,0.6945941057495467,0.6278517562397482,0.6944983948993506,0.7388843987782997,0.06202312335714494,0.10517780969389393,0.7098696810855397,0.7078887576230876,0.5291775122818396,0.7024029249248156,0.7051517715671105,0.7590881076427555,0.6162619831166306,0.7106949445093875,0.4921535551523781,0.5333005543719831,0.09616468476893027,0.7014860562429543,0.0803286551356483,0.7047700830796926,0.7106767206107696,0.7350813823092689,0.7700475345008866,0.6345648317150833,0.6381804669337975,0.2413093649352745,0.5476516095567091,0.6282566870433239
2023-10-06 12:00:00,0.6946944240677436,0.678636880698497,0.7316638628887758,0.7695945038301081,0.11945026584691919,0.16508213705661465,0.7380452622884025,0.7320185809903386,0.5780794171130907,0.7385420430657943,0.7368116953542371,0.7827172408483837,0.6057456061805991,0.7251048867617278,0.5177213468313202,0.5234803276470448,0.11433096828495368,0.7247707280812062,0.12928648736402867,0.7355031786266034,0.7240114682525353,0.7616834677387229,0.8020602863635468,0.7487722652573664,0.7844246545302288,0.3502155060110201,0.7040983504718575,0.7187147343736987
2023-10-06 13:00:00,0.6941798910642224,0.6597119003452836,0.7412310782363319,0.7750554996397903,0.16246179337318703,0.19053647896176526,0.7518820597042996,0.7481877864252547,0.5783796153231597,0.7507162292691948,0.7474060760742256,0.7899135321597499,0.5927784277890016,0.7502356533089125,0.5429110245439763,0.5165987360508731,0.1507459879592493,0.7376054587184387,0.1811099148690846,0.7484229349924086,0.750514474894287,0.7722717070719524,0.8094492116583749,0.747462437280289,0.7981997883861535,0.3726192988920861,0.7144682878179154,0.7434444758675751
2023-10-06 14:00:00,0.6773534182005542,0.6500447949558177,0.7376666258866644,0.7693143050386652,0.16848379553417545,0.2388374868032472,0.749421074001836,0.7447632632500006,0.5575231824526696,0.7460360155236514,0.7408617992105287,0.7584701551588477,0.5699100464145055,0.7473284066815007,0.6023601336865032,0.5200395664335359,0.24522801660198912,0.7014805714611021,0.246386349329683,0.7498081679846207,0.7475344125110891,0.746027299825922,0.7951346080530454,0.7424063489854552,0.7898823607464234,0.40262443733799597,0.6843651970853415,0.7481514837580316
2023-10-06 15:00:00,0.6655239635758626,0.6337768406985301,0.7237085452419176,0.7407664559882559,0.178722358344492,0.25379061149689236,0.7355802403188682,0.7289216634226415,0.5449432841745763,0.7231073783455807,0.7199765945605872,0.7172769722267484,0.5108038330945048,0.7329888860190169,0.6288153629122214,0.4999964532968808,0.31088382588806934,0.6739769759325415,0.25507447329320326,0.7355145459998294,0.7334561011954628,0.7102289529023259,0.7731372625262279,0.6938325447556029,0.7682172604363374,0.4030118155363726,0.6321448734805306,0.7022294144551608
2023-10-06 16:00:00,0.6529202361411285,0.5945988633857213,0.6965396019103047,0.687540190306348,0.15070646162834295,0.25167856604709926,0.6994208367382911,0.692981995567269,0.516885180223924,0.6818612720143908,0.6838687974816917,0.665697192481193,0.47030046196781816,0.7006941803766505,0.6355157847730689,0.5351993668488542,0.23617936273740736,0.6571232183908706,0.18494602914788685,0.6926033529286932,0.7013635494299355,0.6835046092546911,0.7233989769423228,0.6222497970197682,0.6825769547840012,0.3908427215344623,0.5516430812155175,0.6264175074758244
2023-10-06 17:00:00,0.5772899153381609,0.4905574575805127,0.6300671243562622,0.5958690286652377,0.09215607525417326,0.20577494856606676,0.6342818572084007,0.6231797457077973,0.4920707343495278,0.6039951714397771,0.6089080601201455,0.6212606706125674,0.44311887452662807,0.6314150443317703,0.6082802911329777,0.5405302021214227,0.17582405935869191,0.6284864170940881,0.15000266920823876,0.6174119394413287,0.6315155484021434,0.636102506225636,0.6259104826096136,0.5170691567673944,0.5148848158643108,0.3439983281228765,0.4550006960439165,0.4993417631314152
2023-10-06 18:00:00,0.468125943276802,0.3838086079745525,0.5058098464018862,0.4659492825507081,0.06272708458307771,0.13505804070411573,0.4753610087836022,0.46371574094106166,0.4287037950395011,0.4844289513638791,0.4743829139159421,0.5124243911854434,0.41262178106159597,0.4604654078931147,0.5038010989692215,0.4937926628489285,0.11756327195817172,0.5235724457060652,0.13814976511418123,0.4684555483015794,0.46152554232612936,0.526232856556404,0.42916970168831503,0.380245590558541,0.25729936232030015,0.27074632141912275,0.30213651023662463,0.36070309214656965
2023-10-06 19:00:00,0.33167047464744126,0.13634604897491875,0.34260681308095836,0.0,0.011620383247993424,0.06923364780252683,0.33364920311127916,0.3527491628074342,0.2951529938450214,0.35539759949623506,0.3377902036108419,0.18982245204455567,0.30518623774622455,0.33635629368116826,0.3299745734853665,0.33446632071566385,0.05208223290051722,0.3895966968758103,0.09096288923684238,0.19736133707105602,0.3369091005639092,0.4231582241907536,0.0,0.0,0.0,0.17417512461028536,0.0,0.0
2023-10-06 20:00:00,0.0,0.0,0.0,0.0,0.0,0.0,0.0,0.0,0.0,0.0,0.0,0.0,0.0,0.0,0.0,0.0,0.0,0.0,0.0,0.0,0.0,0.0,0.0,0.0,0.0,0.0,0.0,0.0
2023-10-06 21:00:00,0.0,0.0,0.0,0.0,0.0,0.0,0.0,0.0,0.0,0.0,0.0,0.0,0.0,0.0,0.0,0.0,0.0,0.0,0.0,0.0,0.0,0.0,0.0,0.0,0.0,0.0,0.0,0.0
2023-10-06 22:00:00,0.0,0.0,0.0,0.0,0.0,0.0,0.0,0.0,0.0,0.0,0.0,0.0,0.0,0.0,0.0,0.0,0.0,0.0,0.0,0.0,0.0,0.0,0.0,0.0,0.0,0.0,0.0,0.0
2023-10-06 23:00:00,0.0,0.0,0.0,0.0,0.0,0.0,0.0,0.0,0.0,0.0,0.0,0.0,0.0,0.0,0.0,0.0,0.0,0.0,0.0,0.0,0.0,0.0,0.0,0.0,0.0,0.0,0.0,0.0
2023-10-07 00:00:00,0.0,0.0,0.0,0.0,0.0,0.0,0.0,0.0,0.0,0.0,0.0,0.0,0.0,0.0,0.0,0.0,0.0,0.0,0.0,0.0,0.0,0.0,0.0,0.0,0.0,0.0,0.0,0.0
2023-10-07 01:00:00,0.0,0.0,0.0,0.0,0.0,0.0,0.0,0.0,0.0,0.0,0.0,0.0,0.0,0.0,0.0,0.0,0.0,0.0,0.0,0.0,0.0,0.0,0.0,0.0,0.0,0.0,0.0,0.0
2023-10-07 02:00:00,0.0,0.0,0.0,0.0,0.0,0.0,0.0,0.0,0.0,0.0,0.0,0.0,0.0,0.0,0.0,0.0,0.0,0.0,0.0,0.0,0.0,0.0,0.0,0.0,0.0,0.0,0.0,0.0
2023-10-07 03:00:00,0.0,0.0,0.0,0.0,0.0,0.0,0.0,0.0,0.0,0.0,0.0,0.0,0.0,0.0,0.0,0.0,0.0,0.0,0.0,0.0,0.0,0.0,0.0,0.0,0.0,0.0,0.0,0.0
2023-10-07 04:00:00,0.0,0.0,0.0,0.0,0.0,0.0,0.0,0.0,0.0,0.0,0.0,0.0,0.0,0.0,0.0,0.0,0.0,0.0,0.0,0.0,0.0,0.0,0.0,0.0,0.0,0.0,0.0,0.0
2023-10-07 05:00:00,0.0,0.0,0.0,0.0,0.0,0.0,0.0,0.0,0.0,0.0,0.0,0.0,0.0,0.0,0.0,0.0,0.0,0.0,0.0,0.0,0.0,0.0,0.0,0.0,0.0,0.0,0.0,0.0
2023-10-07 06:00:00,0.0,0.0,0.0,0.0,0.0,0.0,0.0,0.0,0.0,0.0,0.0,0.0,0.0,0.0,0.0,0.0,0.0,0.0,0.0,0.0,0.0,0.0,0.0,0.0,0.0,0.0,0.0,0.0
2023-10-07 07:00:00,0.0,0.0,0.0,0.0,0.0,0.0,0.0,0.0,0.0,0.0,0.0,0.0,0.0,0.0,0.0,0.0,0.0,0.0,0.0,0.0,0.0,0.0,0.0,0.0,0.0,0.0,0.0,0.0
2023-10-07 08:00:00,0.0,0.06544192971106264,0.0,0.29225901597798737,0.0,0.0,0.0,0.0,0.0,0.0,0.0,0.036030290834801484,0.0,0.0,0.0,0.0,0.0,0.0,0.0,0.0,0.0,0.0,0.4454158445019471,0.33877478112417003,0.39681351046177066,0.0,0.24223797522780102,0.3074448533591238
2023-10-07 09:00:00,0.3812445297156326,0.48092665753513475,0.46549206257092063,0.4793760997479884,0.017220984297734557,0.14244167703261446,0.4863349289665016,0.49411213460963954,0.3802786767554082,0.47202405716629675,0.48631481228480716,0.28099720725138827,0.4117822948920737,0.4957320165581581,0.41562873957791924,0.3929752313061047,0.15928716526265332,0.2999407064705097,0.10207963441501643,0.49952719858420475,0.49593326297611334,0.36006221186559045,0.6429795458929286,0.49226279967543307,0.5605470101950517,0.2432160412384702,0.4641585722448902,0.4660950958930463
2023-10-07 10:00:00,0.5668779906075903,0.6324772146949877,0.6217428377549611,0.6267975328751718,0.0534754475194887,0.2783307514866481,0.633822595151982,0.6383129342311157,0.567816425989867,0.6291699292499506,0.6347570814962473,0.49028339055933956,0.5969535995990324,0.6397708021028082,0.5947964325526472,0.5927130667981145,0.3176829411285755,0.5006884333107212,0.2600687621974941,0.6528973996532021,0.6403733337215509,0.5527601817683415,0.7349488150347914,0.6362652082114204,0.6840571423641415,0.3776767970449258,0.6317453907708311,0.630643677749305
2023-10-07 11:00:00,0.7156047398155222,0.7288865600796935,0.6952448885531122,0.6955952459179567,0.12458936713822963,0.3663236898369482,0.7016180108356663,0.7033037278468016,0.6958024329708691,0.7006974232963481,0.700860608006318,0.6730256199505908,0.7076438917201209,0.7070345860475954,0.6810106717726795,0.68331459685678,0.4370504975076914,0.7034481663752633,0.3555845844031518,0.7142230917411273,0.7078166454607183,0.7323571271366203,0.7700165717123549,0.7368916929062211,0.7454749471612327,0.4913980615577591,0.7200509103105533,0.73764577893644
2023-10-07 12:00:00,0.7501233496200093,0.7573195879461888,0.7278023243517329,0.7637326972261181,0.1741566143550614,0.4164607874069451,0.7326881926729097,0.7305493287378927,0.7281264539651402,0.7314289820928517,0.7287434143746898,0.7821248135854576,0.7314461009598233,0.7356819165725583,0.72061976144815,0.7189966972676477,0.4146729294328516,0.7486594647680027,0.35269144708871475,0.7344234978058544,0.7363035867469032,0.7654271553568951,0.7978169043434079,0.7661902165313121,0.7928983472312473,0.5352450796257529,0.7515510874074293,0.7632205997108876
2023-10-07 13:00:00,0.7685518690697234,0.7710257088557955,0.7417048786003009,0.7731755998779417,0.21410516115865308,0.43136360220003195,0.7466963695067189,0.7415986372822502,0.7496062697517892,0.7452068770331959,0.7409069727282813,0.8013779366027131,0.7594544342257453,0.746683598746968,0.7259799222378693,0.7394142283471878,0.40675005327344943,0.7666534941047799,0.37189889945767163,0.7448673227932416,0.7473837443247358,0.7837680577439708,0.7946611941736252,0.7743512579560287,0.7917078822698705,0.5465570181810485,0.7602725395157052,0.7704118858540969
2023-10-07 14:00:00,0.7701543718403759,0.7668184925722847,0.7412133973482652,0.7671348413664046,0.20778073584126705,0.4646536697043953,0.7436698015677271,0.7391276494797424,0.7492334348457228,0.7437382735620213,0.7374799715360394,0.7984250202097191,0.7567610981216297,0.7454793083087199,0.7399000489039305,0.7427091413435164,0.42424549784537013,0.7656783038574767,0.3755235751398775,0.7399951991924881,0.7464856905544139,0.7839646090191179,0.7823381531134431,0.7693641842541217,0.7858808211182691,0.5637852839438219,0.7580998919810612,0.7660941342532742
2023-10-07 15:00:00,0.754739872149813,0.7498683409498174,0.7277246611864907,0.7452691143847509,0.2057088891975962,0.4407349547817402,0.7274327399114422,0.7196634399020589,0.7352380164741547,0.7275216638525551,0.7212203661384828,0.7789815553468274,0.741706504766212,0.723011716567905,0.7259406253640617,0.7289923725549601,0.35626943136823874,0.7491736466976856,0.3248275257789232,0.7165960760185707,0.7236537979458502,0.7667491204917498,0.7585813744914269,0.7506522672135809,0.7660103328733281,0.5581834649743616,0.7405562993068975,0.7471102615038689
2023-10-07 16:00:00,0.7195791919781416,0.7137318664925498,0.694184160174465,0.7068407523970976,0.19482501687688059,0.39562302182587106,0.6913781211314944,0.6843541710341873,0.7025992151687509,0.6915244525962896,0.6852267417012894,0.741321956142441,0.7079702418257633,0.6877508171382113,0.6909347093641153,0.6946877989556244,0.3064330070844269,0.7136949675383906,0.28788826050174915,0.6815673947850865,0.6883487943425601,0.729656535512419,0.7129271410038148,0.7110040450916897,0.7187872893963759,0.5468156967978837,0.7003276345674636,0.7075359953526359
2023-10-07 17:00:00,0.649111775928203,0.6438553889486752,0.6290832604444704,0.6346098583785292,0.16839722911955082,0.2980834721029409,0.6239949344800552,0.6153489873719132,0.6350937446684842,0.6234110435875861,0.6178384519825091,0.6695908074576002,0.6443244027104381,0.6164164467122567,0.632960230808565,0.6354788963998255,0.20223577297305506,0.6456992510870689,0.19579799760117025,0.6115116173693301,0.6166858374740853,0.6588887247911139,0.6188613628616251,0.6343367771533799,0.6334459543201086,0.46584525838491964,0.6218125772995735,0.6319003692140369
2023-10-07 18:00:00,0.5255534777966548,0.508536643065231,0.5011467743781748,0.4889897738055335,0.0944047137251548,0.1861869025169874,0.49355104864689486,0.4800871289559581,0.5237087377109892,0.48733660863691497,0.48476544623593254,0.5278833211676587,0.524126639974826,0.4774848641660578,0.5116303283599068,0.5173514918717521,0.08836164312193957,0.5106911361945262,0.10985221991166318,0.472760396624918,0.47698857945987627,0.5208302213297779,0.4335257638035591,0.47716142260272065,0.45172643395588796,0.30525893172109986,0.4589600827091629,0.4776767762993546
2023-10-07 19:00:00,0.3269698029352634,0.10197748242425421,0.35008247057572617,0.0,0.02021517999964871,0.07087158966748744,0.32267751048588417,0.205370279688076,0.3454785750673141,0.2955125484761814,0.40093962490762547,0.0,0.3593593353575954,0.09708259938200957,0.3389113606822323,0.33787622539919876,0.016573440677198233,0.3515744557071277,0.02170468571487784,0.0,0.05452595327958567,0.2843995375462322,0.0,0.0,0.0,0.14484226437879316,0.0,0.0
2023-10-07 20:00:00,0.0,0.0,0.0,0.0,0.0,0.0,0.0,0.0,0.0,0.0,0.0,0.0,0.0,0.0,0.0,0.0,0.0,0.0,0.0,0.0,0.0,0.0,0.0,0.0,0.0,0.0,0.0,0.0
2023-10-07 21:00:00,0.0,0.0,0.0,0.0,0.0,0.0,0.0,0.0,0.0,0.0,0.0,0.0,0.0,0.0,0.0,0.0,0.0,0.0,0.0,0.0,0.0,0.0,0.0,0.0,0.0,0.0,0.0,0.0
2023-10-07 22:00:00,0.0,0.0,0.0,0.0,0.0,0.0,0.0,0.0,0.0,0.0,0.0,0.0,0.0,0.0,0.0,0.0,0.0,0.0,0.0,0.0,0.0,0.0,0.0,0.0,0.0,0.0,0.0,0.0
2023-10-07 23:00:00,0.0,0.0,0.0,0.0,0.0,0.0,0.0,0.0,0.0,0.0,0.0,0.0,0.0,0.0,0.0,0.0,0.0,0.0,0.0,0.0,0.0,0.0,0.0,0.0,0.0,0.0,0.0,0.0
2023-10-08 00:00:00,0.0,0.0,0.0,0.0,0.0,0.0,0.0,0.0,0.0,0.0,0.0,0.0,0.0,0.0,0.0,0.0,0.0,0.0,0.0,0.0,0.0,0.0,0.0,0.0,0.0,0.0,0.0,0.0
2023-10-08 01:00:00,0.0,0.0,0.0,0.0,0.0,0.0,0.0,0.0,0.0,0.0,0.0,0.0,0.0,0.0,0.0,0.0,0.0,0.0,0.0,0.0,0.0,0.0,0.0,0.0,0.0,0.0,0.0,0.0
2023-10-08 02:00:00,0.0,0.0,0.0,0.0,0.0,0.0,0.0,0.0,0.0,0.0,0.0,0.0,0.0,0.0,0.0,0.0,0.0,0.0,0.0,0.0,0.0,0.0,0.0,0.0,0.0,0.0,0.0,0.0
2023-10-08 03:00:00,0.0,0.0,0.0,0.0,0.0,0.0,0.0,0.0,0.0,0.0,0.0,0.0,0.0,0.0,0.0,0.0,0.0,0.0,0.0,0.0,0.0,0.0,0.0,0.0,0.0,0.0,0.0,0.0
2023-10-08 04:00:00,0.0,0.0,0.0,0.0,0.0,0.0,0.0,0.0,0.0,0.0,0.0,0.0,0.0,0.0,0.0,0.0,0.0,0.0,0.0,0.0,0.0,0.0,0.0,0.0,0.0,0.0,0.0,0.0
2023-10-08 05:00:00,0.0,0.0,0.0,0.0,0.0,0.0,0.0,0.0,0.0,0.0,0.0,0.0,0.0,0.0,0.0,0.0,0.0,0.0,0.0,0.0,0.0,0.0,0.0,0.0,0.0,0.0,0.0,0.0
2023-10-08 06:00:00,0.0,0.0,0.0,0.0,0.0,0.0,0.0,0.0,0.0,0.0,0.0,0.0,0.0,0.0,0.0,0.0,0.0,0.0,0.0,0.0,0.0,0.0,0.0,0.0,0.0,0.0,0.0,0.0
2023-10-08 07:00:00,0.0,0.0,0.0,0.0,0.0,0.0,0.0,0.0,0.0,0.0,0.0,0.0,0.0,0.0,0.0,0.0,0.0,0.0,0.0,0.0,0.0,0.0,0.0,0.0,0.0,0.0,0.0,0.0
2023-10-08 08:00:00,0.0,0.0479759747773996,0.0,0.07287623541447136,0.0,0.0,0.0,0.0,0.0,0.0,0.0,0.0,0.0,0.0,0.0,0.0,0.0,0.0,0.0,0.0,0.0,0.0,0.44172500343194304,0.31906384568092416,0.4017876581256981,0.0,0.2814059366248866,0.3408076138874053
2023-10-08 09:00:00,0.25540346871120867,0.2256193674342581,0.17274958237524554,0.3640776067236444,0.03817780371979458,0.02315297660525073,0.2021194358090875,0.2941555448686178,0.2555678097624885,0.3419355750289308,0.30410287097120575,0.252569180761545,0.30916121355088483,0.3002046986172189,0.11662573734989554,0.212309135431334,0.003616206479461094,0.3761489523914567,0.0014313521311174957,0.36240658716235263,0.3023372224420301,0.3330594143183123,0.6383276415082559,0.5014886986547985,0.5987344033909129,0.024324383123992047,0.47671811395259306,0.482331310451848
2023-10-08 10:00:00,0.3990858455445254,0.3459998843114454,0.29488846401613994,0.47515696761347603,0.10777916632136995,0.0327975241464431,0.41784021426145657,0.4819882702265077,0.3152085487565084,0.5275935438612602,0.49796122663963205,0.45616885334820084,0.35285538107114656,0.4547949091121189,0.18472446311457807,0.22807815097890338,0.009967360924367395,0.5792715455851425,0.011102176146238998,0.5140780960698279,0.45056606915157327,0.5426308275788264,0.728420033513681,0.5994826081264514,0.7067110076148124,0.05816876589141641,0.5971104948193113,0.5804734814379664
2023-10-08 11:00:00,0.4765637398079911,0.4556936058463425,0.3228091271217461,0.5484520737538431,0.1929605604714642,0.06633111826374696,0.5045344792851818,0.5633141415937105,0.3163786674025191,0.6216707157980736,0.5891393161268614,0.5929085669052602,0.3589002802651528,0.5498599572594984,0.20119114578117725,0.24791595126346677,0.023219308358178207,0.6891595348500648,0.03463079281447809,0.591705591571156,0.5460270615666287,0.6871707019067436,0.7653442684807044,0.6387417143159451,0.7596215468666248,0.09893249615173683,0.6419692150752591,0.633621710355263
2023-10-08 12:00:00,0.4720926912654484,0.5802641299594898,0.4309441465126623,0.6483557752889917,0.2743021772779828,0.07574055790409501,0.6197591674389372,0.6083049983299116,0.3898730529839824,0.6438185635297842,0.631685585999006,0.6054789478257884,0.45069076895744165,0.5504530650051475,0.3509301621422124,0.3472718332683174,0.02574736701362707,0.6258276293983608,0.0286343597670597,0.6049919680535498,0.5430747933380791,0.6394069098049194,0.7911573398904591,0.6838622152599828,0.7818468875196388,0.1280043234627716,0.7149876227957368,0.6724604345309526
2023-10-08 13:00:00,0.44202966494240215,0.5964220917345167,0.4377174148395253,0.6601116486440542,0.28526468004474004,0.0992083853589816,0.6411116834727411,0.6500995596234925,0.3387501896721457,0.6689035206601232,0.6508568763352561,0.6294687914935226,0.36672144729821554,0.6358948062698917,0.35443307259221596,0.30415245086940523,0.03437621018422964,0.5714774861747319,0.03057919956368577,0.669938488594897,0.6347127302240654,0.6314658193637785,0.7907120493175919,0.6898986466264817,0.7782423092782577,0.14212191059910065,0.7284366914432857,0.6735447526590737
2023-10-08 14:00:00,0.4182389822103181,0.5787905260136444,0.47339097237443184,0.6488841585574867,0.3325966998436935,0.11283306912842983,0.7016670993982471,0.7025363744351195,0.2907307682885325,0.7127053145570154,0.7090458271971228,0.5866375604000219,0.3177177150198646,0.6755216865129368,0.3641373283539749,0.2750849041672154,0.02640453557426111,0.5368888906056415,0.025621515263741197,0.6876396799974607,0.6706548780832895,0.6080097617759893,0.7785397358992047,0.6923673672646095,0.7604899076749089,0.17183328770846606,0.6766240544268501,0.6715648808700826
2023-10-08 15:00:00,0.4049843942289627,0.49017188995142225,0.3934172625860539,0.6329673162305124,0.2946064818604743,0.0764196303346161,0.6477844742380602,0.6816459852431279,0.22536900553972147,0.6565979344454757,0.6547089558901378,0.606225805749051,0.23201125471189743,0.6896722530755459,0.24534773331855958,0.17619467732673919,0.01979663510599547,0.5363179397520245,0.01755464245615097,0.6863661630847551,0.6883027087056418,0.5980320104615419,0.7519604773474434,0.6947176103128502,0.7345250896189913,0.13658159397721567,0.7056607063823482,0.6650670827893163
2023-10-08 16:00:00,0.3811714348275381,0.4145291841916009,0.3103388688921684,0.5827962217098855,0.205998380059055,0.0613163065380494,0.5892027485289885,0.6678289282450086,0.18478144931952425,0.5957609241841881,0.5888950306746208,0.5618146702103349,0.20487794811004098,0.7029442210746342,0.2209213978031717,0.14140602791778945,0.015491571338879063,0.5511106930417029,0.014692417730766707,0.6999140385092519,0.70329953406884,0.5800842601744318,0.6998722323991329,0.5926229755012664,0.6682679221983766,0.10877327882710258,0.6425846705902556,0.5533633389152732
2023-10-08 17:00:00,0.37366076990628727,0.3203303787201005,0.288409764389508,0.5503005107740845,0.13400029633434124,0.029416415527832966,0.5114293203968903,0.5431830945561765,0.1430862619779108,0.46750395504218606,0.46315120257105696,0.5838075651385715,0.15487287176703934,0.5904164117091628,0.16274641440021703,0.10563003115960576,0.007480089010902866,0.4856924486813418,0.00948087464422215,0.5985439700444074,0.5938353266022877,0.5326225967770482,0.5982025672443902,0.49965643713112456,0.5914403982287472,0.047180164074372116,0.5801919743154919,0.45496808295545427
2023-10-08 18:00:00,0.27181304948095153,0.2465669331444052,0.18871936989230204,0.44461734155572824,0.05931305417484435,0.010148060447286654,0.41443724996945064,0.4432635811006147,0.10391963594748672,0.3744642695369995,0.37553973406742325,0.5007715692191655,0.11418633639081854,0.4701503366944405,0.08040180164545312,0.0682561700657178,0.002340233523579828,0.35706823808945626,0.0019870509893943483,0.46583845815853325,0.47104425953652473,0.42317284877968153,0.40957919314562913,0.36003670611836036,0.41640701925799983,0.026947111463665605,0.40768732390504114,0.3438066454116608
2023-10-08 19:00:00,0.0389293107411738,0.03508485779550288,0.048371857955394115,0.0,0.008941478517581227,0.001019503363419467,0.10325399756484728,0.029064177264953927,0.03900228162976401,0.06251486814720537,0.06264652642287186,0.0,0.031430619062924034,0.0,0.03733240074429813,0.014802602620739439,0.0008490035181951297,0.015955618494097133,0.00027522990305569293,0.0,0.0,0.04359943618423992,0.0,0.0,0.0,0.0012136697856633268,0.0,0.0
2023-10-08 20:00:00,0.0,0.0,0.0,0.0,0.0,0.0,0.0,0.0,0.0,0.0,0.0,0.0,0.0,0.0,0.0,0.0,0.0,0.0,0.0,0.0,0.0,0.0,0.0,0.0,0.0,0.0,0.0,0.0
2023-10-08 21:00:00,0.0,0.0,0.0,0.0,0.0,0.0,0.0,0.0,0.0,0.0,0.0,0.0,0.0,0.0,0.0,0.0,0.0,0.0,0.0,0.0,0.0,0.0,0.0,0.0,0.0,0.0,0.0,0.0
2023-10-08 22:00:00,0.0,0.0,0.0,0.0,0.0,0.0,0.0,0.0,0.0,0.0,0.0,0.0,0.0,0.0,0.0,0.0,0.0,0.0,0.0,0.0,0.0,0.0,0.0,0.0,0.0,0.0,0.0,0.0
2023-10-08 23:00:00,0.0,0.0,0.0,0.0,0.0,0.0,0.0,0.0,0.0,0.0,0.0,0.0,0.0,0.0,0.0,0.0,0.0,0.0,0.0,0.0,0.0,0.0,0.0,0.0,0.0,0.0,0.0,0.0
2023-10-09 00:00:00,0.0,0.0,0.0,0.0,0.0,0.0,0.0,0.0,0.0,0.0,0.0,0.0,0.0,0.0,0.0,0.0,0.0,0.0,0.0,0.0,0.0,0.0,0.0,0.0,0.0,0.0,0.0,0.0
2023-10-09 01:00:00,0.0,0.0,0.0,0.0,0.0,0.0,0.0,0.0,0.0,0.0,0.0,0.0,0.0,0.0,0.0,0.0,0.0,0.0,0.0,0.0,0.0,0.0,0.0,0.0,0.0,0.0,0.0,0.0
2023-10-09 02:00:00,0.0,0.0,0.0,0.0,0.0,0.0,0.0,0.0,0.0,0.0,0.0,0.0,0.0,0.0,0.0,0.0,0.0,0.0,0.0,0.0,0.0,0.0,0.0,0.0,0.0,0.0,0.0,0.0
2023-10-09 03:00:00,0.0,0.0,0.0,0.0,0.0,0.0,0.0,0.0,0.0,0.0,0.0,0.0,0.0,0.0,0.0,0.0,0.0,0.0,0.0,0.0,0.0,0.0,0.0,0.0,0.0,0.0,0.0,0.0
2023-10-09 04:00:00,0.0,0.0,0.0,0.0,0.0,0.0,0.0,0.0,0.0,0.0,0.0,0.0,0.0,0.0,0.0,0.0,0.0,0.0,0.0,0.0,0.0,0.0,0.0,0.0,0.0,0.0,0.0,0.0
2023-10-09 05:00:00,0.0,0.0,0.0,0.0,0.0,0.0,0.0,0.0,0.0,0.0,0.0,0.0,0.0,0.0,0.0,0.0,0.0,0.0,0.0,0.0,0.0,0.0,0.0,0.0,0.0,0.0,0.0,0.0
2023-10-09 06:00:00,0.0,0.0,0.0,0.0,0.0,0.0,0.0,0.0,0.0,0.0,0.0,0.0,0.0,0.0,0.0,0.0,0.0,0.0,0.0,0.0,0.0,0.0,0.0,0.0,0.0,0.0,0.0,0.0
2023-10-09 07:00:00,0.0,0.0,0.0,0.0,0.0,0.0,0.0,0.0,0.0,0.0,0.0,0.0,0.0,0.0,0.0,0.0,0.0,0.0,0.0,0.0,0.0,0.0,0.0,0.0,0.0,0.0,0.0,0.0
2023-10-09 08:00:00,0.0,0.03224844184356998,0.0,0.010602595057878915,0.0,0.0,0.0,0.0,0.0,0.0,0.0,0.0,0.0,0.0,0.0,0.0,0.0,0.0,0.0,0.0,0.0,0.0,0.4278000427830901,0.20998793790666187,0.3919199416323967,0.0,0.23140167472623943,0.17568861893880988
2023-10-09 09:00:00,0.06066482838280211,0.08542210375029301,0.03558503578049977,0.09829131997435453,0.010386434638389876,0.12510112949121935,0.009782023453459814,0.020966795038320125,0.0668389227030293,0.01882156633837962,0.008112857188114225,0.05643303068916013,0.07626613304923983,0.03023856240673483,0.07580006237503781,0.04520567785310087,0.021376294810395994,0.0008925422808508837,0.013368474859658294,0.10756528676670692,0.03261270371774096,0.00743113224636191,0.6203555188507659,0.3529352350507706,0.5613178214916642,0.08925923989208887,0.426864985809256,0.29116845463749746
2023-10-09 10:00:00,0.10881280587112944,0.14636433283161707,0.07111902636492141,0.26724526132573845,0.07138038536023304,0.10575057631733394,0.006834663469210789,0.01542083249606358,0.15927841526844966,0.006175455837548411,0.0041460436070017825,0.16521787631341625,0.16711231006516863,0.03211112491891646,0.14147115246503786,0.125166432207651,0.022689022433868417,0.0038069286118197223,0.014915018206504321,0.06132277045529362,0.03421608765983845,0.0173754972082199,0.721652572940814,0.44157816140027567,0.6531866624813505,0.16484143843948257,0.5508562099257073,0.3596114909713484
2023-10-09 11:00:00,0.13074349862393164,0.21505586042463418,0.10683665849070248,0.44511750082097995,0.20468732893949487,0.07880330227017686,0.029584534594348417,0.05589464239568318,0.248218883632085,0.023760612750719664,0.022810724659005938,0.21989485321094152,0.27063613375575685,0.0924845013159274,0.26636214185424795,0.23418977482443024,0.18705118266027085,0.0028625295361789753,0.059513997458297004,0.12235407519975323,0.09620515783279013,0.01919718785315334,0.7612414793631028,0.5477872507063025,0.7126518513660087,0.244217776364706,0.5892289904744562,0.47424245857448155
2023-10-09 12:00:00,0.1747959004513233,0.2981211316878468,0.15466433947302596,0.30986223250132716,0.3084022080998424,0.09512155564405297,0.01048187922116701,0.02382822976300049,0.2935448118457511,0.016947795089299184,0.009870402764023007,0.17043576976659106,0.3081814048099581,0.04702918938882066,0.24964654803073177,0.3043986834734512,0.23003343537638274,0.007592686716798166,0.16034759928754264,0.07041150946009848,0.05014994432317808,0.03006542128762797,0.790242384840318,0.45899795911155,0.7404389941771029,0.2241659287866536,0.5003589667717888,0.4653290158566584
2023-10-09 13:00:00,0.19440368593227672,0.28625850964126476,0.25118665904250825,0.3804323046166926,0.34574806136803166,0.08427874697455749,0.029149233476091677,0.0304530128489884,0.3174760753267564,0.022338184152716534,0.019627672432629552,0.22567241307096372,0.29252443293736824,0.04985545199925454,0.2398682878940404,0.2087388811914322,0.3237487156798545,0.01666791593461644,0.2470500819620705,0.051303578833482105,0.05257249168937961,0.04146941399449594,0.7871794530453895,0.430937137702417,0.725204124615389,0.1514433501257418,0.49118793687791706,0.4608712504379767
2023-10-09 14:00:00,0.23321932399841155,0.2953274310984647,0.35190323512497357,0.30806306807206707,0.3386196951220105,0.12064707353165924,0.052263511503477765,0.030468074632090125,0.42511087580038137,0.038953496480497354,0.04307181408374842,0.153785983880893,0.4021697553552291,0.02737980169567156,0.3726621193197139,0.4809763082780044,0.3597463764800072,0.018875688594750504,0.36963204889728657,0.02236978194090545,0.02734109558011943,0.03644378318140334,0.7738525401229338,0.34167112192806764,0.6809765531199214,0.16413418296176746,0.41060372744727625,0.3984564785546011
2023-10-09 15:00:00,0.26213628746777295,0.3220001886124103,0.3886468887388438,0.1972774635524388,0.302683675727033,0.16489063307400076,0.08446647565884184,0.042180772731859544,0.4306635439007353,0.046499163639919,0.05462454514568949,0.11579256319685007,0.4036152292542369,0.02948178408362531,0.4024774416189737,0.4793425388046933,0.4461663985711378,0.03709288053902455,0.4979178376095312,0.027908681097720458,0.02973888129822312,0.03887895858583631,0.7413503509762635,0.2868026289254981,0.579151893224513,0.20929722558707647,0.3089712978786735,0.33105500892013073
2023-10-09 16:00:00,0.23813480937311785,0.32159694687173085,0.42038111128582184,0.09037681662274745,0.2723311612039854,0.227815358008191,0.18206615995640973,0.06383220537044505,0.3542884013543504,0.08238031808597483,0.10232782368785825,0.059225458085637554,0.3550743572621422,0.024947617093610912,0.3887242108190881,0.4233347178120983,0.4967932424146972,0.030944812934232877,0.5054067373238319,0.022924158708853677,0.024529814555701572,0.04790289998481939,0.6730193639433498,0.1827288898489706,0.43221930172211914,0.23442585289815343,0.26654900447627805,0.1885979928243402
2023-10-09 17:00:00,0.21859786304351672,0.22582513186874276,0.42480818682943716,0.06278728925195108,0.21408867264699916,0.18896430905610387,0.206476615492164,0.05224887438928743,0.2953081655824623,0.08243639343741482,0.10176490724429485,0.04039650228404712,0.29554142539529266,0.011989977174874857,0.34424287937992615,0.3669358593832834,0.3850983441482969,0.03704253457445884,0.40995421805430504,0.008350364911332528,0.012055896443396805,0.04802787569063346,0.5433387982083522,0.13947532946537022,0.26873927358383465,0.18930557186428879,0.23672502423073208,0.1400264546549717
2023-10-09 18:00:00,0.21584465901680794,0.1743108438130664,0.39968176417721873,0.014938966961092637,0.14438316935344284,0.19317907332731615,0.16976293346896063,0.053521027535686584,0.2915575402345658,0.13340527210364164,0.14600810327278507,0.01238739426083251,0.28946665433101987,0.009629204926453739,0.29555382861089696,0.3250410932674358,0.3154632616993571,0.05529554018547402,0.3210558250023676,0.002246478441329056,0.009914462212149972,0.07875938720142261,0.3508750987835331,0.05493368171018599,0.11108186970799729,0.20641725221520654,0.10743796100340924,0.05944730782182543
2023-10-09 19:00:00,0.11373547205414417,0.041013550676745385,0.23146835530269053,0.0,0.06956835546471,0.14397557312090012,0.061223753269444875,0.0,0.19800472908268088,0.0,0.0,0.0,0.20135953117433458,0.0,0.19383871706369077,0.2013142576760155,0.17010433888199444,0.0,0.13765951805063603,0.0,0.0,0.0,0.0,0.0,0.0,0.13515579209956247,0.0,0.0
2023-10-09 20:00:00,0.0,0.0,0.0,0.0,0.0,0.0,0.0,0.0,0.0,0.0,0.0,0.0,0.0,0.0,0.0,0.0,0.0,0.0,0.0,0.0,0.0,0.0,0.0,0.0,0.0,0.0,0.0,0.0
2023-10-09 21:00:00,0.0,0.0,0.0,0.0,0.0,0.0,0.0,0.0,0.0,0.0,0.0,0.0,0.0,0.0,0.0,0.0,0.0,0.0,0.0,0.0,0.0,0.0,0.0,0.0,0.0,0.0,0.0,0.0
2023-10-09 22:00:00,0.0,0.0,0.0,0.0,0.0,0.0,0.0,0.0,0.0,0.0,0.0,0.0,0.0,0.0,0.0,0.0,0.0,0.0,0.0,0.0,0.0,0.0,0.0,0.0,0.0,0.0,0.0,0.0
2023-10-09 23:00:00,0.0,0.0,0.0,0.0,0.0,0.0,0.0,0.0,0.0,0.0,0.0,0.0,0.0,0.0,0.0,0.0,0.0,0.0,0.0,0.0,0.0,0.0,0.0,0.0,0.0,0.0,0.0,0.0
2023-10-10 00:00:00,0.0,0.0,0.0,0.0,0.0,0.0,0.0,0.0,0.0,0.0,0.0,0.0,0.0,0.0,0.0,0.0,0.0,0.0,0.0,0.0,0.0,0.0,0.0,0.0,0.0,0.0,0.0,0.0
2023-10-10 01:00:00,0.0,0.0,0.0,0.0,0.0,0.0,0.0,0.0,0.0,0.0,0.0,0.0,0.0,0.0,0.0,0.0,0.0,0.0,0.0,0.0,0.0,0.0,0.0,0.0,0.0,0.0,0.0,0.0
2023-10-10 02:00:00,0.0,0.0,0.0,0.0,0.0,0.0,0.0,0.0,0.0,0.0,0.0,0.0,0.0,0.0,0.0,0.0,0.0,0.0,0.0,0.0,0.0,0.0,0.0,0.0,0.0,0.0,0.0,0.0
2023-10-10 03:00:00,0.0,0.0,0.0,0.0,0.0,0.0,0.0,0.0,0.0,0.0,0.0,0.0,0.0,0.0,0.0,0.0,0.0,0.0,0.0,0.0,0.0,0.0,0.0,0.0,0.0,0.0,0.0,0.0
2023-10-10 04:00:00,0.0,0.0,0.0,0.0,0.0,0.0,0.0,0.0,0.0,0.0,0.0,0.0,0.0,0.0,0.0,0.0,0.0,0.0,0.0,0.0,0.0,0.0,0.0,0.0,0.0,0.0,0.0,0.0
2023-10-10 05:00:00,0.0,0.0,0.0,0.0,0.0,0.0,0.0,0.0,0.0,0.0,0.0,0.0,0.0,0.0,0.0,0.0,0.0,0.0,0.0,0.0,0.0,0.0,0.0,0.0,0.0,0.0,0.0,0.0
2023-10-10 06:00:00,0.0,0.0,0.0,0.0,0.0,0.0,0.0,0.0,0.0,0.0,0.0,0.0,0.0,0.0,0.0,0.0,0.0,0.0,0.0,0.0,0.0,0.0,0.0,0.0,0.0,0.0,0.0,0.0
2023-10-10 07:00:00,0.0,0.0,0.0,0.0,0.0,0.0,0.0,0.0,0.0,0.0,0.0,0.0,0.0,0.0,0.0,0.0,0.0,0.0,0.0,0.0,0.0,0.0,0.0,0.0,0.0,0.0,0.0,0.0
2023-10-10 08:00:00,0.0,0.0008767372521466097,0.0,0.00032504227650143253,0.0,0.0,0.0,0.0,0.0,0.0,0.0,0.0,0.0,0.0,0.0,0.0,0.0,0.0,0.0,0.0,0.0,0.0,0.2603605947595944,0.013445664220071117,0.08558822803312222,0.0,0.008347959475146778,0.015380044468505688
2023-10-10 09:00:00,0.03714946122965267,0.11386283541911316,0.010614454230789012,0.022561024353488168,0.06985803583398555,0.04056733389499189,0.024045102277842484,0.008209886676660323,0.008780692999657155,0.004381193142587738,0.002554470108780114,0.03674305065344179,0.015970055520799675,0.017705118700525182,0.006727904230442274,0.0031438930658775907,0.007182341460589912,0.03184089409416887,0.00235003537736849,0.00908540883561886,0.01900258852854201,0.0330320964060967,0.4072092355401943,0.07129200699261262,0.20901769634911538,0.05066899263552616,0.06304492765296006,0.10796141992538887
2023-10-10 10:00:00,0.09062745685526956,0.20923363334654596,0.03567549721989661,0.06456022359049146,0.14175451353439095,0.09088376106653945,0.04466493748768433,0.049494783711118734,0.05073704163505032,0.027111537114154757,0.036868841315048695,0.07426998012915749,0.04670439924035061,0.06431896609178273,0.019044146008378057,0.013932357405325037,0.016845484188409435,0.04921438010912055,0.011490250554301907,0.021106858178374058,0.064968941936325,0.0583219575096098,0.49370422782243917,0.1449447001588684,0.3685709108475358,0.09198773407857941,0.1331629767251041,0.17313176105825429
2023-10-10 11:00:00,0.13689104483613157,0.25831104882584166,0.09830919455174461,0.10162825842207933,0.21462859832437006,0.15482800663731325,0.08428296776995779,0.11820758647804717,0.15775434385957396,0.11654404089321702,0.07156145459424476,0.11061315694735377,0.10034791823729568,0.17209630593221095,0.02968578862631366,0.0468860432615466,0.05444888018509397,0.06757139268624261,0.03868826020391681,0.13113206903928176,0.18261786169402136,0.11535549064057238,0.5989590088241001,0.2077480161208976,0.5167093565743083,0.13949917065908946,0.1929069806217385,0.19675774847347804
2023-10-10 12:00:00,0.1282726086420796,0.29977947118941023,0.20794394084347068,0.132581890023787,0.31524108932730055,0.21337868822419379,0.12450322792503786,0.06706787573295435,0.14768130294498077,0.04261594740360676,0.05953985342639652,0.1279420773816659,0.13091945528053972,0.07847642962042442,0.054670096670911904,0.0798970206722259,0.12439529164946744,0.0663830064792538,0.07297252841276645,0.03568718719982244,0.08360901785057241,0.07632624081086406,0.6151442406492007,0.22779215393754906,0.6569088058678468,0.20480923420909514,0.3188642814658757,0.23262855323909154
2023-10-10 13:00:00,0.19458228955466575,0.265230885275395,0.25153912239645093,0.1577151192548751,0.3874586422322284,0.33379734536378275,0.168313137549951,0.1223574474984594,0.23550712488532616,0.07718288655803784,0.09059180212460899,0.14098358791503493,0.22435015966072294,0.17219976857573674,0.06699600767690038,0.13629467141967885,0.14821891033731785,0.07894914758097173,0.112142779282759,0.10756185223585192,0.18008446229090327,0.10542321098502982,0.4785550903656259,0.24463099568270114,0.594153894924281,0.29338758195894643,0.4112844290440014,0.23635007249526083
2023-10-10 14:00:00,0.17434208873573445,0.24208849526999937,0.17977106136799467,0.12170116872471991,0.45258383853968637,0.36970555155236146,0.21189136498916983,0.1786004948349819,0.3227981481542469,0.0978955222493393,0.10096738152301375,0.1492376794493827,0.3122987020314575,0.26084218468027043,0.0706542742699827,0.25614185251951593,0.11397188582778314,0.11637124446291425,0.10611062144048071,0.17507035965665024,0.2691487049241663,0.13688734039908104,0.4348676426420408,0.27822792224383264,0.5074230560608659,0.339332762375482,0.4939156806993693,0.262329425254574
2023-10-10 15:00:00,0.1353698771254625,0.21022963391781765,0.1830609274323861,0.14120114340352427,0.4229477243942,0.3695857892793507,0.2233397939348357,0.3231010257715949,0.2924267060648136,0.1326073799910072,0.18372890724185106,0.17250346026568486,0.3465928219624258,0.4343736554185212,0.07619252422583378,0.3610492573327134,0.07915355333643873,0.07250746327179884,0.054014068720999904,0.2673307743980583,0.437373310827745,0.12247054819536674,0.38445456249489524,0.2697013178815782,0.3584660155238876,0.3139451329576879,0.49988886519166875,0.27485435304136613
2023-10-10 16:00:00,0.12954741722910856,0.1499564893723427,0.15468161507322908,0.10620251930717543,0.441586741952837,0.3409134365421696,0.2589926741643627,0.36297485034023386,0.29309376196600834,0.19688624448345254,0.2480966515685328,0.10052808162969326,0.30300525040758275,0.41890332376613365,0.06065422275682199,0.25514937775322977,0.07546525259199167,0.11289247569348744,0.041279662570219415,0.28355794892646125,0.4174748114932775,0.12223741688230694,0.365953157217481,0.1588665771332839,0.24165664238738396,0.31289326769192954,0.40681736118960055,0.19750576153930208
2023-10-10 17:00:00,0.17663703195703312,0.09982792863185116,0.09419347002288261,0.16039470786146132,0.3640463663149378,0.2574172976392222,0.19126814695547212,0.2933444598524751,0.27013219124668736,0.18435377025003788,0.20367812692917553,0.15852985315500778,0.312152822772396,0.3509748718215815,0.08525130659307843,0.3090008787789956,0.04984019374314906,0.1523286660643366,0.025148748815418568,0.3086870096598577,0.35297375403961123,0.15896544688739214,0.22534273871221658,0.09718485906024416,0.1244904485015364,0.22876853890136026,0.19822925083971793,0.1480910619913514
2023-10-10 18:00:00,0.09504099260969918,0.09496872172264474,0.0482151627086574,0.06953058346090385,0.23856589523904795,0.14757073872321677,0.04293326094524768,0.09844924740312382,0.13799533439287848,0.1023358171798659,0.07486393360342117,0.07055240881378393,0.18332789010758824,0.11894710338010545,0.15570703213990805,0.2391036826851294,0.058400494610161946,0.12038718262238231,0.024293450286914382,0.13593704672663498,0.12201954677460024,0.10708970509622774,0.06710183112218657,0.03419833824388368,0.07061206105061904,0.11774988529648546,0.05492083559261723,0.062283834054664165
2023-10-10 19:00:00,0.01509034735312586,0.0021519511948741824,0.010150512451313175,0.0,0.09961586261448202,0.08005116885679635,0.0,0.0,0.09618770109044592,0.0,0.0,0.0,0.1140530927995016,0.0,0.17227335177797196,0.21163284485028513,0.024107041391995314,0.0,0.011637275435542464,0.0,0.0,0.0,0.0,0.0,0.0,0.061932648448804514,0.0,0.0
2023-10-10 20:00:00,0.0,0.0,0.0,0.0,0.0,0.0,0.0,0.0,0.0,0.0,0.0,0.0,0.0,0.0,0.0,0.0,0.0,0.0,0.0,0.0,0.0,0.0,0.0,0.0,0.0,0.0,0.0,0.0
2023-10-10 21:00:00,0.0,0.0,0.0,0.0,0.0,0.0,0.0,0.0,0.0,0.0,0.0,0.0,0.0,0.0,0.0,0.0,0.0,0.0,0.0,0.0,0.0,0.0,0.0,0.0,0.0,0.0,0.0,0.0
2023-10-10 22:00:00,0.0,0.0,0.0,0.0,0.0,0.0,0.0,0.0,0.0,0.0,0.0,0.0,0.0,0.0,0.0,0.0,0.0,0.0,0.0,0.0,0.0,0.0,0.0,0.0,0.0,0.0,0.0,0.0
2023-10-10 23:00:00,0.0,0.0,0.0,0.0,0.0,0.0,0.0,0.0,0.0,0.0,0.0,0.0,0.0,0.0,0.0,0.0,0.0,0.0,0.0,0.0,0.0,0.0,0.0,0.0,0.0,0.0,0.0,0.0
2023-10-11 00:00:00,0.0,0.0,0.0,0.0,0.0,0.0,0.0,0.0,0.0,0.0,0.0,0.0,0.0,0.0,0.0,0.0,0.0,0.0,0.0,0.0,0.0,0.0,0.0,0.0,0.0,0.0,0.0,0.0
2023-10-11 01:00:00,0.0,0.0,0.0,0.0,0.0,0.0,0.0,0.0,0.0,0.0,0.0,0.0,0.0,0.0,0.0,0.0,0.0,0.0,0.0,0.0,0.0,0.0,0.0,0.0,0.0,0.0,0.0,0.0
2023-10-11 02:00:00,0.0,0.0,0.0,0.0,0.0,0.0,0.0,0.0,0.0,0.0,0.0,0.0,0.0,0.0,0.0,0.0,0.0,0.0,0.0,0.0,0.0,0.0,0.0,0.0,0.0,0.0,0.0,0.0
2023-10-11 03:00:00,0.0,0.0,0.0,0.0,0.0,0.0,0.0,0.0,0.0,0.0,0.0,0.0,0.0,0.0,0.0,0.0,0.0,0.0,0.0,0.0,0.0,0.0,0.0,0.0,0.0,0.0,0.0,0.0
2023-10-11 04:00:00,0.0,0.0,0.0,0.0,0.0,0.0,0.0,0.0,0.0,0.0,0.0,0.0,0.0,0.0,0.0,0.0,0.0,0.0,0.0,0.0,0.0,0.0,0.0,0.0,0.0,0.0,0.0,0.0
2023-10-11 05:00:00,0.0,0.0,0.0,0.0,0.0,0.0,0.0,0.0,0.0,0.0,0.0,0.0,0.0,0.0,0.0,0.0,0.0,0.0,0.0,0.0,0.0,0.0,0.0,0.0,0.0,0.0,0.0,0.0
2023-10-11 06:00:00,0.0,0.0,0.0,0.0,0.0,0.0,0.0,0.0,0.0,0.0,0.0,0.0,0.0,0.0,0.0,0.0,0.0,0.0,0.0,0.0,0.0,0.0,0.0,0.0,0.0,0.0,0.0,0.0
2023-10-11 07:00:00,0.0,0.0,0.0,0.0,0.0,0.0,0.0,0.0,0.0,0.0,0.0,0.0,0.0,0.0,0.0,0.0,0.0,0.0,0.0,0.0,0.0,0.0,0.0,0.0,0.0,0.0,0.0,0.0
2023-10-11 08:00:00,0.0,0.0,0.0,0.0074205971504195355,0.0,0.0,0.0,0.0,0.0,0.0,0.0,0.0,0.0,0.0,0.0,0.0,0.0,0.0,0.0,0.0,0.0,0.0,0.020763061558661505,0.018941517303911092,0.008579056248740459,0.0,0.009473253256243397,0.014192831360354138
2023-10-11 09:00:00,0.22121286108887808,0.25806990685836156,0.17899603482913576,0.17183638886892885,0.025690055772651783,0.0929646361552845,0.042789265505557596,0.05569360541351994,0.3228256515197751,0.1546786661924777,0.08135696602498715,0.14648145040601895,0.3288589828752858,0.0403651755486704,0.11176038957497178,0.3007649759153499,0.09296349649679965,0.25242505354600525,0.12653101094604693,0.21838891570994334,0.04516423289916774,0.17196974241858384,0.1415779369235413,0.11989927212160977,0.06219377482378749,0.08917821766581227,0.18570766627321297,0.10318905968038414
2023-10-11 10:00:00,0.39191929851140817,0.4031791168396877,0.4357149901218545,0.34584649076444673,0.15462040966711657,0.22309552095884896,0.23130169908448842,0.1204083494958716,0.45675953727737967,0.25405421599933825,0.18184262452073954,0.29204863750743915,0.45538543623840794,0.08258079159988034,0.24772984941643145,0.4284242127791611,0.16753540405639,0.3909977233860032,0.2850709329512331,0.2758119645415697,0.09036956651133746,0.29686592832853415,0.25886516829531186,0.2697574500129952,0.12584998688590085,0.2238150409760575,0.3415408366979543,0.23133556165315375
2023-10-11 11:00:00,0.5266107700575173,0.537647365565862,0.5833764685650393,0.3464685632754509,0.24770650141368625,0.3393812125196138,0.38151929727382966,0.26295222566551485,0.5685131249128862,0.45146711565075004,0.3762108658869454,0.375576433526646,0.5614217907010814,0.19974917257436844,0.4105070331656837,0.5173625749925693,0.28243404699566665,0.4708433004059555,0.4285007831282492,0.40209123534306546,0.20763519945058598,0.4305759427307057,0.3877247622811442,0.372719810955434,0.2295937583448605,0.3582251989982093,0.4038447318637136,0.3657041942205057
2023-10-11 12:00:00,0.712501452616184,0.6686566374728503,0.65854236034528,0.4983271529418239,0.3095636496280166,0.26331826422563087,0.5363855872925719,0.48555175139549417,0.6246544861315472,0.6251330477710875,0.5594316616743974,0.6248559087218427,0.5859805924762954,0.41491481578371525,0.4280848311786814,0.4565042167292121,0.4186856458946172,0.7432749278031766,0.4337858420591367,0.6229054156333198,0.4168292222691036,0.7267848472712829,0.28564508799074617,0.4821757311229589,0.20407695149447838,0.336439212688312,0.38949143412475984,0.4835185135274661
2023-10-11 13:00:00,0.7426259500917733,0.6872042913330313,0.6584586987465739,0.5048458550576396,0.3252007590600734,0.2742969980167889,0.5827734205310051,0.5524012726585347,0.7028406937511216,0.6534883155472011,0.6139956661907228,0.5893908908806456,0.6981678450900711,0.500714859649265,0.5209517739266771,0.6327570166885993,0.4656781816175164,0.7344789667192106,0.4226734049682932,0.6115153728897598,0.4979202853609199,0.7404843171051557,0.42599898824930343,0.5009073737962829,0.25317199281733155,0.3918735469956508,0.3551794536304874,0.5083153718333709
2023-10-11 14:00:00,0.7171368424963814,0.6332451233683158,0.6583557700948057,0.3902464758186849,0.3644883652631001,0.25545437197482196,0.592787427539438,0.607733303675294,0.653129923259239,0.6482761713034292,0.6514626600275033,0.4468064983451908,0.659071422717372,0.5717706824798312,0.4575112209284678,0.5759362609863573,0.5322316201849643,0.6263239453049204,0.4690760254628944,0.5761895064014566,0.5662078939107236,0.6652890275652378,0.38330620370178886,0.407115356132419,0.23672002003206094,0.31706361582317,0.24877768872467063,0.44327660270696295
2023-10-11 15:00:00,0.6023545777141286,0.5327560666112068,0.6796500086674342,0.3365437485516607,0.3758514335365176,0.24655580127341342,0.6492488484822302,0.6525741271649955,0.5528329600776927,0.6730214339000434,0.684886550731501,0.3809468628706486,0.5571300529674481,0.6063380477994017,0.3293043831140879,0.45781136603908273,0.46716443729886037,0.39658611581825315,0.4281888433466416,0.583730121476874,0.5991429429505687,0.558992290551294,0.4307415354808093,0.37322946090465503,0.22924735447851388,0.28975396266337133,0.1992729760300747,0.4173100420925009
2023-10-11 16:00:00,0.5385278642068717,0.3849113783649879,0.5451865533729893,0.42102450977271855,0.3760979070781687,0.22197406525032426,0.6078858226379255,0.651597566839807,0.4717703058776957,0.6402487654494052,0.6354686567294605,0.3818259561396672,0.4625107147246029,0.63508458220972,0.16025193127935133,0.37395426382573493,0.4757603071597515,0.3247383800457278,0.42601595782598645,0.6367825148557311,0.6279373495580288,0.5042734450719907,0.3569536655400887,0.3113900068095347,0.20189141226926813,0.26205733544721577,0.12040417178293615,0.3536088383140279
2023-10-11 17:00:00,0.438098260242176,0.2855246872023201,0.5634981129398677,0.316781181115584,0.32064956093116054,0.19786386266665637,0.6253244148453813,0.6263953754576674,0.4862985713399959,0.59596599349727,0.6171413181385198,0.254783162798618,0.4610384261125233,0.5923756836644444,0.1936634084001582,0.3307007138837423,0.4116512082267102,0.3095228747742302,0.36289720889159327,0.5423256379674981,0.5868459214353194,0.4056784139487788,0.22854156674572032,0.2386455372777507,0.15993183803499345,0.23203702944639118,0.09895805185334206,0.27960883669906483
2023-10-11 18:00:00,0.45922345613519466,0.24907695263064514,0.4515842007151998,0.3220734749963185,0.29587888318211897,0.16197327615801108,0.4791839022937921,0.4683610625988404,0.38211893727058627,0.4581610178742842,0.4657057997341149,0.442844673123447,0.3473130163522649,0.4467924411558186,0.1766607238258831,0.30014286694243064,0.27450494347314164,0.48892297696526893,0.2756919850818998,0.46317083929688996,0.44280819059203086,0.47550288267066115,0.16232240213311108,0.17278235808259446,0.07953512985277794,0.22611736305684615,0.04952339978896521,0.22030549576781022
2023-10-11 19:00:00,0.10660159383010288,0.0,0.11874335290496774,0.0,0.1508180247718407,0.11991050572693278,0.0,0.0,0.21262320628091144,0.0,0.0,0.0,0.2061228076423197,0.0,0.16123986519816288,0.24901379694624107,0.11663396445497655,0.0,0.15665458405850127,0.0,0.0,0.0,0.0,0.0,0.0,0.16143236114865298,0.0,0.0
2023-10-11 20:00:00,0.0,0.0,0.0,0.0,0.0,0.0,0.0,0.0,0.0,0.0,0.0,0.0,0.0,0.0,0.0,0.0,0.0,0.0,0.0,0.0,0.0,0.0,0.0,0.0,0.0,0.0,0.0,0.0
2023-10-11 21:00:00,0.0,0.0,0.0,0.0,0.0,0.0,0.0,0.0,0.0,0.0,0.0,0.0,0.0,0.0,0.0,0.0,0.0,0.0,0.0,0.0,0.0,0.0,0.0,0.0,0.0,0.0,0.0,0.0
2023-10-11 22:00:00,0.0,0.0,0.0,0.0,0.0,0.0,0.0,0.0,0.0,0.0,0.0,0.0,0.0,0.0,0.0,0.0,0.0,0.0,0.0,0.0,0.0,0.0,0.0,0.0,0.0,0.0,0.0,0.0
2023-10-11 23:00:00,0.0,0.0,0.0,0.0,0.0,0.0,0.0,0.0,0.0,0.0,0.0,0.0,0.0,0.0,0.0,0.0,0.0,0.0,0.0,0.0,0.0,0.0,0.0,0.0,0.0,0.0,0.0,0.0
2023-10-12 00:00:00,0.0,0.0,0.0,0.0,0.0,0.0,0.0,0.0,0.0,0.0,0.0,0.0,0.0,0.0,0.0,0.0,0.0,0.0,0.0,0.0,0.0,0.0,0.0,0.0,0.0,0.0,0.0,0.0
2023-10-12 01:00:00,0.0,0.0,0.0,0.0,0.0,0.0,0.0,0.0,0.0,0.0,0.0,0.0,0.0,0.0,0.0,0.0,0.0,0.0,0.0,0.0,0.0,0.0,0.0,0.0,0.0,0.0,0.0,0.0
2023-10-12 02:00:00,0.0,0.0,0.0,0.0,0.0,0.0,0.0,0.0,0.0,0.0,0.0,0.0,0.0,0.0,0.0,0.0,0.0,0.0,0.0,0.0,0.0,0.0,0.0,0.0,0.0,0.0,0.0,0.0
2023-10-12 03:00:00,0.0,0.0,0.0,0.0,0.0,0.0,0.0,0.0,0.0,0.0,0.0,0.0,0.0,0.0,0.0,0.0,0.0,0.0,0.0,0.0,0.0,0.0,0.0,0.0,0.0,0.0,0.0,0.0
2023-10-12 04:00:00,0.0,0.0,0.0,0.0,0.0,0.0,0.0,0.0,0.0,0.0,0.0,0.0,0.0,0.0,0.0,0.0,0.0,0.0,0.0,0.0,0.0,0.0,0.0,0.0,0.0,0.0,0.0,0.0
2023-10-12 05:00:00,0.0,0.0,0.0,0.0,0.0,0.0,0.0,0.0,0.0,0.0,0.0,0.0,0.0,0.0,0.0,0.0,0.0,0.0,0.0,0.0,0.0,0.0,0.0,0.0,0.0,0.0,0.0,0.0
2023-10-12 06:00:00,0.0,0.0,0.0,0.0,0.0,0.0,0.0,0.0,0.0,0.0,0.0,0.0,0.0,0.0,0.0,0.0,0.0,0.0,0.0,0.0,0.0,0.0,0.0,0.0,0.0,0.0,0.0,0.0
2023-10-12 07:00:00,0.0,0.0,0.0,0.0,0.0,0.0,0.0,0.0,0.0,0.0,0.0,0.0,0.0,0.0,0.0,0.0,0.0,0.0,0.0,0.0,0.0,0.0,0.0,0.0,0.0,0.0,0.0,0.0
2023-10-12 08:00:00,0.0,0.0,0.0,0.0,0.0,0.0,0.0,0.0,0.0,0.0,0.0,0.0,0.0,0.0,0.0,0.0,0.0,0.0,0.0,0.0,0.0,0.0,0.1451724997259439,0.03309996074278722,0.05004815460875829,0.0,0.02210138074040094,0.020147443813447494
2023-10-12 09:00:00,0.19274613906137553,0.3192820895126672,0.28462249339680074,0.30008002776439285,0.005414068729729124,0.039372913441305245,0.40028340027543474,0.4185517628542366,0.18576380233444637,0.3370111570596501,0.3585220137849712,0.18583076537027216,0.2371995664352312,0.4384580241765769,0.2517275685278298,0.2424730731074341,0.008676338312069513,0.168697866968592,0.021627118971465853,0.37632573775899036,0.43500443208097617,0.20268315097029546,0.1822958348553558,0.3129350333086124,0.13923637902686692,0.06652616878651035,0.14976956652613735,0.36801792310065334
2023-10-12 10:00:00,0.3872007642417218,0.4504542921930981,0.5105114617736235,0.5227087581255371,0.023139999999879413,0.08066311174948036,0.6077780637973019,0.5875879502338275,0.3337825000636133,0.4893989164832704,0.5269735614591856,0.3811073358047514,0.3784541955706001,0.5962967590142566,0.34097033192111703,0.3775332309354799,0.039637579978873856,0.3824500275129934,0.01777671549475186,0.5663587445993211,0.5926530339818538,0.375227539465761,0.14321701817123073,0.48038993588522094,0.2400629640169381,0.11343832435666815,0.23976146234417567,0.5498528119633392
2023-10-12 11:00:00,0.5230019106223545,0.6028166827633307,0.6160015498007568,0.7044659940629487,0.08947212102758559,0.11895772404363167,0.6987332368263348,0.6827563123949824,0.44301923737852666,0.6053401067943254,0.6198544752329309,0.594223009584973,0.48534841626288355,0.6916575471583108,0.47036382209586386,0.49444181377133145,0.07159223880977338,0.5729423984279223,0.0392899643693318,0.7157682324316126,0.6894531966687447,0.5423019961515511,0.1750009086290302,0.632363271487788,0.325327496395171,0.21592626839908982,0.4178288550302884,0.6733839059734062
2023-10-12 12:00:00,0.6637668274668488,0.7295933287454536,0.6539663529953534,0.7577909218783353,0.19349483847906152,0.21039752444268317,0.7001094103453656,0.7277892357141083,0.5321146441585037,0.7066895559320624,0.7070096447892604,0.7787834414458048,0.5774823911773822,0.740710452496161,0.5873079793781886,0.5343360401432508,0.12007658192936443,0.7605037067758867,0.14651834873966463,0.7409237005226401,0.7401390365462284,0.75703643921663,0.1145133512684044,0.7535012415344808,0.4729224747768322,0.33966112854521907,0.6256969516915897,0.7421354981119879
2023-10-12 13:00:00,0.6948344754850189,0.7840829953488079,0.6329901398181277,0.7792681886729439,0.24767842941175758,0.19496493080771995,0.680503818237108,0.6954464369153973,0.5905408789946842,0.6841857893609815,0.668074939201066,0.8181733643607447,0.6379995198078156,0.721691900537258,0.6447077673798517,0.5501345324598106,0.1223997243475412,0.774082315179842,0.10716825180276537,0.7400372995200113,0.7264198192395217,0.763706496327635,0.14035585157798333,0.7465386299635849,0.4290640627426969,0.35016600505300494,0.6777736707120556,0.7415383887741507
2023-10-12 14:00:00,0.6955457944776617,0.780889094477338,0.6790988137782076,0.7830072860538373,0.21803647614535743,0.16109448880539579,0.6954555162284928,0.7031011833815825,0.6079205120365779,0.6810281113556742,0.67562951624665,0.8162157771188402,0.6652748103959869,0.7237041200624822,0.6395017627858811,0.5698730371730358,0.0821496215413068,0.7713629664623075,0.09945054350653351,0.7379785089758086,0.7274740882449044,0.7555249531199424,0.11578163249664736,0.7163625236006926,0.3758884631271054,0.3152254110606147,0.6626401582426148,0.720478168152785
2023-10-12 15:00:00,0.7166703557917327,0.7534942487361659,0.7011104983055624,0.7582736517367102,0.19904914545170457,0.14762651228943507,0.6975492916344566,0.7186788587092937,0.621111597566783,0.7220135277884254,0.7174611531055627,0.793792124741591,0.6545125137457625,0.7261376109824369,0.5830878272737059,0.5390984112388408,0.08057343334619406,0.7579392382266477,0.07796584458346038,0.7249150523119197,0.727736477106368,0.7686331811595678,0.09233571586053309,0.6449833717448448,0.28163256642814694,0.26542246270883835,0.589833760290595,0.6801407575915809
2023-10-12 16:00:00,0.6673860952165652,0.7048895532203001,0.6543981038547101,0.715777732592485,0.16625018470970118,0.11756294857543421,0.6824972040065044,0.6806179033676294,0.5661940848757481,0.6599585711845349,0.6584246664105883,0.7527856524473215,0.60874780930189,0.686331685769362,0.48935322383435287,0.5432310369900778,0.06819117355589145,0.7114699564064728,0.06899274145103922,0.6920927478303485,0.6864450759323598,0.7101393999369036,0.0524184889217411,0.5716675006443105,0.2199835683446656,0.21049133454311006,0.545013656446936,0.6247528206334553
2023-10-12 17:00:00,0.6167254103253417,0.6241501673708272,0.5815193327106607,0.631575381138796,0.12053935111843922,0.09933679094529128,0.6120548413119148,0.6137007833850993,0.5298422273867347,0.5973714748731423,0.5987309328033945,0.6718155549467989,0.558490039679932,0.6180212089369904,0.3852108275676447,0.47305332561880903,0.04621324428514901,0.632478978112086,0.04562720854745193,0.6140013446510919,0.617529528046661,0.6400343016750946,0.04726301834479574,0.5022312849528021,0.19464778418999773,0.13277866458531742,0.5179751555250406,0.5565215529601574
2023-10-12 18:00:00,0.4497463003687937,0.4547810308671005,0.40143488805330346,0.4712751714515505,0.06294061660962992,0.07095694579050213,0.4350869616170802,0.44854209211758134,0.35043579855140544,0.4417325934027231,0.44121357772038416,0.5107875634742258,0.37556305236783954,0.4458203552341708,0.24862288144928635,0.31813560762310605,0.022841477334029726,0.4806991125665934,0.03981004054307479,0.4524448065232201,0.4448297953561242,0.48522523694199843,0.01667025918995342,0.4153487775310311,0.11327270733842326,0.07517347333848605,0.3812457679223994,0.4278733409707093
2023-10-12 19:00:00,0.07643308489166803,0.0,0.033142169537694964,0.0,0.002087728522404539,0.023291949186856103,0.0,0.0,0.07518812396716863,0.0,0.0,0.0,0.0830538179224411,0.0,0.04158321478855188,0.08012323218265524,0.009862906824486562,0.0,0.016216379868883184,0.0,0.0,0.0,0.0,0.0,0.0,0.031068927572806007,0.0,0.0
2023-10-12 20:00:00,0.0,0.0,0.0,0.0,0.0,0.0,0.0,0.0,0.0,0.0,0.0,0.0,0.0,0.0,0.0,0.0,0.0,0.0,0.0,0.0,0.0,0.0,0.0,0.0,0.0,0.0,0.0,0.0
2023-10-12 21:00:00,0.0,0.0,0.0,0.0,0.0,0.0,0.0,0.0,0.0,0.0,0.0,0.0,0.0,0.0,0.0,0.0,0.0,0.0,0.0,0.0,0.0,0.0,0.0,0.0,0.0,0.0,0.0,0.0
2023-10-12 22:00:00,0.0,0.0,0.0,0.0,0.0,0.0,0.0,0.0,0.0,0.0,0.0,0.0,0.0,0.0,0.0,0.0,0.0,0.0,0.0,0.0,0.0,0.0,0.0,0.0,0.0,0.0,0.0,0.0
2023-10-12 23:00:00,0.0,0.0,0.0,0.0,0.0,0.0,0.0,0.0,0.0,0.0,0.0,0.0,0.0,0.0,0.0,0.0,0.0,0.0,0.0,0.0,0.0,0.0,0.0,0.0,0.0,0.0,0.0,0.0
2023-10-13 00:00:00,0.0,0.0,0.0,0.0,0.0,0.0,0.0,0.0,0.0,0.0,0.0,0.0,0.0,0.0,0.0,0.0,0.0,0.0,0.0,0.0,0.0,0.0,0.0,0.0,0.0,0.0,0.0,0.0
2023-10-13 01:00:00,0.0,0.0,0.0,0.0,0.0,0.0,0.0,0.0,0.0,0.0,0.0,0.0,0.0,0.0,0.0,0.0,0.0,0.0,0.0,0.0,0.0,0.0,0.0,0.0,0.0,0.0,0.0,0.0
2023-10-13 02:00:00,0.0,0.0,0.0,0.0,0.0,0.0,0.0,0.0,0.0,0.0,0.0,0.0,0.0,0.0,0.0,0.0,0.0,0.0,0.0,0.0,0.0,0.0,0.0,0.0,0.0,0.0,0.0,0.0
2023-10-13 03:00:00,0.0,0.0,0.0,0.0,0.0,0.0,0.0,0.0,0.0,0.0,0.0,0.0,0.0,0.0,0.0,0.0,0.0,0.0,0.0,0.0,0.0,0.0,0.0,0.0,0.0,0.0,0.0,0.0
2023-10-13 04:00:00,0.0,0.0,0.0,0.0,0.0,0.0,0.0,0.0,0.0,0.0,0.0,0.0,0.0,0.0,0.0,0.0,0.0,0.0,0.0,0.0,0.0,0.0,0.0,0.0,0.0,0.0,0.0,0.0
2023-10-13 05:00:00,0.0,0.0,0.0,0.0,0.0,0.0,0.0,0.0,0.0,0.0,0.0,0.0,0.0,0.0,0.0,0.0,0.0,0.0,0.0,0.0,0.0,0.0,0.0,0.0,0.0,0.0,0.0,0.0
2023-10-13 06:00:00,0.0,0.0,0.0,0.0,0.0,0.0,0.0,0.0,0.0,0.0,0.0,0.0,0.0,0.0,0.0,0.0,0.0,0.0,0.0,0.0,0.0,0.0,0.0,0.0,0.0,0.0,0.0,0.0
2023-10-13 07:00:00,0.0,0.0,0.0,0.0,0.0,0.0,0.0,0.0,0.0,0.0,0.0,0.0,0.0,0.0,0.0,0.0,0.0,0.0,0.0,0.0,0.0,0.0,0.0,0.0,0.0,0.0,0.0,0.0
2023-10-13 08:00:00,0.0,0.0,0.0,0.0,0.0,0.0,0.0,0.0,0.0,0.0,0.0,0.0,0.0,0.0,0.0,0.0,0.0,0.0,0.0,0.0,0.0,0.0,0.08759142769255497,0.02722528618790304,0.17200714413866447,0.0,0.042787765031726654,0.010575711598597392
2023-10-13 09:00:00,0.11564269624490545,0.3370748973660123,0.11046469991856533,0.3605606096615345,0.06324519027572806,0.09672303198090224,0.2128055773287404,0.2802532962945594,0.10901674947166767,0.20565779352249774,0.22590466828931344,0.1896596716098416,0.13847851401707914,0.3014893587641298,0.13729283857850472,0.1491346296287809,0.049147160721818836,0.12854700273616368,0.04813041618533269,0.32156817436642027,0.29976729272604163,0.144167545124445,0.15403162032219386,0.4473901825567507,0.292078221172096,0.10375358948562463,0.4328008009804424,0.40894921041358895
2023-10-13 10:00:00,0.22112721042575942,0.4725076288395348,0.25207060847220736,0.5372532884012279,0.12227261654172375,0.18066548879125233,0.2714071093756247,0.3159811433758862,0.19513597121279522,0.2808390276958976,0.2337528871591235,0.3573748492238227,0.22774092518195557,0.385713037420835,0.2669868475185111,0.2549021045388838,0.1383468865567049,0.2887808822056254,0.14717685907026376,0.5163031517121,0.39682570950745616,0.2757225320917521,0.21428590338682976,0.5879595980905191,0.44139173694258305,0.19199808017131784,0.5906800229485789,0.5484313384697063
2023-10-13 11:00:00,0.4286907403700262,0.5896426281500318,0.477518905064549,0.633327253105442,0.20209483360533206,0.32711789705089855,0.49147490116017245,0.4482895647919223,0.35091028281065745,0.43730210777313683,0.42135411743239604,0.556211054546092,0.36533969091445817,0.4495438011666049,0.3690745449168312,0.330091438257626,0.20411995634525126,0.46243008949711123,0.20772121217605752,0.5272275794482926,0.4514578774393097,0.460275434567963,0.2541030519065412,0.700771890991623,0.5578311931928316,0.34479225317284184,0.6798813155633839,0.6829562643151694
2023-10-13 12:00:00,0.6041544392020061,0.6755552693885182,0.5528263987472631,0.7266269659072263,0.31362461601392116,0.38144044163303337,0.5461582846603907,0.48964627114926573,0.44851779815385334,0.5419007231914617,0.5044594728706256,0.776411482520882,0.4710634736483497,0.47381386161305983,0.5386961636817728,0.4724173459319746,0.24355620016673352,0.6677909755240027,0.272525096733852,0.6044254359876031,0.4787763908808494,0.6683660058869068,0.2802159501774864,0.6913069114242889,0.5386582991139982,0.39038675638146114,0.685515272091551,0.6685432959094388
2023-10-13 13:00:00,0.6093113328541822,0.7567111924907168,0.5288049107819147,0.7303822930457194,0.3847462625081763,0.42727267331920143,0.695798612700425,0.6882496868455256,0.5263969172425822,0.7024603332646154,0.7247911110746739,0.7917998236185776,0.5938451210625612,0.6401836084150281,0.5943207411998171,0.5732045328451735,0.3172331137316133,0.7299609048418585,0.33868460277253465,0.6320046230184815,0.6344398067620776,0.7501043360704629,0.3355505368946891,0.7122233144841525,0.5485100944431849,0.4598877769435334,0.741492385813562,0.7155572353049364
2023-10-13 14:00:00,0.5493819639259392,0.7353935342323705,0.34157039516462334,0.7149693472039172,0.43368574141880367,0.47053157484187125,0.5336259661918539,0.6737335978138258,0.42894709463469166,0.6246297230482261,0.631325281844299,0.7421841810629195,0.4974516560383857,0.6977368541648868,0.6447851943349211,0.5599711175848505,0.3678406509211262,0.6765683982495269,0.3673401076676007,0.6660422498858412,0.6925924762481203,0.6972787702292703,0.24424843347487998,0.6160762083051275,0.44210809819481356,0.5500593903497791,0.7262735671451077,0.597253200173972
2023-10-13 15:00:00,0.5007701274553018,0.6688471554506049,0.2505853642873236,0.68892715907664,0.4335753744343108,0.4362236668501163,0.2787196894503296,0.45206014297644087,0.32333808295590843,0.536672981615049,0.43628559755589624,0.7195578378367917,0.3562759276948266,0.5031900025762722,0.6146697971934079,0.4275039174875155,0.3187763041923516,0.6997324068074823,0.3725310334291762,0.6620186092605627,0.5166598999467698,0.6921071111168599,0.24711143577103714,0.5049997928255529,0.4048206670084763,0.5285801381662282,0.6320965334398921,0.458375288915632
2023-10-13 16:00:00,0.428851261497201,0.5758759446404028,0.13561980351937108,0.5856927208838403,0.3966750444711119,0.3337939600481161,0.12807078887500897,0.2682070320856222,0.2739117079544509,0.3087407266599826,0.21687096738222486,0.6284405445889895,0.2678601182052245,0.3568090455455963,0.5156087436053579,0.2962490489529781,0.19152253828776783,0.608688530054062,0.27757313399463956,0.5462069238001093,0.37538142629927507,0.5433198801804399,0.26384578411970167,0.4405499539879399,0.4679972158386658,0.4627938491236677,0.5755068805827434,0.3983073585763526
2023-10-13 17:00:00,0.2531889520908218,0.48484969746403717,0.05209582013850316,0.4888284336363186,0.33090898904373456,0.21578821186283342,0.0333215782694511,0.06117203833921897,0.1336908998926145,0.06408544669802377,0.04597105221686229,0.516992464307173,0.11037718731053862,0.09621786000546818,0.2419600964919588,0.08834282038460545,0.14828475434118554,0.29876146235091977,0.16620403315928042,0.21352723411385915,0.1027833771135635,0.3114020872583815,0.21109217924142107,0.38272220971414617,0.3363991884695197,0.37023660471464975,0.5304922349853266,0.3835678067220283
2023-10-13 18:00:00,0.07664295169157886,0.3174095517327755,0.0035127004430843814,0.290546054140009,0.22968695349595877,0.10650404562158498,0.0023530732690823977,0.005727937463848492,0.034895259746242,0.0059651324038667965,0.004340050040598032,0.2424345490948618,0.029853986796406873,0.011590338322802653,0.08175675571957053,0.01791149615975027,0.08451476537506307,0.06306888450429954,0.0661263969212315,0.02906685083631036,0.012441979968512921,0.0958082781621643,0.19585324665096182,0.3152105493551256,0.26395267016352086,0.21977853820448004,0.38556463229192073,0.3023110121274217
2023-10-13 19:00:00,0.0,0.0,0.0,0.0,0.008789285555320547,0.019746585662764344,0.0,0.0,0.0,0.0,0.0,0.0,0.00020486874401032338,0.0,0.0,0.00234132386809177,0.0212602134057184,0.0,0.017103680756246048,0.0,0.0,0.0,0.0,0.0,0.0,0.01484917019998702,0.0,0.0
2023-10-13 20:00:00,0.0,0.0,0.0,0.0,0.0,0.0,0.0,0.0,0.0,0.0,0.0,0.0,0.0,0.0,0.0,0.0,0.0,0.0,0.0,0.0,0.0,0.0,0.0,0.0,0.0,0.0,0.0,0.0
2023-10-13 21:00:00,0.0,0.0,0.0,0.0,0.0,0.0,0.0,0.0,0.0,0.0,0.0,0.0,0.0,0.0,0.0,0.0,0.0,0.0,0.0,0.0,0.0,0.0,0.0,0.0,0.0,0.0,0.0,0.0
2023-10-13 22:00:00,0.0,0.0,0.0,0.0,0.0,0.0,0.0,0.0,0.0,0.0,0.0,0.0,0.0,0.0,0.0,0.0,0.0,0.0,0.0,0.0,0.0,0.0,0.0,0.0,0.0,0.0,0.0,0.0
2023-10-13 23:00:00,0.0,0.0,0.0,0.0,0.0,0.0,0.0,0.0,0.0,0.0,0.0,0.0,0.0,0.0,0.0,0.0,0.0,0.0,0.0,0.0,0.0,0.0,0.0,0.0,0.0,0.0,0.0,0.0
2023-10-14 00:00:00,0.0,0.0,0.0,0.0,0.0,0.0,0.0,0.0,0.0,0.0,0.0,0.0,0.0,0.0,0.0,0.0,0.0,0.0,0.0,0.0,0.0,0.0,0.0,0.0,0.0,0.0,0.0,0.0
2023-10-14 01:00:00,0.0,0.0,0.0,0.0,0.0,0.0,0.0,0.0,0.0,0.0,0.0,0.0,0.0,0.0,0.0,0.0,0.0,0.0,0.0,0.0,0.0,0.0,0.0,0.0,0.0,0.0,0.0,0.0
2023-10-14 02:00:00,0.0,0.0,0.0,0.0,0.0,0.0,0.0,0.0,0.0,0.0,0.0,0.0,0.0,0.0,0.0,0.0,0.0,0.0,0.0,0.0,0.0,0.0,0.0,0.0,0.0,0.0,0.0,0.0
2023-10-14 03:00:00,0.0,0.0,0.0,0.0,0.0,0.0,0.0,0.0,0.0,0.0,0.0,0.0,0.0,0.0,0.0,0.0,0.0,0.0,0.0,0.0,0.0,0.0,0.0,0.0,0.0,0.0,0.0,0.0
2023-10-14 04:00:00,0.0,0.0,0.0,0.0,0.0,0.0,0.0,0.0,0.0,0.0,0.0,0.0,0.0,0.0,0.0,0.0,0.0,0.0,0.0,0.0,0.0,0.0,0.0,0.0,0.0,0.0,0.0,0.0
2023-10-14 05:00:00,0.0,0.0,0.0,0.0,0.0,0.0,0.0,0.0,0.0,0.0,0.0,0.0,0.0,0.0,0.0,0.0,0.0,0.0,0.0,0.0,0.0,0.0,0.0,0.0,0.0,0.0,0.0,0.0
2023-10-14 06:00:00,0.0,0.0,0.0,0.0,0.0,0.0,0.0,0.0,0.0,0.0,0.0,0.0,0.0,0.0,0.0,0.0,0.0,0.0,0.0,0.0,0.0,0.0,0.0,0.0,0.0,0.0,0.0,0.0
2023-10-14 07:00:00,0.0,0.0,0.0,0.0,0.0,0.0,0.0,0.0,0.0,0.0,0.0,0.0,0.0,0.0,0.0,0.0,0.0,0.0,0.0,0.0,0.0,0.0,0.0,0.0,0.0,0.0,0.0,0.0
2023-10-14 08:00:00,0.0,0.0,0.0,0.0,0.0,0.0,0.0,0.0,0.0,0.0,0.0,0.0,0.0,0.0,0.0,0.0,0.0,0.0,0.0,0.0,0.0,0.0,0.059301605577790115,0.0,0.02321919693960194,0.0,0.005705853973837503,0.0
2023-10-14 09:00:00,0.021681262314460735,0.17626292643129754,0.06499430688530344,0.129345629328507,0.04689884567005539,0.04310109835185786,0.09376703250511305,0.17527791834718986,0.08819058653484298,0.10660726650420138,0.10512093866940268,0.022298059894149534,0.10835179703300231,0.2270971411633499,0.20979304940137877,0.10355891800441519,0.05583490744091888,0.011129124940028101,0.08384114338907704,0.16795009924411253,0.2310925252997333,0.04731267137977276,0.1767006419247301,0.0762734076890222,0.1193977805079412,0.08868853768482475,0.08934392134311486,0.11189123463450253
2023-10-14 10:00:00,0.06553482983620311,0.3541815630564743,0.11866425238334694,0.15970125825390738,0.08027349270635956,0.059940265307778455,0.1846975856099773,0.2823563281518046,0.11502731801738142,0.19623756283728794,0.1948993584199768,0.07037826661762042,0.14502226851513664,0.3330158776085423,0.28027041804077396,0.2064955574657806,0.17648020818601237,0.043334157093160186,0.16714388695576216,0.23623079420870047,0.3351490247602189,0.12378658517141716,0.371923401885884,0.16259065746535933,0.2813979586942596,0.10746868068479921,0.14508859838242558,0.2586103175601066
2023-10-14 11:00:00,0.08138169843088328,0.5073694240189683,0.11028675435764307,0.20340898268273097,0.15063453016474895,0.08900951531811446,0.21569599377271176,0.32886819176078746,0.13880457992895495,0.26506514503345074,0.24688605061385546,0.09867980145006758,0.19105944170867115,0.3691940417008672,0.36458264362450354,0.275359100670503,0.1484968785529007,0.04695417453783529,0.20386222843601984,0.29288837318056227,0.37277086230941453,0.15656490799014702,0.4837647159577227,0.3382214284630108,0.37840676678935314,0.2026307232696331,0.21736919514548061,0.4677903541284965
2023-10-14 12:00:00,0.12450679784697208,0.6069431335505314,0.1190326173232013,0.16300112095085478,0.22669760312985296,0.20104615196595063,0.17371270072847325,0.23189301472485394,0.15420991036629303,0.18668018294729735,0.17000029265736155,0.10505653677857373,0.15048830929717721,0.2690790950536186,0.40050947250471214,0.27356772422852166,0.15913836088693994,0.1234220575927818,0.19701193304418907,0.22640509349889648,0.27247290126644313,0.13399115852955387,0.490654262057959,0.5441258364110613,0.5370269279596065,0.2245512341041277,0.441764040723323,0.5914936466847311
2023-10-14 13:00:00,0.19934324093755482,0.6060476357044187,0.20393326601857933,0.20560133270553746,0.2932559883422685,0.14725579425688232,0.23866371847790138,0.29619728349492525,0.1854957890895728,0.2565887973913584,0.26317262353830373,0.19642106191114472,0.1682252032497785,0.3089939544370685,0.29585350351120576,0.20582709720023643,0.16431914361136457,0.19253387441849643,0.21910055881991458,0.25306239723192797,0.30853022067622043,0.2503748068035681,0.606523106410679,0.5511419762584365,0.5897846149275399,0.24890830822882798,0.5340835767549813,0.5910646398509962
2023-10-14 14:00:00,0.23048604396047093,0.5185079930744374,0.14253216056414666,0.19151691542484872,0.32435306373397516,0.19121544378432542,0.18544031970254204,0.2704608895209372,0.24380494330634503,0.33752360595037645,0.28305779136711373,0.2191096832086303,0.2874121861013255,0.27389244189638934,0.3015261753981937,0.2529499482442472,0.19113440104599147,0.29686863339750286,0.18489139517699363,0.28660250076660443,0.27857655691208877,0.33136504888500423,0.5415765140203398,0.4530183861164593,0.5388068882369766,0.24683520920514962,0.485396207148169,0.5012865506772467
2023-10-14 15:00:00,0.16053456416320055,0.43937382382034557,0.07135069318768249,0.21094964737443672,0.3550928993362246,0.2135598052402706,0.09215465141905259,0.1276561340090876,0.1820118647026398,0.12257277626301587,0.10977482902814195,0.22504658228563834,0.22677032113151108,0.1474638977183763,0.17075173719192765,0.2268990988954222,0.15595912072887808,0.23034772827716518,0.13967998497596718,0.152658249479416,0.1495698043180039,0.19812700012988707,0.40031582692990586,0.36523021891436597,0.41281445133518146,0.26723548567147715,0.39156669416928086,0.4088542141697848
2023-10-14 16:00:00,0.12348446507794922,0.34440556660332744,0.03530541014674367,0.12290548307720205,0.3082975149709996,0.18828483493332915,0.04979806548781527,0.07552710089270774,0.12555958073633838,0.06610669774907663,0.06327259682094416,0.16156473992837767,0.15091875525748796,0.08880541524920185,0.14499450753256662,0.17630846471732808,0.10391925700127476,0.12130752660398758,0.09111991106710723,0.08510357532105939,0.09013356609227718,0.13569554111715662,0.3757770359818102,0.35642787755171346,0.44957513791319903,0.220329372463996,0.4147239799303654,0.3129235039808907
2023-10-14 17:00:00,0.04156978904242438,0.24390176653692275,0.012009053932490382,0.0379135892399805,0.2558414979149272,0.1381591197361046,0.01823614539420462,0.029188344549413225,0.04008325774019497,0.030971040011136153,0.025866114073632016,0.05204777127923251,0.04633533866963818,0.03431162990137167,0.1334851961330779,0.06000750440704513,0.04939434550446594,0.03922847816168152,0.048637669568843946,0.036425517188944254,0.035188234063031676,0.04756781492229098,0.35491942445402275,0.2195878338934892,0.3818138026213802,0.1909542666715654,0.40259390316618127,0.20513818707523307
2023-10-14 18:00:00,0.005860625274489184,0.11701559120752307,0.0014611392273264406,0.007435673395414746,0.1935916322387147,0.0673130132432591,0.002222943231499215,0.003485966779960197,0.007503981744573225,0.00327680351094058,0.003232787425964002,0.008119567285689298,0.007921627441889621,0.004387154065389493,0.04671001067454088,0.009743748442931077,0.013182422200299452,0.006291283564884062,0.013531255041326679,0.004572107688340462,0.004467601690314813,0.00694734355261561,0.22458379139377982,0.099207439878389,0.2505115935691805,0.1308602799421409,0.2997347200207236,0.09085142797064738
2023-10-14 19:00:00,0.00016008648520097717,0.0,0.0,0.0,0.04457824385374332,0.0014333903456125998,0.0,0.0,0.0,0.0,0.0,0.0,4.7046873772358656e-05,0.0,0.0,0.0,0.0004510394320284581,0.0,0.00024015863616713042,0.0,0.0,0.0,0.0,0.0,0.0,0.000434580781009932,0.0,0.0
2023-10-14 20:00:00,0.0,0.0,0.0,0.0,0.0,0.0,0.0,0.0,0.0,0.0,0.0,0.0,0.0,0.0,0.0,0.0,0.0,0.0,0.0,0.0,0.0,0.0,0.0,0.0,0.0,0.0,0.0,0.0
2023-10-14 21:00:00,0.0,0.0,0.0,0.0,0.0,0.0,0.0,0.0,0.0,0.0,0.0,0.0,0.0,0.0,0.0,0.0,0.0,0.0,0.0,0.0,0.0,0.0,0.0,0.0,0.0,0.0,0.0,0.0
2023-10-14 22:00:00,0.0,0.0,0.0,0.0,0.0,0.0,0.0,0.0,0.0,0.0,0.0,0.0,0.0,0.0,0.0,0.0,0.0,0.0,0.0,0.0,0.0,0.0,0.0,0.0,0.0,0.0,0.0,0.0
2023-10-14 23:00:00,0.0,0.0,0.0,0.0,0.0,0.0,0.0,0.0,0.0,0.0,0.0,0.0,0.0,0.0,0.0,0.0,0.0,0.0,0.0,0.0,0.0,0.0,0.0,0.0,0.0,0.0,0.0,0.0
2023-10-15 00:00:00,0.0,0.0,0.0,0.0,0.0,0.0,0.0,0.0,0.0,0.0,0.0,0.0,0.0,0.0,0.0,0.0,0.0,0.0,0.0,0.0,0.0,0.0,0.0,0.0,0.0,0.0,0.0,0.0
2023-10-15 01:00:00,0.0,0.0,0.0,0.0,0.0,0.0,0.0,0.0,0.0,0.0,0.0,0.0,0.0,0.0,0.0,0.0,0.0,0.0,0.0,0.0,0.0,0.0,0.0,0.0,0.0,0.0,0.0,0.0
2023-10-15 02:00:00,0.0,0.0,0.0,0.0,0.0,0.0,0.0,0.0,0.0,0.0,0.0,0.0,0.0,0.0,0.0,0.0,0.0,0.0,0.0,0.0,0.0,0.0,0.0,0.0,0.0,0.0,0.0,0.0
2023-10-15 03:00:00,0.0,0.0,0.0,0.0,0.0,0.0,0.0,0.0,0.0,0.0,0.0,0.0,0.0,0.0,0.0,0.0,0.0,0.0,0.0,0.0,0.0,0.0,0.0,0.0,0.0,0.0,0.0,0.0
2023-10-15 04:00:00,0.0,0.0,0.0,0.0,0.0,0.0,0.0,0.0,0.0,0.0,0.0,0.0,0.0,0.0,0.0,0.0,0.0,0.0,0.0,0.0,0.0,0.0,0.0,0.0,0.0,0.0,0.0,0.0
2023-10-15 05:00:00,0.0,0.0,0.0,0.0,0.0,0.0,0.0,0.0,0.0,0.0,0.0,0.0,0.0,0.0,0.0,0.0,0.0,0.0,0.0,0.0,0.0,0.0,0.0,0.0,0.0,0.0,0.0,0.0
2023-10-15 06:00:00,0.0,0.0,0.0,0.0,0.0,0.0,0.0,0.0,0.0,0.0,0.0,0.0,0.0,0.0,0.0,0.0,0.0,0.0,0.0,0.0,0.0,0.0,0.0,0.0,0.0,0.0,0.0,0.0
2023-10-15 07:00:00,0.0,0.0,0.0,0.0,0.0,0.0,0.0,0.0,0.0,0.0,0.0,0.0,0.0,0.0,0.0,0.0,0.0,0.0,0.0,0.0,0.0,0.0,0.0,0.0,0.0,0.0,0.0,0.0
2023-10-15 08:00:00,0.0,0.0,0.0,0.0,0.0,0.0,0.0,0.0,0.0,0.0,0.0,0.0,0.0,0.0,0.0,0.0,0.0,0.0,0.0,0.0,0.0,0.0,0.14521969565856188,0.0,0.08643852491349589,0.0,0.0,0.0
2023-10-15 09:00:00,0.03736489268360065,0.3012302905733482,0.005339996536198118,0.11054703883410556,0.00489576842960002,0.012788618023523561,0.010037866855764197,0.023833906130617546,0.034929154912269327,0.029385246603389894,0.013527842384185121,0.050650437499127135,0.04379727021188985,0.040245485636379676,0.06102079971765221,0.03995477291261773,0.1411136669922172,0.027904052790646613,0.05853803290384526,0.08992873436910068,0.04370845303358413,0.044403743753315295,0.24183622053308104,0.12953054412782963,0.09596320283234246,0.016459224548276277,0.19831445355625138,0.17787083164338982
2023-10-15 10:00:00,0.058542685705494604,0.4017359533605284,0.01626044379013071,0.1346031131800767,0.03191554242755059,0.03336484176722956,0.02335831725808983,0.03807975629723511,0.06341882361607185,0.04394024494937172,0.024150285112249207,0.08321519851944797,0.07515435865644243,0.0505068376466943,0.13771888425947237,0.093322665210065,0.19113526636503855,0.04161497326019121,0.15085581957429595,0.11981372249218679,0.05389999383707482,0.055847325122225226,0.4555905647008416,0.232132351752027,0.18178089687876225,0.04072884371374959,0.29079544464603596,0.2553264774132797
2023-10-15 11:00:00,0.10023947550976944,0.45602825238302513,0.03914556751869536,0.20241384637437507,0.07484047375476718,0.06199977758558817,0.07313832011736335,0.09068134448164637,0.14178101729859596,0.12646224153051489,0.08302261535677645,0.13106699302448815,0.1626633804979598,0.09971481125775969,0.25406838813391747,0.2057725564386582,0.2539636631686961,0.09924362107940925,0.22073696585498365,0.14179633066133002,0.10428746032564168,0.13266436050046768,0.5462337695590829,0.3187203178110717,0.2829186988506401,0.0830862669121106,0.371153224844525,0.34439581564052807
2023-10-15 12:00:00,0.14412305511999465,0.5430503457408931,0.076467423920841,0.20686492654941693,0.1527884409243109,0.08531461263148013,0.08075935393336169,0.09704652423423187,0.1696434717124019,0.09763176341961712,0.07592426609623668,0.19280398170217009,0.18918746988555454,0.1250814410708786,0.3017355320753983,0.24346363818697297,0.18879006410426385,0.1344799662823524,0.24325029899099546,0.16513613696734014,0.13030403651878553,0.15514312120564358,0.4433926722742489,0.31509824037167633,0.3099852214107091,0.10872423022314924,0.4379311879562377,0.37445346636604165
2023-10-15 13:00:00,0.16359031956215714,0.5543602294299438,0.1385020996861588,0.28072532103307835,0.23796867075052422,0.12632042049275669,0.18506271920180647,0.21751534331096678,0.1944343167839,0.1817093327993244,0.1641207879160953,0.2171227493251106,0.2100975440476475,0.2686729763690515,0.3295322839285972,0.2891256745863884,0.18309018328012014,0.16191090682485368,0.21138568720557288,0.3508599883443309,0.27762681089259594,0.18283184397924013,0.49485301456420017,0.3930783362693087,0.4317004290302993,0.14697097864476927,0.5248687123921616,0.3946255152693446
2023-10-15 14:00:00,0.13482062040276155,0.4764244350919634,0.11807639623601777,0.25510984488172894,0.28644175608245753,0.11889350036490438,0.15171676678099769,0.18064921636776,0.16250851176691763,0.22018016572539179,0.1721168215804595,0.19208283141264454,0.18479502137420276,0.18321756996357424,0.3605899807373101,0.2862049915772405,0.17386060736520068,0.14323943944088893,0.16782661283268266,0.3010427152408733,0.1893402840542608,0.18962575006539262,0.4277696186881468,0.37161991433269453,0.40463854162936974,0.15091535221658978,0.5075283537075923,0.38321850452250195
2023-10-15 15:00:00,0.11504329174853851,0.3655270675974518,0.07239072302369325,0.23627008789121137,0.2669177962862886,0.10167579787467632,0.07640904089057227,0.09943691590236976,0.1154733300988414,0.14034119938436007,0.09841035783882096,0.19001433475034396,0.12558851287742082,0.10219991441033513,0.25447697273327063,0.17222649026268486,0.1691776263103676,0.1515819861653461,0.16599696384905374,0.1950914693274099,0.10619489203770241,0.1681717997756507,0.4784719446715111,0.3883411825715129,0.4999973001951765,0.16071388586203103,0.48348896645628414,0.36441841305020084
2023-10-15 16:00:00,0.09483172745103227,0.25443197245373506,0.0432335290807428,0.12899547133190395,0.22242068479124383,0.07918284283307989,0.043859865510950946,0.05708518632423884,0.08798070570802607,0.11054674201652233,0.07365513548646067,0.14127826226291765,0.10266597257855978,0.04269941975770214,0.1714855213937822,0.10714616309703609,0.1161514423934992,0.12796025788311013,0.12634127145522306,0.0966211703394663,0.044210348316612545,0.13797978544884124,0.4654415149987578,0.3396727804010734,0.4497348771410179,0.1403754351621957,0.4838103107005221,0.3022615138755884
2023-10-15 17:00:00,0.05426493344459384,0.1315058543339997,0.014492893246932247,0.038685665690050546,0.17611511582012251,0.06392983436106935,0.01591341601520193,0.020429860679312812,0.052804221096160585,0.03565643644025496,0.02435563913479789,0.06582566763817219,0.06286148462381842,0.017600986631040375,0.09763185042912761,0.06796780636830019,0.13261351825012563,0.07994440811092725,0.1773662004319106,0.03751081325767371,0.018128314454383128,0.06945884959424331,0.4720828348979949,0.263897700463024,0.4254517223165419,0.11292328605163952,0.39301170805580005,0.23339482169042622
2023-10-15 18:00:00,0.00810730671706356,0.04843486236897708,0.0010378803039394157,0.003523720257590609,0.09564526065212312,0.017650637167289995,0.0006491075699428032,0.0006995033029713257,0.009260289342220509,0.0026318569204448793,0.0015385305001843958,0.010312625822693376,0.011852788401092548,0.0004355628466862964,0.013921414085600886,0.012526005711728964,0.031003696154317296,0.009149391096027823,0.0740383554282448,0.0016384839251936908,0.0004900082025220834,0.010420860866483654,0.3624034806346474,0.1373437741028053,0.2992162788131967,0.054545240775187076,0.27043773638637475,0.1336305673910641
2023-10-15 19:00:00,0.0,0.0,0.0,0.0,0.01887199786133275,0.007947703231141988,0.0,0.0,0.0,0.0,0.0,0.0,0.0,0.0,0.0,0.0,0.026317977206970586,0.0,0.03582893376003385,0.0,0.0,0.0,0.0,0.0,0.0,0.0005705533031837833,0.0,0.0
2023-10-15 20:00:00,0.0,0.0,0.0,0.0,0.0,0.0,0.0,0.0,0.0,0.0,0.0,0.0,0.0,0.0,0.0,0.0,0.0,0.0,0.0,0.0,0.0,0.0,0.0,0.0,0.0,0.0,0.0,0.0
2023-10-15 21:00:00,0.0,0.0,0.0,0.0,0.0,0.0,0.0,0.0,0.0,0.0,0.0,0.0,0.0,0.0,0.0,0.0,0.0,0.0,0.0,0.0,0.0,0.0,0.0,0.0,0.0,0.0,0.0,0.0
2023-10-15 22:00:00,0.0,0.0,0.0,0.0,0.0,0.0,0.0,0.0,0.0,0.0,0.0,0.0,0.0,0.0,0.0,0.0,0.0,0.0,0.0,0.0,0.0,0.0,0.0,0.0,0.0,0.0,0.0,0.0
2023-10-15 23:00:00,0.0,0.0,0.0,0.0,0.0,0.0,0.0,0.0,0.0,0.0,0.0,0.0,0.0,0.0,0.0,0.0,0.0,0.0,0.0,0.0,0.0,0.0,0.0,0.0,0.0,0.0,0.0,0.0
2023-10-16 00:00:00,0.0,0.0,0.0,0.0,0.0,0.0,0.0,0.0,0.0,0.0,0.0,0.0,0.0,0.0,0.0,0.0,0.0,0.0,0.0,0.0,0.0,0.0,0.0,0.0,0.0,0.0,0.0,0.0
2023-10-16 01:00:00,0.0,0.0,0.0,0.0,0.0,0.0,0.0,0.0,0.0,0.0,0.0,0.0,0.0,0.0,0.0,0.0,0.0,0.0,0.0,0.0,0.0,0.0,0.0,0.0,0.0,0.0,0.0,0.0
2023-10-16 02:00:00,0.0,0.0,0.0,0.0,0.0,0.0,0.0,0.0,0.0,0.0,0.0,0.0,0.0,0.0,0.0,0.0,0.0,0.0,0.0,0.0,0.0,0.0,0.0,0.0,0.0,0.0,0.0,0.0
2023-10-16 03:00:00,0.0,0.0,0.0,0.0,0.0,0.0,0.0,0.0,0.0,0.0,0.0,0.0,0.0,0.0,0.0,0.0,0.0,0.0,0.0,0.0,0.0,0.0,0.0,0.0,0.0,0.0,0.0,0.0
2023-10-16 04:00:00,0.0,0.0,0.0,0.0,0.0,0.0,0.0,0.0,0.0,0.0,0.0,0.0,0.0,0.0,0.0,0.0,0.0,0.0,0.0,0.0,0.0,0.0,0.0,0.0,0.0,0.0,0.0,0.0
2023-10-16 05:00:00,0.0,0.0,0.0,0.0,0.0,0.0,0.0,0.0,0.0,0.0,0.0,0.0,0.0,0.0,0.0,0.0,0.0,0.0,0.0,0.0,0.0,0.0,0.0,0.0,0.0,0.0,0.0,0.0
2023-10-16 06:00:00,0.0,0.0,0.0,0.0,0.0,0.0,0.0,0.0,0.0,0.0,0.0,0.0,0.0,0.0,0.0,0.0,0.0,0.0,0.0,0.0,0.0,0.0,0.0,0.0,0.0,0.0,0.0,0.0
2023-10-16 07:00:00,0.0,0.0,0.0,0.0,0.0,0.0,0.0,0.0,0.0,0.0,0.0,0.0,0.0,0.0,0.0,0.0,0.0,0.0,0.0,0.0,0.0,0.0,0.0,0.0,0.0,0.0,0.0,0.0
2023-10-16 08:00:00,0.0,0.0,0.0,0.0,0.0,0.0,0.0,0.0,0.0,0.0,0.0,0.0,0.0,0.0,0.0,0.0,0.0,0.0,0.0,0.0,0.0,0.0,0.19609647876876313,0.0,0.023088677495236413,0.0,0.0,0.0
2023-10-16 09:00:00,0.025232387797228428,0.024391144285834318,0.006102128547064695,0.032518080287074286,0.00028487726071630234,0.0,0.0,0.0,0.003331039003652429,0.0,0.0,0.044438281502038185,0.007652780030768104,9.378877494315053e-05,0.0006845125143520823,0.0007920582562309357,0.0,0.002509569252534493,0.0,8.41882099988874e-05,0.00010551237181104434,0.015092810841045468,0.3819686776839856,0.053475828743078636,0.1561816597980349,1.4551344089774194e-06,0.10298154363163046,0.0517547745115337
2023-10-16 10:00:00,0.038995181742252374,0.0889501443244097,0.013281341624893049,0.06271336114628438,0.017463779192522132,0.005049581226069019,0.0016429793330082364,0.001403123462664728,0.027197641051030574,0.0014805294312542072,0.0012616701266132922,0.05209995917097129,0.01748669077483639,0.002327167782231512,0.03020388204860437,0.012532324425156135,0.002331544655471327,0.003938763698258561,0.001208070633999896,0.0002994148051135139,0.002509072595215349,0.0185290475036814,0.4570572997963516,0.11944159564778163,0.31448947561627677,0.004401122212432432,0.17781754785992104,0.1410667656694811
2023-10-16 11:00:00,0.04252664034436298,0.12370526855666515,0.02962110519437034,0.042016526090555284,0.056520472479424495,0.014434064741570832,0.03277796980191519,0.018895831957157393,0.04567046897948158,0.007318190150605567,0.009631354682504343,0.037208499305601946,0.024541031991636528,0.03679764364096408,0.022406968489340467,0.01533520249742146,0.024336636872272343,0.0060417292194184236,0.006636426125362332,0.005328693155085478,0.039119895345130946,0.01886907988170533,0.4440018277255965,0.15360036568769272,0.3739784026010113,0.013839309682853303,0.19835289367123568,0.18221921003597993
2023-10-16 12:00:00,0.05276231390918702,0.1120542842538144,0.07602247486842002,0.04486847019198879,0.09474563935026001,0.032064003751843366,0.07146617120609922,0.1617355874853114,0.12498488400393667,0.07041899426103718,0.08005512539985542,0.05088223143657936,0.08009895065639869,0.25159389192768944,0.043074438921346006,0.09060139088392641,0.0341482376779219,0.02907069438827545,0.0259011657398447,0.15307353416634972,0.2615614686800106,0.05116739831699966,0.39656690954796636,0.1412097816149604,0.3506520399693684,0.026011815096495153,0.11453414410350125,0.15686320506763005
2023-10-16 13:00:00,0.13684170985978975,0.17422794989034787,0.173279888301883,0.06549750574300921,0.12535576948740668,0.04416124181776128,0.10721775133606266,0.23713075391144203,0.1846099667913334,0.18784743378942426,0.13820828265519286,0.04882159593805162,0.1932900601315053,0.34890130653177,0.06032056524856421,0.12732138312596522,0.05117252482859592,0.0857703840802256,0.056526623240534944,0.3003859608681619,0.36571948089740147,0.11136325218160388,0.3604820275439988,0.17991740010209925,0.32004553074424236,0.03216952996888632,0.11718233152549702,0.2381286680924249
2023-10-16 14:00:00,0.21525813401162308,0.20625309764183297,0.37730649053891585,0.12998611437723728,0.12036440083314429,0.053743697993687056,0.2627173758179836,0.33780586867727647,0.2327325898870594,0.3039639611081613,0.2864355808210263,0.07361438085442622,0.19792348270257246,0.3856622992167642,0.05339247399499861,0.07394959143588196,0.09576155373322957,0.06660093380404884,0.07223155180501961,0.30348081254251763,0.3908717459274942,0.15952105061608648,0.378873580155341,0.2027033043885303,0.3136390375814268,0.035620214956191006,0.1058289676680129,0.25776085416426425
2023-10-16 15:00:00,0.247769660440615,0.1992419413785406,0.5065964827744279,0.11820627422992548,0.09903188198715374,0.04546887369038202,0.45999269964335276,0.45482610684641855,0.26526660751872505,0.41740562138146553,0.4477801218019119,0.0904258490471416,0.2108639435409206,0.4588757558219761,0.04505534231785696,0.1824577992787844,0.19770958379302736,0.11096193770706475,0.08940239237739638,0.33807499870184754,0.4588982934360406,0.22036855327616237,0.4176666829321384,0.1715076981019774,0.31491387316701536,0.03855445021596611,0.07749009645559228,0.29441486089144503
2023-10-16 16:00:00,0.20236792496179717,0.14993100003606316,0.49120584474218215,0.12067764784720825,0.06986061123157569,0.03413894197559383,0.39979491667011874,0.3381219927895423,0.17136501499673795,0.35486136503440824,0.38259928852354547,0.09287653316871027,0.20062724907308316,0.31145428698873795,0.04570128745875549,0.22071306828752807,0.2759855191722304,0.1517867013568458,0.10201540202005888,0.26570466144994376,0.3114098099024953,0.2060236836471965,0.37682459242484406,0.1624067670949688,0.18876421167397872,0.027873730217214086,0.04808453519762749,0.23722204928524818
2023-10-16 17:00:00,0.24585636362728422,0.09635037002701084,0.4260151053681691,0.10435654187002731,0.04710844982142772,0.032380169707934295,0.5040097190746243,0.45017761718221294,0.23584833511117556,0.4582481104493682,0.5015262219266009,0.08594199046194696,0.23163551933636772,0.3895267452129854,0.04926985958588563,0.12965295186888723,0.19194767809773677,0.26841473273389654,0.08951410626426186,0.30756097296850904,0.3796131237055595,0.2701556594827233,0.22723433320249148,0.1450621375862471,0.03162301819697591,0.020666215377394437,0.017848828355986016,0.22347938422905897
2023-10-16 18:00:00,0.14965500630414866,0.07122965689600239,0.25831874083261225,0.04442502002496864,0.019701179292450372,0.025126543072667328,0.2612296514280911,0.22885421518618135,0.17006906764739238,0.2849333193665708,0.2735972815018617,0.08224592565116501,0.15679104802041377,0.17601763414053187,0.08222310682461705,0.14095756941583015,0.14970243316578866,0.14451343470535014,0.11161041328407027,0.14429166824413459,0.17031641747725482,0.1743408822628408,0.09461462891318106,0.1019397653050854,0.02799745278757353,0.015440020343394876,0.024494447593992528,0.13581324890559474
2023-10-16 19:00:00,0.0,0.0,0.0,0.0,0.0012115714640277657,2.79649638277129e-06,0.0,0.0,0.0,0.0,0.0,0.0,0.0,0.0,0.0,0.0,0.05953535071085062,0.0,0.05352623460188773,0.0,0.0,0.0,0.0,0.0,0.0,1.9874672355994392e-07,0.0,0.0
2023-10-16 20:00:00,0.0,0.0,0.0,0.0,0.0,0.0,0.0,0.0,0.0,0.0,0.0,0.0,0.0,0.0,0.0,0.0,0.0,0.0,0.0,0.0,0.0,0.0,0.0,0.0,0.0,0.0,0.0,0.0
2023-10-16 21:00:00,0.0,0.0,0.0,0.0,0.0,0.0,0.0,0.0,0.0,0.0,0.0,0.0,0.0,0.0,0.0,0.0,0.0,0.0,0.0,0.0,0.0,0.0,0.0,0.0,0.0,0.0,0.0,0.0
2023-10-16 22:00:00,0.0,0.0,0.0,0.0,0.0,0.0,0.0,0.0,0.0,0.0,0.0,0.0,0.0,0.0,0.0,0.0,0.0,0.0,0.0,0.0,0.0,0.0,0.0,0.0,0.0,0.0,0.0,0.0
2023-10-16 23:00:00,0.0,0.0,0.0,0.0,0.0,0.0,0.0,0.0,0.0,0.0,0.0,0.0,0.0,0.0,0.0,0.0,0.0,0.0,0.0,0.0,0.0,0.0,0.0,0.0,0.0,0.0,0.0,0.0
2023-10-17 00:00:00,0.0,0.0,0.0,0.0,0.0,0.0,0.0,0.0,0.0,0.0,0.0,0.0,0.0,0.0,0.0,0.0,0.0,0.0,0.0,0.0,0.0,0.0,0.0,0.0,0.0,0.0,0.0,0.0
2023-10-17 01:00:00,0.0,0.0,0.0,0.0,0.0,0.0,0.0,0.0,0.0,0.0,0.0,0.0,0.0,0.0,0.0,0.0,0.0,0.0,0.0,0.0,0.0,0.0,0.0,0.0,0.0,0.0,0.0,0.0
2023-10-17 02:00:00,0.0,0.0,0.0,0.0,0.0,0.0,0.0,0.0,0.0,0.0,0.0,0.0,0.0,0.0,0.0,0.0,0.0,0.0,0.0,0.0,0.0,0.0,0.0,0.0,0.0,0.0,0.0,0.0
2023-10-17 03:00:00,0.0,0.0,0.0,0.0,0.0,0.0,0.0,0.0,0.0,0.0,0.0,0.0,0.0,0.0,0.0,0.0,0.0,0.0,0.0,0.0,0.0,0.0,0.0,0.0,0.0,0.0,0.0,0.0
2023-10-17 04:00:00,0.0,0.0,0.0,0.0,0.0,0.0,0.0,0.0,0.0,0.0,0.0,0.0,0.0,0.0,0.0,0.0,0.0,0.0,0.0,0.0,0.0,0.0,0.0,0.0,0.0,0.0,0.0,0.0
2023-10-17 05:00:00,0.0,0.0,0.0,0.0,0.0,0.0,0.0,0.0,0.0,0.0,0.0,0.0,0.0,0.0,0.0,0.0,0.0,0.0,0.0,0.0,0.0,0.0,0.0,0.0,0.0,0.0,0.0,0.0
2023-10-17 06:00:00,0.0,0.0,0.0,0.0,0.0,0.0,0.0,0.0,0.0,0.0,0.0,0.0,0.0,0.0,0.0,0.0,0.0,0.0,0.0,0.0,0.0,0.0,0.0,0.0,0.0,0.0,0.0,0.0
2023-10-17 07:00:00,0.0,0.0,0.0,0.0,0.0,0.0,0.0,0.0,0.0,0.0,0.0,0.0,0.0,0.0,0.0,0.0,0.0,0.0,0.0,0.0,0.0,0.0,0.0,0.0,0.0,0.0,0.0,0.0
2023-10-17 08:00:00,0.0,0.0,0.0,0.0,0.0,0.0,0.0,0.0,0.0,0.0,0.0,0.0,0.0,0.0,0.0,0.0,0.0,0.0,0.0,0.0,0.0,0.0,0.14250421289618748,0.0,0.002281619349228715,0.0,0.0,0.0
2023-10-17 09:00:00,0.009760462433206538,0.07671154848854733,0.002736894220656461,0.030384432716333228,0.022759092701566407,0.002620376189255582,0.00892558090799799,0.007564433000006819,0.029802532701076315,0.0010122659467818914,0.0006745294303448205,0.03470970032570028,0.03178782267554317,0.019588059253255557,0.017612609272030663,0.01661947272987801,0.0026577815080528005,0.007562127584564218,0.0011796198531463457,0.011818068501203012,0.02142517216988476,0.0130010254218783,0.20923119648954572,0.15829126561963708,0.06728431655905293,0.010854684365447906,0.09820696813588006,0.196329253090911
2023-10-17 10:00:00,0.07735679800144477,0.19120586141950288,0.020408523398854284,0.1334855276601392,0.08024404284521472,0.0242501824025622,0.0368043841247927,0.07322111337879988,0.08380298583174665,0.12159974034513651,0.0682915886494769,0.1378073745395266,0.09150241159015203,0.08537633661641861,0.08292122439607612,0.06819377728395182,0.009120330539609683,0.08859956899098753,0.004236897356990656,0.13815806033971897,0.09089715060388058,0.13362701450163686,0.30527581625049566,0.26374263498987655,0.18881149072101674,0.06161740855284941,0.19243836547891066,0.3034337372809963
2023-10-17 11:00:00,0.11591950140243493,0.310328544038765,0.04841797312204041,0.17015250684836683,0.1144668734115861,0.03330991208188085,0.03959115863628724,0.05018289489352956,0.04494166471329773,0.08599184730659518,0.053277477968829264,0.21632672257935098,0.04884940541166112,0.057385591748877224,0.06908823055222668,0.037120198234556645,0.04720151009535585,0.12268945028080774,0.013606604454480056,0.07432213319172938,0.06083853997301951,0.17678148550262843,0.39322681565362516,0.31845919969098396,0.22177243064166363,0.04994061643281004,0.25359413687834564,0.3253751196171908
2023-10-17 12:00:00,0.13614914562568892,0.3158905124006638,0.02159502511088048,0.14840638910457482,0.15343513834330125,0.05180046062963763,0.027579618074383073,0.05205969425700538,0.05689090172591802,0.0766516960366184,0.046739901293101585,0.15392464809476375,0.06961465019514383,0.0595380680829488,0.03952578622632293,0.041083749722807185,0.0505394558364859,0.11309133561082936,0.04776544419863236,0.08793644220370148,0.06288233347285258,0.18026492754134837,0.4864798996607224,0.35548931036136366,0.19978220245673747,0.06652814557427514,0.34128027589179616,0.3815772413798123
2023-10-17 13:00:00,0.08706346939485127,0.2767119905517434,0.03641820842862395,0.1523641387270133,0.1672171184827911,0.0644829095519046,0.03931554054859345,0.041952392392105305,0.05369074488954855,0.04280021707676132,0.03792682535436809,0.1251136816920724,0.06399958009307806,0.04866534946248726,0.052037529478804204,0.05948975873908102,0.11800969238159147,0.08866215795139713,0.06890821056015954,0.05612319370773771,0.050183314674926996,0.10816859228100789,0.5111462132431849,0.45055765319252994,0.31291066943212653,0.05683633261658911,0.4218596794146987,0.5069765766952252
2023-10-17 14:00:00,0.08005244774069752,0.21563842604971853,0.020052288668536696,0.09172850336472765,0.1383849019241576,0.060066131805553515,0.03356602588857998,0.04349657120019088,0.04975643224727424,0.05403752863078663,0.04203779514699864,0.09806170919116727,0.05915430463943426,0.043241347328351894,0.07578133986720362,0.048804967040163495,0.09877059409941955,0.061805755842402665,0.07357610573149369,0.0485680396566827,0.04418653060923639,0.10702724956125004,0.5342553754480208,0.4470858733271477,0.40181798196113605,0.0637764619733724,0.4381261955400193,0.42448885778502893
2023-10-17 15:00:00,0.07271290878862477,0.17792740850247088,0.020707215077215808,0.06239136328871251,0.12583330241734544,0.054066927847924405,0.012618207097865876,0.0163342222617188,0.06885141577343802,0.017102201606229772,0.015063324572431602,0.12234531775630741,0.07129936609487263,0.01747122008616056,0.059801662874290666,0.05565176949178637,0.1009932977324913,0.04084990171546857,0.05224066911650193,0.019378116217723198,0.01762901941083001,0.08923210589731519,0.5764798053232759,0.28625855962066116,0.37607874344896186,0.04825224830825082,0.3460675436360912,0.2547852321130113
2023-10-17 16:00:00,0.08159418059259609,0.17628225828328084,0.05322069017432665,0.03131549692190537,0.07533961414340051,0.0617005565199071,0.01748093861298979,0.017252284231802452,0.04537709518605504,0.023544497189725996,0.02250765405259079,0.09459533601670962,0.05351235393076193,0.013438834919706925,0.039121590713459185,0.06692892189727218,0.08208256985758478,0.04126878222091515,0.047468866788381824,0.014941118317024282,0.013453986828249644,0.08374489548890111,0.5796795378658836,0.12080732919675226,0.3261781889914108,0.04740356797302698,0.23226279682974268,0.10075749050701895
2023-10-17 17:00:00,0.04798154307962581,0.1333281334592657,0.009596782534096062,0.018214869952552885,0.0659204978176987,0.04559518794738376,0.012357351993408374,0.012422787652980398,0.01946338273231974,0.023722351451842837,0.015654613017041998,0.08629136110617666,0.02647600865008225,0.00836845912339221,0.03625104516915842,0.06089229685947989,0.042773162515624866,0.014419492643929797,0.030438315571923346,0.015401289854853598,0.008578256768963026,0.04926029414659599,0.4908340655836973,0.0395579699472141,0.20673929487931597,0.01876736732683277,0.10152117297991585,0.04044355372498026
2023-10-17 18:00:00,0.028170189407856393,0.09922322611911345,0.0021921706608382524,0.011927884232998781,0.030732788655416232,0.013615112536613194,0.004222709080346274,0.005727014781730492,0.015752838168606537,0.009620746194029488,0.004744337105700186,0.05265944638668358,0.009684898729452199,0.007844755356943164,0.02093387733887704,0.0218586017263162,0.04144669843210909,0.0068715397826049525,0.012151514983822085,0.004905707417066254,0.008401000295755417,0.029751621301291612,0.353449330273341,0.021510227784335704,0.11685509289217734,0.018619191442125503,0.03167481012620958,0.025604965584510152
2023-10-17 19:00:00,0.0,0.0,0.0,0.0,0.0006513778542369109,0.0,0.0,0.0,0.0,0.0,0.0,0.0,0.0,0.0,0.0,0.0,0.0004875579265209356,0.0,0.0016672906186261712,0.0,0.0,0.0,0.0,0.0,0.0,0.0,0.0,0.0
2023-10-17 20:00:00,0.0,0.0,0.0,0.0,0.0,0.0,0.0,0.0,0.0,0.0,0.0,0.0,0.0,0.0,0.0,0.0,0.0,0.0,0.0,0.0,0.0,0.0,0.0,0.0,0.0,0.0,0.0,0.0
2023-10-17 21:00:00,0.0,0.0,0.0,0.0,0.0,0.0,0.0,0.0,0.0,0.0,0.0,0.0,0.0,0.0,0.0,0.0,0.0,0.0,0.0,0.0,0.0,0.0,0.0,0.0,0.0,0.0,0.0,0.0
2023-10-17 22:00:00,0.0,0.0,0.0,0.0,0.0,0.0,0.0,0.0,0.0,0.0,0.0,0.0,0.0,0.0,0.0,0.0,0.0,0.0,0.0,0.0,0.0,0.0,0.0,0.0,0.0,0.0,0.0,0.0
2023-10-17 23:00:00,0.0,0.0,0.0,0.0,0.0,0.0,0.0,0.0,0.0,0.0,0.0,0.0,0.0,0.0,0.0,0.0,0.0,0.0,0.0,0.0,0.0,0.0,0.0,0.0,0.0,0.0,0.0,0.0
2023-10-18 00:00:00,0.0,0.0,0.0,0.0,0.0,0.0,0.0,0.0,0.0,0.0,0.0,0.0,0.0,0.0,0.0,0.0,0.0,0.0,0.0,0.0,0.0,0.0,0.0,0.0,0.0,0.0,0.0,0.0
2023-10-18 01:00:00,0.0,0.0,0.0,0.0,0.0,0.0,0.0,0.0,0.0,0.0,0.0,0.0,0.0,0.0,0.0,0.0,0.0,0.0,0.0,0.0,0.0,0.0,0.0,0.0,0.0,0.0,0.0,0.0
2023-10-18 02:00:00,0.0,0.0,0.0,0.0,0.0,0.0,0.0,0.0,0.0,0.0,0.0,0.0,0.0,0.0,0.0,0.0,0.0,0.0,0.0,0.0,0.0,0.0,0.0,0.0,0.0,0.0,0.0,0.0
2023-10-18 03:00:00,0.0,0.0,0.0,0.0,0.0,0.0,0.0,0.0,0.0,0.0,0.0,0.0,0.0,0.0,0.0,0.0,0.0,0.0,0.0,0.0,0.0,0.0,0.0,0.0,0.0,0.0,0.0,0.0
2023-10-18 04:00:00,0.0,0.0,0.0,0.0,0.0,0.0,0.0,0.0,0.0,0.0,0.0,0.0,0.0,0.0,0.0,0.0,0.0,0.0,0.0,0.0,0.0,0.0,0.0,0.0,0.0,0.0,0.0,0.0
2023-10-18 05:00:00,0.0,0.0,0.0,0.0,0.0,0.0,0.0,0.0,0.0,0.0,0.0,0.0,0.0,0.0,0.0,0.0,0.0,0.0,0.0,0.0,0.0,0.0,0.0,0.0,0.0,0.0,0.0,0.0
2023-10-18 06:00:00,0.0,0.0,0.0,0.0,0.0,0.0,0.0,0.0,0.0,0.0,0.0,0.0,0.0,0.0,0.0,0.0,0.0,0.0,0.0,0.0,0.0,0.0,0.0,0.0,0.0,0.0,0.0,0.0
2023-10-18 07:00:00,0.0,0.0,0.0,0.0,0.0,0.0,0.0,0.0,0.0,0.0,0.0,0.0,0.0,0.0,0.0,0.0,0.0,0.0,0.0,0.0,0.0,0.0,0.0,0.0,0.0,0.0,0.0,0.0
2023-10-18 08:00:00,0.0,0.0,0.0,0.0,0.0,0.0,0.0,0.0,0.0,0.0,0.0,0.0,0.0,0.0,0.0,0.0,0.0,0.0,0.0,0.0,0.0,0.0,0.09582561332889118,0.0,0.0004049341957041318,0.0,0.0,0.0
2023-10-18 09:00:00,0.01309601368710261,0.23723042351474244,0.0,0.06471897883062899,0.011414061550108897,0.01886716339706197,0.013170072848942142,0.042457903703763566,0.06288719654951798,2.483738096971039e-05,0.0007485786689517937,0.017194860825771728,0.05537464038749872,0.1061143171427828,0.014772877040624865,0.026589626763571655,0.01171530002119579,0.0003913832915102117,0.019151985347583965,0.012036134780739944,0.1155158817371384,0.0031162670785142774,0.1837601540035485,0.048472745177186895,0.022071567901096698,0.019030458696444666,0.15594196198002858,0.0699025656472981
2023-10-18 10:00:00,0.03938664523280015,0.3341863538503093,0.003383904435612427,0.07896681170924777,0.03242311063473379,0.025011731448082507,0.019570860042389508,0.056556519728061576,0.11946006911850997,0.005665919579604114,0.0040992196555130304,0.033221485604347616,0.10139130603780039,0.1369704601750591,0.024777325818689067,0.07045734541134809,0.046499621116735716,0.007664958827456952,0.04044558391097969,0.018598145249651907,0.1500995875882133,0.016436337661012476,0.2436464151730237,0.10519266588549406,0.09421102987353502,0.017652442344005675,0.21097938532445734,0.16090624310494944
2023-10-18 11:00:00,0.03450953092421051,0.4193880632800809,0.009225581128232779,0.12024151840151685,0.044718022743972956,0.06131496054785766,0.03337726294140748,0.07985139357784708,0.12545084413767035,0.014142143222009348,0.010320506262148416,0.05446380701772886,0.10921630783020954,0.189571816063678,0.0540317733905841,0.09013320249526698,0.07862837866523348,0.013217565825182026,0.054939053585041024,0.04351797494492144,0.2069227049147491,0.032133866333727265,0.45583508947185836,0.16040507912859786,0.21344526486662163,0.04992854361579775,0.2543855962769799,0.2401956144394816
2023-10-18 12:00:00,0.04941808995956613,0.46587529257641586,0.014773068534996362,0.12625061245761227,0.10449370096165045,0.07728459158021811,0.03655803619450425,0.07993655193982141,0.16334930671453288,0.03030539612489406,0.01992939229347273,0.0719762770958442,0.1737797096711717,0.17818907316993501,0.09548791095305667,0.18634167402008883,0.13429829003545823,0.016360883168205206,0.09766404592052064,0.03986644289097434,0.19482104854199403,0.050910028407510965,0.41525613232737274,0.19480417304960632,0.1937919334113257,0.06506847402332208,0.2651501950804889,0.23656445567870363
2023-10-18 13:00:00,0.04651796059781553,0.48683468035694855,0.019510826774587015,0.15682340248680668,0.11723491934159426,0.0892556714356244,0.033387516493728765,0.11143938581810568,0.1433445329194549,0.021928019339526483,0.019187193799383412,0.05821377621779829,0.13359314555431404,0.24547871459941817,0.1011125779829217,0.1852653687025207,0.146691840543002,0.014264911197845448,0.12212867765693512,0.10733684569824978,0.26416242368342346,0.03373603990335848,0.4883092000449528,0.19372027795432417,0.2646008711346326,0.07331798082173548,0.3098724034305268,0.22311192458240958
2023-10-18 14:00:00,0.05351309425218369,0.3915493631718217,0.024581176788434543,0.16981491986846786,0.12539627500715317,0.09719464271111153,0.042980054069023894,0.09330345731590299,0.1713606520614504,0.022163267132838477,0.01544524538709361,0.06234636298926548,0.15370805819018266,0.21809517108527918,0.2210382518419455,0.29343013889309183,0.17045232146836659,0.022420915287475793,0.13256110012373085,0.06896033944794844,0.23699637682481045,0.04549903967237035,0.4444989725463057,0.1370292602190397,0.21711224145012029,0.07329830458795213,0.3004338505672397,0.12985493473052387
2023-10-18 15:00:00,0.05611870646549537,0.3177566303372185,0.009973032642560819,0.16681288976206685,0.12013255966261964,0.07787485688422663,0.02688384341120977,0.07464135117660133,0.17090000497497523,0.014261026998819934,0.01224895266414207,0.034760955202495496,0.16469996287547364,0.17650238850801972,0.1430442224733499,0.216454645911666,0.22411683215227343,0.01637605408544002,0.16434303430894695,0.06208787612788981,0.1919290579798064,0.026958298040706718,0.39238444479243356,0.05666831089306517,0.12731332056728098,0.06138748194715736,0.2694010258905707,0.07106248644008799
2023-10-18 16:00:00,0.05335035898785495,0.31737214053212237,0.014611446923817455,0.14875721622423257,0.12115105227680302,0.08889935029911755,0.026916053325535292,0.06966661738506895,0.14934581232848754,0.007193983136388661,0.006036316079851115,0.02422878013415133,0.1291978927968817,0.17434889161447126,0.18357312845936113,0.17934841037269153,0.23920787710751118,0.007172774284407085,0.18254951689491303,0.04564145161016534,0.19019272049799388,0.014927682241786068,0.3520287526074836,0.03309605550038273,0.107508574362793,0.09212012294681308,0.20913414290312804,0.06588337202635493
2023-10-18 17:00:00,0.05516988541997825,0.28034398724167015,0.008988602179900369,0.12782055671307357,0.08818900653414806,0.0760039868455226,0.017001233636576206,0.07216388350599474,0.18902843533815178,0.0023376567027586998,0.0031403282665994807,0.016052550600559604,0.17956827854407278,0.18163754664680612,0.1582602129842813,0.1759781422156165,0.2798281430028499,0.005009542716011138,0.20568393127046977,0.06013964756543634,0.19744292618427034,0.009604907764810258,0.2557164872872941,0.02431263922495685,0.0453061504917213,0.059868376615459504,0.12759751203217293,0.04698521504403097
2023-10-18 18:00:00,0.03706556339358403,0.19236991532098296,0.011176614838878003,0.07896774318880725,0.04745891197774378,0.05048277107029036,0.010579610950149096,0.04369759084857611,0.15328550927146467,0.0,0.00043867832057396496,0.009578743005646938,0.13913791918984098,0.11508670567708126,0.08305160074603435,0.13509110306707428,0.2032499045380153,8.612160403383953e-05,0.18708326343828857,0.02356537716651624,0.12573078009088184,0.0014610139772784046,0.10677742982364737,0.014657620815426289,0.006838569842247802,0.03738480804223266,0.08731870527755332,0.039742873259927425
2023-10-18 19:00:00,0.0,0.0,0.0,0.0,0.0006695511269544006,0.0,0.0,0.0,0.0,0.0,0.0,0.0,0.0,0.0,0.0,0.0,0.14188586774779488,0.0,0.0754761251201975,0.0,0.0,0.0,0.0,0.0,0.0,0.0,0.0,0.0
2023-10-18 20:00:00,0.0,0.0,0.0,0.0,0.0,0.0,0.0,0.0,0.0,0.0,0.0,0.0,0.0,0.0,0.0,0.0,0.0,0.0,0.0,0.0,0.0,0.0,0.0,0.0,0.0,0.0,0.0,0.0
2023-10-18 21:00:00,0.0,0.0,0.0,0.0,0.0,0.0,0.0,0.0,0.0,0.0,0.0,0.0,0.0,0.0,0.0,0.0,0.0,0.0,0.0,0.0,0.0,0.0,0.0,0.0,0.0,0.0,0.0,0.0
2023-10-18 22:00:00,0.0,0.0,0.0,0.0,0.0,0.0,0.0,0.0,0.0,0.0,0.0,0.0,0.0,0.0,0.0,0.0,0.0,0.0,0.0,0.0,0.0,0.0,0.0,0.0,0.0,0.0,0.0,0.0
2023-10-18 23:00:00,0.0,0.0,0.0,0.0,0.0,0.0,0.0,0.0,0.0,0.0,0.0,0.0,0.0,0.0,0.0,0.0,0.0,0.0,0.0,0.0,0.0,0.0,0.0,0.0,0.0,0.0,0.0,0.0
2023-10-19 00:00:00,0.0,0.0,0.0,0.0,0.0,0.0,0.0,0.0,0.0,0.0,0.0,0.0,0.0,0.0,0.0,0.0,0.0,0.0,0.0,0.0,0.0,0.0,0.0,0.0,0.0,0.0,0.0,0.0
2023-10-19 01:00:00,0.0,0.0,0.0,0.0,0.0,0.0,0.0,0.0,0.0,0.0,0.0,0.0,0.0,0.0,0.0,0.0,0.0,0.0,0.0,0.0,0.0,0.0,0.0,0.0,0.0,0.0,0.0,0.0
2023-10-19 02:00:00,0.0,0.0,0.0,0.0,0.0,0.0,0.0,0.0,0.0,0.0,0.0,0.0,0.0,0.0,0.0,0.0,0.0,0.0,0.0,0.0,0.0,0.0,0.0,0.0,0.0,0.0,0.0,0.0
2023-10-19 03:00:00,0.0,0.0,0.0,0.0,0.0,0.0,0.0,0.0,0.0,0.0,0.0,0.0,0.0,0.0,0.0,0.0,0.0,0.0,0.0,0.0,0.0,0.0,0.0,0.0,0.0,0.0,0.0,0.0
2023-10-19 04:00:00,0.0,0.0,0.0,0.0,0.0,0.0,0.0,0.0,0.0,0.0,0.0,0.0,0.0,0.0,0.0,0.0,0.0,0.0,0.0,0.0,0.0,0.0,0.0,0.0,0.0,0.0,0.0,0.0
2023-10-19 05:00:00,0.0,0.0,0.0,0.0,0.0,0.0,0.0,0.0,0.0,0.0,0.0,0.0,0.0,0.0,0.0,0.0,0.0,0.0,0.0,0.0,0.0,0.0,0.0,0.0,0.0,0.0,0.0,0.0
2023-10-19 06:00:00,0.0,0.0,0.0,0.0,0.0,0.0,0.0,0.0,0.0,0.0,0.0,0.0,0.0,0.0,0.0,0.0,0.0,0.0,0.0,0.0,0.0,0.0,0.0,0.0,0.0,0.0,0.0,0.0
2023-10-19 07:00:00,0.0,0.0,0.0,0.0,0.0,0.0,0.0,0.0,0.0,0.0,0.0,0.0,0.0,0.0,0.0,0.0,0.0,0.0,0.0,0.0,0.0,0.0,0.0,0.0,0.0,0.0,0.0,0.0
2023-10-19 08:00:00,0.0,0.0,0.0,0.0,0.0,0.0,0.0,0.0,0.0,0.0,0.0,0.0,0.0,0.0,0.0,0.0,0.0,0.0,0.0,0.0,0.0,0.0,0.23173836747655946,0.0,4.044745270720509e-05,0.0,0.0,0.0
2023-10-19 09:00:00,0.010927633849878965,0.16642950353889824,0.0014610790190379473,0.074357568241921,0.01732477996734304,0.0383077860393115,0.0014600208649373694,0.016658126821876423,0.05160817886906137,0.01083559024461102,0.004125309032906791,0.020089180194993082,0.01773781250011039,0.03624134170425472,0.02450456105820332,0.03710923255085829,0.06701171763917138,0.0016670305402341058,0.04691817679529519,0.003405934350393283,0.04059383278546427,0.012617955658528966,0.36174222242593346,0.09675762377721617,0.025610849752806312,0.028822150418572168,0.06901669082119598,0.11769450171060784
2023-10-19 10:00:00,0.057383948708572406,0.23896166193632382,0.027479102494660408,0.10606821116739837,0.04793133691153612,0.08336928202446132,0.01618967455161344,0.04176035152999682,0.11091462096841107,0.07467885650800732,0.03630815701233282,0.03888283255514828,0.06985255188919652,0.05633978983748125,0.08330554728596005,0.11120988172346584,0.2610605320659937,0.008946641180006118,0.2704259271854214,0.024124775688276263,0.06253293406269443,0.05241319402436275,0.4673876202032047,0.15948652548627887,0.0654593375052262,0.07552504435246797,0.1108781987475975,0.19279699682884852
2023-10-19 11:00:00,0.12240746061666204,0.34560834055190026,0.055308936942926726,0.15031582881073594,0.1177552411708528,0.16644138492075614,0.011396674218673422,0.05310372265685179,0.18377929275510577,0.018670018778797766,0.0162041191615689,0.07613419192017432,0.1499752193680715,0.11467348000326022,0.10796646613228669,0.20276541323428693,0.37346758593366364,0.03651689620551699,0.35505108005960667,0.044950332090652106,0.12456811868846034,0.0529770979065585,0.5246408711475613,0.277411511729734,0.10988740167250956,0.12505097325028802,0.1771780334666095,0.2874560219980363
2023-10-19 12:00:00,0.18571864374212949,0.4698649660460529,0.09445219317966208,0.11615476144450688,0.2116057311025177,0.1601759999232843,0.02025105886997321,0.050765605336087184,0.23343426440907356,0.037968046769837456,0.02738261103439684,0.1388977239197216,0.14602620087747678,0.08137679351878141,0.12474538049916385,0.15167598774378319,0.37555127832192464,0.05648526589010503,0.37743604067988334,0.03743256366790587,0.08739087009166235,0.09776297495004505,0.5513300045453785,0.35076299493043295,0.19316900115742505,0.1850046234338281,0.3371743124146198,0.3564419293903532
2023-10-19 13:00:00,0.22833821656526862,0.4507867431455531,0.14910940883257431,0.10621068267094408,0.30319207930710573,0.20752466103947265,0.060988613586774106,0.07509129550764848,0.2767022136989091,0.09996899648590318,0.07859639692767498,0.1433624215464717,0.19437771700395745,0.07927377337411809,0.1544804281952413,0.20536470939224089,0.3318084747798954,0.08993826525125742,0.31711140920785935,0.045728794999155324,0.08504092158775792,0.13121320962699712,0.5155938429632447,0.30277873595403637,0.21641047733607233,0.24621262186563161,0.22773397628141384,0.338041099117876
2023-10-19 14:00:00,0.2881842558622639,0.4540298058957351,0.21074764574621122,0.09991165667724519,0.3385083200268804,0.21107512141892265,0.06663347171587244,0.08630935487323825,0.2827793849034227,0.1190847009384851,0.10745776866375265,0.18145515687474892,0.20238275664133581,0.08074927354693322,0.25100847124174575,0.21925880966182706,0.37786475019894217,0.09271275224719362,0.4174305413090278,0.04043174349007989,0.08246897926827591,0.1646725177144324,0.5163239727256442,0.2799862918422459,0.25416231998249156,0.25162718599830414,0.24770201116988153,0.3384614639968131
2023-10-19 15:00:00,0.313933260234179,0.47298501604043053,0.19668385432493118,0.1318853228735036,0.33815734659745034,0.1796988431431106,0.0830955647441004,0.10981206264814448,0.34317261670933663,0.1858321998342148,0.15400989964011044,0.14926982575587555,0.28057163078555625,0.09209745353020647,0.22694713773203312,0.24002812643726404,0.36230369141792884,0.12411090216166605,0.3613273244018808,0.0730502725487411,0.09273595618978711,0.19413710989424074,0.4839248604250342,0.27354713032426725,0.2053427075063455,0.23808551597885366,0.25652433890518833,0.30337944507037085
2023-10-19 16:00:00,0.31192030399383114,0.42384566016513375,0.242794770383331,0.06912206912394175,0.32933834095193326,0.17103423683978666,0.07186321390759716,0.12859568577155558,0.3257114561339635,0.2784478218642838,0.2386409171698422,0.19034787394466338,0.27239084829835614,0.09398287424992871,0.25981970588727893,0.24519354800110216,0.3143296897608544,0.10311811898215222,0.32572999050572504,0.09547717902653793,0.09489451910781886,0.24283896831430643,0.44593486688484446,0.2632027993528594,0.21483266948165888,0.2605881762000141,0.24224950054265418,0.28353767349636405
2023-10-19 17:00:00,0.184319781419215,0.37071157510746244,0.1602940902368648,0.05223598121150908,0.2565023140352242,0.13357495259489852,0.19210300839914451,0.2440907073855589,0.2645544311795215,0.2708537726724404,0.2667815680414394,0.10280728214974232,0.24219224453579857,0.19857250150068315,0.24923569841432353,0.2219504988940392,0.30559789284000777,0.0536839635023448,0.26860185652609536,0.1755053771819507,0.18972713822402576,0.15951208159675945,0.3049818700785703,0.19284033816377807,0.11730923580643406,0.22311904818374956,0.19715404635221884,0.21717952371816193
2023-10-19 18:00:00,0.11950238454195117,0.25372401272086803,0.13112603113092514,0.018939038548505302,0.2006556325002613,0.08949417238451823,0.145873725271683,0.17328442623848536,0.16949090524860383,0.16391292798228008,0.1817502937902701,0.051451034784078115,0.1631809731926146,0.13870403716974142,0.1480448210475639,0.13052751396350615,0.2760775440854209,0.022012039381417575,0.24741477850534951,0.09876436196271302,0.13003371536474317,0.08051504344733457,0.077084536287502,0.1238273836432139,0.07857718077432924,0.13861503115128013,0.15721256262778463,0.1502844634444105
2023-10-19 19:00:00,0.0,0.0,0.0,0.0,0.06732744348738134,0.0,0.0,0.0,0.0,0.0,0.0,0.0,0.0,0.0,0.0,0.0,0.05175744454598459,0.0,0.051018176546958005,0.0,0.0,0.0,0.0,0.0,0.0,0.0,0.0,0.0
2023-10-19 20:00:00,0.0,0.0,0.0,0.0,0.0,0.0,0.0,0.0,0.0,0.0,0.0,0.0,0.0,0.0,0.0,0.0,0.0,0.0,0.0,0.0,0.0,0.0,0.0,0.0,0.0,0.0,0.0,0.0
2023-10-19 21:00:00,0.0,0.0,0.0,0.0,0.0,0.0,0.0,0.0,0.0,0.0,0.0,0.0,0.0,0.0,0.0,0.0,0.0,0.0,0.0,0.0,0.0,0.0,0.0,0.0,0.0,0.0,0.0,0.0
2023-10-19 22:00:00,0.0,0.0,0.0,0.0,0.0,0.0,0.0,0.0,0.0,0.0,0.0,0.0,0.0,0.0,0.0,0.0,0.0,0.0,0.0,0.0,0.0,0.0,0.0,0.0,0.0,0.0,0.0,0.0
2023-10-19 23:00:00,0.0,0.0,0.0,0.0,0.0,0.0,0.0,0.0,0.0,0.0,0.0,0.0,0.0,0.0,0.0,0.0,0.0,0.0,0.0,0.0,0.0,0.0,0.0,0.0,0.0,0.0,0.0,0.0
2023-10-20 00:00:00,0.0,0.0,0.0,0.0,0.0,0.0,0.0,0.0,0.0,0.0,0.0,0.0,0.0,0.0,0.0,0.0,0.0,0.0,0.0,0.0,0.0,0.0,0.0,0.0,0.0,0.0,0.0,0.0
2023-10-20 01:00:00,0.0,0.0,0.0,0.0,0.0,0.0,0.0,0.0,0.0,0.0,0.0,0.0,0.0,0.0,0.0,0.0,0.0,0.0,0.0,0.0,0.0,0.0,0.0,0.0,0.0,0.0,0.0,0.0
2023-10-20 02:00:00,0.0,0.0,0.0,0.0,0.0,0.0,0.0,0.0,0.0,0.0,0.0,0.0,0.0,0.0,0.0,0.0,0.0,0.0,0.0,0.0,0.0,0.0,0.0,0.0,0.0,0.0,0.0,0.0
2023-10-20 03:00:00,0.0,0.0,0.0,0.0,0.0,0.0,0.0,0.0,0.0,0.0,0.0,0.0,0.0,0.0,0.0,0.0,0.0,0.0,0.0,0.0,0.0,0.0,0.0,0.0,0.0,0.0,0.0,0.0
2023-10-20 04:00:00,0.0,0.0,0.0,0.0,0.0,0.0,0.0,0.0,0.0,0.0,0.0,0.0,0.0,0.0,0.0,0.0,0.0,0.0,0.0,0.0,0.0,0.0,0.0,0.0,0.0,0.0,0.0,0.0
2023-10-20 05:00:00,0.0,0.0,0.0,0.0,0.0,0.0,0.0,0.0,0.0,0.0,0.0,0.0,0.0,0.0,0.0,0.0,0.0,0.0,0.0,0.0,0.0,0.0,0.0,0.0,0.0,0.0,0.0,0.0
2023-10-20 06:00:00,0.0,0.0,0.0,0.0,0.0,0.0,0.0,0.0,0.0,0.0,0.0,0.0,0.0,0.0,0.0,0.0,0.0,0.0,0.0,0.0,0.0,0.0,0.0,0.0,0.0,0.0,0.0,0.0
2023-10-20 07:00:00,0.0,0.0,0.0,0.0,0.0,0.0,0.0,0.0,0.0,0.0,0.0,0.0,0.0,0.0,0.0,0.0,0.0,0.0,0.0,0.0,0.0,0.0,0.0,0.0,0.0,0.0,0.0,0.0
2023-10-20 08:00:00,0.0,0.0,0.0,0.0,0.0,0.0,0.0,0.0,0.0,0.0,0.0,0.0,0.0,0.0,0.0,0.0,0.0,0.0,0.0,0.0,0.0,0.0,0.2199213723605743,0.0,2.1615991981796634e-05,0.0,0.0,0.0
2023-10-20 09:00:00,0.16829384921993357,0.22370711840195384,0.11626167384272784,0.02481003322350498,0.048284317956888645,0.03275566143932966,0.10662190291123796,0.10177035530029865,0.21843798706140488,0.10502543606062333,0.11769961262030237,0.06206591028012183,0.243022317741771,0.08466195567926482,0.10395546638988967,0.2123949120714988,0.018944609154585162,0.1238459585444757,0.04168875553123333,0.0377088428524406,0.08092576608424946,0.09394759462480536,0.30683922918990547,0.12632671604407666,0.09211678940190587,0.051381686286532086,0.17201829111445605,0.10695889598223546
2023-10-20 10:00:00,0.309364596185178,0.3205651459789911,0.24064089015004964,0.09664612819815456,0.17140204540687706,0.11173496550093386,0.14534911235380785,0.150076511098928,0.38705435030557434,0.16595251358606244,0.17337741809298182,0.16100882841115974,0.43255486026580764,0.1420768086803735,0.21888528561205606,0.37255208367796416,0.2339108298795446,0.20831894078336807,0.27248083885011865,0.09144784955077308,0.13912139539122753,0.20099389483001487,0.450653827273499,0.15283677526579711,0.14203207723128097,0.1315580360512027,0.23848971894588708,0.15886840151623813
2023-10-20 11:00:00,0.48777055511477485,0.49605591621961964,0.40006822186516966,0.2230384689222914,0.26004843569547753,0.29363871517328965,0.26378915345310955,0.26398393595727904,0.5523488171120586,0.27928136828279926,0.2887417461101865,0.3469711637774004,0.6053883977037842,0.2557690767560441,0.47767683670777866,0.5676631305357386,0.3927253907812026,0.4323359489834635,0.3524940789729995,0.2199735141285409,0.25251672271482745,0.38263933972016134,0.618112872974959,0.28895767507318687,0.3090271509011096,0.3587976476300597,0.42159066400827705,0.29513615679285005
2023-10-20 12:00:00,0.47606332709858445,0.589964283953039,0.42413590698851983,0.29946748383031596,0.3316532883385914,0.29052386734700736,0.29033318897513155,0.2389901223167554,0.5515957155490393,0.33070287765061823,0.3126889235963587,0.4083680580101095,0.5970345482024041,0.17786648003685152,0.39005411185102146,0.5377130569583388,0.468214186236373,0.3272854091137654,0.44797161542100655,0.24204914811870393,0.17404060906304786,0.40605345124274494,0.5062574861526278,0.4932571307670501,0.4117428189082047,0.34448533122093594,0.44178328658311145,0.48636126159977416
2023-10-20 13:00:00,0.5559201773983442,0.6819422048713105,0.43349776637024584,0.3311847013392204,0.353084232299315,0.3652121316170146,0.3119809521068513,0.26525346802788236,0.5901199889390693,0.3297505285261588,0.32651653176156853,0.491718164350677,0.644518609728386,0.2190551668280018,0.5560744348134695,0.6403613572760927,0.5418822511381335,0.4490413372494164,0.5251830130081186,0.23960067394620982,0.2156418980272845,0.5174623577403252,0.5168146677575064,0.6170017011288036,0.5358479739065306,0.3888223783727167,0.5969018239035473,0.5681793961632792
2023-10-20 14:00:00,0.5767280350702011,0.6861378112916154,0.4321093869164998,0.29261707024961936,0.36399632968399254,0.3530663734706098,0.33493157372428567,0.3017513039731139,0.5948143826793991,0.36851766654799284,0.35841798253717033,0.4677619495299644,0.6183175913809043,0.24370311192642224,0.49611549842500835,0.6126935128935519,0.5015348516516382,0.4696246361962735,0.5017712585163887,0.28562469870569557,0.2385781053713777,0.5547916079563905,0.41414597585636903,0.6037067030778136,0.596219726618875,0.38341601384794144,0.5415070084934421,0.5699226914330741
2023-10-20 15:00:00,0.5301639720845809,0.6428979269747033,0.3640941032969382,0.2669838473366333,0.318169637943361,0.35151024489422894,0.32932528032055525,0.2969004402513988,0.5613134722882912,0.3345071572267251,0.3348549408484811,0.40642974598277587,0.5786365285814083,0.2424611366696798,0.5154150318982553,0.5607477294212087,0.5125104025208631,0.4172215301909366,0.4767195041796793,0.29889796880106545,0.23656120862537425,0.48409080446707065,0.3214408266677629,0.5708969256537406,0.6133574102875422,0.37829448418921996,0.4698807606722709,0.5531474983564477
2023-10-20 16:00:00,0.4600707399630061,0.611925793105484,0.29483886983407026,0.19578084594538037,0.2716425518715587,0.2868256645756726,0.27772585945580675,0.2721181912540012,0.5081680805723814,0.2915910188058082,0.29066968953279904,0.2955848721962784,0.5255571180046179,0.2314457168921137,0.3961759513308164,0.48570403031988374,0.45976836273589444,0.32555223233845026,0.4621300667942968,0.2571594168267117,0.22592368079868713,0.37769623283404447,0.25598649273263213,0.4936025966446617,0.5953427034431683,0.29536209288450843,0.4002107474349987,0.4719301919693698
2023-10-20 17:00:00,0.32427772369272395,0.49145202059090554,0.16242980154938497,0.130474496711391,0.20016528523248825,0.23056310328208734,0.13347164299515166,0.1175403128798036,0.31079804654578735,0.1372952419296728,0.13619031452627572,0.2318097893299097,0.3460116747459374,0.09559335362580654,0.2751928927249598,0.3650521398084765,0.4479030902993275,0.27141221139774513,0.4699000877004718,0.12113706414622606,0.0926855076897687,0.2707149043775499,0.17008780954555877,0.3959974413624204,0.49988408234586834,0.22272010134931872,0.3480473541646551,0.3285125066193348
2023-10-20 18:00:00,0.12344185662384008,0.28861373615283,0.07471799191215282,0.05126683452826054,0.13477120769903395,0.18973359627995004,0.06030631246770466,0.06199969492599641,0.09636264109799739,0.0721719003038544,0.07382930085058223,0.12711268103962817,0.08980015401322265,0.055464604413321586,0.2677530285075629,0.1676138266354532,0.3319811776943492,0.1373067998191875,0.4108606162918163,0.0672047330609408,0.054811931022244416,0.14501432429521574,0.003793626004533714,0.21759728190573535,0.2881171007272602,0.20790789351453964,0.28936705879867514,0.1604512099470862
2023-10-20 19:00:00,0.0,0.0,0.0,0.0,0.016295996754739462,0.0,0.0,0.0,0.0,0.0,0.0,0.0,0.0,0.0,0.0,0.0,0.014150526359470414,0.0,0.052903277752086086,0.0,0.0,0.0,0.0,0.0,0.0,0.0,0.0,0.0
2023-10-20 20:00:00,0.0,0.0,0.0,0.0,0.0,0.0,0.0,0.0,0.0,0.0,0.0,0.0,0.0,0.0,0.0,0.0,0.0,0.0,0.0,0.0,0.0,0.0,0.0,0.0,0.0,0.0,0.0,0.0
2023-10-20 21:00:00,0.0,0.0,0.0,0.0,0.0,0.0,0.0,0.0,0.0,0.0,0.0,0.0,0.0,0.0,0.0,0.0,0.0,0.0,0.0,0.0,0.0,0.0,0.0,0.0,0.0,0.0,0.0,0.0
2023-10-20 22:00:00,0.0,0.0,0.0,0.0,0.0,0.0,0.0,0.0,0.0,0.0,0.0,0.0,0.0,0.0,0.0,0.0,0.0,0.0,0.0,0.0,0.0,0.0,0.0,0.0,0.0,0.0,0.0,0.0
2023-10-20 23:00:00,0.0,0.0,0.0,0.0,0.0,0.0,0.0,0.0,0.0,0.0,0.0,0.0,0.0,0.0,0.0,0.0,0.0,0.0,0.0,0.0,0.0,0.0,0.0,0.0,0.0,0.0,0.0,0.0
2023-10-21 00:00:00,0.0,0.0,0.0,0.0,0.0,0.0,0.0,0.0,0.0,0.0,0.0,0.0,0.0,0.0,0.0,0.0,0.0,0.0,0.0,0.0,0.0,0.0,0.0,0.0,0.0,0.0,0.0,0.0
2023-10-21 01:00:00,0.0,0.0,0.0,0.0,0.0,0.0,0.0,0.0,0.0,0.0,0.0,0.0,0.0,0.0,0.0,0.0,0.0,0.0,0.0,0.0,0.0,0.0,0.0,0.0,0.0,0.0,0.0,0.0
2023-10-21 02:00:00,0.0,0.0,0.0,0.0,0.0,0.0,0.0,0.0,0.0,0.0,0.0,0.0,0.0,0.0,0.0,0.0,0.0,0.0,0.0,0.0,0.0,0.0,0.0,0.0,0.0,0.0,0.0,0.0
2023-10-21 03:00:00,0.0,0.0,0.0,0.0,0.0,0.0,0.0,0.0,0.0,0.0,0.0,0.0,0.0,0.0,0.0,0.0,0.0,0.0,0.0,0.0,0.0,0.0,0.0,0.0,0.0,0.0,0.0,0.0
2023-10-21 04:00:00,0.0,0.0,0.0,0.0,0.0,0.0,0.0,0.0,0.0,0.0,0.0,0.0,0.0,0.0,0.0,0.0,0.0,0.0,0.0,0.0,0.0,0.0,0.0,0.0,0.0,0.0,0.0,0.0
2023-10-21 05:00:00,0.0,0.0,0.0,0.0,0.0,0.0,0.0,0.0,0.0,0.0,0.0,0.0,0.0,0.0,0.0,0.0,0.0,0.0,0.0,0.0,0.0,0.0,0.0,0.0,0.0,0.0,0.0,0.0
2023-10-21 06:00:00,0.0,0.0,0.0,0.0,0.0,0.0,0.0,0.0,0.0,0.0,0.0,0.0,0.0,0.0,0.0,0.0,0.0,0.0,0.0,0.0,0.0,0.0,0.0,0.0,0.0,0.0,0.0,0.0
2023-10-21 07:00:00,0.0,0.0,0.0,0.0,0.0,0.0,0.0,0.0,0.0,0.0,0.0,0.0,0.0,0.0,0.0,0.0,0.0,0.0,0.0,0.0,0.0,0.0,0.0,0.0,0.0,0.0,0.0,0.0
2023-10-21 08:00:00,0.0,0.0,0.0,0.0,0.0,0.0,0.0,0.0,0.0,0.0,0.0,0.0,0.0,0.0,0.0,0.0,0.0,0.0,0.0,0.0,0.0,0.0,0.19961802897737113,0.0,0.0,0.0,0.0,0.0
2023-10-21 09:00:00,0.10696608560710752,0.262644715079291,0.0502386118484022,0.08978162137314878,0.014157939360331861,0.07016453721820365,0.0307191405422042,0.039345089537992185,0.24263266011675852,0.043232283457206484,0.04081787418656056,0.08976745184663214,0.20948186954123527,0.04980869418011429,0.21950730496977408,0.23528408930305197,0.0,0.06213900346374993,0.047231810510622765,0.057962064310871836,0.05118259028600866,0.08632160188356651,0.36949633414988375,0.05402604744614967,0.04144328277593407,0.11092040604991048,0.18313412703873994,0.05614188795722149
2023-10-21 10:00:00,0.27212324908720814,0.4567653107674258,0.1277876676237502,0.19639029909057948,0.2520982664340259,0.18225715712492085,0.13127130272703158,0.14137538030866442,0.39788688773999764,0.11312151605752835,0.12560844839997123,0.21308584212676282,0.3824975848109103,0.18301765201521414,0.24384968701978918,0.36419383461212423,0.41025668519094866,0.2070420034015075,0.39475809580906857,0.15147771662921639,0.1865796866580255,0.21347988836942913,0.4526146895872536,0.12340384794545861,0.08481564314527501,0.21402460458341288,0.34427354338311744,0.11410777339853334
2023-10-21 11:00:00,0.43613139585352345,0.6492505919014203,0.21468902346853758,0.28152450906818954,0.3934569421261651,0.31575256985639294,0.25634228329902936,0.26294417686294413,0.5472741138966478,0.16938520273939697,0.2124743965215669,0.359708840470382,0.5503171843175115,0.32007096031217064,0.5141829210846077,0.5723819942367664,0.5272362341616167,0.3939612542068247,0.5386254923316752,0.24640292145360249,0.32123331740203803,0.35702894985609673,0.4769544790074274,0.2716174594777877,0.15470814482519632,0.3529211002467324,0.4859793486208775,0.21379364435220446
2023-10-21 12:00:00,0.41129670613017477,0.5507968338029147,0.22533037806317247,0.20525827435375021,0.5012338951499679,0.4036499362332076,0.2173269415069732,0.19583257285507713,0.6097275835639758,0.12240956966523428,0.16624471932420562,0.22775934798532407,0.6333553697243097,0.23915352656771377,0.6092594992630092,0.7005305042663086,0.5619153011434509,0.22826774780358416,0.5443316268706555,0.14778247769984698,0.24225352653840784,0.22797077332347668,0.5402150476836886,0.3497709037939462,0.3299303703995869,0.457021435367366,0.6503896019467053,0.301146009134147
2023-10-21 13:00:00,0.5180247188542534,0.6084296680688253,0.2599957033805824,0.2197498180307651,0.5795104785062474,0.45495540120722033,0.29880872323484836,0.2747978506885301,0.708563915371758,0.17166529502388533,0.22088286302330712,0.32662435791319905,0.7321509567596418,0.31564181624293625,0.6952923211611871,0.7603482394789117,0.6423607065125294,0.3709927934135953,0.595116350192139,0.2501775524732633,0.3170857051666558,0.327909801177215,0.5386306424476479,0.39695669781125703,0.3851152304006879,0.5288042652332093,0.6761036445649972,0.32769878835694016
2023-10-21 14:00:00,0.5478080621967674,0.6376426176637231,0.2688483116321406,0.21226474697431535,0.6445159022066321,0.4667173129157691,0.33216349934133943,0.3005571681489882,0.7323096700403594,0.2174246214424593,0.25315318561329647,0.332410679068928,0.7478570895897076,0.3166936853640443,0.7459700057621175,0.7639618416931316,0.5653186972070913,0.4439260349001048,0.57395145146413,0.2730991913906051,0.31511792892587065,0.3711457019808824,0.4931358813232612,0.3745411647125577,0.4151062350969306,0.5566589287081015,0.6424277750501839,0.3121320260125009
2023-10-21 15:00:00,0.5913435652056981,0.6473529070391193,0.27876883969752525,0.19356801908242993,0.666695449390338,0.47294672949071354,0.2739334636499628,0.2472188813046349,0.7513396790348611,0.15824958431567065,0.20881640540319021,0.3356820979240898,0.762633290773374,0.2695043901169738,0.7394226136525535,0.7502984123295651,0.4833371437307594,0.4796689130964212,0.5479873047377825,0.21233209241128373,0.26771289174309587,0.4052961137292366,0.3839698003823392,0.34278645501428734,0.33869151039764867,0.5384089514633724,0.5700148597303042,0.2788186863573976
2023-10-21 16:00:00,0.5513028701585706,0.6072664362343688,0.19133759080312912,0.11051826302500788,0.617990112590848,0.4578874707402394,0.18833838715512496,0.17053843600025886,0.6998401014242481,0.1022974818922352,0.13632697730106658,0.2856610938510621,0.7027424322596463,0.18323108126448678,0.7012925429504525,0.7049142091629046,0.4787540880226871,0.4259271483740652,0.5226126901961683,0.15273652882994798,0.1810355317293564,0.3539868013699665,0.2546409959588283,0.3052098271595664,0.2622737773279107,0.49537026700333237,0.5369202006960203,0.23764517463477985
2023-10-21 17:00:00,0.4572360620784866,0.5438208267095281,0.10769676440426257,0.06109355662861391,0.5290897739120944,0.41291424833155976,0.09115870952565149,0.0707724908303325,0.6252568219296452,0.03827773481249464,0.0610506811612855,0.21910132098447083,0.6307056911003784,0.07572227487230432,0.6189253177607781,0.6224151357290173,0.4236811628917913,0.32461961994222127,0.4590777020959747,0.055330451572999796,0.07468432963336216,0.2702829407253598,0.09897243606350814,0.26448320947965787,0.1594345902003107,0.419812905471683,0.4469286355074793,0.2058954547436824
2023-10-21 18:00:00,0.30627295725569137,0.4058839884994461,0.06592566703750152,0.018510322894788,0.3907157946226512,0.30402732516531694,0.04923708477144054,0.028469192138771426,0.45076897670686644,0.04822462635590211,0.0577974700581263,0.12368575717556782,0.45061711790083225,0.0118439770208494,0.4481429446673986,0.4498756917064697,0.3149119591198972,0.21651308655501267,0.3246116677682264,0.009177444369534086,0.011220207404838207,0.18877153354364976,0.0019168469619588004,0.20224115083216815,0.11117421451795963,0.3105941704444519,0.3373324623377938,0.1531149404468622
2023-10-21 19:00:00,0.0,0.0,0.0,0.0,0.05689484906429839,0.0,0.0,0.0,0.0,0.0,0.0,0.0,0.0,0.0,0.0,0.0,0.0,0.0,0.0,0.0,0.0,0.0,0.0,0.0,0.0,0.0,0.0,0.0
2023-10-21 20:00:00,0.0,0.0,0.0,0.0,0.0,0.0,0.0,0.0,0.0,0.0,0.0,0.0,0.0,0.0,0.0,0.0,0.0,0.0,0.0,0.0,0.0,0.0,0.0,0.0,0.0,0.0,0.0,0.0
2023-10-21 21:00:00,0.0,0.0,0.0,0.0,0.0,0.0,0.0,0.0,0.0,0.0,0.0,0.0,0.0,0.0,0.0,0.0,0.0,0.0,0.0,0.0,0.0,0.0,0.0,0.0,0.0,0.0,0.0,0.0
2023-10-21 22:00:00,0.0,0.0,0.0,0.0,0.0,0.0,0.0,0.0,0.0,0.0,0.0,0.0,0.0,0.0,0.0,0.0,0.0,0.0,0.0,0.0,0.0,0.0,0.0,0.0,0.0,0.0,0.0,0.0
2023-10-21 23:00:00,0.0,0.0,0.0,0.0,0.0,0.0,0.0,0.0,0.0,0.0,0.0,0.0,0.0,0.0,0.0,0.0,0.0,0.0,0.0,0.0,0.0,0.0,0.0,0.0,0.0,0.0,0.0,0.0
2023-10-22 00:00:00,0.0,0.0,0.0,0.0,0.0,0.0,0.0,0.0,0.0,0.0,0.0,0.0,0.0,0.0,0.0,0.0,0.0,0.0,0.0,0.0,0.0,0.0,0.0,0.0,0.0,0.0,0.0,0.0
2023-10-22 01:00:00,0.0,0.0,0.0,0.0,0.0,0.0,0.0,0.0,0.0,0.0,0.0,0.0,0.0,0.0,0.0,0.0,0.0,0.0,0.0,0.0,0.0,0.0,0.0,0.0,0.0,0.0,0.0,0.0
2023-10-22 02:00:00,0.0,0.0,0.0,0.0,0.0,0.0,0.0,0.0,0.0,0.0,0.0,0.0,0.0,0.0,0.0,0.0,0.0,0.0,0.0,0.0,0.0,0.0,0.0,0.0,0.0,0.0,0.0,0.0
2023-10-22 03:00:00,0.0,0.0,0.0,0.0,0.0,0.0,0.0,0.0,0.0,0.0,0.0,0.0,0.0,0.0,0.0,0.0,0.0,0.0,0.0,0.0,0.0,0.0,0.0,0.0,0.0,0.0,0.0,0.0
2023-10-22 04:00:00,0.0,0.0,0.0,0.0,0.0,0.0,0.0,0.0,0.0,0.0,0.0,0.0,0.0,0.0,0.0,0.0,0.0,0.0,0.0,0.0,0.0,0.0,0.0,0.0,0.0,0.0,0.0,0.0
2023-10-22 05:00:00,0.0,0.0,0.0,0.0,0.0,0.0,0.0,0.0,0.0,0.0,0.0,0.0,0.0,0.0,0.0,0.0,0.0,0.0,0.0,0.0,0.0,0.0,0.0,0.0,0.0,0.0,0.0,0.0
2023-10-22 06:00:00,0.0,0.0,0.0,0.0,0.0,0.0,0.0,0.0,0.0,0.0,0.0,0.0,0.0,0.0,0.0,0.0,0.0,0.0,0.0,0.0,0.0,0.0,0.0,0.0,0.0,0.0,0.0,0.0
2023-10-22 07:00:00,0.0,0.0,0.0,0.0,0.0,0.0,0.0,0.0,0.0,0.0,0.0,0.0,0.0,0.0,0.0,0.0,0.0,0.0,0.0,0.0,0.0,0.0,0.0,0.0,0.0,0.0,0.0,0.0
2023-10-22 08:00:00,0.0,0.0,0.0,0.0,0.0,0.0,0.0,0.0,0.0,0.0,0.0,0.0,0.0,0.0,0.0,0.0,0.0,0.0,0.0,0.0,0.0,0.0,0.01536832605409435,0.0,0.0,0.0,0.0,0.0
2023-10-22 09:00:00,0.22878595375946334,0.25326972638139766,0.26827234357960256,0.09702580430132088,0.022174983932605873,0.07336250122771965,0.09052509824499082,0.07131221452145202,0.22267435099701968,0.1673733477685253,0.16484637327989765,0.1436811700699176,0.21322609628311676,0.0201605008107515,0.2858035133885878,0.27294107272754103,0.0,0.1881071721780697,0.0,0.01679377084582876,0.018181018205128612,0.15779831225752342,0.0350229465507522,0.14995606686489427,0.10095569747988899,0.0829155732784659,0.25398193120114154,0.19231390278471872
2023-10-22 10:00:00,0.47428255020068366,0.41661133378081616,0.43220402948024383,0.24011685118847897,0.3358722221521414,0.3737607449997858,0.21390490741421817,0.1927619846211559,0.38970627277474046,0.4101356275993878,0.348672434887344,0.4134282225745227,0.40398060123036406,0.08005757917694484,0.4050859528041835,0.4420981686077845,0.283599443414782,0.45477377714191086,0.3518913316541781,0.1483656999087254,0.07508540343763831,0.44998942120082924,0.08943190313919791,0.30721027018514896,0.2777765524136019,0.35931725899694616,0.403339859112912,0.3632416076684863
2023-10-22 11:00:00,0.6714326814153583,0.606039689954191,0.6748826652009282,0.4524223200034317,0.504439203162217,0.5330713186796512,0.5584035525322752,0.466695031356784,0.5656203380784283,0.6392159624595439,0.6216015822364273,0.6828327589956023,0.5594934083694927,0.2925841513265397,0.5917188347011275,0.6246127894670044,0.39099444107211445,0.6154403977304318,0.4779629939639572,0.37151607282896637,0.2748999914786345,0.667784991511375,0.13236669974956466,0.5772553925641384,0.4220643548627556,0.5435773407304302,0.5567163009324696,0.5911528487053443
2023-10-22 12:00:00,0.7731692454255075,0.7099727572047849,0.7419783968804136,0.6541143249504789,0.5973753618517919,0.6846817839696054,0.7413072999817102,0.6821436728252485,0.6486518715472949,0.7317953578562655,0.7377352195159209,0.8225879579117156,0.6745698452908202,0.6033622835174913,0.7266135893644675,0.6835805718236778,0.4936467067937201,0.7688940920301187,0.46055809295016426,0.641702166079738,0.5927189013399942,0.7981227197517454,0.1525843031368485,0.7386717601272711,0.5253608566232558,0.6741670438163866,0.5186591275967993,0.7360141057713121
2023-10-22 13:00:00,0.7925102996642538,0.717000467678275,0.7596780429931194,0.6849004716131012,0.652451766456087,0.7369220472149552,0.7626430149227037,0.7364736668443812,0.6812714751581351,0.7528690764554705,0.757740816729422,0.8435462649618672,0.7192466446666778,0.7077995628672827,0.7618742740612395,0.6958877546855403,0.5308257003571437,0.7962348339258147,0.49929013601657596,0.7207663602189979,0.7036221011554339,0.8268582777750928,0.21025541833823883,0.766381655258279,0.6341498626218158,0.7379135854401534,0.5384162469994799,0.7606944272874351
2023-10-22 14:00:00,0.7910946414796973,0.7001834486229265,0.7582681468599667,0.7133763126367327,0.690029479243995,0.6958007019327633,0.7616932223103251,0.7537781412818148,0.66015454595531,0.7509196624270309,0.7546704073230407,0.8367857380302532,0.7160741938108893,0.748266260273328,0.7665883036756714,0.6889274417599701,0.5269049310058062,0.7844687384679984,0.4739261496702185,0.7394739474305466,0.7476080062242276,0.8179871232936362,0.2222802373023694,0.7482577148854093,0.6383257630702587,0.742388518213228,0.5383032290895592,0.7530255846725202
2023-10-22 15:00:00,0.764259848676616,0.6912599222566703,0.7302154585350298,0.6774252269488684,0.6982052810297685,0.6168968860841608,0.7423871091820781,0.7419223062752782,0.6176336930822801,0.7195210016796141,0.7249918794613778,0.813570816313272,0.6925433686057282,0.7444035217276712,0.7492403894312877,0.7141251578423043,0.463373123740069,0.7594032144599993,0.42723459527206764,0.7280068032369151,0.7443604809501466,0.7879181906682896,0.2308479825294097,0.6685178303244517,0.5536969464751637,0.68664614138463,0.4647111812699317,0.6958810652709128
2023-10-22 16:00:00,0.7322351387097634,0.665691106823096,0.6995989070230871,0.6168154182986477,0.6466168021023645,0.5306294917784256,0.6983950175843421,0.6993254641733535,0.5907796522817154,0.6939619717330745,0.6943540711739349,0.7554189278979233,0.638734220570778,0.698197741629103,0.678557317364332,0.6235888243055682,0.31537130302085603,0.7085277695009494,0.2959761839228785,0.6827575601520794,0.698449272533041,0.7507091819560149,0.2658275517603695,0.6314441404764407,0.5126207439028908,0.5329743016617275,0.4394421816468068,0.6479303403440486
2023-10-22 17:00:00,0.64076922310161,0.5503075611839917,0.6109878669377248,0.5382873571882102,0.5360154718738912,0.4065744150117584,0.6063442380918384,0.608054010540591,0.5143755223813051,0.6003684443270528,0.6029642132140023,0.6513604188127934,0.5584735618519777,0.6030947543106264,0.4964959677762628,0.5002423050109768,0.33341434732781383,0.6254969859647158,0.28495137953243727,0.5803748278329386,0.6025339186587779,0.6543526806905852,0.2031386231810506,0.5388353155604886,0.45203701763140125,0.31419287427146453,0.3427292479572809,0.5556597605781376
2023-10-22 18:00:00,0.4417598396491445,0.33834238709891223,0.4229316742096475,0.3738893580267005,0.3925794035246861,0.26354443757766516,0.41874928613543716,0.41269914936569124,0.3226724704229285,0.40811595757620767,0.4142499787724025,0.4508278089853203,0.3900771564116791,0.4084138897220911,0.17780080419774058,0.3036935560747328,0.24495142905548878,0.44154786480470176,0.26474880483032753,0.395129382605949,0.40767921575616495,0.4525504238462786,0.0,0.3974562790900133,0.18280744023126533,0.15953207767074493,0.2689484782550864,0.40086480045763895
2023-10-22 19:00:00,0.0,0.0,0.0,0.0,0.00717789999413655,0.0,0.0,0.0,0.0,0.0,0.0,0.0,0.0,0.0,0.0,0.0,0.0,0.0,0.0,0.0,0.0,0.0,0.0,0.0,0.0,0.0,0.0,0.0
2023-10-22 20:00:00,0.0,0.0,0.0,0.0,0.0,0.0,0.0,0.0,0.0,0.0,0.0,0.0,0.0,0.0,0.0,0.0,0.0,0.0,0.0,0.0,0.0,0.0,0.0,0.0,0.0,0.0,0.0,0.0
2023-10-22 21:00:00,0.0,0.0,0.0,0.0,0.0,0.0,0.0,0.0,0.0,0.0,0.0,0.0,0.0,0.0,0.0,0.0,0.0,0.0,0.0,0.0,0.0,0.0,0.0,0.0,0.0,0.0,0.0,0.0
2023-10-22 22:00:00,0.0,0.0,0.0,0.0,0.0,0.0,0.0,0.0,0.0,0.0,0.0,0.0,0.0,0.0,0.0,0.0,0.0,0.0,0.0,0.0,0.0,0.0,0.0,0.0,0.0,0.0,0.0,0.0
2023-10-22 23:00:00,0.0,0.0,0.0,0.0,0.0,0.0,0.0,0.0,0.0,0.0,0.0,0.0,0.0,0.0,0.0,0.0,0.0,0.0,0.0,0.0,0.0,0.0,0.0,0.0,0.0,0.0,0.0,0.0
2023-10-23 00:00:00,0.0,0.0,0.0,0.0,0.0,0.0,0.0,0.0,0.0,0.0,0.0,0.0,0.0,0.0,0.0,0.0,0.0,0.0,0.0,0.0,0.0,0.0,0.0,0.0,0.0,0.0,0.0,0.0
2023-10-23 01:00:00,0.0,0.0,0.0,0.0,0.0,0.0,0.0,0.0,0.0,0.0,0.0,0.0,0.0,0.0,0.0,0.0,0.0,0.0,0.0,0.0,0.0,0.0,0.0,0.0,0.0,0.0,0.0,0.0
2023-10-23 02:00:00,0.0,0.0,0.0,0.0,0.0,0.0,0.0,0.0,0.0,0.0,0.0,0.0,0.0,0.0,0.0,0.0,0.0,0.0,0.0,0.0,0.0,0.0,0.0,0.0,0.0,0.0,0.0,0.0
2023-10-23 03:00:00,0.0,0.0,0.0,0.0,0.0,0.0,0.0,0.0,0.0,0.0,0.0,0.0,0.0,0.0,0.0,0.0,0.0,0.0,0.0,0.0,0.0,0.0,0.0,0.0,0.0,0.0,0.0,0.0
2023-10-23 04:00:00,0.0,0.0,0.0,0.0,0.0,0.0,0.0,0.0,0.0,0.0,0.0,0.0,0.0,0.0,0.0,0.0,0.0,0.0,0.0,0.0,0.0,0.0,0.0,0.0,0.0,0.0,0.0,0.0
2023-10-23 05:00:00,0.0,0.0,0.0,0.0,0.0,0.0,0.0,0.0,0.0,0.0,0.0,0.0,0.0,0.0,0.0,0.0,0.0,0.0,0.0,0.0,0.0,0.0,0.0,0.0,0.0,0.0,0.0,0.0
2023-10-23 06:00:00,0.0,0.0,0.0,0.0,0.0,0.0,0.0,0.0,0.0,0.0,0.0,0.0,0.0,0.0,0.0,0.0,0.0,0.0,0.0,0.0,0.0,0.0,0.0,0.0,0.0,0.0,0.0,0.0
2023-10-23 07:00:00,0.0,0.0,0.0,0.0,0.0,0.0,0.0,0.0,0.0,0.0,0.0,0.0,0.0,0.0,0.0,0.0,0.0,0.0,0.0,0.0,0.0,0.0,0.0,0.0,0.0,0.0,0.0,0.0
2023-10-23 08:00:00,0.0,0.0,0.0,0.0,0.0,0.0,0.0,0.0,0.0,0.0,0.0,0.0,0.0,0.0,0.0,0.0,0.0,0.0,0.0,0.0,0.0,0.0,0.03349858940790449,0.0,0.0,0.0,0.0,0.0
2023-10-23 09:00:00,0.0978225055673486,0.0712532857341628,0.21688946955558974,0.02657226814156853,0.006606975397339994,0.025968487042892816,0.10504361019258361,0.040201543714056966,0.14819253392007276,0.06713607233626065,0.06741616958990101,0.08261501270131141,0.1667066917918019,0.03399677631718898,0.06932083080278925,0.18220920863043813,0.0,0.0678203808001477,0.0,0.026621464903908112,0.0369335740529058,0.0646613697995308,0.0556835170420861,0.07158990030856124,0.11437310586649713,0.012992833460146165,0.0285725628648078,0.07249986666419071
2023-10-23 10:00:00,0.20988881594244507,0.1155598554190028,0.3254982392617872,0.0736365205128827,0.4221686660408208,0.24391709818532867,0.1891917206571967,0.13373803746859572,0.2756077195793449,0.23512527616060983,0.17965180585808904,0.19146803119116043,0.3006747441888948,0.13979296888762147,0.20684019693398864,0.30534336281138535,0.34271357745122455,0.16874901241970117,0.3685553985475191,0.09982724828778991,0.14732263681420865,0.2260201577146516,0.1556966465869154,0.12445957433327799,0.25124514917327523,0.2372275674598507,0.09366402331751084,0.11890695180326948
2023-10-23 11:00:00,0.32191352431894316,0.22231892067472686,0.4707517452596019,0.32524064278657466,0.6224569563739341,0.4103418743437316,0.3015255006230289,0.21994929789868933,0.4166537895217515,0.2821153823126915,0.22401745086555402,0.43524272752469745,0.438711851018614,0.23448969003880535,0.40104912584803837,0.4632902388232143,0.4375235736639619,0.31577902617633297,0.4883378935619572,0.2669411397655297,0.24721609991397656,0.30806493913519944,0.14514838641223707,0.2485868313140729,0.308271789084026,0.4139114509555197,0.1531905346109307,0.2281368355024959
2023-10-23 12:00:00,0.44324128821463454,0.2943686389928067,0.5624341462219768,0.4700843442921446,0.7044964395975728,0.5669749647749271,0.5060869132859928,0.3990235977585865,0.48952406283946376,0.3424659782702548,0.36590889960903106,0.603683532279724,0.5157278261784547,0.41436461038388583,0.5194199686571738,0.5289159028064508,0.44745592426946745,0.5018933121229247,0.5158297073401629,0.35733203145845654,0.41557719392933345,0.44179881029050067,0.19221581134552398,0.39013145487158135,0.2183590263141796,0.5564480140536897,0.20794394812343667,0.3765318742406322
2023-10-23 13:00:00,0.5677990513754235,0.3389283222720002,0.5504813181011831,0.510418824531373,0.776700213190041,0.5691192162315043,0.4812407762436548,0.4090156995713173,0.595523227539085,0.3805089780778367,0.3770252953501392,0.6119656573817106,0.5893987136011397,0.4301369711158975,0.5538821799145784,0.5621622865354818,0.37444300000250513,0.5309581663195725,0.4834215303574771,0.43068872717230744,0.43119196523064424,0.4980665250023273,0.22108667949827032,0.3438603600530249,0.2690569401301545,0.5816799510542265,0.21378194574179385,0.34238228742963334
2023-10-23 14:00:00,0.6286595397740843,0.381414320140033,0.6206773884744458,0.5934369923956403,0.8115044377043833,0.5398670313310336,0.5051667125231974,0.41010464151896314,0.5328658006297802,0.4320540342218474,0.4259136725381709,0.6751697351783221,0.5601178814088493,0.42356290204219077,0.5602569133630441,0.563673013771602,0.3334246727423656,0.5653307299886426,0.48665283693727523,0.41980454865118655,0.42747303847997176,0.5792452171480682,0.1807824680422259,0.3600721764578589,0.1360545603249886,0.5545104485578252,0.2028515964717883,0.4168136028712934
2023-10-23 15:00:00,0.5483689435923905,0.3135640202359625,0.5673204894469999,0.5260760166085374,0.8031908483426387,0.5375548911652684,0.49195280527330115,0.3665766847719987,0.4502735499778173,0.36371151505378,0.3827770407950989,0.61544664507784,0.4897417289711695,0.3399304887576283,0.5761881398286575,0.4899023156383781,0.2599593600889785,0.524092838293786,0.44094728297759284,0.297103036822159,0.3350992512035168,0.5010450774045451,0.12019094328440619,0.31778556569441924,0.13882746139922025,0.5304632328597749,0.15788782710200486,0.3060224474201013
2023-10-23 16:00:00,0.45260147772274034,0.2951025379284016,0.4807479506665053,0.5439703626719471,0.7691493172066979,0.48904212566536537,0.4726001394106065,0.3245064709985734,0.36342600186013596,0.3380602176337373,0.3345173227708303,0.5424754840828139,0.3937185788461361,0.2931977760439925,0.4461575545565403,0.4001686680477917,0.2032508491132325,0.44985654177970824,0.4253444280667994,0.30281119104197746,0.29546179937189904,0.4199377495094014,0.07733663270835427,0.25967551064960537,0.07682147581759255,0.4522226226185884,0.14384075274215835,0.26588763145762284
2023-10-23 17:00:00,0.3653662431891408,0.24986899911566657,0.3931768993763303,0.3923991143190522,0.6759682491416477,0.4219271336920755,0.33691037384706896,0.22231376576411507,0.35289432530782655,0.18866931134040799,0.2341460190254297,0.40961553154670366,0.3674947929938973,0.21584126179274377,0.28802400179946036,0.2881257455269419,0.1566621738362681,0.35591003421770684,0.33998531194429893,0.11590255648769777,0.2143765266737251,0.29802988902013267,0.08375629410310922,0.23368098358821712,0.025463194503710117,0.37785120864128324,0.08202246167790965,0.25003516149491933
2023-10-23 18:00:00,0.231196017395051,0.20318788728244294,0.24066818991205047,0.2616284322822255,0.5041414003227122,0.29869823262599066,0.28496881597983037,0.22996437994782512,0.21736466253031145,0.26559758568638225,0.2571073779907371,0.27470981009487727,0.2539413322922015,0.19197351913424565,0.30099395611437096,0.16142626008682998,0.06625031284374888,0.29255627539731816,0.20667323971244972,0.22816369334000153,0.1894165833982162,0.2679879425049566,0.0,0.22280966359410093,0.004528477285134589,0.2829899675595006,0.047423752165944535,0.2413859434742966
2023-10-23 19:00:00,0.0,0.0,0.0,0.0,0.0,0.0,0.0,0.0,0.0,0.0,0.0,0.0,0.0,0.0,0.0,0.0,0.0,0.0,0.0,0.0,0.0,0.0,0.0,0.0,0.0,0.0,0.0,0.0
2023-10-23 20:00:00,0.0,0.0,0.0,0.0,0.0,0.0,0.0,0.0,0.0,0.0,0.0,0.0,0.0,0.0,0.0,0.0,0.0,0.0,0.0,0.0,0.0,0.0,0.0,0.0,0.0,0.0,0.0,0.0
2023-10-23 21:00:00,0.0,0.0,0.0,0.0,0.0,0.0,0.0,0.0,0.0,0.0,0.0,0.0,0.0,0.0,0.0,0.0,0.0,0.0,0.0,0.0,0.0,0.0,0.0,0.0,0.0,0.0,0.0,0.0
2023-10-23 22:00:00,0.0,0.0,0.0,0.0,0.0,0.0,0.0,0.0,0.0,0.0,0.0,0.0,0.0,0.0,0.0,0.0,0.0,0.0,0.0,0.0,0.0,0.0,0.0,0.0,0.0,0.0,0.0,0.0
2023-10-23 23:00:00,0.0,0.0,0.0,0.0,0.0,0.0,0.0,0.0,0.0,0.0,0.0,0.0,0.0,0.0,0.0,0.0,0.0,0.0,0.0,0.0,0.0,0.0,0.0,0.0,0.0,0.0,0.0,0.0
2023-10-24 00:00:00,0.0,0.0,0.0,0.0,0.0,0.0,0.0,0.0,0.0,0.0,0.0,0.0,0.0,0.0,0.0,0.0,0.0,0.0,0.0,0.0,0.0,0.0,0.0,0.0,0.0,0.0,0.0,0.0
2023-10-24 01:00:00,0.0,0.0,0.0,0.0,0.0,0.0,0.0,0.0,0.0,0.0,0.0,0.0,0.0,0.0,0.0,0.0,0.0,0.0,0.0,0.0,0.0,0.0,0.0,0.0,0.0,0.0,0.0,0.0
2023-10-24 02:00:00,0.0,0.0,0.0,0.0,0.0,0.0,0.0,0.0,0.0,0.0,0.0,0.0,0.0,0.0,0.0,0.0,0.0,0.0,0.0,0.0,0.0,0.0,0.0,0.0,0.0,0.0,0.0,0.0
2023-10-24 03:00:00,0.0,0.0,0.0,0.0,0.0,0.0,0.0,0.0,0.0,0.0,0.0,0.0,0.0,0.0,0.0,0.0,0.0,0.0,0.0,0.0,0.0,0.0,0.0,0.0,0.0,0.0,0.0,0.0
2023-10-24 04:00:00,0.0,0.0,0.0,0.0,0.0,0.0,0.0,0.0,0.0,0.0,0.0,0.0,0.0,0.0,0.0,0.0,0.0,0.0,0.0,0.0,0.0,0.0,0.0,0.0,0.0,0.0,0.0,0.0
2023-10-24 05:00:00,0.0,0.0,0.0,0.0,0.0,0.0,0.0,0.0,0.0,0.0,0.0,0.0,0.0,0.0,0.0,0.0,0.0,0.0,0.0,0.0,0.0,0.0,0.0,0.0,0.0,0.0,0.0,0.0
2023-10-24 06:00:00,0.0,0.0,0.0,0.0,0.0,0.0,0.0,0.0,0.0,0.0,0.0,0.0,0.0,0.0,0.0,0.0,0.0,0.0,0.0,0.0,0.0,0.0,0.0,0.0,0.0,0.0,0.0,0.0
2023-10-24 07:00:00,0.0,0.0,0.0,0.0,0.0,0.0,0.0,0.0,0.0,0.0,0.0,0.0,0.0,0.0,0.0,0.0,0.0,0.0,0.0,0.0,0.0,0.0,0.0,0.0,0.0,0.0,0.0,0.0
2023-10-24 08:00:00,0.0,0.0,0.0,0.0,0.0,0.0,0.0,0.0,0.0,0.0,0.0,0.0,0.0,0.0,0.0,0.0,0.0,0.0,0.0,0.0,0.0,0.0,0.0010965703719503647,0.0,0.0,0.0,0.0,0.0
2023-10-24 09:00:00,0.05771456822423785,0.2012524861202799,0.0002805979479040848,0.05126069980909715,0.006879965312455246,0.024089679043834463,0.004188735689754128,0.0058766590620141605,0.019024996664669433,0.00842288663311175,0.003502939070894558,0.10694176261775284,0.012436057444795081,0.006664310416593594,0.11125487429074618,0.003160556563016905,0.0,0.07220849257150742,0.0,0.025613479072651643,0.007037871718377434,0.07908930931941427,0.032151186225974064,0.06353575610552802,0.10511674407266054,0.07340076821879338,0.2517116219686311,0.048989131121063734
2023-10-24 10:00:00,0.14557319655296688,0.37023296192078003,0.01597527261844231,0.15438597200223111,0.4211366783112981,0.4855806985461652,0.011399557255732454,0.025069681851856967,0.09429754069477378,0.025553920728837193,0.013856197696619197,0.22419040933345274,0.08411566120187071,0.03845969767792392,0.2536212007900735,0.0773892319228411,0.473216509617502,0.1714700981785082,0.4776958979900407,0.06993766150203422,0.04071013792322437,0.16565549871381802,0.08582711263756855,0.24097211942375482,0.2886355736550325,0.49672978446678145,0.45856960133784436,0.19110979142402953
2023-10-24 11:00:00,0.25653547192741033,0.565419314603864,0.013918625960530546,0.241372693514115,0.6365095626285467,0.6840809371192994,0.016280807826657747,0.030538060543096598,0.17234424097396916,0.04182885149429162,0.021703847131998525,0.36637916224053385,0.1678940426275263,0.04455904785004584,0.5642623732455238,0.19769006370966438,0.6457385757360968,0.24598306558770455,0.6446929418898995,0.09492612332011141,0.0475420034279153,0.2627786930581513,0.1381804127134353,0.43221782428356226,0.4666067605162638,0.6662379684166346,0.6532266183373128,0.34152115743123374
2023-10-24 12:00:00,0.2952693298885373,0.6570404759095502,0.08885723668680978,0.19221303825713942,0.743534466228085,0.781559314993889,0.012705838557494839,0.010507715330104044,0.23432045553665778,0.010248454400862169,0.006965129291650425,0.3122879579055541,0.2925763521917246,0.021442466825241296,0.7453765141750273,0.5640411111689554,0.7214870012411293,0.2428935537402346,0.7192650045304682,0.028339100935070777,0.02291347125493344,0.2722825601327023,0.2395513557787753,0.392109734542253,0.3461837356492352,0.7106437296706701,0.6809305204893201,0.3472428294977532
2023-10-24 13:00:00,0.24346852293403068,0.5933507589241909,0.0929290960624713,0.14065551559542772,0.8108666285394414,0.815936995442361,0.03281056708529958,0.01952174373423894,0.31134017455977137,0.01568984986987266,0.01816868195977816,0.24651266516156828,0.3551980293327868,0.023476461787379024,0.7357422106404933,0.6416593385915399,0.7602975097117458,0.22117769467666257,0.7546446607157181,0.023851412806346315,0.023956349204041792,0.23467375852085956,0.20639201391790366,0.40730814212602795,0.38172573411974114,0.7539352464428473,0.7206398325623973,0.3650092890062421
2023-10-24 14:00:00,0.20771091979504117,0.5355584866075859,0.1040581752623944,0.12924842292460872,0.82179257417473,0.8231377524073924,0.020432574960090755,0.014808436465335246,0.389484126897058,0.014956013151204305,0.013869936845963125,0.18994736731975687,0.4283350889902179,0.015712111049136872,0.7365550020531474,0.7051782777781197,0.7713280493134321,0.16004132552167075,0.7656868139782734,0.022431222847243918,0.01585019623190012,0.17921442990657177,0.21184044158041243,0.40221559418085034,0.3620287587736153,0.8006397686048597,0.6754251166371925,0.3380003780001056
2023-10-24 15:00:00,0.1842565916110305,0.5093316091423963,0.17335181230218133,0.10815671115375068,0.8139459273466899,0.807344014744348,0.04873222287061213,0.029860344989439958,0.41108297930508925,0.040686080403309156,0.0361108342655557,0.14620950544975148,0.4532884404915311,0.01712014417684262,0.7350148100967895,0.7251371758195718,0.763376860552621,0.10244638589268402,0.7581033746348326,0.023266440378168857,0.01654105478413754,0.13332209230239855,0.28329300462660034,0.364173708361063,0.4440333245815596,0.790807858970853,0.6142611750996042,0.2858031576580342
2023-10-24 16:00:00,0.15591238314236866,0.4380539309718335,0.09469997749306708,0.05203313624562612,0.7586742197925365,0.7621429619109968,0.02870478690703247,0.01862804007448784,0.40181266805621907,0.03012384944484557,0.02624591739490534,0.13030958990748748,0.4273289647282446,0.007151088785474866,0.7086837796884718,0.6955120054386047,0.7249386912494193,0.08761214466857653,0.7203217204862401,0.013382704042951344,0.007214092527399287,0.12244498047625584,0.23637779801230066,0.35761355686726487,0.5305448942698077,0.7509241783238586,0.663210280633934,0.2689197682152428
2023-10-24 17:00:00,0.09008985477914253,0.37386315829142786,0.10510312485578482,0.019748626304925583,0.6598916359588327,0.6673171123220702,0.054403480958665706,0.021633355367899842,0.38174638728549604,0.019462615732019187,0.034081032030376344,0.05948187553984375,0.4022651882711782,0.0009375649606391308,0.6264515734539605,0.6257531605744883,0.644045121770749,0.029290267667710326,0.6401321620833702,0.004371166557296828,0.0009430453927580365,0.0498492847450355,0.13486461899170077,0.29446832977993165,0.4531327549967154,0.657612980945821,0.5620830077674303,0.20207521558957223
2023-10-24 18:00:00,0.04783767016270913,0.23795000231117458,0.0451188753160614,0.00042408128752095315,0.47678087421609044,0.4745205638718028,0.020931074260523402,0.01634144725952905,0.32185463131580627,0.03418492840833223,0.024511464750105592,0.007007515397883111,0.352553538701922,0.0020299724230183978,0.4297337532241104,0.4664139539560953,0.4756308369534121,0.004491285196085499,0.47302226227659444,0.013306654507510857,0.0022837189758956973,0.018904959106803402,0.0,0.20741908912716467,0.033593074601784616,0.46096010350150546,0.28263876735820437,0.13647185112714205
2023-10-24 19:00:00,0.0,0.0,0.0,0.0,0.0,0.0,0.0,0.0,0.0,0.0,0.0,0.0,0.0,0.0,0.0,0.0,0.0,0.0,0.0,0.0,0.0,0.0,0.0,0.0,0.0,0.0,0.0,0.0
2023-10-24 20:00:00,0.0,0.0,0.0,0.0,0.0,0.0,0.0,0.0,0.0,0.0,0.0,0.0,0.0,0.0,0.0,0.0,0.0,0.0,0.0,0.0,0.0,0.0,0.0,0.0,0.0,0.0,0.0,0.0
2023-10-24 21:00:00,0.0,0.0,0.0,0.0,0.0,0.0,0.0,0.0,0.0,0.0,0.0,0.0,0.0,0.0,0.0,0.0,0.0,0.0,0.0,0.0,0.0,0.0,0.0,0.0,0.0,0.0,0.0,0.0
2023-10-24 22:00:00,0.0,0.0,0.0,0.0,0.0,0.0,0.0,0.0,0.0,0.0,0.0,0.0,0.0,0.0,0.0,0.0,0.0,0.0,0.0,0.0,0.0,0.0,0.0,0.0,0.0,0.0,0.0,0.0
2023-10-24 23:00:00,0.0,0.0,0.0,0.0,0.0,0.0,0.0,0.0,0.0,0.0,0.0,0.0,0.0,0.0,0.0,0.0,0.0,0.0,0.0,0.0,0.0,0.0,0.0,0.0,0.0,0.0,0.0,0.0
2023-10-25 00:00:00,0.0,0.0,0.0,0.0,0.0,0.0,0.0,0.0,0.0,0.0,0.0,0.0,0.0,0.0,0.0,0.0,0.0,0.0,0.0,0.0,0.0,0.0,0.0,0.0,0.0,0.0,0.0,0.0
2023-10-25 01:00:00,0.0,0.0,0.0,0.0,0.0,0.0,0.0,0.0,0.0,0.0,0.0,0.0,0.0,0.0,0.0,0.0,0.0,0.0,0.0,0.0,0.0,0.0,0.0,0.0,0.0,0.0,0.0,0.0
2023-10-25 02:00:00,0.0,0.0,0.0,0.0,0.0,0.0,0.0,0.0,0.0,0.0,0.0,0.0,0.0,0.0,0.0,0.0,0.0,0.0,0.0,0.0,0.0,0.0,0.0,0.0,0.0,0.0,0.0,0.0
2023-10-25 03:00:00,0.0,0.0,0.0,0.0,0.0,0.0,0.0,0.0,0.0,0.0,0.0,0.0,0.0,0.0,0.0,0.0,0.0,0.0,0.0,0.0,0.0,0.0,0.0,0.0,0.0,0.0,0.0,0.0
2023-10-25 04:00:00,0.0,0.0,0.0,0.0,0.0,0.0,0.0,0.0,0.0,0.0,0.0,0.0,0.0,0.0,0.0,0.0,0.0,0.0,0.0,0.0,0.0,0.0,0.0,0.0,0.0,0.0,0.0,0.0
2023-10-25 05:00:00,0.0,0.0,0.0,0.0,0.0,0.0,0.0,0.0,0.0,0.0,0.0,0.0,0.0,0.0,0.0,0.0,0.0,0.0,0.0,0.0,0.0,0.0,0.0,0.0,0.0,0.0,0.0,0.0
2023-10-25 06:00:00,0.0,0.0,0.0,0.0,0.0,0.0,0.0,0.0,0.0,0.0,0.0,0.0,0.0,0.0,0.0,0.0,0.0,0.0,0.0,0.0,0.0,0.0,0.0,0.0,0.0,0.0,0.0,0.0
2023-10-25 07:00:00,0.0,0.0,0.0,0.0,0.0,0.0,0.0,0.0,0.0,0.0,0.0,0.0,0.0,0.0,0.0,0.0,0.0,0.0,0.0,0.0,0.0,0.0,0.0,0.0,0.0,0.0,0.0,0.0
2023-10-25 08:00:00,0.0,0.0,0.0,0.0,0.0,0.0,0.0,0.0,0.0,0.0,0.0,0.0,0.0,0.0,0.0,0.0,0.0,0.0,0.0,0.0,0.0,0.0,5.114185715420294e-05,0.0,0.0,0.0,0.0,0.0
2023-10-25 09:00:00,0.42808882734826526,0.47001983867910874,0.3520236557982231,0.22108324748986083,0.0,0.041725844039718726,0.21907852321410584,0.12451891233466274,0.4368569737785303,0.17073347488278118,0.22444745508417285,0.461102538539301,0.43970061200736615,0.049826700305035554,0.44064672879868577,0.4520202713486665,0.0,0.4215414569539768,0.0,0.006622319299698259,0.04036419657304772,0.3764604235805992,0.17966775686310235,0.46904287948840506,0.3281850323133228,0.0821762715039752,0.4362727195750886,0.45792111563137444
2023-10-25 10:00:00,0.6469848261845101,0.672603746729705,0.5561021611639964,0.34654925067844045,0.2261999106700737,0.4969673216146505,0.4379992669765002,0.3594178090806737,0.6131157708235484,0.48684889038319246,0.4830797173831626,0.663165237331958,0.6280976287350479,0.24599551789291427,0.5930982327476999,0.6013467385770862,0.47899608791591747,0.6434645527644606,0.4709785846579402,0.22249690470647546,0.23639300972579502,0.6472641486330977,0.3159244775441565,0.6617064181233706,0.5513923063907911,0.517957181498376,0.6313158997143543,0.658665479057366
2023-10-25 11:00:00,0.7648480125969938,0.781687907805509,0.6906789152581276,0.4559043986596569,0.3681558215394732,0.6629288827590226,0.6737019136645288,0.6232461554420986,0.7348275507984994,0.6786783568991493,0.7072103517214141,0.7790885439681339,0.7486696082982159,0.5185362341465296,0.717703697908752,0.7266130442736355,0.6391857235325348,0.7642422831417166,0.6321505539485169,0.4249422571546758,0.5026908326973202,0.7908428641082917,0.4755811662252143,0.7861322132692744,0.7564195304373559,0.6819528191343409,0.7941039947074323,0.7665080965948415
2023-10-25 12:00:00,0.8150701401568755,0.8194829024221194,0.7522170309162866,0.5087551146301533,0.5264173798888964,0.7326537252442075,0.7150994993320091,0.6684293830940348,0.7828599723981715,0.6496822692532139,0.7224748710086197,0.8203636252969749,0.7988005094282198,0.6016728322815601,0.7769187824610865,0.7816329917031142,0.7121273047253678,0.8134676617953985,0.707426827242731,0.4497398056650509,0.5865356836277478,0.8073936174625986,0.493951453234478,0.8169407066203581,0.8640322912933585,0.7203614417387983,0.8312527754225589,0.7834790437020936
2023-10-25 13:00:00,0.8390477816255613,0.8498233237848271,0.7807866022597345,0.6069319958373036,0.6772088031163308,0.7679516662631047,0.763612652049297,0.7176505355961181,0.8051796294087418,0.7627266004230637,0.7921475056549354,0.8625717378524052,0.8194992309499801,0.6150847064532788,0.80447025624925,0.8018483601732094,0.7424367440549036,0.8312535297819542,0.7387965072216822,0.5861916124081085,0.5994208680230444,0.8614391561201438,0.5760611443508699,0.8171068866625465,0.9071300354516354,0.7568448153725404,0.8376621583711867,0.792710038160799
2023-10-25 14:00:00,0.8379361054937838,0.8502188602203675,0.7791476447595963,0.6410979312224657,0.7280645329456246,0.7830754036173105,0.7738973770286935,0.780444083876584,0.8060615913797957,0.7672153441801918,0.7975607358472316,0.8667604336560361,0.8186279296254444,0.7458626423651169,0.8033959900522645,0.8005270890804623,0.7513275755878719,0.8300953897166119,0.7472221876534377,0.6758083937258337,0.7382296762212146,0.8599008659550728,0.5742470061448637,0.8390790098264669,0.8922934111277377,0.7795467092094914,0.813720580074463,0.8208586966348906
2023-10-25 15:00:00,0.8159987208456538,0.8254441251543391,0.7578211086214571,0.6688154441170583,0.7259101281899161,0.7779421608979047,0.7573572801481244,0.7611954650129044,0.7879591847850557,0.752516411507713,0.7763698452476453,0.8585715685304212,0.7992320202235961,0.7256630876879933,0.7827251601409001,0.7806810129330094,0.7400947454398975,0.8081135878911424,0.7349213768129431,0.7129446632409262,0.7184924571421288,0.8358845592333636,0.6099952425491633,0.8266638775124611,0.8668304522594124,0.7727248767583379,0.7571612363487863,0.8073880927157715
2023-10-25 16:00:00,0.7678238298754647,0.7684201526126796,0.7103795737994482,0.6230467921471147,0.6854668969553718,0.7303999669801624,0.7078992678111972,0.7088278754024572,0.7437454165345334,0.7044837830717094,0.7264975222257204,0.8050174726719678,0.7530677688748086,0.6717758264192296,0.7351824140779278,0.7344758343010463,0.7004601656531315,0.7589823255020645,0.6947053235570817,0.6768800859467313,0.6645077049898536,0.7841303785961484,0.5722803781471014,0.7636338287357021,0.7923795904816344,0.7292425452943196,0.645707607657706,0.7465518202185983
2023-10-25 17:00:00,0.6656661842695222,0.6458278860104903,0.6144776576430956,0.5550614725395042,0.569990386248115,0.6318194326974029,0.6087506702808636,0.6031224214691873,0.6517453726903348,0.6021228455308997,0.6197269494549371,0.6954514833014885,0.6581113900937953,0.5772506425789664,0.6403289587194377,0.6415080025442133,0.6133375423296559,0.6557514817208266,0.6063572205023451,0.5863247555992814,0.5725773155585149,0.6724797425951605,0.47087891031485785,0.6252557988134152,0.6243503144077835,0.6328963531957787,0.4683061933117997,0.6163109509220851
2023-10-25 18:00:00,0.46758035830248107,0.44381668645434963,0.4251629424264374,0.37432479938221924,0.3794943370237271,0.4416227662912652,0.4181103329009607,0.4126804981939971,0.4671736399365179,0.4104371194594416,0.42084502894455833,0.4791398530247802,0.4691467044552397,0.40183272309055657,0.45803447216267684,0.4588301437754837,0.4437453837228848,0.4613789913169517,0.4404257718708829,0.3970475086068144,0.3995810463207499,0.4635097768652183,0.0,0.4023161084697909,0.0,0.44527240800306456,0.09938829147053643,0.38063116494917626
2023-10-25 19:00:00,0.0,0.0,0.0,0.0,0.0,0.0,0.0,0.0,0.0,0.0,0.0,0.0,0.0,0.0,0.0,0.0,0.0,0.0,0.0,0.0,0.0,0.0,0.0,0.0,0.0,0.0,0.0,0.0
2023-10-25 20:00:00,0.0,0.0,0.0,0.0,0.0,0.0,0.0,0.0,0.0,0.0,0.0,0.0,0.0,0.0,0.0,0.0,0.0,0.0,0.0,0.0,0.0,0.0,0.0,0.0,0.0,0.0,0.0,0.0
2023-10-25 21:00:00,0.0,0.0,0.0,0.0,0.0,0.0,0.0,0.0,0.0,0.0,0.0,0.0,0.0,0.0,0.0,0.0,0.0,0.0,0.0,0.0,0.0,0.0,0.0,0.0,0.0,0.0,0.0,0.0
2023-10-25 22:00:00,0.0,0.0,0.0,0.0,0.0,0.0,0.0,0.0,0.0,0.0,0.0,0.0,0.0,0.0,0.0,0.0,0.0,0.0,0.0,0.0,0.0,0.0,0.0,0.0,0.0,0.0,0.0,0.0
2023-10-25 23:00:00,0.0,0.0,0.0,0.0,0.0,0.0,0.0,0.0,0.0,0.0,0.0,0.0,0.0,0.0,0.0,0.0,0.0,0.0,0.0,0.0,0.0,0.0,0.0,0.0,0.0,0.0,0.0,0.0
2023-10-26 00:00:00,0.0,0.0,0.0,0.0,0.0,0.0,0.0,0.0,0.0,0.0,0.0,0.0,0.0,0.0,0.0,0.0,0.0,0.0,0.0,0.0,0.0,0.0,0.0,0.0,0.0,0.0,0.0,0.0
2023-10-26 01:00:00,0.0,0.0,0.0,0.0,0.0,0.0,0.0,0.0,0.0,0.0,0.0,0.0,0.0,0.0,0.0,0.0,0.0,0.0,0.0,0.0,0.0,0.0,0.0,0.0,0.0,0.0,0.0,0.0
2023-10-26 02:00:00,0.0,0.0,0.0,0.0,0.0,0.0,0.0,0.0,0.0,0.0,0.0,0.0,0.0,0.0,0.0,0.0,0.0,0.0,0.0,0.0,0.0,0.0,0.0,0.0,0.0,0.0,0.0,0.0
2023-10-26 03:00:00,0.0,0.0,0.0,0.0,0.0,0.0,0.0,0.0,0.0,0.0,0.0,0.0,0.0,0.0,0.0,0.0,0.0,0.0,0.0,0.0,0.0,0.0,0.0,0.0,0.0,0.0,0.0,0.0
2023-10-26 04:00:00,0.0,0.0,0.0,0.0,0.0,0.0,0.0,0.0,0.0,0.0,0.0,0.0,0.0,0.0,0.0,0.0,0.0,0.0,0.0,0.0,0.0,0.0,0.0,0.0,0.0,0.0,0.0,0.0
2023-10-26 05:00:00,0.0,0.0,0.0,0.0,0.0,0.0,0.0,0.0,0.0,0.0,0.0,0.0,0.0,0.0,0.0,0.0,0.0,0.0,0.0,0.0,0.0,0.0,0.0,0.0,0.0,0.0,0.0,0.0
2023-10-26 06:00:00,0.0,0.0,0.0,0.0,0.0,0.0,0.0,0.0,0.0,0.0,0.0,0.0,0.0,0.0,0.0,0.0,0.0,0.0,0.0,0.0,0.0,0.0,0.0,0.0,0.0,0.0,0.0,0.0
2023-10-26 07:00:00,0.0,0.0,0.0,0.0,0.0,0.0,0.0,0.0,0.0,0.0,0.0,0.0,0.0,0.0,0.0,0.0,0.0,0.0,0.0,0.0,0.0,0.0,0.0,0.0,0.0,0.0,0.0,0.0
2023-10-26 08:00:00,0.0,0.0,0.0,0.0,0.0,0.0,0.0,0.0,0.0,0.0,0.0,0.0,0.0,0.0,0.0,0.0,0.0,0.0,0.0,0.0,0.0,0.0,0.008442296312996716,0.0,0.0,0.0,0.0,0.0
2023-10-26 09:00:00,0.2716264190337238,0.34688278286567364,0.2905509001846593,0.4095214010762641,0.0,0.017215179635645814,0.409216813963144,0.41439542969589044,0.40052754603867163,0.3435727872180489,0.3653534581698315,0.3107794796049101,0.40243986503169704,0.4230283463812554,0.30237592548230197,0.4012784725711325,0.0,0.3085053600378824,0.0,0.41524047270821673,0.4205227591717614,0.26697369157473383,0.06496547418803106,0.31882259905895055,0.15033399395649838,0.014875689187895735,0.3529622104468065,0.32475228983630483
2023-10-26 10:00:00,0.43966663427255437,0.5146115767612102,0.4477838395015455,0.6120728308936981,0.1889869416414356,0.49103508783881183,0.5935018177074212,0.6092120386225545,0.5478854257179983,0.5259016109014336,0.5506217397582934,0.476515306514623,0.5736272770945545,0.6263779404040082,0.5144114633806838,0.569527510229677,0.4693877100773665,0.4964613187205226,0.4629396009080299,0.6100260436275272,0.6246911810717263,0.436515133848105,0.15261520710137003,0.5679360186698255,0.36539102479085894,0.470180089223395,0.5561322025572009,0.5409267174679654
2023-10-26 11:00:00,0.6140465206794294,0.6171841934893091,0.5472980229405172,0.7382177064638656,0.3372530736130266,0.6507776383217366,0.6546325700232403,0.6922764286331088,0.6885537054511849,0.6042636595009893,0.6199035448369282,0.7144448029783427,0.7073164175510656,0.7258470891946409,0.6444714440237659,0.7057581865432182,0.6339242551517359,0.669267772736859,0.6285896869677577,0.6902717152297736,0.723654189077313,0.6242238335261739,0.24568277465711574,0.6436466342709006,0.47615369580917066,0.6036479165268683,0.6351083496460644,0.6092298993880931
2023-10-26 12:00:00,0.7076443252147236,0.654429021695766,0.4352992931962277,0.7539216926173702,0.4095987835183072,0.7341342986494633,0.4971997348216565,0.5502632792224039,0.7591474995034672,0.5517251536970286,0.4956376824682185,0.7979689363450233,0.7731328051739655,0.6231759470422079,0.7220897439493961,0.763306941841044,0.7123261701464085,0.7821027844750225,0.708179259460266,0.6617193080026319,0.6337807374741204,0.7350831121067126,0.34438871216323913,0.5688786020954953,0.5909158846281954,0.6747365224546367,0.6871550613106524,0.4758086219822832
2023-10-26 13:00:00,0.7430839717781621,0.7188993090565171,0.5206023457474263,0.7732078024756088,0.5508392466840978,0.756135278978048,0.6355887872123628,0.6827274106795985,0.7906201007212665,0.6026089005366894,0.6009663418271517,0.8544629052397327,0.8031846882436898,0.7362554728449943,0.7637542418764792,0.7879502579786756,0.7473772965354147,0.8141398876884424,0.7429122648583153,0.7408233421057152,0.7374572692859405,0.7785753056421393,0.3391812035268727,0.5774338119086818,0.5861461538439287,0.7411196151409437,0.6151203636387945,0.46562433693540833
2023-10-26 14:00:00,0.7540995949473823,0.702627010762427,0.5638010264322529,0.7259548064873478,0.6635462886578946,0.7660421584232995,0.6476474837102467,0.6797888744250025,0.7888093510125495,0.588049031955759,0.5863757921721457,0.8292677134675468,0.8020270395991304,0.7193018715045618,0.7743761778385573,0.7850829304246913,0.7559349951411086,0.8060045882870258,0.7508189255857688,0.7488142607291566,0.7212277143019802,0.7583087828524168,0.32767355773525314,0.5545795901551032,0.5537792238561736,0.7884726290307789,0.5469006649420954,0.46185900821291864
2023-10-26 15:00:00,0.7404985181658492,0.6752652132420208,0.562987122411522,0.7665461835081943,0.6880589958743537,0.7541830968949699,0.5927381221268917,0.6481456045023521,0.7685446914545342,0.5933833589731614,0.5857409838349513,0.7989418815261444,0.778115815864483,0.7044134263113561,0.7725891936347722,0.7706963004010874,0.7441013777875922,0.797458096332856,0.7387147425859909,0.7109004466495412,0.7072560512688943,0.7570897676510304,0.23732387848182726,0.41888220041451957,0.3890716041387051,0.7758721592598791,0.3965438724129375,0.3691231551523365
2023-10-26 16:00:00,0.7038798871957488,0.5800554644901192,0.53307279003063,0.6611910162773248,0.6479641725949403,0.7016868077670967,0.5125728224431129,0.5769917341076202,0.7308435382184465,0.5095432420716238,0.5378917278015537,0.6874326099315073,0.7402804160017131,0.6457760772440851,0.7266209330441818,0.7241049600040831,0.7037917507722193,0.7537045345536995,0.6988204936003042,0.6396902850618141,0.651037725910834,0.6865857378953346,0.16803944310310717,0.3142304843391487,0.2530358087361504,0.7228147736460364,0.2878170643122442,0.28362522157402587
2023-10-26 17:00:00,0.6051191743015624,0.5084135883297534,0.48284557200119405,0.47746685379777587,0.5412102266866252,0.5987500321724438,0.5052198730411245,0.5702839760992435,0.6287994107750884,0.5315112544444682,0.5426643243281875,0.5333180814943589,0.6418186610413985,0.6045999288275958,0.6307950593954603,0.6316687763972313,0.618431850960382,0.6526289036428029,0.6141115649920882,0.5896963889188714,0.6041624218702967,0.6264875090162411,0.07259222244144625,0.19506784138363745,0.15121244435625084,0.6159499991011572,0.21600377860397418,0.17686671670559173
2023-10-26 18:00:00,0.424691092414794,0.37819017498966595,0.2999621039685824,0.33368411837856954,0.35536939492483677,0.40901523535855805,0.2991408137763383,0.34695178980251457,0.44802681250049625,0.35273353245164546,0.3444230038301676,0.4285188911628718,0.45175264997382275,0.3722747565576083,0.4456510317173962,0.44542345504739084,0.4468060787633763,0.44835928733449065,0.4433867886000417,0.3809744448861182,0.3754223820428218,0.43745770479851265,0.0,0.12965565384807165,0.0,0.4171924261899429,0.08981742956281534,0.17622346624268537
2023-10-26 19:00:00,0.0,0.0,0.0,0.0,0.0,0.0,0.0,0.0,0.0,0.0,0.0,0.0,0.0,0.0,0.0,0.0,0.0,0.0,0.0,0.0,0.0,0.0,0.0,0.0,0.0,0.0,0.0,0.0
2023-10-26 20:00:00,0.0,0.0,0.0,0.0,0.0,0.0,0.0,0.0,0.0,0.0,0.0,0.0,0.0,0.0,0.0,0.0,0.0,0.0,0.0,0.0,0.0,0.0,0.0,0.0,0.0,0.0,0.0,0.0
2023-10-26 21:00:00,0.0,0.0,0.0,0.0,0.0,0.0,0.0,0.0,0.0,0.0,0.0,0.0,0.0,0.0,0.0,0.0,0.0,0.0,0.0,0.0,0.0,0.0,0.0,0.0,0.0,0.0,0.0,0.0
2023-10-26 22:00:00,0.0,0.0,0.0,0.0,0.0,0.0,0.0,0.0,0.0,0.0,0.0,0.0,0.0,0.0,0.0,0.0,0.0,0.0,0.0,0.0,0.0,0.0,0.0,0.0,0.0,0.0,0.0,0.0
2023-10-26 23:00:00,0.0,0.0,0.0,0.0,0.0,0.0,0.0,0.0,0.0,0.0,0.0,0.0,0.0,0.0,0.0,0.0,0.0,0.0,0.0,0.0,0.0,0.0,0.0,0.0,0.0,0.0,0.0,0.0
2023-10-27 00:00:00,0.0,0.0,0.0,0.0,0.0,0.0,0.0,0.0,0.0,0.0,0.0,0.0,0.0,0.0,0.0,0.0,0.0,0.0,0.0,0.0,0.0,0.0,0.0,0.0,0.0,0.0,0.0,0.0
2023-10-27 01:00:00,0.0,0.0,0.0,0.0,0.0,0.0,0.0,0.0,0.0,0.0,0.0,0.0,0.0,0.0,0.0,0.0,0.0,0.0,0.0,0.0,0.0,0.0,0.0,0.0,0.0,0.0,0.0,0.0
2023-10-27 02:00:00,0.0,0.0,0.0,0.0,0.0,0.0,0.0,0.0,0.0,0.0,0.0,0.0,0.0,0.0,0.0,0.0,0.0,0.0,0.0,0.0,0.0,0.0,0.0,0.0,0.0,0.0,0.0,0.0
2023-10-27 03:00:00,0.0,0.0,0.0,0.0,0.0,0.0,0.0,0.0,0.0,0.0,0.0,0.0,0.0,0.0,0.0,0.0,0.0,0.0,0.0,0.0,0.0,0.0,0.0,0.0,0.0,0.0,0.0,0.0
2023-10-27 04:00:00,0.0,0.0,0.0,0.0,0.0,0.0,0.0,0.0,0.0,0.0,0.0,0.0,0.0,0.0,0.0,0.0,0.0,0.0,0.0,0.0,0.0,0.0,0.0,0.0,0.0,0.0,0.0,0.0
2023-10-27 05:00:00,0.0,0.0,0.0,0.0,0.0,0.0,0.0,0.0,0.0,0.0,0.0,0.0,0.0,0.0,0.0,0.0,0.0,0.0,0.0,0.0,0.0,0.0,0.0,0.0,0.0,0.0,0.0,0.0
2023-10-27 06:00:00,0.0,0.0,0.0,0.0,0.0,0.0,0.0,0.0,0.0,0.0,0.0,0.0,0.0,0.0,0.0,0.0,0.0,0.0,0.0,0.0,0.0,0.0,0.0,0.0,0.0,0.0,0.0,0.0
2023-10-27 07:00:00,0.0,0.0,0.0,0.0,0.0,0.0,0.0,0.0,0.0,0.0,0.0,0.0,0.0,0.0,0.0,0.0,0.0,0.0,0.0,0.0,0.0,0.0,0.0,0.0,0.0,0.0,0.0,0.0
2023-10-27 08:00:00,0.0,0.0,0.0,0.0,0.0,0.0,0.0,0.0,0.0,0.0,0.0,0.0,0.0,0.0,0.0,0.0,0.0,0.0,0.0,0.0,0.0,0.0,0.030303632784115006,0.0,0.0,0.0,0.0,0.0
2023-10-27 09:00:00,0.32462635831269354,0.39411925436271494,0.39855628112397806,0.48846036936185855,0.0,0.007262144972753917,0.42437393793884565,0.4238406665266344,0.36512691442665196,0.40831581286684004,0.42576733275870643,0.34687462485577975,0.42134908635487167,0.416693997576816,0.18824581546095065,0.30032396006409534,0.0,0.3451941341766384,0.0,0.39557350728156737,0.41485702458719936,0.3088610541478205,0.3602407578939548,0.38057879533113825,0.3772127920070398,0.0,0.38968248125649235,0.44329734174422725
2023-10-27 10:00:00,0.474405048181996,0.5627803348121002,0.5948101728436621,0.7007135467577824,0.24256671994826529,0.40590824961549704,0.6225030676416424,0.6313930401767661,0.5433358968799697,0.6073662357653581,0.6275903981976635,0.5033175243106582,0.5692642933648554,0.6270265572727322,0.5155407175743436,0.5601408071566079,0.4318537835675339,0.4903698173021873,0.43009441466810794,0.6205884469429831,0.6260785584689276,0.48434016935045304,0.5656765038556818,0.5641589184585265,0.5558014678436198,0.4632044320992998,0.6024792122883341,0.6389950464965845
2023-10-27 11:00:00,0.6414219684961049,0.7242456150988232,0.7049660458243407,0.7923239987274922,0.4750435225088407,0.5881583290858415,0.723648592682257,0.7293845551370578,0.6897932529111763,0.7122690283108104,0.7300219967475484,0.69314291119023,0.7077681076846547,0.7241192919102901,0.6771123655351794,0.698065450385649,0.5928661666138104,0.6486314399426252,0.5902401275908843,0.7174550200436747,0.7229713683922239,0.6559063464084514,0.7340083902210227,0.7190623183820045,0.7538735597132603,0.6516828227894926,0.7368967696673601,0.7558293105114547
2023-10-27 12:00:00,0.730941180699516,0.7928430788771703,0.7201576726108407,0.8307978696555346,0.6333396730729383,0.7286465531204298,0.7406727648269046,0.736768576303529,0.7710313797774323,0.6863207918229962,0.7263811610410585,0.8200424309838995,0.7761691934593093,0.7566532040050116,0.7623612946137227,0.7563630709120223,0.6684317031436214,0.7517246932955192,0.6445991279699133,0.7325452453522331,0.7566154445543861,0.7306236709442521,0.7478193558807804,0.7615511960391746,0.8172726396143422,0.7285640101232721,0.7586933877732722,0.7653222739135491
2023-10-27 13:00:00,0.8089624772981386,0.8152568792384438,0.7567612033354011,0.8450035340545533,0.7165315878880815,0.7723791367325348,0.7691453374140403,0.7657243628514356,0.7905283596365194,0.7212067823962474,0.7582742323067662,0.8901084899733219,0.7995121081613018,0.7789149635873128,0.7827625245387302,0.7799825600600064,0.7339558723582406,0.8312006151531314,0.7252876963221063,0.7564704705415602,0.7781694963875845,0.8353968713068141,0.6908341043997916,0.7555939981615465,0.8441899357503417,0.7683657938314788,0.7822114376081615,0.7538054561489661
2023-10-27 14:00:00,0.8122314633567982,0.8158412249277405,0.7344940594355126,0.8361073815429343,0.7373055008682985,0.7757789475586295,0.7838833226376164,0.7827654407776105,0.7892253413752542,0.7495706739230042,0.7795656650546846,0.8812971192707854,0.7966743536312588,0.7869870769246775,0.7811157019402766,0.7785503656986053,0.7420506656742828,0.8255317380595955,0.7370447421644603,0.7643836218826017,0.7858941433685556,0.8408352797541171,0.563580288256166,0.6757171950565926,0.7680299388643543,0.7738940631503197,0.7549956623134074,0.6749377235305472
2023-10-27 15:00:00,0.7953473385535175,0.7893832009271867,0.7212503587261998,0.8070705942368459,0.719310982943942,0.7577392194988123,0.7689574152505037,0.7697580073027934,0.7685360838843924,0.7565514154824968,0.7709804333274288,0.8534204249691846,0.7766277265014873,0.7678252797731226,0.7592293884524327,0.7590739206624124,0.729008153269489,0.8005023238510246,0.7236394705984551,0.7539765574090067,0.7671739229557124,0.8273847509992668,0.4756461568223586,0.5982835114535596,0.5828454590042309,0.7519230341668904,0.6450298132937077,0.6094773562578111
2023-10-27 16:00:00,0.7470607516716963,0.7352664759086643,0.6704157218887925,0.7510874474676679,0.6841375319803614,0.7094253682872845,0.7190215621577187,0.7172260880441707,0.7200242094976325,0.7061836249520016,0.7210373764233827,0.7956234376585543,0.7273943462947187,0.7126223303610053,0.7103654056795324,0.7113550992754571,0.6865626424064066,0.7475291430458904,0.6804538438808571,0.7009338215296441,0.7112728821952955,0.7717704957814918,0.30300127735077986,0.5710008576749316,0.3958531494010483,0.7055287944968265,0.5756263171518414,0.5789267227499061
2023-10-27 17:00:00,0.6325943743196537,0.615501604636983,0.5503870325943857,0.6301809060912721,0.5870404877132814,0.6056281138255963,0.6133236464799845,0.6080151086194949,0.6226148616133336,0.6002555857370044,0.6133794761104008,0.6694620983760132,0.6259366750191707,0.6025666934768543,0.6106322528449148,0.613541873267852,0.5981850340574086,0.635600710090032,0.5910043266940229,0.5899462033863953,0.6014279232392687,0.6536142435626722,0.2818323603748673,0.4805197914645567,0.3181239410720477,0.6001960439902173,0.48334230046248783,0.4894550388142573
2023-10-27 18:00:00,0.44346455829441317,0.37934094929271206,0.348254271920738,0.4374399889323367,0.3752588082714289,0.4154976074100983,0.42154984848283866,0.4145416447253673,0.4338357764500193,0.40695144334904093,0.42048166080830396,0.45911886068230257,0.43604934310962223,0.40728949540455717,0.42267276343270493,0.42704341307575994,0.423652564348495,0.4362185346848669,0.416330044446865,0.3946068894575501,0.40604671815303073,0.44472588538407476,0.0,0.23403413082484698,0.0,0.41053586500150296,0.07220183117359774,0.31604695597763327
2023-10-27 19:00:00,0.0,0.0,0.0,0.0,0.0,0.0,0.0,0.0,0.0,0.0,0.0,0.0,0.0,0.0,0.0,0.0,0.0,0.0,0.0,0.0,0.0,0.0,0.0,0.0,0.0,0.0,0.0,0.0
2023-10-27 20:00:00,0.0,0.0,0.0,0.0,0.0,0.0,0.0,0.0,0.0,0.0,0.0,0.0,0.0,0.0,0.0,0.0,0.0,0.0,0.0,0.0,0.0,0.0,0.0,0.0,0.0,0.0,0.0,0.0
2023-10-27 21:00:00,0.0,0.0,0.0,0.0,0.0,0.0,0.0,0.0,0.0,0.0,0.0,0.0,0.0,0.0,0.0,0.0,0.0,0.0,0.0,0.0,0.0,0.0,0.0,0.0,0.0,0.0,0.0,0.0
2023-10-27 22:00:00,0.0,0.0,0.0,0.0,0.0,0.0,0.0,0.0,0.0,0.0,0.0,0.0,0.0,0.0,0.0,0.0,0.0,0.0,0.0,0.0,0.0,0.0,0.0,0.0,0.0,0.0,0.0,0.0
2023-10-27 23:00:00,0.0,0.0,0.0,0.0,0.0,0.0,0.0,0.0,0.0,0.0,0.0,0.0,0.0,0.0,0.0,0.0,0.0,0.0,0.0,0.0,0.0,0.0,0.0,0.0,0.0,0.0,0.0,0.0
2023-10-28 00:00:00,0.0,0.0,0.0,0.0,0.0,0.0,0.0,0.0,0.0,0.0,0.0,0.0,0.0,0.0,0.0,0.0,0.0,0.0,0.0,0.0,0.0,0.0,0.0,0.0,0.0,0.0,0.0,0.0
2023-10-28 01:00:00,0.0,0.0,0.0,0.0,0.0,0.0,0.0,0.0,0.0,0.0,0.0,0.0,0.0,0.0,0.0,0.0,0.0,0.0,0.0,0.0,0.0,0.0,0.0,0.0,0.0,0.0,0.0,0.0
2023-10-28 02:00:00,0.0,0.0,0.0,0.0,0.0,0.0,0.0,0.0,0.0,0.0,0.0,0.0,0.0,0.0,0.0,0.0,0.0,0.0,0.0,0.0,0.0,0.0,0.0,0.0,0.0,0.0,0.0,0.0
2023-10-28 03:00:00,0.0,0.0,0.0,0.0,0.0,0.0,0.0,0.0,0.0,0.0,0.0,0.0,0.0,0.0,0.0,0.0,0.0,0.0,0.0,0.0,0.0,0.0,0.0,0.0,0.0,0.0,0.0,0.0
2023-10-28 04:00:00,0.0,0.0,0.0,0.0,0.0,0.0,0.0,0.0,0.0,0.0,0.0,0.0,0.0,0.0,0.0,0.0,0.0,0.0,0.0,0.0,0.0,0.0,0.0,0.0,0.0,0.0,0.0,0.0
2023-10-28 05:00:00,0.0,0.0,0.0,0.0,0.0,0.0,0.0,0.0,0.0,0.0,0.0,0.0,0.0,0.0,0.0,0.0,0.0,0.0,0.0,0.0,0.0,0.0,0.0,0.0,0.0,0.0,0.0,0.0
2023-10-28 06:00:00,0.0,0.0,0.0,0.0,0.0,0.0,0.0,0.0,0.0,0.0,0.0,0.0,0.0,0.0,0.0,0.0,0.0,0.0,0.0,0.0,0.0,0.0,0.0,0.0,0.0,0.0,0.0,0.0
2023-10-28 07:00:00,0.0,0.0,0.0,0.0,0.0,0.0,0.0,0.0,0.0,0.0,0.0,0.0,0.0,0.0,0.0,0.0,0.0,0.0,0.0,0.0,0.0,0.0,0.0,0.0,0.0,0.0,0.0,0.0
2023-10-28 08:00:00,0.0,0.0,0.0,0.0,0.0,0.0,0.0,0.0,0.0,0.0,0.0,0.0,0.0,0.0,0.0,0.0,0.0,0.0,0.0,0.0,0.0,0.0,0.012744891825981989,0.0,0.0,0.0,0.0,0.0
2023-10-28 09:00:00,0.30554669563681786,0.3924994050056943,0.3253137430847404,0.4502420969575107,0.0,0.0,0.41342129475887973,0.4088668538598071,0.28844957893205725,0.33595564528478594,0.3665866389527421,0.40231170033179364,0.388805786876135,0.41338583498770637,0.14830933853459202,0.19362890030164004,0.0,0.3068307475978494,0.0,0.3525954515128923,0.4106878451603447,0.3185436082650455,0.39515049911624084,0.38008377476717764,0.4279164170386251,0.0,0.330611567959047,0.42561545038615606
2023-10-28 10:00:00,0.49146730491522295,0.565441488164315,0.503373698799249,0.6418865502630238,0.24005274880216307,0.4160886883443811,0.6089414000378298,0.6049578068645065,0.4727844445209886,0.5493144500892637,0.5811601196037166,0.5764167990276047,0.4753492631762101,0.600937009591511,0.497308388254572,0.46758353714939255,0.3724952252413461,0.44312673751204396,0.38424110446198745,0.5313429204575688,0.5980317802546289,0.5022333132532655,0.5359489239624163,0.5381868847310114,0.5974422980076248,0.4636293034317584,0.47565002870311224,0.5914079410809188
2023-10-28 11:00:00,0.6855135856607637,0.7099799221483762,0.5901919439248188,0.7580360109249284,0.4249282800692441,0.5937049263736763,0.7177680820462221,0.7109256558934988,0.6217841414973968,0.6708856869934536,0.6925140287873339,0.7721814675601423,0.6317668276672108,0.7081784950421052,0.6383004682628179,0.6168211373822132,0.5355840163110529,0.6996736994386743,0.5288645484595152,0.6866112147500802,0.7060718536825121,0.7105545535821186,0.6168316522518676,0.6792919193978604,0.768342319529257,0.6334244870836743,0.6599155179201309,0.7080279385698086
2023-10-28 12:00:00,0.7590723132129591,0.7841917010640791,0.6108050959374511,0.8127992776450135,0.4677592210092289,0.673285486487719,0.7525030420680671,0.7424105014919342,0.7188535461806425,0.6863385808499545,0.7243292129507004,0.8483302032064096,0.722245120028259,0.7363072732254622,0.7216217601117518,0.7077174357667764,0.5935041517684821,0.7824191026178248,0.6222151739116617,0.7399115127361251,0.7325542195340313,0.7818770791479634,0.6725127786259343,0.7887250049982459,0.8518334510241615,0.7066214687396732,0.7419322450887487,0.7825341263600188
2023-10-28 13:00:00,0.7747956285930332,0.7948261556166296,0.6756349850894527,0.8238349035751639,0.5377571373521666,0.6818554278829998,0.7711468129202658,0.7556921249730079,0.7378275244973054,0.6956977282682912,0.728121311746867,0.8559650780547263,0.7324511504650016,0.7384883650035196,0.754889496221497,0.7388993375111244,0.6631272931161952,0.7903959698646087,0.666504458808153,0.7672942062100151,0.7333194596203438,0.7822173959694464,0.7398064159407156,0.7984248647022131,0.8533484017177471,0.7343942213547319,0.7713110829504876,0.7984040696156172
2023-10-28 14:00:00,0.7841540706170471,0.7950611290504003,0.7120625317220574,0.8155596338719936,0.6021654898070893,0.6720853779959162,0.7701005302038956,0.7603972696528408,0.7417358326496974,0.7229144006104298,0.7491383422974742,0.8448293966361266,0.7537317369034592,0.7563117926149872,0.7585530239219601,0.7481826631369326,0.6777734104833305,0.7926342181168966,0.6702514964354404,0.759186241604465,0.7536108693007122,0.7976629154748823,0.7596953614753152,0.7926855128000428,0.8479305674655522,0.7240243709113192,0.8053445813071619,0.7825100652360891
2023-10-28 15:00:00,0.7447293657509866,0.7657575733522232,0.6770595877754957,0.7832948563688789,0.5987177238621256,0.6114179671167213,0.7451643021338107,0.730030384095859,0.7203118941580724,0.678197529751654,0.6986006830494716,0.8108206400101401,0.7312082191366747,0.7247224454755313,0.7361071908958469,0.726713006074299,0.6335611829533097,0.7563923610224067,0.6535987578174832,0.7450308664052447,0.7218680720696596,0.750597191466345,0.7463928223195568,0.7798869700057515,0.8127667308121654,0.6785371537940066,0.780701631655289,0.774909928529483
2023-10-28 16:00:00,0.7105299766436994,0.707117018948747,0.6810214840865593,0.7239271710433358,0.5233205957459318,0.5160373629845318,0.7016070001587442,0.6970956837692607,0.627612836208917,0.6822964384521158,0.6911796598206893,0.7495530246820366,0.6922256030661654,0.6942357099817325,0.68976923516078,0.6814974489643332,0.5830057052764622,0.7016804928905994,0.5891934387614692,0.6921909150276873,0.6929589263149906,0.7263217925424073,0.6518622835502895,0.7100313282293481,0.7347707308066318,0.5852352616572354,0.7100672737124116,0.705409595125784
2023-10-28 17:00:00,0.592430249290803,0.5867493257719397,0.544327671329514,0.6006987709387676,0.41541613570269414,0.40128399897029987,0.5949331058788859,0.5866347429783715,0.5315421143883842,0.5692924730241129,0.5782981795898711,0.625367207926528,0.5978556525862804,0.5853138117034269,0.5869058227111376,0.5696010284117259,0.4814277923455668,0.5854143033509933,0.5112312844531834,0.5764718055543554,0.5840105040805195,0.6050218543688571,0.4665889328543858,0.5708533965611906,0.5620894888051126,0.4392782316867937,0.5533434622340744,0.5707296520908749
2023-10-28 18:00:00,0.40192768130252554,0.3610892207421077,0.37231599120198017,0.4154967145124683,0.2435598302708823,0.2314316120517124,0.4012135473791854,0.3931689902126563,0.3601858213322036,0.38463755439527486,0.3947502095948586,0.4239114984723964,0.4088137984941493,0.3852835239722864,0.4034721268294348,0.39734454618491555,0.30728088971004647,0.40189230033375106,0.3201379600561582,0.38073297739815304,0.3840570036602903,0.407880579208749,0.0,0.2209210919397842,0.0,0.2810507709323019,0.04823179592859055,0.3167197329144591
2023-10-28 19:00:00,0.0,0.0,0.0,0.0,0.0,0.0,0.0,0.0,0.0,0.0,0.0,0.0,0.0,0.0,0.0,0.0,0.0,0.0,0.0,0.0,0.0,0.0,0.0,0.0,0.0,0.0,0.0,0.0
2023-10-28 20:00:00,0.0,0.0,0.0,0.0,0.0,0.0,0.0,0.0,0.0,0.0,0.0,0.0,0.0,0.0,0.0,0.0,0.0,0.0,0.0,0.0,0.0,0.0,0.0,0.0,0.0,0.0,0.0,0.0
2023-10-28 21:00:00,0.0,0.0,0.0,0.0,0.0,0.0,0.0,0.0,0.0,0.0,0.0,0.0,0.0,0.0,0.0,0.0,0.0,0.0,0.0,0.0,0.0,0.0,0.0,0.0,0.0,0.0,0.0,0.0
2023-10-28 22:00:00,0.0,0.0,0.0,0.0,0.0,0.0,0.0,0.0,0.0,0.0,0.0,0.0,0.0,0.0,0.0,0.0,0.0,0.0,0.0,0.0,0.0,0.0,0.0,0.0,0.0,0.0,0.0,0.0
2023-10-28 23:00:00,0.0,0.0,0.0,0.0,0.0,0.0,0.0,0.0,0.0,0.0,0.0,0.0,0.0,0.0,0.0,0.0,0.0,0.0,0.0,0.0,0.0,0.0,0.0,0.0,0.0,0.0,0.0,0.0
2023-10-29 00:00:00,0.0,0.0,0.0,0.0,0.0,0.0,0.0,0.0,0.0,0.0,0.0,0.0,0.0,0.0,0.0,0.0,0.0,0.0,0.0,0.0,0.0,0.0,0.0,0.0,0.0,0.0,0.0,0.0
2023-10-29 01:00:00,0.0,0.0,0.0,0.0,0.0,0.0,0.0,0.0,0.0,0.0,0.0,0.0,0.0,0.0,0.0,0.0,0.0,0.0,0.0,0.0,0.0,0.0,0.0,0.0,0.0,0.0,0.0,0.0
2023-10-29 02:00:00,0.0,0.0,0.0,0.0,0.0,0.0,0.0,0.0,0.0,0.0,0.0,0.0,0.0,0.0,0.0,0.0,0.0,0.0,0.0,0.0,0.0,0.0,0.0,0.0,0.0,0.0,0.0,0.0
2023-10-29 03:00:00,0.0,0.0,0.0,0.0,0.0,0.0,0.0,0.0,0.0,0.0,0.0,0.0,0.0,0.0,0.0,0.0,0.0,0.0,0.0,0.0,0.0,0.0,0.0,0.0,0.0,0.0,0.0,0.0
2023-10-29 04:00:00,0.0,0.0,0.0,0.0,0.0,0.0,0.0,0.0,0.0,0.0,0.0,0.0,0.0,0.0,0.0,0.0,0.0,0.0,0.0,0.0,0.0,0.0,0.0,0.0,0.0,0.0,0.0,0.0
2023-10-29 05:00:00,0.0,0.0,0.0,0.0,0.0,0.0,0.0,0.0,0.0,0.0,0.0,0.0,0.0,0.0,0.0,0.0,0.0,0.0,0.0,0.0,0.0,0.0,0.0,0.0,0.0,0.0,0.0,0.0
2023-10-29 06:00:00,0.0,0.0,0.0,0.0,0.0,0.0,0.0,0.0,0.0,0.0,0.0,0.0,0.0,0.0,0.0,0.0,0.0,0.0,0.0,0.0,0.0,0.0,0.0,0.0,0.0,0.0,0.0,0.0
2023-10-29 07:00:00,0.0,0.0,0.0,0.0,0.0,0.0,0.0,0.0,0.0,0.0,0.0,0.0,0.0,0.0,0.0,0.0,0.0,0.0,0.0,0.0,0.0,0.0,0.0,0.0,0.0,0.0,0.0,0.0
2023-10-29 08:00:00,0.0,0.0,0.0,0.0,0.0,0.0,0.0,0.0,0.0,0.0,0.0,0.0,0.0,0.0,0.0,0.0,0.0,0.0,0.0,0.0,0.0,0.0,0.0,0.0,0.0,0.0,0.0,0.0
2023-10-29 09:00:00,0.2853385926265723,0.3436010218779601,0.33815360954834883,0.4675667028042595,0.0,0.0,0.40516212222625564,0.40183401872690266,0.22740053425698376,0.3407967127960855,0.3634307840423653,0.3476773784685143,0.24399853541853744,0.4025947544419991,0.09333425464807546,0.12235285788904807,0.0,0.23868529491864332,0.0,0.4025981384959919,0.401349264735584,0.26354242224495283,0.2947659830732285,0.29227076699464927,0.22090218094430858,0.0,0.2644648895009061,0.3420745230902726
2023-10-29 10:00:00,0.4484978801046231,0.5053127432207123,0.4827030568327139,0.6520417853287674,0.015380002129977689,0.057898996609392066,0.5994266943719485,0.5894904009057864,0.35104486659119777,0.5093870898549843,0.5331598669187732,0.5961733128108629,0.4202987790306004,0.5928851063719028,0.29126234114720784,0.354433008051738,0.09788215906783146,0.44590727182638606,0.06636562421444588,0.5883602860525174,0.5911180906065037,0.47923199519045206,0.36123273087038055,0.440533494937825,0.3838813275940542,0.08954245254345297,0.38023512819033656,0.5091663642028266
2023-10-29 11:00:00,0.6241315850840073,0.5890396680821961,0.6431185004792915,0.755815155952104,0.06288196063182991,0.14155820416396833,0.7066836249963456,0.6947524921423738,0.5100223326511607,0.6278113871352746,0.6470750246994972,0.7280100582645624,0.5543952086806501,0.697625555999912,0.37933604099129725,0.45632079942964043,0.21105809341021367,0.6116218642799778,0.17984722554588584,0.7019497129993826,0.6960196153612712,0.627999287431703,0.5856696411303961,0.5921582273492145,0.6529868947301654,0.1798929437428766,0.5275578846506904,0.6031498869851236
2023-10-29 12:00:00,0.7562390473192678,0.626648796168869,0.6905817450132798,0.7979100237536799,0.09996407367090722,0.21145556958737086,0.7346396694298182,0.7214435818010448,0.613172305323862,0.6766375481084812,0.7097809921984364,0.8328482405274147,0.6164172168609389,0.6865995817998636,0.35271020564108235,0.4752446726248849,0.17460956207594105,0.7726731385349667,0.24160932170549615,0.7413838715940044,0.6789123937650364,0.7669637974500362,0.6684925038841169,0.6198915962620393,0.6254182589821603,0.21883387300256243,0.6327117580041096,0.6482459367325805
2023-10-29 13:00:00,0.7757221638508855,0.6689063248947341,0.73223957511432,0.8001743206979242,0.1586277530378159,0.2511905390148066,0.758292331648823,0.7538446971132015,0.5815061285622478,0.7404505401328885,0.7616007285125063,0.841756379671166,0.5830354240834024,0.7211248247135106,0.3672242047579589,0.4237531844803325,0.2485307297221576,0.7948188538575277,0.25810247012336385,0.7624989296644601,0.7151150617845784,0.8089534151263641,0.753405645294378,0.7167194888414218,0.7632181285611179,0.2896040133808239,0.7473233860411357,0.7072872074333367
2023-10-29 14:00:00,0.7455794875023916,0.6477905002807278,0.7311796841263963,0.7893982063128706,0.17445609575617055,0.2587500699496148,0.7594877866693652,0.7600314367342209,0.5201739786059818,0.7619289040523008,0.7724120075976211,0.8312766575553111,0.5359417267890111,0.7336293249746294,0.39723229178164615,0.46066596361226864,0.28687769007952035,0.7854476670600606,0.2821588251697165,0.7628798378969845,0.7294193027860241,0.8133336582736499,0.7129780226683528,0.7823271966522556,0.762641394652681,0.31622328098348523,0.7413714752843481,0.7769175415965776
2023-10-29 15:00:00,0.6636701730650958,0.5291240477799563,0.7138992838801862,0.766877436629107,0.17375174108601815,0.2411916545956552,0.7355763785773815,0.7329571235832305,0.45879642742117765,0.732335709250463,0.7462220636984284,0.7839457143561303,0.44532827559428906,0.7063742224061982,0.40192943765813427,0.4588757666920382,0.26461616659889864,0.7277354875012131,0.2919237820387009,0.7355745248152842,0.7018226281410267,0.7523832181142723,0.691011285074493,0.7680927697080129,0.7384680645511085,0.27904374287649186,0.6781349261721314,0.7516599528286797
2023-10-29 16:00:00,0.4964229732212641,0.3728786284665561,0.6455658202671839,0.7129023360747666,0.11376863542671305,0.1750237501653457,0.6881115962768204,0.6866822987772988,0.38009440774948733,0.6850383449741508,0.6936589254502806,0.6330908351385816,0.3344259488082445,0.6631592079696383,0.3523439665256644,0.39014672877700135,0.24150301358871581,0.5748047895844496,0.264905464594141,0.6845719866045699,0.6595720770582244,0.6033968141951236,0.5990676254328153,0.6673814688520688,0.6109743757186872,0.2114136902034336,0.5096484172080495,0.6624781947458355
2023-10-29 17:00:00,0.2894547214886269,0.2788257847807042,0.5363782161778742,0.5595477010091421,0.05692918634179799,0.1293597730908125,0.5840317996264277,0.5807076955107552,0.352570190980512,0.5652089659031153,0.5783739547300812,0.37307776155455613,0.3199339143956027,0.5728689216534556,0.3133036015145341,0.3298893648390104,0.1864066834074562,0.28922419176498954,0.24811673156343794,0.5558512164962197,0.5708741662603655,0.38377919972902785,0.45636214413902393,0.5125119466433417,0.4055397193707734,0.20135500178154705,0.38668671324735476,0.5051393114490957
2023-10-29 18:00:00,0.14715705124671485,0.1742228850633196,0.3263669574013166,0.24999187068099119,0.011925652808036076,0.12032967176134796,0.3811939180699675,0.37260817850600536,0.26196593238155286,0.3408390562259449,0.37538798004186563,0.07152449390443014,0.25361212179426323,0.35973588712395266,0.274070374850701,0.17658970077921352,0.10959585345160523,0.07945843942800004,0.13992136837475644,0.28409125595325496,0.3563660683832515,0.16308044050738127,0.0,0.11310383561360947,0.0,0.17010976644254425,0.025032285979146463,0.19839644147989569
2023-10-29 19:00:00,0.0,0.0,0.0,0.0,0.0,0.0,0.0,0.0,0.0,0.0,0.0,0.0,0.0,0.0,0.0,0.0,0.0,0.0,0.0,0.0,0.0,0.0,0.0,0.0,0.0,0.0,0.0,0.0
2023-10-29 20:00:00,0.0,0.0,0.0,0.0,0.0,0.0,0.0,0.0,0.0,0.0,0.0,0.0,0.0,0.0,0.0,0.0,0.0,0.0,0.0,0.0,0.0,0.0,0.0,0.0,0.0,0.0,0.0,0.0
2023-10-29 21:00:00,0.0,0.0,0.0,0.0,0.0,0.0,0.0,0.0,0.0,0.0,0.0,0.0,0.0,0.0,0.0,0.0,0.0,0.0,0.0,0.0,0.0,0.0,0.0,0.0,0.0,0.0,0.0,0.0
2023-10-29 22:00:00,0.0,0.0,0.0,0.0,0.0,0.0,0.0,0.0,0.0,0.0,0.0,0.0,0.0,0.0,0.0,0.0,0.0,0.0,0.0,0.0,0.0,0.0,0.0,0.0,0.0,0.0,0.0,0.0
2023-10-29 23:00:00,0.0,0.0,0.0,0.0,0.0,0.0,0.0,0.0,0.0,0.0,0.0,0.0,0.0,0.0,0.0,0.0,0.0,0.0,0.0,0.0,0.0,0.0,0.0,0.0,0.0,0.0,0.0,0.0
2023-10-30 00:00:00,0.0,0.0,0.0,0.0,0.0,0.0,0.0,0.0,0.0,0.0,0.0,0.0,0.0,0.0,0.0,0.0,0.0,0.0,0.0,0.0,0.0,0.0,0.0,0.0,0.0,0.0,0.0,0.0
2023-10-30 01:00:00,0.0,0.0,0.0,0.0,0.0,0.0,0.0,0.0,0.0,0.0,0.0,0.0,0.0,0.0,0.0,0.0,0.0,0.0,0.0,0.0,0.0,0.0,0.0,0.0,0.0,0.0,0.0,0.0
2023-10-30 02:00:00,0.0,0.0,0.0,0.0,0.0,0.0,0.0,0.0,0.0,0.0,0.0,0.0,0.0,0.0,0.0,0.0,0.0,0.0,0.0,0.0,0.0,0.0,0.0,0.0,0.0,0.0,0.0,0.0
2023-10-30 03:00:00,0.0,0.0,0.0,0.0,0.0,0.0,0.0,0.0,0.0,0.0,0.0,0.0,0.0,0.0,0.0,0.0,0.0,0.0,0.0,0.0,0.0,0.0,0.0,0.0,0.0,0.0,0.0,0.0
2023-10-30 04:00:00,0.0,0.0,0.0,0.0,0.0,0.0,0.0,0.0,0.0,0.0,0.0,0.0,0.0,0.0,0.0,0.0,0.0,0.0,0.0,0.0,0.0,0.0,0.0,0.0,0.0,0.0,0.0,0.0
2023-10-30 05:00:00,0.0,0.0,0.0,0.0,0.0,0.0,0.0,0.0,0.0,0.0,0.0,0.0,0.0,0.0,0.0,0.0,0.0,0.0,0.0,0.0,0.0,0.0,0.0,0.0,0.0,0.0,0.0,0.0
2023-10-30 06:00:00,0.0,0.0,0.0,0.0,0.0,0.0,0.0,0.0,0.0,0.0,0.0,0.0,0.0,0.0,0.0,0.0,0.0,0.0,0.0,0.0,0.0,0.0,0.0,0.0,0.0,0.0,0.0,0.0
2023-10-30 07:00:00,0.0,0.0,0.0,0.0,0.0,0.0,0.0,0.0,0.0,0.0,0.0,0.0,0.0,0.0,0.0,0.0,0.0,0.0,0.0,0.0,0.0,0.0,0.0,0.0,0.0,0.0,0.0,0.0
2023-10-30 08:00:00,0.0,0.0,0.0,0.0,0.0,0.0,0.0,0.0,0.0,0.0,0.0,0.0,0.0,0.0,0.0,0.0,0.0,0.0,0.0,0.0,0.0,0.0,0.0,0.0,0.0,0.0,0.0,0.0
2023-10-30 09:00:00,0.2740901159274592,0.2827356389998924,0.35133368156039285,0.44670211382528374,0.0,0.0,0.4042890103504618,0.4028988686314508,0.2189856860975551,0.3410415319449265,0.3615207296586985,0.33999628894364525,0.2833156426236942,0.40537129318708254,0.045393656024478334,0.11653242254989876,0.0,0.21428920518057862,0.0,0.4018502824898282,0.404204563810174,0.2601637245630669,0.43847372459238554,0.25350363555513883,0.2721682640313318,0.0,0.2617641063430142,0.311992916666044
2023-10-30 10:00:00,0.4572044617481764,0.5248828284322644,0.5351728986592338,0.6225532455077732,0.012907775713691927,0.2723829701819155,0.6031392103681924,0.5818388383004396,0.5043503130610411,0.5210238161422591,0.5448792057060254,0.5087561567955932,0.531114875921385,0.5718039836246819,0.5436864312506847,0.5378250494696234,0.20901900055308084,0.36769348290834003,0.273696404910115,0.556583084041209,0.5689392658606348,0.4026414309257032,0.644056697851386,0.42417724054810474,0.45407624184957956,0.3242123155590499,0.4405042134854852,0.4647572670980814
2023-10-30 11:00:00,0.6485889331513616,0.6963409246418072,0.6492027820094449,0.7207718234605154,0.03868794174190301,0.3715951625901495,0.7093243234967158,0.6963623510568314,0.6456846381724342,0.633291222336353,0.6504900566285869,0.6859551109565184,0.6671876357404221,0.6995330976117421,0.6805331159824493,0.6747795033461098,0.33855749624343706,0.6127972397757881,0.4165372366477038,0.6993252876568923,0.6981173313468941,0.6337266181233295,0.7598680511168793,0.6221720204892943,0.6714032488776646,0.4132084534049819,0.5725378193043168,0.597429589791052
2023-10-30 12:00:00,0.7780608007879583,0.7602848973024027,0.741634566437982,0.7842287974476135,0.07428629458160764,0.4075688672059385,0.7461235147203196,0.7410771452687185,0.746527191536902,0.7477791055455874,0.7562294014217481,0.8273223775123609,0.7538437309518284,0.7110236889167236,0.7442597252232687,0.7389360662161233,0.408893457273795,0.7784257234236284,0.4906963547205785,0.7562251999905449,0.705690274232147,0.8073459177980841,0.7177739925493011,0.6468089673661009,0.6171615841933715,0.47814426651327147,0.5485894545658279,0.6382056664838613
2023-10-30 13:00:00,0.8001389798717413,0.7841792305703317,0.7650743346389512,0.7961811944760104,0.13165955612626204,0.42104067344519036,0.7646327840290313,0.7560301528860736,0.7706749448310534,0.7728325377919135,0.7800065328743204,0.8392334137532079,0.7774718782150596,0.7154674711376016,0.7683941976260671,0.763499689722961,0.48481915607580345,0.7963055468918322,0.5586364301902746,0.7770091590500412,0.7088007250193472,0.826433090965077,0.7175675219404203,0.6935156482735855,0.6181743554043613,0.5045996099847174,0.6182583512318961,0.674817887252924
2023-10-30 14:00:00,0.7970045475977209,0.7875579782659243,0.7645471759083277,0.7816246838814447,0.1451010194477618,0.4197442035820994,0.7562810010628063,0.7479571235675301,0.770534796963964,0.772143125245469,0.7784868867479984,0.8297836459476258,0.7776114299179319,0.6971346413935615,0.7673169022609705,0.7648733127716437,0.5139868176554732,0.7922427023144994,0.5805986053722288,0.7760871921977798,0.689115113772133,0.819671122479796,0.7416855179337942,0.7650332328000813,0.570534259355361,0.5078845394569088,0.6404667504285262,0.7633567782129691
2023-10-30 15:00:00,0.7731544608193011,0.7603259822577701,0.7437308870758376,0.7659413787677409,0.148074170519039,0.3886145801130784,0.7377861549021089,0.7387328259649548,0.7504779395812486,0.7447008093113132,0.7488279995439914,0.8044641564148978,0.756685749783278,0.7240504309907928,0.7456701078154738,0.7448564067314631,0.48661770238247865,0.7655216099604112,0.5710872271316315,0.742753371636237,0.7214329549048843,0.7915714249312485,0.7141825122102112,0.7494766819270736,0.5516583354079228,0.4778599532280507,0.6324430545135798,0.740513532945297
2023-10-30 16:00:00,0.7208812062509817,0.7042224151820647,0.6941957928225341,0.7117907667822846,0.15232764996895623,0.35621470906653635,0.6899880015342302,0.6858681869504353,0.7025205721763148,0.6921560537500857,0.6973637267571033,0.7466719789978524,0.707540698027735,0.6667624431821823,0.6967299350199615,0.6968749187722451,0.43082806917222094,0.7117918688088634,0.5328081292112828,0.6848637441985785,0.663762929604941,0.7348958791751937,0.6030240896535404,0.6884727972949495,0.4393428754188929,0.4423608487429323,0.49530042829555426,0.683285276835752
2023-10-30 17:00:00,0.61043116015547,0.5824557730357747,0.591330269452049,0.5892814904077308,0.10572978738540817,0.28625521809205545,0.5853622859027802,0.5786533999030435,0.6014404842315495,0.5802055350460316,0.5880873869800007,0.6243489665214967,0.6045271488510808,0.5637544394383089,0.5910718537864407,0.5948555316571087,0.33823343279206214,0.5957094252824062,0.4223987499696755,0.5686744960338364,0.5611074469250813,0.6157213719036072,0.4037162745015697,0.5510480538732679,0.32152229403610455,0.3646111513456975,0.3796275056004229,0.552978398959018
2023-10-30 18:00:00,0.4205485312635625,0.37517605494866746,0.4026213458513471,0.4342070812353494,0.03739257439336663,0.16270760337095713,0.397871560610417,0.392665215497132,0.41751025889775956,0.38940940349775655,0.3999040393466752,0.4416721100815252,0.4196218459087681,0.38034902370913265,0.411703784145204,0.41334539804288173,0.1873893093265451,0.4104116521444722,0.23540953328677472,0.3818579513468069,0.37819175160251683,0.42003027485807065,0.0,0.13013098397938322,0.0,0.2446526599705392,0.026504297379119936,0.16156850989237936
2023-10-30 19:00:00,0.0,0.0,0.0,0.0,0.0,0.0,0.0,0.0,0.0,0.0,0.0,0.0,0.0,0.0,0.0,0.0,0.0,0.0,0.0,0.0,0.0,0.0,0.0,0.0,0.0,0.0,0.0,0.0
2023-10-30 20:00:00,0.0,0.0,0.0,0.0,0.0,0.0,0.0,0.0,0.0,0.0,0.0,0.0,0.0,0.0,0.0,0.0,0.0,0.0,0.0,0.0,0.0,0.0,0.0,0.0,0.0,0.0,0.0,0.0
2023-10-30 21:00:00,0.0,0.0,0.0,0.0,0.0,0.0,0.0,0.0,0.0,0.0,0.0,0.0,0.0,0.0,0.0,0.0,0.0,0.0,0.0,0.0,0.0,0.0,0.0,0.0,0.0,0.0,0.0,0.0
2023-10-30 22:00:00,0.0,0.0,0.0,0.0,0.0,0.0,0.0,0.0,0.0,0.0,0.0,0.0,0.0,0.0,0.0,0.0,0.0,0.0,0.0,0.0,0.0,0.0,0.0,0.0,0.0,0.0,0.0,0.0
2023-10-30 23:00:00,0.0,0.0,0.0,0.0,0.0,0.0,0.0,0.0,0.0,0.0,0.0,0.0,0.0,0.0,0.0,0.0,0.0,0.0,0.0,0.0,0.0,0.0,0.0,0.0,0.0,0.0,0.0,0.0
2023-10-31 00:00:00,0.0,0.0,0.0,0.0,0.0,0.0,0.0,0.0,0.0,0.0,0.0,0.0,0.0,0.0,0.0,0.0,0.0,0.0,0.0,0.0,0.0,0.0,0.0,0.0,0.0,0.0,0.0,0.0
2023-10-31 01:00:00,0.0,0.0,0.0,0.0,0.0,0.0,0.0,0.0,0.0,0.0,0.0,0.0,0.0,0.0,0.0,0.0,0.0,0.0,0.0,0.0,0.0,0.0,0.0,0.0,0.0,0.0,0.0,0.0
2023-10-31 02:00:00,0.0,0.0,0.0,0.0,0.0,0.0,0.0,0.0,0.0,0.0,0.0,0.0,0.0,0.0,0.0,0.0,0.0,0.0,0.0,0.0,0.0,0.0,0.0,0.0,0.0,0.0,0.0,0.0
2023-10-31 03:00:00,0.0,0.0,0.0,0.0,0.0,0.0,0.0,0.0,0.0,0.0,0.0,0.0,0.0,0.0,0.0,0.0,0.0,0.0,0.0,0.0,0.0,0.0,0.0,0.0,0.0,0.0,0.0,0.0
2023-10-31 04:00:00,0.0,0.0,0.0,0.0,0.0,0.0,0.0,0.0,0.0,0.0,0.0,0.0,0.0,0.0,0.0,0.0,0.0,0.0,0.0,0.0,0.0,0.0,0.0,0.0,0.0,0.0,0.0,0.0
2023-10-31 05:00:00,0.0,0.0,0.0,0.0,0.0,0.0,0.0,0.0,0.0,0.0,0.0,0.0,0.0,0.0,0.0,0.0,0.0,0.0,0.0,0.0,0.0,0.0,0.0,0.0,0.0,0.0,0.0,0.0
2023-10-31 06:00:00,0.0,0.0,0.0,0.0,0.0,0.0,0.0,0.0,0.0,0.0,0.0,0.0,0.0,0.0,0.0,0.0,0.0,0.0,0.0,0.0,0.0,0.0,0.0,0.0,0.0,0.0,0.0,0.0
2023-10-31 07:00:00,0.0,0.0,0.0,0.0,0.0,0.0,0.0,0.0,0.0,0.0,0.0,0.0,0.0,0.0,0.0,0.0,0.0,0.0,0.0,0.0,0.0,0.0,0.0,0.0,0.0,0.0,0.0,0.0
2023-10-31 08:00:00,0.0,0.0,0.0,0.0,0.0,0.0,0.0,0.0,0.0,0.0,0.0,0.0,0.0,0.0,0.0,0.0,0.0,0.0,0.0,0.0,0.0,0.0,0.0,0.0,0.0,0.0,0.0,0.0
2023-10-31 09:00:00,0.07140824382237801,0.22457752045505672,0.08340399224593474,0.19928823185868588,0.0,0.0,0.0842266511705204,0.0823929692194731,0.12672226775360984,0.03596667612310234,0.05632994546122968,0.16356151027295684,0.1857337478578945,0.09765650661938509,0.0,0.04425687399612556,0.0,0.024975789301511953,0.0,0.07707333788103896,0.09705902612110333,0.05965389815487448,0.4258378355816889,0.17989701764348826,0.29126444723601835,0.0,0.2461103199131952,0.20870979025160985
2023-10-31 10:00:00,0.2781309529579475,0.4609099659671055,0.2766910835399734,0.25892375794388767,0.006938558211069944,0.048104381035745734,0.2343228291624537,0.1858328461075338,0.33060785941118304,0.1120514382306615,0.1456035944494912,0.2673531727572505,0.35899571318950835,0.21177137054863068,0.37122679280265264,0.3812839195202614,0.03467474875712228,0.1453340694402093,0.017197931328647765,0.179667284771322,0.21243379450047037,0.19254637578711173,0.46526585306354873,0.32039953350237815,0.3806238257328349,0.056838670939828397,0.42425658812503325,0.33197192533513503
2023-10-31 11:00:00,0.4678216353861743,0.6197617064638953,0.4696381805724039,0.3519604638562605,0.0516818791579573,0.10417742457231745,0.4571263896770071,0.437266593225599,0.4394736765917363,0.4064707194394202,0.4225070225424338,0.39282247394479025,0.4571334669647785,0.42981133405630617,0.4395302463247495,0.462406098445166,0.12970812040692423,0.33367948963281197,0.07463383122151508,0.38389915272399716,0.42923438488371546,0.41276280540633475,0.5170033594480138,0.49471185903220694,0.5164829945960161,0.1279895439540872,0.5661723929421464,0.4707346620187332
2023-10-31 12:00:00,0.6062482387817032,0.6648590729498671,0.6365678060475791,0.4694231720372443,0.11183737554768507,0.16097682218405668,0.47832399811052534,0.49023088702227596,0.5418536340603336,0.559070438726293,0.5407615554255496,0.4656153562057954,0.5468847811121688,0.45050296828284675,0.5446797553933198,0.5167329117702346,0.25829716196475583,0.5475334747092863,0.14188429050985857,0.526562797798545,0.4510509392602737,0.5498407685161819,0.5986714580451251,0.5578132988205181,0.7158902048022173,0.18772147319749957,0.7220292702206565,0.46814642232028864
2023-10-31 13:00:00,0.7070873601317458,0.6951464454517203,0.6808655748948242,0.5586441003810235,0.1372471016446087,0.2018997594547571,0.46864770834222713,0.5027079717608943,0.6713834113494421,0.6444111770896448,0.5915936518206026,0.6141788033677446,0.6965944488630421,0.4429456242817944,0.5860647798998195,0.6080588607881529,0.3252655317999675,0.7104608594988021,0.22326108786609142,0.5946640631143087,0.4449024552843799,0.6967939521706087,0.6446280086999686,0.5907979193458521,0.7679054250157429,0.24344502275319393,0.7338341134411983,0.5052118452742952
2023-10-31 14:00:00,0.7466912801851117,0.6919540923121714,0.6970940870763911,0.598513267036619,0.16814078265116547,0.2075180850712856,0.4770543775193868,0.48398882804574983,0.6539086499383676,0.6466336044546872,0.5898472725184994,0.685592917535118,0.6482690301198043,0.41139780705366813,0.5865559029202714,0.5471621317622118,0.3681954798595715,0.7531557687950587,0.27643229884932324,0.5766518664563514,0.4136541488574566,0.7327222156896517,0.6670832897326541,0.6059668913801067,0.750027807543162,0.25971663471780704,0.6864598505154531,0.526124095541153
2023-10-31 15:00:00,0.7186100157016166,0.6316273107631749,0.6970608194030733,0.5784749263499428,0.18051296376842035,0.22398056077204667,0.5131507568933285,0.4605070529004544,0.619304094221356,0.6554099551006474,0.6034167407212572,0.6986776776878073,0.5984792311860592,0.34203458835039546,0.5139139090285896,0.48110737841259554,0.3962793759574332,0.7232539207091099,0.3660426422744142,0.4676811416294552,0.3371037667614312,0.7351633194262047,0.6443172758765483,0.6099468279773558,0.6690967752670518,0.23653025285444054,0.6144781284934655,0.5408708154951544
2023-10-31 16:00:00,0.6476856941863611,0.5071897356926598,0.6530497736828316,0.5261672758221209,0.15930393574131477,0.19623809006747076,0.5263451438670177,0.46466721002902656,0.5453589419459033,0.6291851730913876,0.5854486996603605,0.6386559863825675,0.487584945871336,0.34845318170997647,0.4244249998035064,0.3705047270078474,0.3291596705777771,0.6592631406571519,0.35214950294334363,0.4928157848401922,0.341158189261156,0.6612666447966203,0.5243407270915984,0.5614733329358248,0.5574959864886001,0.19832023624166858,0.4969286699945337,0.48676304549435107
2023-10-31 17:00:00,0.5340608999378725,0.31642916106949753,0.562928041683725,0.40049054566165077,0.09668587513121243,0.16880244222833046,0.5376485673875432,0.4924460347185924,0.37381332210821855,0.5362669586558755,0.5434613770106265,0.5148469723039111,0.2811618231199512,0.4223459026006176,0.23044208646321115,0.19092133356251437,0.2580185401162763,0.5568005855593993,0.3278160440454558,0.49809615837229293,0.41262798939528555,0.5471351013655242,0.33478722254911775,0.40881474287128716,0.4150323451597668,0.14814357920168297,0.30810569274052335,0.34126992971116177
2023-10-31 18:00:00,0.3448903344473383,0.11305545550585772,0.3764575169045401,0.32365864547671797,0.07633249193987429,0.1133603102762133,0.3662071905095187,0.3583791783520492,0.22216581443172942,0.36519035457856,0.36922618014762015,0.391718391733401,0.1825795400846275,0.3411292565987474,0.15815011685694483,0.1647412568898137,0.135582674947036,0.35976960786765844,0.19280293523399084,0.3622778731943438,0.33839317451200784,0.3768487615167108,0.0,0.06326254483506753,0.0,0.11280047564771861,0.0,0.05297118813557149
2023-10-31 19:00:00,0.0,0.0,0.0,0.0,0.0,0.0,0.0,0.0,0.0,0.0,0.0,0.0,0.0,0.0,0.0,0.0,0.0,0.0,0.0,0.0,0.0,0.0,0.0,0.0,0.0,0.0,0.0,0.0
2023-10-31 20:00:00,0.0,0.0,0.0,0.0,0.0,0.0,0.0,0.0,0.0,0.0,0.0,0.0,0.0,0.0,0.0,0.0,0.0,0.0,0.0,0.0,0.0,0.0,0.0,0.0,0.0,0.0,0.0,0.0
2023-10-31 21:00:00,0.0,0.0,0.0,0.0,0.0,0.0,0.0,0.0,0.0,0.0,0.0,0.0,0.0,0.0,0.0,0.0,0.0,0.0,0.0,0.0,0.0,0.0,0.0,0.0,0.0,0.0,0.0,0.0
2023-10-31 22:00:00,0.0,0.0,0.0,0.0,0.0,0.0,0.0,0.0,0.0,0.0,0.0,0.0,0.0,0.0,0.0,0.0,0.0,0.0,0.0,0.0,0.0,0.0,0.0,0.0,0.0,0.0,0.0,0.0
2023-10-31 23:00:00,0.0,0.0,0.0,0.0,0.0,0.0,0.0,0.0,0.0,0.0,0.0,0.0,0.0,0.0,0.0,0.0,0.0,0.0,0.0,0.0,0.0,0.0,0.0,0.0,0.0,0.0,0.0,0.0
2023-11-01 00:00:00,0.0,0.0,0.0,0.0,0.0,0.0,0.0,0.0,0.0,0.0,0.0,0.0,0.0,0.0,0.0,0.0,0.0,0.0,0.0,0.0,0.0,0.0,0.0,0.0,0.0,0.0,0.0,0.0
2023-11-01 01:00:00,0.0,0.0,0.0,0.0,0.0,0.0,0.0,0.0,0.0,0.0,0.0,0.0,0.0,0.0,0.0,0.0,0.0,0.0,0.0,0.0,0.0,0.0,0.0,0.0,0.0,0.0,0.0,0.0
2023-11-01 02:00:00,0.0,0.0,0.0,0.0,0.0,0.0,0.0,0.0,0.0,0.0,0.0,0.0,0.0,0.0,0.0,0.0,0.0,0.0,0.0,0.0,0.0,0.0,0.0,0.0,0.0,0.0,0.0,0.0
2023-11-01 03:00:00,0.0,0.0,0.0,0.0,0.0,0.0,0.0,0.0,0.0,0.0,0.0,0.0,0.0,0.0,0.0,0.0,0.0,0.0,0.0,0.0,0.0,0.0,0.0,0.0,0.0,0.0,0.0,0.0
2023-11-01 04:00:00,0.0,0.0,0.0,0.0,0.0,0.0,0.0,0.0,0.0,0.0,0.0,0.0,0.0,0.0,0.0,0.0,0.0,0.0,0.0,0.0,0.0,0.0,0.0,0.0,0.0,0.0,0.0,0.0
2023-11-01 05:00:00,0.0,0.0,0.0,0.0,0.0,0.0,0.0,0.0,0.0,0.0,0.0,0.0,0.0,0.0,0.0,0.0,0.0,0.0,0.0,0.0,0.0,0.0,0.0,0.0,0.0,0.0,0.0,0.0
2023-11-01 06:00:00,0.0,0.0,0.0,0.0,0.0,0.0,0.0,0.0,0.0,0.0,0.0,0.0,0.0,0.0,0.0,0.0,0.0,0.0,0.0,0.0,0.0,0.0,0.0,0.0,0.0,0.0,0.0,0.0
2023-11-01 07:00:00,0.0,0.0,0.0,0.0,0.0,0.0,0.0,0.0,0.0,0.0,0.0,0.0,0.0,0.0,0.0,0.0,0.0,0.0,0.0,0.0,0.0,0.0,0.0,0.0,0.0,0.0,0.0,0.0
2023-11-01 08:00:00,0.0,0.0,0.0,0.0,0.0,0.0,0.0,0.0,0.0,0.0,0.0,0.0,0.0,0.0,0.0,0.0,0.0,0.0,0.0,0.0,0.0,0.0,0.0,0.0,0.0,0.0,0.0,0.0
2023-11-01 09:00:00,0.0983013183024388,0.13597412257311342,0.0455869663473,0.24109231388341898,0.0,0.0,0.08962286529499817,0.11504290363444254,0.04138122810893936,0.11888067528412753,0.10794533837728035,0.1772639510326581,0.020071761879893252,0.11249538022065675,0.0,0.0,0.0,0.1543799622890947,0.0,0.1467629901907568,0.11255811120531081,0.14312331168131712,0.45211695576835803,0.24426451574198849,0.4232938656119965,0.0,0.19166593081673217,0.22816293333968993
2023-11-01 10:00:00,0.25400050337128455,0.27388252144381214,0.11014543961286628,0.4681763889453025,0.04829265950557628,0.18321104201046248,0.22121559481421246,0.285824209351753,0.23213819013059356,0.2860087227109237,0.2564490154552095,0.42158015704602236,0.2364554886355286,0.28663579241750864,0.11133538229906748,0.1751165694847852,0.090802604025776,0.36339375627380127,0.025541179030893726,0.3820852362996044,0.2873629511573642,0.35101952035804745,0.6712199461815023,0.41050596604028083,0.6002069029129337,0.09583599102908757,0.30897049047393044,0.3551587699726742
2023-11-01 11:00:00,0.3425049937988602,0.38257558368988703,0.20766431398988364,0.6099207354512047,0.14949329219683005,0.2895359488828823,0.2479092844683917,0.2959877482570514,0.2711603435192677,0.2484651513369945,0.2351838790633436,0.5646697338034764,0.2524934449629309,0.3482829221936546,0.16957006807776395,0.2528710360410529,0.0843268294415434,0.40159666216599915,0.04669207321920534,0.4614243101869795,0.35649652755948985,0.3631092696750615,0.8005167486514314,0.5340050164366992,0.7491464566167602,0.1795890494269166,0.4581503211109401,0.46838034335613077
2023-11-01 12:00:00,0.3769685219725707,0.40800303787511427,0.1704163230822512,0.32069376243230097,0.21249790558516968,0.2315720111326242,0.1070454022647076,0.12496495766378683,0.3961907265718545,0.19459190214937427,0.15606159790919083,0.4868015960590073,0.41814003615129425,0.14772141984624976,0.30869219471956955,0.4562289232695382,0.07965774754032161,0.515840042571736,0.020798313391240355,0.17042069683385813,0.15501608980582166,0.45294968983140055,0.7767637588346932,0.5393866062002414,0.7531771393728918,0.18917399127371193,0.6235023251625129,0.4781021350422892
2023-11-01 13:00:00,0.40880430947270713,0.4108518257426831,0.24953186511517067,0.31517670170876405,0.24143774359620004,0.289750496558969,0.17485089062810846,0.18961926637923668,0.4097179404323742,0.2513595064907151,0.21128759287798132,0.518455284086081,0.46160505437124055,0.20311290380950664,0.2924985030517907,0.43207379842540544,0.07892300558644168,0.4737527320591965,0.05334553411233503,0.2350972085750647,0.2114797208857084,0.4786884709043271,0.8011757164303168,0.5259861781362609,0.7602737015334888,0.19188632352681204,0.6357071511349155,0.4599816053203773
2023-11-01 14:00:00,0.36729488280646116,0.4455289940081554,0.21989009738818424,0.40411962331878803,0.26606038181960945,0.33284393181756544,0.1914255418863595,0.22583003438365976,0.3526946994120187,0.22899100088468094,0.21478089577478793,0.5402015187566932,0.38966757788603273,0.25213294398605085,0.22887596267862262,0.339620048523106,0.10270752741306502,0.4141430810479619,0.08448978236084914,0.2925631142540328,0.2575101162725029,0.4248164303817436,0.8071647671369536,0.5167609418587377,0.7722292341648963,0.23987736788056768,0.6372418087380411,0.4634478305194458
2023-11-01 15:00:00,0.32934853601021596,0.4407369005626667,0.19091003834775935,0.377019379613777,0.2787325711883999,0.38337104791154486,0.2146981776105403,0.28959117295939,0.28231224251937076,0.3175305334696525,0.2885335959339133,0.4776011746400899,0.3290390633882566,0.29372681887408075,0.2969622828995709,0.3301236898599795,0.17989854081025916,0.3858219401292353,0.1939222663785971,0.33032121628092415,0.29415227658522053,0.4251182201591905,0.7687913907253356,0.48726760790933704,0.7163620888572898,0.3247799179572462,0.5090935917623425,0.4708280066240443
2023-11-01 16:00:00,0.19316247005779102,0.3738225383293643,0.05492670076837345,0.2362182639636874,0.2739651413801824,0.3755725881696909,0.07746596930826039,0.1193420094709634,0.17638135736354454,0.1430789769916963,0.11123379166197944,0.2973320485117629,0.21017557689384536,0.13000345517696163,0.3056551702358006,0.22007320436216818,0.14420571202185967,0.24247677717054109,0.1864228298978346,0.21674757454183877,0.13281872563904407,0.2520364439873075,0.6166152166026156,0.4292611195363891,0.5565780436429626,0.40832748594141727,0.40317728502450756,0.43605576801916773
2023-11-01 17:00:00,0.07818802832207954,0.19948890692541052,0.012856017453829284,0.11053418164921334,0.2489899557843193,0.27386390323364984,0.01775157378746966,0.025926744446111344,0.08303662586996773,0.03353616839064558,0.022325648769792587,0.14875910873983073,0.09333166443673269,0.030703859869477188,0.12924036811474907,0.08664816861392895,0.07568808547365027,0.1072293875493191,0.11433610683540468,0.0681920718125684,0.031873530978961645,0.10774518169503744,0.3172506291962227,0.21617739450376422,0.2822194066387484,0.3285307299593254,0.2293812077167068,0.20107709761885795
2023-11-01 18:00:00,0.02126911266556906,0.03298917735319365,3.5809372843005248e-06,0.029442007376501378,0.16553226343378546,0.1652117496587613,2.139157947459088e-05,0.0,0.008100715714283507,0.00016983549459063073,8.706678724642526e-05,0.04616505587064934,0.009596043246113267,0.0,0.03270573627551353,0.007977824303444415,0.05936994171860876,0.025080536454765684,0.09341067381063434,5.139470756673249e-05,0.0,0.03222874238396633,0.0,0.0052032303946214125,0.0,0.2139026574379418,0.0,0.005038878352500659
2023-11-01 19:00:00,0.0,0.0,0.0,0.0,0.0,0.0,0.0,0.0,0.0,0.0,0.0,0.0,0.0,0.0,0.0,0.0,0.0,0.0,0.0,0.0,0.0,0.0,0.0,0.0,0.0,0.0,0.0,0.0
2023-11-01 20:00:00,0.0,0.0,0.0,0.0,0.0,0.0,0.0,0.0,0.0,0.0,0.0,0.0,0.0,0.0,0.0,0.0,0.0,0.0,0.0,0.0,0.0,0.0,0.0,0.0,0.0,0.0,0.0,0.0
2023-11-01 21:00:00,0.0,0.0,0.0,0.0,0.0,0.0,0.0,0.0,0.0,0.0,0.0,0.0,0.0,0.0,0.0,0.0,0.0,0.0,0.0,0.0,0.0,0.0,0.0,0.0,0.0,0.0,0.0,0.0
2023-11-01 22:00:00,0.0,0.0,0.0,0.0,0.0,0.0,0.0,0.0,0.0,0.0,0.0,0.0,0.0,0.0,0.0,0.0,0.0,0.0,0.0,0.0,0.0,0.0,0.0,0.0,0.0,0.0,0.0,0.0
2023-11-01 23:00:00,0.0,0.0,0.0,0.0,0.0,0.0,0.0,0.0,0.0,0.0,0.0,0.0,0.0,0.0,0.0,0.0,0.0,0.0,0.0,0.0,0.0,0.0,0.0,0.0,0.0,0.0,0.0,0.0
2023-11-02 00:00:00,0.0,0.0,0.0,0.0,0.0,0.0,0.0,0.0,0.0,0.0,0.0,0.0,0.0,0.0,0.0,0.0,0.0,0.0,0.0,0.0,0.0,0.0,0.0,0.0,0.0,0.0,0.0,0.0
2023-11-02 01:00:00,0.0,0.0,0.0,0.0,0.0,0.0,0.0,0.0,0.0,0.0,0.0,0.0,0.0,0.0,0.0,0.0,0.0,0.0,0.0,0.0,0.0,0.0,0.0,0.0,0.0,0.0,0.0,0.0
2023-11-02 02:00:00,0.0,0.0,0.0,0.0,0.0,0.0,0.0,0.0,0.0,0.0,0.0,0.0,0.0,0.0,0.0,0.0,0.0,0.0,0.0,0.0,0.0,0.0,0.0,0.0,0.0,0.0,0.0,0.0
2023-11-02 03:00:00,0.0,0.0,0.0,0.0,0.0,0.0,0.0,0.0,0.0,0.0,0.0,0.0,0.0,0.0,0.0,0.0,0.0,0.0,0.0,0.0,0.0,0.0,0.0,0.0,0.0,0.0,0.0,0.0
2023-11-02 04:00:00,0.0,0.0,0.0,0.0,0.0,0.0,0.0,0.0,0.0,0.0,0.0,0.0,0.0,0.0,0.0,0.0,0.0,0.0,0.0,0.0,0.0,0.0,0.0,0.0,0.0,0.0,0.0,0.0
2023-11-02 05:00:00,0.0,0.0,0.0,0.0,0.0,0.0,0.0,0.0,0.0,0.0,0.0,0.0,0.0,0.0,0.0,0.0,0.0,0.0,0.0,0.0,0.0,0.0,0.0,0.0,0.0,0.0,0.0,0.0
2023-11-02 06:00:00,0.0,0.0,0.0,0.0,0.0,0.0,0.0,0.0,0.0,0.0,0.0,0.0,0.0,0.0,0.0,0.0,0.0,0.0,0.0,0.0,0.0,0.0,0.0,0.0,0.0,0.0,0.0,0.0
2023-11-02 07:00:00,0.0,0.0,0.0,0.0,0.0,0.0,0.0,0.0,0.0,0.0,0.0,0.0,0.0,0.0,0.0,0.0,0.0,0.0,0.0,0.0,0.0,0.0,0.0,0.0,0.0,0.0,0.0,0.0
2023-11-02 08:00:00,0.0,0.0,0.0,0.0,0.0,0.0,0.0,0.0,0.0,0.0,0.0,0.0,0.0,0.0,0.0,0.0,0.0,0.0,0.0,0.0,0.0,0.0,0.0,0.0,0.0,0.0,0.0,0.0
2023-11-02 09:00:00,0.0017823808258826859,0.016212356880025494,0.000845122408070444,0.0,0.0,0.0,0.009385579912428775,0.0023367227077245234,0.0,0.0,0.0,0.005028289035159056,0.0,0.005991820255094244,0.0,0.0,0.0,0.0,0.0,0.0,0.006670898582723482,0.0003126904163454922,0.004281037152528523,0.003894126146534842,0.004515364670291749,0.0,0.0047082385377440914,0.00843137355295051
2023-11-02 10:00:00,0.024196570386664527,0.04015845706619913,0.015525849118043826,0.002013008049556168,0.024865046039704013,0.11978335375868662,0.03452731591770576,0.025036079972351938,0.015446612788822853,0.057910653290617065,0.02871110653641951,0.02073272984037196,0.015498564801107484,0.018997370698187556,0.0011511972845747172,0.003503231152257808,0.010432692009015414,0.006123362707359573,0.006188814389204341,0.026545019687704702,0.02053760700662777,0.038571558333794005,0.02266485316273502,0.03477337512580605,0.023857524249043128,0.0907225201272387,0.03251411673859005,0.04254061361755569
2023-11-02 11:00:00,0.045403757411960004,0.0786725953474385,0.03343537019809792,0.020137685214934777,0.13753539048820487,0.19426381122255934,0.043307808709595226,0.039564552012181675,0.04140214127013464,0.0145867662261929,0.014053066504256506,0.052588401899927716,0.04301141794540495,0.0721912183985862,0.011855008490747294,0.018082900773424004,0.03161200664368062,0.012284918648318101,0.0234767591248899,0.025926540105115425,0.0772864682381477,0.030837827656805265,0.04821859866539533,0.034374388938374835,0.044777457371398634,0.1542201160273763,0.0424118121412163,0.051448666315642315
2023-11-02 12:00:00,0.11360504463618777,0.11076104502688003,0.10316455658612671,0.01851899031574237,0.232902580663404,0.30236850648248725,0.07619042979677279,0.07231544117116162,0.05660623239608598,0.08060052258820365,0.05077725963871997,0.0640069646865465,0.05079432800962414,0.0977070203542682,0.02118786163404819,0.021248691001625672,0.10697369798881753,0.02476061317043769,0.08624565085129691,0.04899662564412839,0.1036600249795778,0.07485686642857568,0.06196216701034318,0.06478766854430994,0.08942490916959737,0.203585228756571,0.09182380868497438,0.08301894547479899
2023-11-02 13:00:00,0.10587914666500127,0.15107613468232123,0.16809368876318223,0.03095257013348314,0.300620301742592,0.342474772720695,0.17130686337028297,0.1449710421393057,0.06237046852615564,0.10312105338879393,0.11050957248633257,0.0796275304047219,0.06907757737747176,0.18271125675383207,0.026834652297422084,0.038034739932942756,0.10319194850431504,0.036387063075429944,0.08394774003915671,0.10534261937967951,0.1905632261864841,0.09026613516545828,0.09678309365058045,0.09211809932504829,0.11479667654470495,0.2461071593778136,0.14714009180695087,0.09420638813316898
2023-11-02 14:00:00,0.16072695227560413,0.1724719414680786,0.26466571840374553,0.0705080919678014,0.39006586698755824,0.34236668556828254,0.1907702825383822,0.2600482298882167,0.08628818032202612,0.1957998214219176,0.2008722353301196,0.08426072527754024,0.042200284486592216,0.34422191816648123,0.028038767463649368,0.020270223795659965,0.08570364484154744,0.062157920138570466,0.06681487137212945,0.2745330895547067,0.3582489604310483,0.13650673021310789,0.11806046536350118,0.09605351000432631,0.17290587003467772,0.2551777609750704,0.13183250648619355,0.12644342463441297
2023-11-02 15:00:00,0.1318435299013397,0.1563109916800134,0.1863663983416082,0.062453336139575225,0.4089381589698395,0.30443909841443045,0.13412278163756206,0.2798761720627343,0.02960478495047091,0.23491109367462076,0.19838090553624554,0.09437686094552009,0.027697581163102735,0.3783962275235532,0.01596224524114423,0.0139509074115549,0.07030947420744127,0.05505278743349117,0.05603807239269903,0.32796669527766026,0.39523899856977907,0.15885853741581613,0.09427551433744569,0.08607075305458128,0.09790426493141248,0.26083084909398346,0.12355331495552069,0.10505823537327452
2023-11-02 16:00:00,0.12694646572737472,0.15574205513126324,0.2351620873008362,0.05798421569924876,0.39093627571840683,0.2226248907122621,0.1236375997786679,0.23632230558450143,0.01746574119083859,0.20494840834515723,0.1995580869051053,0.07137778996797868,0.01459975491064774,0.32639784764344015,0.009331180897855106,0.008730457910020207,0.0414308758337794,0.0546305884578596,0.03726045790652963,0.2793564258671216,0.3388008193604455,0.1395097124881496,0.04311661042187818,0.08066930774433644,0.10959995624728261,0.21684617281022955,0.08726671308477663,0.10000578017042826
2023-11-02 17:00:00,0.06681642829928124,0.11173777055768977,0.1952924384546569,0.04054824721896278,0.2878219511691395,0.14097311775402524,0.12829664383250758,0.18332573998859136,0.004220831138602179,0.18030151008251835,0.172491622481524,0.04236015482740922,0.0040734860533897825,0.2419079645083112,0.006978818571107512,0.003958360934565323,0.019850885236769766,0.048499300031968035,0.01535151851851926,0.21142420453455008,0.2561670966001593,0.10748910884656482,0.029011701077502516,0.0499944675058246,0.06677787113271903,0.1589211683759186,0.04192615514150037,0.07210331894584246
2023-11-02 18:00:00,0.06086903489930974,0.04919882557654496,0.06224395134788832,0.01860284157062803,0.11068381580233991,0.04511670984155288,0.025777652468320294,0.11725499925498079,0.0022679389871714454,0.18586362693498198,0.14087361396032122,0.01954961140082767,0.0016784147883958699,0.12991318510101002,0.0014769730253173365,0.00030620310013295267,0.0014835406823410365,0.07323460757843955,0.002034545954274183,0.1517718126683131,0.13710389054277689,0.11117515663732853,0.0,0.0,0.0,0.06937550443751807,0.0,0.0
2023-11-02 19:00:00,0.0,0.0,0.0,0.0,0.0,0.0,0.0,0.0,0.0,0.0,0.0,0.0,0.0,0.0,0.0,0.0,0.0,0.0,0.0,0.0,0.0,0.0,0.0,0.0,0.0,0.0,0.0,0.0
2023-11-02 20:00:00,0.0,0.0,0.0,0.0,0.0,0.0,0.0,0.0,0.0,0.0,0.0,0.0,0.0,0.0,0.0,0.0,0.0,0.0,0.0,0.0,0.0,0.0,0.0,0.0,0.0,0.0,0.0,0.0
2023-11-02 21:00:00,0.0,0.0,0.0,0.0,0.0,0.0,0.0,0.0,0.0,0.0,0.0,0.0,0.0,0.0,0.0,0.0,0.0,0.0,0.0,0.0,0.0,0.0,0.0,0.0,0.0,0.0,0.0,0.0
2023-11-02 22:00:00,0.0,0.0,0.0,0.0,0.0,0.0,0.0,0.0,0.0,0.0,0.0,0.0,0.0,0.0,0.0,0.0,0.0,0.0,0.0,0.0,0.0,0.0,0.0,0.0,0.0,0.0,0.0,0.0
2023-11-02 23:00:00,0.0,0.0,0.0,0.0,0.0,0.0,0.0,0.0,0.0,0.0,0.0,0.0,0.0,0.0,0.0,0.0,0.0,0.0,0.0,0.0,0.0,0.0,0.0,0.0,0.0,0.0,0.0,0.0
2023-11-03 00:00:00,0.0,0.0,0.0,0.0,0.0,0.0,0.0,0.0,0.0,0.0,0.0,0.0,0.0,0.0,0.0,0.0,0.0,0.0,0.0,0.0,0.0,0.0,0.0,0.0,0.0,0.0,0.0,0.0
2023-11-03 01:00:00,0.0,0.0,0.0,0.0,0.0,0.0,0.0,0.0,0.0,0.0,0.0,0.0,0.0,0.0,0.0,0.0,0.0,0.0,0.0,0.0,0.0,0.0,0.0,0.0,0.0,0.0,0.0,0.0
2023-11-03 02:00:00,0.0,0.0,0.0,0.0,0.0,0.0,0.0,0.0,0.0,0.0,0.0,0.0,0.0,0.0,0.0,0.0,0.0,0.0,0.0,0.0,0.0,0.0,0.0,0.0,0.0,0.0,0.0,0.0
2023-11-03 03:00:00,0.0,0.0,0.0,0.0,0.0,0.0,0.0,0.0,0.0,0.0,0.0,0.0,0.0,0.0,0.0,0.0,0.0,0.0,0.0,0.0,0.0,0.0,0.0,0.0,0.0,0.0,0.0,0.0
2023-11-03 04:00:00,0.0,0.0,0.0,0.0,0.0,0.0,0.0,0.0,0.0,0.0,0.0,0.0,0.0,0.0,0.0,0.0,0.0,0.0,0.0,0.0,0.0,0.0,0.0,0.0,0.0,0.0,0.0,0.0
2023-11-03 05:00:00,0.0,0.0,0.0,0.0,0.0,0.0,0.0,0.0,0.0,0.0,0.0,0.0,0.0,0.0,0.0,0.0,0.0,0.0,0.0,0.0,0.0,0.0,0.0,0.0,0.0,0.0,0.0,0.0
2023-11-03 06:00:00,0.0,0.0,0.0,0.0,0.0,0.0,0.0,0.0,0.0,0.0,0.0,0.0,0.0,0.0,0.0,0.0,0.0,0.0,0.0,0.0,0.0,0.0,0.0,0.0,0.0,0.0,0.0,0.0
2023-11-03 07:00:00,0.0,0.0,0.0,0.0,0.0,0.0,0.0,0.0,0.0,0.0,0.0,0.0,0.0,0.0,0.0,0.0,0.0,0.0,0.0,0.0,0.0,0.0,0.0,0.0,0.0,0.0,0.0,0.0
2023-11-03 08:00:00,0.0,0.0,0.0,0.0,0.0,0.0,0.0,0.0,0.0,0.0,0.0,0.0,0.0,0.0,0.0,0.0,0.0,0.0,0.0,0.0,0.0,0.0,0.0,0.0,0.0,0.0,0.0,0.0
2023-11-03 09:00:00,0.03901521323482695,0.12668441397524643,0.03511332254034457,0.019038007277289607,0.0,0.0,0.03957374511360395,0.10309781937066587,0.003166989588499471,0.1191703908931745,0.07994738334237776,0.02025005211058556,0.0,0.1255898041949182,0.0,0.0,0.0,0.06522138648232043,0.0,0.14276060647954977,0.1314439937503517,0.06837685088876644,0.1185372896772211,0.03360610796531626,0.06402291653131846,0.0,0.06685852812486943,0.06374442153198742
2023-11-03 10:00:00,0.06996703047950006,0.27356300637531966,0.13357971122079526,0.021359941944393286,0.023062688003274077,0.013230599780880231,0.13731112977085536,0.10747665243991043,0.05130457471953681,0.09104055291977625,0.07868544674437,0.042601552333231305,0.04057975902645346,0.1317095126466265,0.023701368923480265,0.010973125933731745,0.00982016603724453,0.035905270775637245,0.011445143622865573,0.10596732463126901,0.1339010401245852,0.0598189890709441,0.1589943993301934,0.08172241185357737,0.15750449001008462,0.02694214928288187,0.11015752974807055,0.11146655450799345
2023-11-03 11:00:00,0.13548126803675542,0.39055610138822244,0.12366789838863018,0.08135681601909565,0.07535046575226671,0.02304182289752342,0.26438508332639404,0.22036008112301622,0.09935535893967913,0.19310508140839544,0.20627997249365626,0.15074915820737822,0.10692573776466222,0.2225888193067994,0.04532936173399848,0.03577541177446396,0.028058715916618213,0.10381620079016059,0.02072257856527379,0.14344345201539857,0.21927591042175315,0.16700891227733783,0.22781185236172907,0.11391437600663393,0.23286013529397706,0.048584412070739894,0.17293297785864162,0.12213518535386773
2023-11-03 12:00:00,0.1499279705231047,0.4465658961032067,0.18986716780384402,0.2043848329302946,0.12754806294151547,0.02824250845309776,0.2756011632461928,0.26550485752025266,0.13041139524536827,0.18121206781391969,0.20556228988542674,0.2817106171641031,0.14964060805348103,0.3198503818943189,0.07874640526594798,0.0852558681027028,0.03590266008700312,0.11913244232552204,0.018993062168418857,0.20679717325160601,0.32577846616392947,0.21260881553971825,0.35548086907872184,0.20157335894535822,0.27041763271707586,0.044680225138140864,0.1722717948607756,0.2537900595988944
2023-11-03 13:00:00,0.23381836283129798,0.4973148411854532,0.16865945744735797,0.24722001660523513,0.1718102693378638,0.05064597927443557,0.20692152277346917,0.2794689312234156,0.17943169422413946,0.1872958009480851,0.19855302245872586,0.38968520363389386,0.20330311063331113,0.35666051725484726,0.12948709664807176,0.1492120986313783,0.049103071699500275,0.2632826636784775,0.029662920409595398,0.27878788961058937,0.3627441278858161,0.30863415461697713,0.3327087693221006,0.22246872660148453,0.20938043205737814,0.08391863164179675,0.1779997446138884,0.2853814276236362
2023-11-03 14:00:00,0.21963448143201164,0.5396739682270195,0.1507815541942124,0.2272323645364364,0.2724519780957511,0.05039976874478664,0.14317495524690493,0.2085388389201265,0.1440605351569902,0.16411336900884618,0.14880704460609384,0.31438835125383174,0.14905641746166853,0.2800114800959536,0.11804444946278732,0.12067501673464558,0.08281169228641957,0.2260898418684039,0.049580392939606865,0.25749039766697407,0.28907606891066967,0.2907820076779453,0.40886959646162346,0.2439456750836384,0.232947094231025,0.06820076819710913,0.19066473212267804,0.31960380710630115
2023-11-03 15:00:00,0.1806230013559032,0.46037443677677653,0.06961907605629575,0.24213481630008343,0.23705919073712878,0.04503441930447753,0.07978649403606124,0.11238800871796266,0.09342178806528616,0.07142928148448288,0.07176029685746257,0.302944822289153,0.10675541641392289,0.16764490561340725,0.08296188534278438,0.09413494947766829,0.05365715233093566,0.17529454304493397,0.03852555281752406,0.17287542547890852,0.1748894315659772,0.2504721074105963,0.32096377174573415,0.18429063696775386,0.1563655959197033,0.04401352239913092,0.17544572711106776,0.20643587097729932
2023-11-03 16:00:00,0.10319335125001586,0.3116874196810155,0.025938286437575158,0.18931817944039334,0.2203222901374827,0.04621303020062453,0.036785300249742296,0.04206120637339236,0.059453284136222376,0.03502959551859439,0.03410877258241722,0.18137359682066817,0.07361331902797624,0.053660936695403526,0.07250235151397003,0.08092243621163284,0.04190789164503727,0.11693949341447783,0.03457774309911009,0.0710349949085515,0.05499628031636892,0.151104585290443,0.26739188342604986,0.14856963890529826,0.09734411010352506,0.03933209300660046,0.14744276604464643,0.19636034185597692
2023-11-03 17:00:00,0.030489344044042903,0.1283983023907167,0.004887221801057133,0.053283060494404184,0.14548745812557307,0.028876671476169905,0.009283775879863199,0.011103272040407222,0.01702187946471961,0.011629167913651825,0.009826343413570693,0.058673959707191435,0.02221286944651648,0.011769594331979098,0.02263995231189497,0.023270248925274257,0.019267490981042804,0.03016922000585512,0.010045903582559853,0.015358714194288001,0.01200700683636478,0.04382564521674898,0.2175099211903629,0.06034511291442707,0.044571500418267324,0.021376152917974876,0.11141546091292913,0.07429171388900471
2023-11-03 18:00:00,0.0008157189207038494,0.0010521342267067557,0.0,0.0,0.04178527502338473,0.002292038779478163,0.0,0.0,0.0002768555631301108,0.0,0.0,0.000884842047275194,0.0006397500832591607,0.0,0.0014838978492021863,0.0008920147437689498,0.00544813509837659,0.0003019739398687711,0.004587753840575754,0.0,0.0,0.0011508992172594515,0.0,0.0,0.0,0.0008278523264412598,0.0,0.0
2023-11-03 19:00:00,0.0,0.0,0.0,0.0,0.0,0.0,0.0,0.0,0.0,0.0,0.0,0.0,0.0,0.0,0.0,0.0,0.0,0.0,0.0,0.0,0.0,0.0,0.0,0.0,0.0,0.0,0.0,0.0
2023-11-03 20:00:00,0.0,0.0,0.0,0.0,0.0,0.0,0.0,0.0,0.0,0.0,0.0,0.0,0.0,0.0,0.0,0.0,0.0,0.0,0.0,0.0,0.0,0.0,0.0,0.0,0.0,0.0,0.0,0.0
2023-11-03 21:00:00,0.0,0.0,0.0,0.0,0.0,0.0,0.0,0.0,0.0,0.0,0.0,0.0,0.0,0.0,0.0,0.0,0.0,0.0,0.0,0.0,0.0,0.0,0.0,0.0,0.0,0.0,0.0,0.0
2023-11-03 22:00:00,0.0,0.0,0.0,0.0,0.0,0.0,0.0,0.0,0.0,0.0,0.0,0.0,0.0,0.0,0.0,0.0,0.0,0.0,0.0,0.0,0.0,0.0,0.0,0.0,0.0,0.0,0.0,0.0
2023-11-03 23:00:00,0.0,0.0,0.0,0.0,0.0,0.0,0.0,0.0,0.0,0.0,0.0,0.0,0.0,0.0,0.0,0.0,0.0,0.0,0.0,0.0,0.0,0.0,0.0,0.0,0.0,0.0,0.0,0.0
2023-11-04 00:00:00,0.0,0.0,0.0,0.0,0.0,0.0,0.0,0.0,0.0,0.0,0.0,0.0,0.0,0.0,0.0,0.0,0.0,0.0,0.0,0.0,0.0,0.0,0.0,0.0,0.0,0.0,0.0,0.0
2023-11-04 01:00:00,0.0,0.0,0.0,0.0,0.0,0.0,0.0,0.0,0.0,0.0,0.0,0.0,0.0,0.0,0.0,0.0,0.0,0.0,0.0,0.0,0.0,0.0,0.0,0.0,0.0,0.0,0.0,0.0
2023-11-04 02:00:00,0.0,0.0,0.0,0.0,0.0,0.0,0.0,0.0,0.0,0.0,0.0,0.0,0.0,0.0,0.0,0.0,0.0,0.0,0.0,0.0,0.0,0.0,0.0,0.0,0.0,0.0,0.0,0.0
2023-11-04 03:00:00,0.0,0.0,0.0,0.0,0.0,0.0,0.0,0.0,0.0,0.0,0.0,0.0,0.0,0.0,0.0,0.0,0.0,0.0,0.0,0.0,0.0,0.0,0.0,0.0,0.0,0.0,0.0,0.0
2023-11-04 04:00:00,0.0,0.0,0.0,0.0,0.0,0.0,0.0,0.0,0.0,0.0,0.0,0.0,0.0,0.0,0.0,0.0,0.0,0.0,0.0,0.0,0.0,0.0,0.0,0.0,0.0,0.0,0.0,0.0
2023-11-04 05:00:00,0.0,0.0,0.0,0.0,0.0,0.0,0.0,0.0,0.0,0.0,0.0,0.0,0.0,0.0,0.0,0.0,0.0,0.0,0.0,0.0,0.0,0.0,0.0,0.0,0.0,0.0,0.0,0.0
2023-11-04 06:00:00,0.0,0.0,0.0,0.0,0.0,0.0,0.0,0.0,0.0,0.0,0.0,0.0,0.0,0.0,0.0,0.0,0.0,0.0,0.0,0.0,0.0,0.0,0.0,0.0,0.0,0.0,0.0,0.0
2023-11-04 07:00:00,0.0,0.0,0.0,0.0,0.0,0.0,0.0,0.0,0.0,0.0,0.0,0.0,0.0,0.0,0.0,0.0,0.0,0.0,0.0,0.0,0.0,0.0,0.0,0.0,0.0,0.0,0.0,0.0
2023-11-04 08:00:00,0.0,0.0,0.0,0.0,0.0,0.0,0.0,0.0,0.0,0.0,0.0,0.0,0.0,0.0,0.0,0.0,0.0,0.0,0.0,0.0,0.0,0.0,0.0,0.0,0.0,0.0,0.0,0.0
2023-11-04 09:00:00,0.0009947292591709004,0.028579173549551775,0.03484671397815832,6.469917361549413e-05,0.0,0.0,0.0,0.0,0.0,0.0,0.0,0.0023992119160653755,0.0,8.676158179706483e-05,0.0,0.0,0.0,0.0,0.0,2.5753213226936643e-06,9.760677952169794e-05,0.0003199811401104145,0.01412650964774804,0.005045316388812726,0.007921160635194399,0.0,0.005836163882979921,0.004101413775024404
2023-11-04 10:00:00,0.022744800991804943,0.10292648789241088,0.041879299156353834,0.007875519528854753,0.0013797238763512657,0.020650655301280286,0.04763322904325897,0.02594961739591567,0.021631254707260007,0.017555314602855768,0.012660166429384606,0.01294871513209027,0.02621312975989595,0.045032798959875914,0.04807472054593144,0.024015846570939935,0.02481338643428251,0.03467595269053766,0.020321160967633558,0.033390798505867764,0.04778574384349008,0.019609052194222387,0.08358793489723786,0.02185234996957222,0.07367451200890264,0.012705279084005717,0.05811847166115996,0.02047531234949243
2023-11-04 11:00:00,0.06100253777029931,0.2241620195755641,0.029979690672788138,0.044099674693450046,0.06024909033439977,0.05124299666341346,0.09814404788813585,0.14902555007406273,0.041719132968177065,0.14997265856382277,0.09724403285679108,0.059257520894634604,0.05029255845420975,0.19464238555124364,0.08045314423708098,0.04054922370883358,0.0371229242592,0.054933970381442376,0.014133661217595437,0.20111750317171456,0.20334910179147062,0.0959988521472489,0.198125773321469,0.04657729293161173,0.18282992459682051,0.02460882936489715,0.12632949078329808,0.043585048610991446
2023-11-04 12:00:00,0.08811132167318933,0.23828057802339944,0.1274591258412567,0.0491965415687909,0.12660731791710383,0.053767491205510276,0.09689987172567471,0.10042689398233584,0.032431414575437606,0.12287631622363826,0.08845699226226292,0.11123175381425073,0.03521957074984188,0.11840483784756423,0.022116489643280987,0.02360816999409458,0.012921492542316133,0.09018989291807612,0.01338229684343461,0.09484283308333619,0.12428639245528679,0.11733284840303775,0.22100807068482844,0.09378670824736252,0.17615967702420907,0.027584694034785116,0.2018091125870458,0.1334628595588758
2023-11-04 13:00:00,0.11189863374498273,0.273697668941905,0.23928555330611678,0.04892570349202164,0.16445278632256294,0.06887586578158843,0.2648568972141041,0.24242828450455656,0.03672506964604314,0.23567337263366006,0.2521606815275565,0.08869822644554957,0.04178576046901362,0.21031813920815404,0.0444385885314713,0.042716372066376206,0.015864025756205016,0.10678461217253814,0.019805340011764136,0.14194237521496783,0.2017346567917102,0.1527432057331746,0.1681769324272925,0.11939505447852915,0.2231486590043386,0.036006204122504874,0.241650340830787,0.1466539708775667
2023-11-04 14:00:00,0.1065871320433753,0.2660556616307544,0.2667055295291123,0.08443816988366573,0.17426667822385625,0.06528898967622025,0.37794866372200353,0.36118055669350085,0.0240834653634653,0.29830870661679043,0.3487386671957721,0.13245305717147463,0.031285927057784546,0.3625016370480534,0.024172708252524842,0.02701604996922326,0.024273946378623002,0.09004997815609501,0.018653043804483765,0.19610018423925152,0.3578198625500729,0.16741646910990005,0.22109126934518986,0.11861775510454539,0.22661303485075887,0.048162697533440046,0.30853450800077975,0.14057775159531466
2023-11-04 15:00:00,0.12908238940354286,0.29754438575206354,0.29057914673855484,0.10256780821429409,0.18089525334482479,0.08747176928232744,0.5073943148192184,0.5198788706605079,0.021698235835499374,0.429462771868225,0.4841284587987928,0.11613719383187017,0.024198469574768965,0.5257417796686649,0.01967824006267559,0.01800927039472821,0.04205341636352591,0.11918647534178473,0.02969899805302618,0.3877763967662394,0.5223578593550638,0.21185545440037576,0.2549898442621939,0.1069998699789108,0.15514001934774674,0.047331167251247655,0.2881502613008081,0.12610188877897482
2023-11-04 16:00:00,0.13817303649717988,0.28130604871421533,0.3022838213188232,0.09339413458474531,0.1539273837855723,0.04325182884047235,0.3546739005710476,0.3728677182619051,0.0408473307459313,0.3866349883718472,0.3720340071657772,0.07448683556170294,0.03982050556004467,0.3837198455471034,0.009608776934272274,0.01234760702398568,0.026838185521882035,0.08538399704946209,0.01801956154400997,0.34825476381560494,0.388253901135788,0.19733748909766655,0.1021989795545663,0.10636229333345062,0.09136307999771716,0.039796820415101485,0.17610539327342684,0.12892885602961837
2023-11-04 17:00:00,0.13306836374014608,0.22310431825232363,0.25908296104735057,0.09843974139440971,0.10235759159732051,0.016315856631662042,0.20605466845363704,0.19366658768440362,0.04242508723396533,0.29017869049463585,0.22918563865890265,0.06210247277555574,0.03779016917327227,0.18640375464448325,0.003198924456722987,0.010027786960457755,0.007743592300867147,0.08679877527837508,0.004578971077339699,0.245874940367028,0.1969251562182388,0.16523534553802482,0.04115392748751889,0.07886999111659618,0.030873595103345804,0.030679077237367854,0.1229459670476852,0.09863804710680965
2023-11-04 18:00:00,0.07483620567984003,0.018346036053646386,0.15399028894507472,0.029962733171681303,0.047110291269719266,0.0025994036812713563,0.11504740655714209,0.1577425162283743,0.056278719519054915,0.18966907662964727,0.15472658457015728,0.015861820470025132,0.051886346634900604,0.2052726930239637,0.006875503526661686,0.022551175918995626,0.00028749477233213456,0.09591305040079394,0.00011535676949236673,0.18702379232859503,0.21317792238172845,0.11536467372527215,0.0,0.0,0.0,0.009771739315501978,0.0,0.0
2023-11-04 19:00:00,0.0,0.0,0.0,0.0,0.0,0.0,0.0,0.0,0.0,0.0,0.0,0.0,0.0,0.0,0.0,0.0,0.0,0.0,0.0,0.0,0.0,0.0,0.0,0.0,0.0,0.0,0.0,0.0
2023-11-04 20:00:00,0.0,0.0,0.0,0.0,0.0,0.0,0.0,0.0,0.0,0.0,0.0,0.0,0.0,0.0,0.0,0.0,0.0,0.0,0.0,0.0,0.0,0.0,0.0,0.0,0.0,0.0,0.0,0.0
2023-11-04 21:00:00,0.0,0.0,0.0,0.0,0.0,0.0,0.0,0.0,0.0,0.0,0.0,0.0,0.0,0.0,0.0,0.0,0.0,0.0,0.0,0.0,0.0,0.0,0.0,0.0,0.0,0.0,0.0,0.0
2023-11-04 22:00:00,0.0,0.0,0.0,0.0,0.0,0.0,0.0,0.0,0.0,0.0,0.0,0.0,0.0,0.0,0.0,0.0,0.0,0.0,0.0,0.0,0.0,0.0,0.0,0.0,0.0,0.0,0.0,0.0
2023-11-04 23:00:00,0.0,0.0,0.0,0.0,0.0,0.0,0.0,0.0,0.0,0.0,0.0,0.0,0.0,0.0,0.0,0.0,0.0,0.0,0.0,0.0,0.0,0.0,0.0,0.0,0.0,0.0,0.0,0.0
2023-11-05 00:00:00,0.0,0.0,0.0,0.0,0.0,0.0,0.0,0.0,0.0,0.0,0.0,0.0,0.0,0.0,0.0,0.0,0.0,0.0,0.0,0.0,0.0,0.0,0.0,0.0,0.0,0.0,0.0,0.0
2023-11-05 01:00:00,0.0,0.0,0.0,0.0,0.0,0.0,0.0,0.0,0.0,0.0,0.0,0.0,0.0,0.0,0.0,0.0,0.0,0.0,0.0,0.0,0.0,0.0,0.0,0.0,0.0,0.0,0.0,0.0
2023-11-05 02:00:00,0.0,0.0,0.0,0.0,0.0,0.0,0.0,0.0,0.0,0.0,0.0,0.0,0.0,0.0,0.0,0.0,0.0,0.0,0.0,0.0,0.0,0.0,0.0,0.0,0.0,0.0,0.0,0.0
2023-11-05 03:00:00,0.0,0.0,0.0,0.0,0.0,0.0,0.0,0.0,0.0,0.0,0.0,0.0,0.0,0.0,0.0,0.0,0.0,0.0,0.0,0.0,0.0,0.0,0.0,0.0,0.0,0.0,0.0,0.0
2023-11-05 04:00:00,0.0,0.0,0.0,0.0,0.0,0.0,0.0,0.0,0.0,0.0,0.0,0.0,0.0,0.0,0.0,0.0,0.0,0.0,0.0,0.0,0.0,0.0,0.0,0.0,0.0,0.0,0.0,0.0
2023-11-05 05:00:00,0.0,0.0,0.0,0.0,0.0,0.0,0.0,0.0,0.0,0.0,0.0,0.0,0.0,0.0,0.0,0.0,0.0,0.0,0.0,0.0,0.0,0.0,0.0,0.0,0.0,0.0,0.0,0.0
2023-11-05 06:00:00,0.0,0.0,0.0,0.0,0.0,0.0,0.0,0.0,0.0,0.0,0.0,0.0,0.0,0.0,0.0,0.0,0.0,0.0,0.0,0.0,0.0,0.0,0.0,0.0,0.0,0.0,0.0,0.0
2023-11-05 07:00:00,0.0,0.0,0.0,0.0,0.0,0.0,0.0,0.0,0.0,0.0,0.0,0.0,0.0,0.0,0.0,0.0,0.0,0.0,0.0,0.0,0.0,0.0,0.0,0.0,0.0,0.0,0.0,0.0
2023-11-05 08:00:00,0.0,0.0,0.0,0.0,0.0,0.0,0.0,0.0,0.0,0.0,0.0,0.0,0.0,0.0,0.0,0.0,0.0,0.0,0.0,0.0,0.0,0.0,0.0,0.0,0.0,0.0,0.0,0.0
2023-11-05 09:00:00,0.019212552271973004,0.04446855340339372,0.1078137039255404,0.04163539502567415,0.0,0.0,0.04743304646554956,0.07086004862489592,0.0,0.08547563822733009,0.06080263724784419,0.04984666301412077,0.0,0.08122571280094468,0.0,0.0,0.0,0.05745559349098097,0.0,0.08025345222029802,0.08620855443817445,0.06112423633698158,0.08587746783822452,0.07898896505199192,0.1301510792973379,0.0,0.12322810854088301,0.07152685972984694
2023-11-05 10:00:00,0.12474795461971874,0.09714518699354299,0.10833625602960852,0.09408984625688338,0.0027385375262453508,0.0005258610300593743,0.038185058060580576,0.12079700255700083,0.034161014760159564,0.11224571084074103,0.06843152693605783,0.14002004710607963,0.026740074829662452,0.18606266676470648,0.0009760596962006654,0.003724255905358833,0.05434745249788333,0.17553671722986766,0.06395606054320083,0.1618856279449244,0.1955393234682081,0.13957611249574345,0.17372165276955204,0.11593637483633744,0.19188937707740034,0.0004506362610902616,0.2469179625449381,0.11177312050778578
2023-11-05 11:00:00,0.13499679336955606,0.14849659138885166,0.1714877513084327,0.14285673367105847,0.021439879053562132,0.009616006831722347,0.1908815395766743,0.2952720564436199,0.141502751115336,0.153991119207042,0.1879977580697022,0.17348744495982563,0.1114645406223681,0.36057223188546517,0.005734669589987466,0.028458169666188065,0.17221668472634533,0.11087569509528872,0.13280464555195073,0.2722694880923265,0.3592090526442564,0.13604442034052744,0.38914713719416616,0.19137665245600372,0.37814673929297926,0.008119845009716523,0.3770626835173008,0.18761943509135307
2023-11-05 12:00:00,0.16571864449557425,0.23457307753663986,0.03905113418838752,0.25159885987816183,0.05705378888865472,0.0288385451703324,0.07083312681578029,0.16449963104416468,0.28070739684311197,0.11759561631054345,0.09524123626194139,0.1967342555252031,0.28967694175369935,0.23919549082859273,0.02447210421986504,0.1766194287838531,0.18049953750661255,0.16572374376844717,0.2578323685802638,0.21427064560202597,0.24785931589260782,0.1790452733187519,0.56814611566591,0.29156179497714335,0.44009632627263423,0.02591717389934417,0.4402360596453699,0.24070588212500602
2023-11-05 13:00:00,0.1354798459505547,0.2201843205974171,0.02883079226477598,0.2095609161473881,0.07973869466899486,0.05119396526610858,0.06205523242170791,0.11865041866949194,0.2999449696542104,0.0871265666265194,0.07711646179088669,0.2070988507196238,0.319952296182149,0.1658290212672953,0.04626884072914139,0.27543912755221955,0.2727459093754047,0.14890773351634126,0.3259569384766479,0.1797613694611329,0.17093120578275725,0.14543159364243868,0.652838839813206,0.31921879587554225,0.5398707949797622,0.045175509039289546,0.4614240509374436,0.2769996566671279
2023-11-05 14:00:00,0.14136703322767014,0.17860988205015005,0.025954500601973338,0.21012656966528545,0.11195362632826425,0.0645019312794948,0.05037344639664613,0.08251903648287422,0.29875892448606284,0.06141235251624247,0.04929376732826401,0.20272824771732653,0.3360598577419824,0.12431787146615367,0.06244509789607164,0.3922869678316797,0.3087529937782902,0.17186507511353943,0.346037381797101,0.12757398380194904,0.1292654155206724,0.15648381841462475,0.6790526780090066,0.30737915381380854,0.6390225481960672,0.047857684339030336,0.3917793557555963,0.2514439630787001
2023-11-05 15:00:00,0.10773018683352983,0.12976752451948745,0.016750766390590883,0.1504438529140797,0.09396920370562034,0.07881447153061637,0.04700528627808564,0.08753656336267286,0.1660066507514725,0.07180170642786499,0.059191985873495744,0.15290540684926865,0.2217342813301686,0.10929239224117619,0.10600496425419066,0.3506818907342884,0.2684622996125595,0.13132314338650472,0.24467695418648086,0.1092098479283612,0.11122966083915138,0.1287830272022644,0.6014849988011529,0.25055144362729126,0.6002970212975686,0.055261771586576046,0.289340593079961,0.22968985522634716
2023-11-05 16:00:00,0.055685511809984004,0.08671091797130091,0.018589937614458773,0.08733029737960954,0.061915388343420946,0.06601058028564581,0.03708733731681447,0.03434661655014223,0.07659915842457703,0.025071065439688116,0.02821483593498078,0.08895095949448766,0.11753930874705211,0.034797417575977596,0.17818134059837784,0.22773597222801922,0.17885896249945196,0.0466381202481925,0.13981165989498842,0.026221647061589453,0.03364862397311347,0.06811366982085841,0.5606480339527927,0.18993649111926442,0.5534515054418524,0.039120944851566586,0.2480832700080555,0.18182892023071567
2023-11-05 17:00:00,0.025390998960313233,0.040884016591822066,0.010477606292379682,0.0186719481028093,0.037128266403324284,0.06514851620017757,0.004245972902107335,0.008939328788183038,0.02212443343191185,0.004400805005992809,0.003815566853703444,0.0346319117354788,0.03534650721342085,0.016207105724011763,0.15114569510956172,0.09425729547085464,0.07305230683814795,0.02514767672942303,0.07437382245004275,0.013247113675676533,0.017063439654991967,0.036542548061710374,0.39424210711052704,0.12327955459588467,0.38128125842857713,0.030365178496283653,0.16470492748220472,0.12334968488985106
2023-11-05 18:00:00,0.01451283710132433,0.0008035269557644908,0.009520269777205128,0.0,0.002982967712091859,0.025923769782819666,0.014015032208798397,0.016670999038372856,0.007676814569236395,0.014940111640327956,0.01587673605480125,0.0004199759687511862,0.015720514861178102,0.010884066032849865,0.046476309150413654,0.03504813978906068,0.03552901516205768,0.004454847334315629,0.061603446997610084,0.008030294992899265,0.009640104563386917,0.00685725825380767,0.0,0.0,0.0,0.009269999576185533,0.0,0.0
2023-11-05 19:00:00,0.0,0.0,0.0,0.0,0.0,0.0,0.0,0.0,0.0,0.0,0.0,0.0,0.0,0.0,0.0,0.0,0.0,0.0,0.0,0.0,0.0,0.0,0.0,0.0,0.0,0.0,0.0,0.0
2023-11-05 20:00:00,0.0,0.0,0.0,0.0,0.0,0.0,0.0,0.0,0.0,0.0,0.0,0.0,0.0,0.0,0.0,0.0,0.0,0.0,0.0,0.0,0.0,0.0,0.0,0.0,0.0,0.0,0.0,0.0
2023-11-05 21:00:00,0.0,0.0,0.0,0.0,0.0,0.0,0.0,0.0,0.0,0.0,0.0,0.0,0.0,0.0,0.0,0.0,0.0,0.0,0.0,0.0,0.0,0.0,0.0,0.0,0.0,0.0,0.0,0.0
2023-11-05 22:00:00,0.0,0.0,0.0,0.0,0.0,0.0,0.0,0.0,0.0,0.0,0.0,0.0,0.0,0.0,0.0,0.0,0.0,0.0,0.0,0.0,0.0,0.0,0.0,0.0,0.0,0.0,0.0,0.0
2023-11-05 23:00:00,0.0,0.0,0.0,0.0,0.0,0.0,0.0,0.0,0.0,0.0,0.0,0.0,0.0,0.0,0.0,0.0,0.0,0.0,0.0,0.0,0.0,0.0,0.0,0.0,0.0,0.0,0.0,0.0
2023-11-06 00:00:00,0.0,0.0,0.0,0.0,0.0,0.0,0.0,0.0,0.0,0.0,0.0,0.0,0.0,0.0,0.0,0.0,0.0,0.0,0.0,0.0,0.0,0.0,0.0,0.0,0.0,0.0,0.0,0.0
2023-11-06 01:00:00,0.0,0.0,0.0,0.0,0.0,0.0,0.0,0.0,0.0,0.0,0.0,0.0,0.0,0.0,0.0,0.0,0.0,0.0,0.0,0.0,0.0,0.0,0.0,0.0,0.0,0.0,0.0,0.0
2023-11-06 02:00:00,0.0,0.0,0.0,0.0,0.0,0.0,0.0,0.0,0.0,0.0,0.0,0.0,0.0,0.0,0.0,0.0,0.0,0.0,0.0,0.0,0.0,0.0,0.0,0.0,0.0,0.0,0.0,0.0
2023-11-06 03:00:00,0.0,0.0,0.0,0.0,0.0,0.0,0.0,0.0,0.0,0.0,0.0,0.0,0.0,0.0,0.0,0.0,0.0,0.0,0.0,0.0,0.0,0.0,0.0,0.0,0.0,0.0,0.0,0.0
2023-11-06 04:00:00,0.0,0.0,0.0,0.0,0.0,0.0,0.0,0.0,0.0,0.0,0.0,0.0,0.0,0.0,0.0,0.0,0.0,0.0,0.0,0.0,0.0,0.0,0.0,0.0,0.0,0.0,0.0,0.0
2023-11-06 05:00:00,0.0,0.0,0.0,0.0,0.0,0.0,0.0,0.0,0.0,0.0,0.0,0.0,0.0,0.0,0.0,0.0,0.0,0.0,0.0,0.0,0.0,0.0,0.0,0.0,0.0,0.0,0.0,0.0
2023-11-06 06:00:00,0.0,0.0,0.0,0.0,0.0,0.0,0.0,0.0,0.0,0.0,0.0,0.0,0.0,0.0,0.0,0.0,0.0,0.0,0.0,0.0,0.0,0.0,0.0,0.0,0.0,0.0,0.0,0.0
2023-11-06 07:00:00,0.0,0.0,0.0,0.0,0.0,0.0,0.0,0.0,0.0,0.0,0.0,0.0,0.0,0.0,0.0,0.0,0.0,0.0,0.0,0.0,0.0,0.0,0.0,0.0,0.0,0.0,0.0,0.0
2023-11-06 08:00:00,0.0,0.0,0.0,0.0,0.0,0.0,0.0,0.0,0.0,0.0,0.0,0.0,0.0,0.0,0.0,0.0,0.0,0.0,0.0,0.0,0.0,0.0,0.0,0.0,0.0,0.0,0.0,0.0
2023-11-06 09:00:00,0.004124699199141076,0.03381126432821186,0.0,0.034071853045341834,0.0,0.0,0.0,0.0012423456946794827,0.0,0.0,0.0,0.019031078163798617,0.0,0.002701500692897644,0.0,0.0,0.0,0.00032140159712849733,0.0,0.0016981190546697055,0.0028043020984896507,0.002137518064694253,0.02278373334594315,0.0488039895136268,0.01302731027428109,0.0,0.03241912770440265,0.05539679165398658
2023-11-06 10:00:00,0.05435472409895561,0.20043796082208887,0.027660747874577386,0.07947109787510495,0.004048864908788865,0.022188382317771094,0.012584488434440785,0.014144716734998496,0.07264333577679874,0.008288855362962493,0.009729085428989566,0.07242360895802749,0.07864265731780973,0.01780737408568218,0.20414489743787478,0.1841841866102488,0.03998700154780692,0.05365341590553748,0.02039683404690125,0.014822800579825542,0.018018097398855508,0.046857536868932036,0.11642234171717292,0.11786471563164838,0.07312699083151265,0.043681880771574595,0.10469565198263556,0.12601273565683935
2023-11-06 11:00:00,0.14058088768446433,0.29470425459516325,0.051137541533417624,0.14108364174293417,0.040964596753930535,0.04433082480573752,0.036837664256612446,0.03422630691387442,0.11213750785953949,0.028572822734457187,0.029104022488305133,0.17764371318261227,0.1326964945569365,0.03750860399980485,0.2895513959121126,0.23616822675410348,0.1371517675793324,0.15241856561286354,0.06234580302379893,0.03516442832317651,0.03772556095785717,0.1490834701410013,0.2599484074627779,0.13633581595674965,0.1962416855301641,0.08332516053005148,0.1721831597201922,0.1589029045189318
2023-11-06 12:00:00,0.17519306507059607,0.34293816237312696,0.0491283308289476,0.1753920249321186,0.06515146102956644,0.09625686179901925,0.06273884058434875,0.058016650953795955,0.276749206917415,0.0815609030491243,0.06157731460756444,0.26660273054054007,0.32544987722734836,0.04163784606403605,0.3507580399835689,0.23713876865678468,0.23623344314990954,0.1631527232148371,0.1285102157097077,0.11435661326775083,0.04196812132418756,0.19870348379116495,0.4067210408965557,0.1556620533899883,0.3183036523616712,0.1267367815741768,0.20354739470659486,0.16582664512487053
2023-11-06 13:00:00,0.177458422125564,0.3385940828661597,0.038414527636425035,0.23138473226138767,0.10258707596155496,0.12250484051497673,0.03432400395028422,0.03089286018924083,0.2068293193359805,0.04152302749563905,0.031518392032345396,0.3598922980733275,0.2515665135555132,0.02962353829177162,0.2622320289461959,0.23658188822431905,0.20898350364852672,0.22473304141411596,0.1456415787178765,0.056571749807992525,0.03035086006811075,0.22768527145076922,0.2802592115789094,0.13645232708788024,0.246661158686159,0.1599628897792245,0.28286956353711723,0.15290332165305479
2023-11-06 14:00:00,0.2210248567393757,0.35305815076141606,0.03946077552058894,0.19175689295917406,0.12771481840771526,0.15352265959380437,0.033554302372788204,0.03393306198050394,0.25432556917946875,0.04960579591758002,0.03979788038250803,0.38891885053844627,0.3018366901923864,0.02708017263882037,0.33735457658992685,0.28392048258863084,0.2355965465334143,0.23887481170890856,0.1473128391286526,0.04184096953562498,0.027170552528082967,0.25772211677399126,0.19959348874369906,0.1325316605919264,0.23830937342734318,0.18121272799471147,0.2601837409367181,0.12918335583416576
2023-11-06 15:00:00,0.20637662494655906,0.2774631128949084,0.044381136806995874,0.12365957242879536,0.11927061893995049,0.13879889291489825,0.036685246420162715,0.028356922939395082,0.29622177799940735,0.02972870910545471,0.030961708840560966,0.29761699335500297,0.34019303443953014,0.024309466590150937,0.26068061335165116,0.3438163205279949,0.1432644275769139,0.19842240625874055,0.1257084677826014,0.026633398858819084,0.02439318500330459,0.2183862824676118,0.13924128165370842,0.09170341191617713,0.17630651162859534,0.17886710461905736,0.15879161792013755,0.090193070286515
2023-11-06 16:00:00,0.17623032144339978,0.18140090098044293,0.03252771162641527,0.05612198976105611,0.09137873930276674,0.09665447823402684,0.029466211803316114,0.020983295741939797,0.2432182749905982,0.017748402090558234,0.021254092281258987,0.1994289377629775,0.2921695582024992,0.018240914967975582,0.16454016801547355,0.26832156720979383,0.13994532938833298,0.14131011580030908,0.1386236010172491,0.009708159498417747,0.018514189690698103,0.17466680874751397,0.08142471798118041,0.08504743801615225,0.11314601512599652,0.10133064824935742,0.13058588314326186,0.07921072240726347
2023-11-06 17:00:00,0.10278881413681658,0.11788410740407124,0.01614013609075786,0.01094314349362974,0.0758077864995141,0.07659592148418116,0.016374997474659335,0.00900226985954472,0.16079368257017443,0.0075334829063473385,0.009451387206609407,0.08085365723734385,0.16256337115957306,0.007250759251546949,0.10441601255120914,0.14093293988727368,0.14461295493998993,0.06476863433109807,0.19742690984117656,0.0022252626672976715,0.007508564352478453,0.08915893360268103,0.035571336852063505,0.04574078851699473,0.06049719194711032,0.08533485950482582,0.1028078692885427,0.038437700561859925
2023-11-06 18:00:00,0.03731174906418512,0.01747674455436582,0.0,0.0,0.010805992519485495,0.04005151128577814,5.152900782868596e-05,0.0,0.0886138069785013,0.0001740020659270347,0.0,0.0,0.0631701193259333,0.0,0.07466102644688759,0.0776895137637054,0.1351752038363243,0.003962452092998325,0.11974732258044518,0.0,0.0,0.0021118024580230664,0.0,0.0,0.0,0.028153270207123358,0.0,0.0
2023-11-06 19:00:00,0.0,0.0,0.0,0.0,0.0,0.0,0.0,0.0,0.0,0.0,0.0,0.0,0.0,0.0,0.0,0.0,0.0,0.0,0.0,0.0,0.0,0.0,0.0,0.0,0.0,0.0,0.0,0.0
2023-11-06 20:00:00,0.0,0.0,0.0,0.0,0.0,0.0,0.0,0.0,0.0,0.0,0.0,0.0,0.0,0.0,0.0,0.0,0.0,0.0,0.0,0.0,0.0,0.0,0.0,0.0,0.0,0.0,0.0,0.0
2023-11-06 21:00:00,0.0,0.0,0.0,0.0,0.0,0.0,0.0,0.0,0.0,0.0,0.0,0.0,0.0,0.0,0.0,0.0,0.0,0.0,0.0,0.0,0.0,0.0,0.0,0.0,0.0,0.0,0.0,0.0
2023-11-06 22:00:00,0.0,0.0,0.0,0.0,0.0,0.0,0.0,0.0,0.0,0.0,0.0,0.0,0.0,0.0,0.0,0.0,0.0,0.0,0.0,0.0,0.0,0.0,0.0,0.0,0.0,0.0,0.0,0.0
2023-11-06 23:00:00,0.0,0.0,0.0,0.0,0.0,0.0,0.0,0.0,0.0,0.0,0.0,0.0,0.0,0.0,0.0,0.0,0.0,0.0,0.0,0.0,0.0,0.0,0.0,0.0,0.0,0.0,0.0,0.0
2023-11-07 00:00:00,0.0,0.0,0.0,0.0,0.0,0.0,0.0,0.0,0.0,0.0,0.0,0.0,0.0,0.0,0.0,0.0,0.0,0.0,0.0,0.0,0.0,0.0,0.0,0.0,0.0,0.0,0.0,0.0
2023-11-07 01:00:00,0.0,0.0,0.0,0.0,0.0,0.0,0.0,0.0,0.0,0.0,0.0,0.0,0.0,0.0,0.0,0.0,0.0,0.0,0.0,0.0,0.0,0.0,0.0,0.0,0.0,0.0,0.0,0.0
2023-11-07 02:00:00,0.0,0.0,0.0,0.0,0.0,0.0,0.0,0.0,0.0,0.0,0.0,0.0,0.0,0.0,0.0,0.0,0.0,0.0,0.0,0.0,0.0,0.0,0.0,0.0,0.0,0.0,0.0,0.0
2023-11-07 03:00:00,0.0,0.0,0.0,0.0,0.0,0.0,0.0,0.0,0.0,0.0,0.0,0.0,0.0,0.0,0.0,0.0,0.0,0.0,0.0,0.0,0.0,0.0,0.0,0.0,0.0,0.0,0.0,0.0
2023-11-07 04:00:00,0.0,0.0,0.0,0.0,0.0,0.0,0.0,0.0,0.0,0.0,0.0,0.0,0.0,0.0,0.0,0.0,0.0,0.0,0.0,0.0,0.0,0.0,0.0,0.0,0.0,0.0,0.0,0.0
2023-11-07 05:00:00,0.0,0.0,0.0,0.0,0.0,0.0,0.0,0.0,0.0,0.0,0.0,0.0,0.0,0.0,0.0,0.0,0.0,0.0,0.0,0.0,0.0,0.0,0.0,0.0,0.0,0.0,0.0,0.0
2023-11-07 06:00:00,0.0,0.0,0.0,0.0,0.0,0.0,0.0,0.0,0.0,0.0,0.0,0.0,0.0,0.0,0.0,0.0,0.0,0.0,0.0,0.0,0.0,0.0,0.0,0.0,0.0,0.0,0.0,0.0
2023-11-07 07:00:00,0.0,0.0,0.0,0.0,0.0,0.0,0.0,0.0,0.0,0.0,0.0,0.0,0.0,0.0,0.0,0.0,0.0,0.0,0.0,0.0,0.0,0.0,0.0,0.0,0.0,0.0,0.0,0.0
2023-11-07 08:00:00,0.0,0.0,0.0,0.0,0.0,0.0,0.0,0.0,0.0,0.0,0.0,0.0,0.0,0.0,0.0,0.0,0.0,0.0,0.0,0.0,0.0,0.0,0.0,0.0,0.0,0.0,0.0,0.0
2023-11-07 09:00:00,0.017592482608064515,0.004150304908661107,0.15616768604971504,0.03877279751129506,0.0,0.0,0.1616797736719631,0.14705816271075553,0.0,0.29886955474856153,0.22705262207502058,0.024499428554133153,0.0,0.1047635412793146,0.0,0.0,0.0,0.0005739278748050648,0.0,0.18668269065182064,0.11135898693452258,0.11193009977302776,0.024502262978255557,0.013780026025697441,0.019685472105859067,0.0,0.01127591783550636,0.023957186066329916
2023-11-07 10:00:00,0.23065151357243635,0.3487313113926298,0.3654909232780511,0.08720521392112103,0.07808278642156827,0.055395301055705504,0.250328738343419,0.26830876295978995,0.1850490007569551,0.3126454939611939,0.2446844285555022,0.07270389634593814,0.16436223387412485,0.31610950775402424,0.18704366708044173,0.18112186228786395,0.05883202093368162,0.18034371675955674,0.058301112851948986,0.34524742350433335,0.33252779344134203,0.18121727771186738,0.06994291453060063,0.09077408311812629,0.11868272838384711,0.0944773217113631,0.18538087367767406,0.10128612831968166
2023-11-07 11:00:00,0.349328873106992,0.5000716648578517,0.5228748478597182,0.14775934356761114,0.22775901261988857,0.12513666821828007,0.4561028570806876,0.4810807106469404,0.36859882578511965,0.5085064719564224,0.4585384901633824,0.16250085672399095,0.37056020672593293,0.5144484990233009,0.3198783219129387,0.41509030189091173,0.08065595662146109,0.27201886441398554,0.12603165681933973,0.5157510682627062,0.526425316051909,0.33528381154281245,0.13099136647621248,0.2170301609537381,0.15426438049653102,0.13663046769656015,0.3625154251522576,0.2027010236723483
2023-11-07 12:00:00,0.543801044762552,0.6264175315482169,0.5738451647162865,0.2969052163195963,0.31656730442404385,0.18163150292360358,0.5463902987417998,0.603666526939543,0.5353692208428689,0.6016837316262316,0.6074062103574807,0.40054798026997734,0.5748756542358887,0.6190309625683775,0.48924812000308676,0.559937732629085,0.08161465239351968,0.46097389235670433,0.07935469653332851,0.49806217002151526,0.624566132190607,0.559887178864149,0.37847638403075906,0.37902108808179746,0.41882375789158294,0.21109043422700963,0.5517890336539769,0.33339588656957286
2023-11-07 13:00:00,0.5720016750857235,0.6368537287483941,0.596562592981237,0.4781216764644162,0.3728460832588522,0.19470086194297198,0.40792938869360446,0.48276526181182233,0.5330696878365689,0.5496023153199627,0.47904457296324354,0.49148163242439885,0.6096111269236912,0.5410907126060024,0.4346546518130495,0.5551788133092962,0.16015630283894702,0.39835095588273656,0.1934331679709188,0.49003596659464504,0.5595095502571372,0.5533607146802199,0.41500404962955856,0.5222780068792332,0.45384024629985403,0.1981520556939875,0.6576322863263387,0.4676695324853819
2023-11-07 14:00:00,0.5836828071317104,0.6894864952405552,0.5988178683587012,0.5411352589245472,0.4063805710782636,0.19276802558638087,0.3930859668169655,0.4516554116993167,0.5357884755786442,0.48137887350850933,0.426272499158582,0.5736467914103958,0.6252729064255848,0.5206002806970398,0.2783731322755453,0.4029875307095471,0.1688621063820341,0.4272488505805998,0.1608262116629806,0.5441390362223822,0.5371706031128227,0.5411609616015204,0.4079303848435869,0.5879142901833359,0.5504460664501715,0.22861165911592315,0.6614523255666147,0.5566210124909902
2023-11-07 15:00:00,0.5589771199499041,0.6477339769209778,0.5872935634979455,0.5233991160886706,0.3851077780026874,0.22612633689904366,0.42358632256617756,0.44300677656631526,0.424477325367264,0.4272203740354489,0.41386675192424505,0.5567487548331608,0.5239215415833887,0.50357543714741,0.21532854350258113,0.3062679136544367,0.15660170011187524,0.4249831778322659,0.12647765249050483,0.4739377047713047,0.5147169620776462,0.5164320536019175,0.3515339263439861,0.5862485215571838,0.5830873521171006,0.2341021790838582,0.5815009516356776,0.5113283097055765
2023-11-07 16:00:00,0.4364126646479322,0.56081292745436,0.5666201258614474,0.371733461729108,0.3298442980241151,0.1852543919721835,0.5210974086101525,0.4270931085285031,0.25094567545332813,0.43411406032565863,0.4609045241757502,0.47805469934645,0.35346875657044935,0.37435897448410715,0.08199610404878771,0.14938283454959495,0.1530328822566185,0.34804219906395756,0.12401045768960303,0.27386340310624574,0.3682257851874592,0.45083303474021347,0.37034938080784857,0.5369566656035643,0.5648570416132844,0.19807336538666348,0.5268357595811038,0.5111518186292906
2023-11-07 17:00:00,0.28860217100049773,0.38747807421760083,0.37210717173846086,0.2861398729703603,0.25399650126756085,0.16628568137385635,0.3668876219609243,0.3506761968096186,0.13698699964783845,0.3336545027771148,0.33383163306997465,0.377035110914159,0.15669420126460548,0.3277850544993764,0.042590942258461016,0.05834389051012008,0.08910592270803613,0.2465132431565972,0.05176295699113765,0.26572832468709123,0.3212270859806648,0.31217483245392014,0.27031421808025013,0.409212843581527,0.41943391515266054,0.15624178543648662,0.3575161808281949,0.3897237499726698
2023-11-07 18:00:00,0.14625139700258027,0.015261061089550063,0.28693516642324757,0.0,0.036858324750963185,0.030462400326826632,0.22674390102120837,0.22488188063319636,0.07089056425710515,0.23818275951131423,0.2252408566222588,0.0,0.05946901660886069,0.24595078730822376,0.0261632066400982,0.014019014379445548,0.03771494854781917,0.13311573092577253,0.02764917467020127,0.11698107168748789,0.2502467443020892,0.12902238035674027,0.0,0.0,0.0,0.029956740418558826,0.0,0.0
2023-11-07 19:00:00,0.0,0.0,0.0,0.0,0.0,0.0,0.0,0.0,0.0,0.0,0.0,0.0,0.0,0.0,0.0,0.0,0.0,0.0,0.0,0.0,0.0,0.0,0.0,0.0,0.0,0.0,0.0,0.0
2023-11-07 20:00:00,0.0,0.0,0.0,0.0,0.0,0.0,0.0,0.0,0.0,0.0,0.0,0.0,0.0,0.0,0.0,0.0,0.0,0.0,0.0,0.0,0.0,0.0,0.0,0.0,0.0,0.0,0.0,0.0
2023-11-07 21:00:00,0.0,0.0,0.0,0.0,0.0,0.0,0.0,0.0,0.0,0.0,0.0,0.0,0.0,0.0,0.0,0.0,0.0,0.0,0.0,0.0,0.0,0.0,0.0,0.0,0.0,0.0,0.0,0.0
2023-11-07 22:00:00,0.0,0.0,0.0,0.0,0.0,0.0,0.0,0.0,0.0,0.0,0.0,0.0,0.0,0.0,0.0,0.0,0.0,0.0,0.0,0.0,0.0,0.0,0.0,0.0,0.0,0.0,0.0,0.0
2023-11-07 23:00:00,0.0,0.0,0.0,0.0,0.0,0.0,0.0,0.0,0.0,0.0,0.0,0.0,0.0,0.0,0.0,0.0,0.0,0.0,0.0,0.0,0.0,0.0,0.0,0.0,0.0,0.0,0.0,0.0
2023-11-08 00:00:00,0.0,0.0,0.0,0.0,0.0,0.0,0.0,0.0,0.0,0.0,0.0,0.0,0.0,0.0,0.0,0.0,0.0,0.0,0.0,0.0,0.0,0.0,0.0,0.0,0.0,0.0,0.0,0.0
2023-11-08 01:00:00,0.0,0.0,0.0,0.0,0.0,0.0,0.0,0.0,0.0,0.0,0.0,0.0,0.0,0.0,0.0,0.0,0.0,0.0,0.0,0.0,0.0,0.0,0.0,0.0,0.0,0.0,0.0,0.0
2023-11-08 02:00:00,0.0,0.0,0.0,0.0,0.0,0.0,0.0,0.0,0.0,0.0,0.0,0.0,0.0,0.0,0.0,0.0,0.0,0.0,0.0,0.0,0.0,0.0,0.0,0.0,0.0,0.0,0.0,0.0
2023-11-08 03:00:00,0.0,0.0,0.0,0.0,0.0,0.0,0.0,0.0,0.0,0.0,0.0,0.0,0.0,0.0,0.0,0.0,0.0,0.0,0.0,0.0,0.0,0.0,0.0,0.0,0.0,0.0,0.0,0.0
2023-11-08 04:00:00,0.0,0.0,0.0,0.0,0.0,0.0,0.0,0.0,0.0,0.0,0.0,0.0,0.0,0.0,0.0,0.0,0.0,0.0,0.0,0.0,0.0,0.0,0.0,0.0,0.0,0.0,0.0,0.0
2023-11-08 05:00:00,0.0,0.0,0.0,0.0,0.0,0.0,0.0,0.0,0.0,0.0,0.0,0.0,0.0,0.0,0.0,0.0,0.0,0.0,0.0,0.0,0.0,0.0,0.0,0.0,0.0,0.0,0.0,0.0
2023-11-08 06:00:00,0.0,0.0,0.0,0.0,0.0,0.0,0.0,0.0,0.0,0.0,0.0,0.0,0.0,0.0,0.0,0.0,0.0,0.0,0.0,0.0,0.0,0.0,0.0,0.0,0.0,0.0,0.0,0.0
2023-11-08 07:00:00,0.0,0.0,0.0,0.0,0.0,0.0,0.0,0.0,0.0,0.0,0.0,0.0,0.0,0.0,0.0,0.0,0.0,0.0,0.0,0.0,0.0,0.0,0.0,0.0,0.0,0.0,0.0,0.0
2023-11-08 08:00:00,0.0,0.0,0.0,0.0,0.0,0.0,0.0,0.0,0.0,0.0,0.0,0.0,0.0,0.0,0.0,0.0,0.0,0.0,0.0,0.0,0.0,0.0,0.0,0.0,0.0,0.0,0.0,0.0
2023-11-08 09:00:00,0.0,0.014211821817001648,0.030211134398740753,0.04125746005429682,0.0,0.0,0.08629236083295527,0.043832399755465434,0.0,0.005824204027291363,0.04844927209124222,0.0167954493345268,0.0,0.03504403421567899,0.0,0.0,0.0,0.0,0.0,0.0,0.03901211042591026,0.004540200799465376,0.2138387304308791,0.10291507025343921,0.052339698028352595,0.0,0.046962600530085614,0.12713232992814144
2023-11-08 10:00:00,0.10961397641213597,0.2749829835430367,0.16112577748012322,0.07813037458631578,0.06387804041837632,0.007317516899357691,0.10640308926391477,0.06294491602163929,0.06460703032732944,0.1320895632950176,0.10163976232587894,0.05137646257088221,0.05910510564392977,0.04671025324030731,0.036468642343294354,0.029031129754072696,0.013650714408886426,0.0930220910480838,0.02215982256798688,0.027661999310570475,0.04908199182580949,0.09354922262592757,0.3693973772928185,0.2012932670952036,0.15942568734889564,0.016364982930852562,0.15526360814366622,0.27630545808096035
2023-11-08 11:00:00,0.13622875270673146,0.40681460601602587,0.17048998977442636,0.17161804176641474,0.1293558209817379,0.0453146097839006,0.10271058260111499,0.06894218546237924,0.08068940337432318,0.11923121923817415,0.09452319745019722,0.15698080814337195,0.09009375601266692,0.074536589378848,0.04921652626398002,0.051951265819382884,0.0813977965203692,0.14034963924499386,0.07960256861127205,0.039914581256752145,0.07840522810751942,0.14252536275022407,0.37995005625813993,0.2602748487148941,0.21903318500668664,0.0494197403059461,0.22878254303390444,0.3334131872485754
2023-11-08 12:00:00,0.1476651798799336,0.4048339307182106,0.07786808185428559,0.14169757887713583,0.15207205164044557,0.07510442519101902,0.09336646013766033,0.03295688809795543,0.17538741863494436,0.034384181058166985,0.01868565295818484,0.20051669087173044,0.1550809346947973,0.06536337027320065,0.09128402418252188,0.1161157876210196,0.14637013857379125,0.05841578712692164,0.1117452945651214,0.024620325086243587,0.0702940108582568,0.10710010890488687,0.48287749451195255,0.3238188420347189,0.25940068856254833,0.08301102192145615,0.2907864245839101,0.42201732240884127
2023-11-08 13:00:00,0.16731457339076689,0.40033797808354166,0.10570947685992421,0.15414808407674024,0.2095617494536472,0.12473050302250051,0.11101141192059849,0.054350368447422893,0.1679585393716525,0.10331783137686953,0.04659926477029898,0.24687322150177488,0.12289245310781642,0.08237728789743594,0.13818771775027813,0.11833302219689988,0.24338941757069216,0.08136722655303312,0.1359989835125383,0.05254206982523578,0.08889790007997787,0.16880255770171584,0.5109681463120361,0.32300443872504947,0.3117876252983947,0.12989225393747217,0.27924592083110694,0.43895282487028026
2023-11-08 14:00:00,0.1690377788495759,0.42640887828114166,0.11027314726422341,0.1621897089835396,0.2096971329113364,0.08519500650645911,0.09414155121521721,0.04393853470981668,0.16600279210893365,0.04260053054450577,0.021794851556911812,0.23693285589585986,0.13043699937817846,0.08937724012059482,0.06908249503738641,0.09863129130971202,0.2172518237769845,0.05662918002617007,0.10908194338872661,0.03209572188695328,0.09765482024298494,0.12435143246389561,0.48507840074169417,0.2841499259980959,0.20346022715501969,0.1180038759091733,0.2941933930404209,0.41601018252390126
2023-11-08 15:00:00,0.1633841277338019,0.4777994917360238,0.14822499804667089,0.15004096199270342,0.19933466702704578,0.11628591148853096,0.07263107387860378,0.04992402151691747,0.2582849817126419,0.02987469036582473,0.019080466704804542,0.17245158376265712,0.2431028719822791,0.08923712539966883,0.13635708657116896,0.18582392009408646,0.21957965503615337,0.0428196834409004,0.12057197165704077,0.04849628669750043,0.09542256354948861,0.08174547320911434,0.4145972126626514,0.25348089248498484,0.14874368429003057,0.13093475969667942,0.24414170940786917,0.35209241066769126
2023-11-08 16:00:00,0.13003021650285496,0.4279864585385657,0.14448491382824324,0.20565027456265214,0.15061815267852213,0.06530797987160301,0.06725331363452533,0.03474035477097906,0.1545316574984459,0.014581425744752274,0.010186050127489816,0.17106900887714968,0.1116083986074821,0.06916601840810446,0.1347980519284077,0.14414010056545196,0.09734389666734856,0.02615712398160573,0.07563918028529351,0.03629037047472413,0.07423899269432974,0.0580567303432285,0.3306203847448654,0.18277648248569633,0.07485981749553973,0.10771483371686641,0.1750982148249857,0.2377597931966457
2023-11-08 17:00:00,0.09644095006722705,0.3185249314503964,0.20898180351029133,0.10127487794099074,0.07453767490182443,0.02825677035328139,0.10035074515799702,0.028422702186160605,0.10227963964249025,0.0110912347529394,0.019360000809898116,0.07416173247397657,0.06284350379133748,0.039764633760474094,0.09650013425060086,0.06706622580820522,0.02147479597671411,0.00987886862499782,0.018365234628475592,0.005465984382739099,0.04370400407339693,0.019752704474107024,0.27745629742547046,0.11563406529926451,0.09767257237723306,0.03511868300494838,0.1525911219535729,0.18014083184406376
2023-11-08 18:00:00,0.042885142135158164,0.0029227113522530303,0.11267299085984465,0.0,0.00043394910902202745,0.007872637744747212,0.06347764398389151,0.02859743364978493,0.036946778586424894,0.01425015250288893,0.022872312943933253,0.0,0.034829953622308785,0.023446594979954563,0.04904539986149942,0.039363034937455736,0.0014617168066384516,0.0,0.00109855603193708,0.0,0.025964363585491926,0.0007936455835945371,0.0,0.0,0.0,0.01143169185221338,0.0,0.0
2023-11-08 19:00:00,0.0,0.0,0.0,0.0,0.0,0.0,0.0,0.0,0.0,0.0,0.0,0.0,0.0,0.0,0.0,0.0,0.0,0.0,0.0,0.0,0.0,0.0,0.0,0.0,0.0,0.0,0.0,0.0
2023-11-08 20:00:00,0.0,0.0,0.0,0.0,0.0,0.0,0.0,0.0,0.0,0.0,0.0,0.0,0.0,0.0,0.0,0.0,0.0,0.0,0.0,0.0,0.0,0.0,0.0,0.0,0.0,0.0,0.0,0.0
2023-11-08 21:00:00,0.0,0.0,0.0,0.0,0.0,0.0,0.0,0.0,0.0,0.0,0.0,0.0,0.0,0.0,0.0,0.0,0.0,0.0,0.0,0.0,0.0,0.0,0.0,0.0,0.0,0.0,0.0,0.0
2023-11-08 22:00:00,0.0,0.0,0.0,0.0,0.0,0.0,0.0,0.0,0.0,0.0,0.0,0.0,0.0,0.0,0.0,0.0,0.0,0.0,0.0,0.0,0.0,0.0,0.0,0.0,0.0,0.0,0.0,0.0
2023-11-08 23:00:00,0.0,0.0,0.0,0.0,0.0,0.0,0.0,0.0,0.0,0.0,0.0,0.0,0.0,0.0,0.0,0.0,0.0,0.0,0.0,0.0,0.0,0.0,0.0,0.0,0.0,0.0,0.0,0.0
2023-11-09 00:00:00,0.0,0.0,0.0,0.0,0.0,0.0,0.0,0.0,0.0,0.0,0.0,0.0,0.0,0.0,0.0,0.0,0.0,0.0,0.0,0.0,0.0,0.0,0.0,0.0,0.0,0.0,0.0,0.0
2023-11-09 01:00:00,0.0,0.0,0.0,0.0,0.0,0.0,0.0,0.0,0.0,0.0,0.0,0.0,0.0,0.0,0.0,0.0,0.0,0.0,0.0,0.0,0.0,0.0,0.0,0.0,0.0,0.0,0.0,0.0
2023-11-09 02:00:00,0.0,0.0,0.0,0.0,0.0,0.0,0.0,0.0,0.0,0.0,0.0,0.0,0.0,0.0,0.0,0.0,0.0,0.0,0.0,0.0,0.0,0.0,0.0,0.0,0.0,0.0,0.0,0.0
2023-11-09 03:00:00,0.0,0.0,0.0,0.0,0.0,0.0,0.0,0.0,0.0,0.0,0.0,0.0,0.0,0.0,0.0,0.0,0.0,0.0,0.0,0.0,0.0,0.0,0.0,0.0,0.0,0.0,0.0,0.0
2023-11-09 04:00:00,0.0,0.0,0.0,0.0,0.0,0.0,0.0,0.0,0.0,0.0,0.0,0.0,0.0,0.0,0.0,0.0,0.0,0.0,0.0,0.0,0.0,0.0,0.0,0.0,0.0,0.0,0.0,0.0
2023-11-09 05:00:00,0.0,0.0,0.0,0.0,0.0,0.0,0.0,0.0,0.0,0.0,0.0,0.0,0.0,0.0,0.0,0.0,0.0,0.0,0.0,0.0,0.0,0.0,0.0,0.0,0.0,0.0,0.0,0.0
2023-11-09 06:00:00,0.0,0.0,0.0,0.0,0.0,0.0,0.0,0.0,0.0,0.0,0.0,0.0,0.0,0.0,0.0,0.0,0.0,0.0,0.0,0.0,0.0,0.0,0.0,0.0,0.0,0.0,0.0,0.0
2023-11-09 07:00:00,0.0,0.0,0.0,0.0,0.0,0.0,0.0,0.0,0.0,0.0,0.0,0.0,0.0,0.0,0.0,0.0,0.0,0.0,0.0,0.0,0.0,0.0,0.0,0.0,0.0,0.0,0.0,0.0
2023-11-09 08:00:00,0.0,0.0,0.0,0.0,0.0,0.0,0.0,0.0,0.0,0.0,0.0,0.0,0.0,0.0,0.0,0.0,0.0,0.0,0.0,0.0,0.0,0.0,0.0,0.0,0.0,0.0,0.0,0.0
2023-11-09 09:00:00,0.0,0.0038250203298367596,0.0,0.018018961065817032,0.0,0.0,3.140153838137935e-05,0.0006664136751983028,0.0,4.710230757206902e-05,6.627441975526597e-05,0.000675010730588657,0.0,0.001220862119745139,0.0,0.0,0.0,0.0,0.0,0.0011081201852683933,0.0012832306677331444,0.0,0.12468698643528624,0.04130904006412092,0.04637255863889489,0.0,0.03019590568391711,0.0706389878787348
2023-11-09 10:00:00,0.06512735443533957,0.0816456916818509,0.006499264089338134,0.08074147148723244,0.006499789493416459,0.00037433580308536676,0.015341174777906884,0.0262065905549827,0.012908150382577664,0.02088075509803154,0.015481167733909042,0.11169281873293549,0.01597588471144442,0.035550937756972795,0.015660557810833337,0.008608616712323155,0.03722362211550367,0.07734271154550203,0.037716130451084975,0.07035852468731899,0.03709624214542804,0.09634413042774419,0.23448726751667137,0.08062830793497304,0.1423514129949438,0.001045256152210529,0.16875915641476913,0.08705572627581815
2023-11-09 11:00:00,0.11925231053420608,0.10070124895264478,0.020591848380083114,0.15879514583960502,0.0779057051533791,0.012713220108334252,0.035540328285246565,0.04380961281174536,0.0238028444667926,0.03843605053910194,0.035969307477768137,0.23061189928350773,0.03020159805659995,0.05032223969613576,0.012184860004506703,0.012645062072040168,0.0982772088305989,0.12900062134916188,0.07989791498248235,0.06861700175890466,0.05089891216025292,0.18231274887067572,0.40819330434607437,0.11915748670820227,0.2934926963117372,0.01443219789361666,0.26354342595932123,0.12302341792080909
2023-11-09 12:00:00,0.12423338834835888,0.10601803217378485,0.03432346199998148,0.18499837361436666,0.1407962441579402,0.027586642620204636,0.060179765459833494,0.07626390073966031,0.028510337512984655,0.06807313022512983,0.06322852111171426,0.2714008006011932,0.03705249882919562,0.09291529457377447,0.018355628405486074,0.020665426648462153,0.17467526694866986,0.14174492090057142,0.11760478934141556,0.10927628885044641,0.09536213492125677,0.20728273494153981,0.4971124060096122,0.1699863824827255,0.39313322362649694,0.023333801629930224,0.29879498144798644,0.14200567994152183
2023-11-09 13:00:00,0.1304348200797784,0.14732151761349796,0.03168628599121243,0.2577350536174942,0.17386105743866717,0.06364075358831613,0.052729266614684946,0.06924979138575647,0.05203317065859401,0.059925727598815925,0.05366998254136941,0.3150256946323348,0.0567192356524315,0.09279429870832075,0.03270541184321966,0.029987927784147224,0.221477459322685,0.11725912755929435,0.180767990151798,0.12147915793497654,0.09623930816123386,0.18858768592445563,0.5536842953217929,0.19889270645255996,0.49304566611530537,0.05106015924888571,0.3008292905123194,0.16299150746138835
2023-11-09 14:00:00,0.12049142520536094,0.16880061760105705,0.011991676536885739,0.24724307060381187,0.17200133848235383,0.05750774227883654,0.02739634816631527,0.037352539455849855,0.06591397982346237,0.02866943039921573,0.024520024373473993,0.32008139575898453,0.044296926132438665,0.053780214159065066,0.032791404852810284,0.024883772120881914,0.2760304730987259,0.0572654943786623,0.24462790373997417,0.05933290182429782,0.05568748199609337,0.13328781253533714,0.5472017177016247,0.18513285327977644,0.4759588192409813,0.04072861470643988,0.285466283197709,0.15648539319707958
2023-11-09 15:00:00,0.09914555681810693,0.13545021945289798,0.02855329736228751,0.25500128849278964,0.16989924308917623,0.05625757258752571,0.01813129043157375,0.02642317325515486,0.08525739058591927,0.015422503029249812,0.014558555356810922,0.2614127950050595,0.03898568578514199,0.042128711874809176,0.02265864139709047,0.021184411989919643,0.2974414526384269,0.04126653200422703,0.2701066581404305,0.043882099966190344,0.04375201192898734,0.09096028065111926,0.5927078350666188,0.19304261603173634,0.5421479633223182,0.039612452367547124,0.28873379775061775,0.1727179583791742
2023-11-09 16:00:00,0.09783790260245494,0.06488782378368815,0.05122581019986432,0.13791418905598612,0.1290398757672188,0.04921171186567752,0.0026833335930729033,0.006975985969882382,0.05588950019289704,0.004261962840880911,0.0030216956767790916,0.1343762458619732,0.03001137114162265,0.013180098722322994,0.012195772731127472,0.030181447234885764,0.29317296986226876,0.016486848868594268,0.2570776146780692,0.01244981396970203,0.013987863086798542,0.042264719641786484,0.4595941192142284,0.12397659553452937,0.3620121422959075,0.030136728769274503,0.12847091758136353,0.13446049690616718
2023-11-09 17:00:00,0.0690591884261356,0.023454990183159826,0.08854857755756923,0.029992169636295248,0.08301275111983818,0.02508224204404059,0.0,0.002666218041670138,0.06195836903506492,0.0,0.0,0.02492294828831141,0.022076139807375727,0.00581329259699756,0.005584273740403659,0.01423657079691669,0.23877898890031407,0.0025772717385736587,0.198026957052228,0.0005358635578422979,0.006488111287659156,0.00786671289304809,0.2527464009985301,0.048515803568445766,0.12001113298373944,0.017578507077026313,0.037430616657388734,0.06439583779400232
2023-11-09 18:00:00,0.039328459768767254,0.0,0.07848133811979909,0.0,0.03450007049985291,0.006961379174178432,0.04120103771916465,0.00533628128503006,0.05155846483522694,0.004074689080851804,0.00800442192754509,0.0,0.020959238972363504,0.00023709512546536273,0.0,0.004829815310752374,0.15315621426618212,0.0,0.12100033874141757,0.0,0.0002667320161485331,0.0,0.0,0.0,0.0,0.0023008617645855736,0.0,0.0
2023-11-09 19:00:00,0.0,0.0,0.0,0.0,0.0,0.0,0.0,0.0,0.0,0.0,0.0,0.0,0.0,0.0,0.0,0.0,0.0,0.0,0.0,0.0,0.0,0.0,0.0,0.0,0.0,0.0,0.0,0.0
2023-11-09 20:00:00,0.0,0.0,0.0,0.0,0.0,0.0,0.0,0.0,0.0,0.0,0.0,0.0,0.0,0.0,0.0,0.0,0.0,0.0,0.0,0.0,0.0,0.0,0.0,0.0,0.0,0.0,0.0,0.0
2023-11-09 21:00:00,0.0,0.0,0.0,0.0,0.0,0.0,0.0,0.0,0.0,0.0,0.0,0.0,0.0,0.0,0.0,0.0,0.0,0.0,0.0,0.0,0.0,0.0,0.0,0.0,0.0,0.0,0.0,0.0
2023-11-09 22:00:00,0.0,0.0,0.0,0.0,0.0,0.0,0.0,0.0,0.0,0.0,0.0,0.0,0.0,0.0,0.0,0.0,0.0,0.0,0.0,0.0,0.0,0.0,0.0,0.0,0.0,0.0,0.0,0.0
2023-11-09 23:00:00,0.0,0.0,0.0,0.0,0.0,0.0,0.0,0.0,0.0,0.0,0.0,0.0,0.0,0.0,0.0,0.0,0.0,0.0,0.0,0.0,0.0,0.0,0.0,0.0,0.0,0.0,0.0,0.0
2023-11-10 00:00:00,0.0,0.0,0.0,0.0,0.0,0.0,0.0,0.0,0.0,0.0,0.0,0.0,0.0,0.0,0.0,0.0,0.0,0.0,0.0,0.0,0.0,0.0,0.0,0.0,0.0,0.0,0.0,0.0
2023-11-10 01:00:00,0.0,0.0,0.0,0.0,0.0,0.0,0.0,0.0,0.0,0.0,0.0,0.0,0.0,0.0,0.0,0.0,0.0,0.0,0.0,0.0,0.0,0.0,0.0,0.0,0.0,0.0,0.0,0.0
2023-11-10 02:00:00,0.0,0.0,0.0,0.0,0.0,0.0,0.0,0.0,0.0,0.0,0.0,0.0,0.0,0.0,0.0,0.0,0.0,0.0,0.0,0.0,0.0,0.0,0.0,0.0,0.0,0.0,0.0,0.0
2023-11-10 03:00:00,0.0,0.0,0.0,0.0,0.0,0.0,0.0,0.0,0.0,0.0,0.0,0.0,0.0,0.0,0.0,0.0,0.0,0.0,0.0,0.0,0.0,0.0,0.0,0.0,0.0,0.0,0.0,0.0
2023-11-10 04:00:00,0.0,0.0,0.0,0.0,0.0,0.0,0.0,0.0,0.0,0.0,0.0,0.0,0.0,0.0,0.0,0.0,0.0,0.0,0.0,0.0,0.0,0.0,0.0,0.0,0.0,0.0,0.0,0.0
2023-11-10 05:00:00,0.0,0.0,0.0,0.0,0.0,0.0,0.0,0.0,0.0,0.0,0.0,0.0,0.0,0.0,0.0,0.0,0.0,0.0,0.0,0.0,0.0,0.0,0.0,0.0,0.0,0.0,0.0,0.0
2023-11-10 06:00:00,0.0,0.0,0.0,0.0,0.0,0.0,0.0,0.0,0.0,0.0,0.0,0.0,0.0,0.0,0.0,0.0,0.0,0.0,0.0,0.0,0.0,0.0,0.0,0.0,0.0,0.0,0.0,0.0
2023-11-10 07:00:00,0.0,0.0,0.0,0.0,0.0,0.0,0.0,0.0,0.0,0.0,0.0,0.0,0.0,0.0,0.0,0.0,0.0,0.0,0.0,0.0,0.0,0.0,0.0,0.0,0.0,0.0,0.0,0.0
2023-11-10 08:00:00,0.0,0.0,0.0,0.0,0.0,0.0,0.0,0.0,0.0,0.0,0.0,0.0,0.0,0.0,0.0,0.0,0.0,0.0,0.0,0.0,0.0,0.0,0.0,0.0,0.0,0.0,0.0,0.0
2023-11-10 09:00:00,0.0,0.020968174394723475,0.0,0.08324052375426629,0.0,0.0,0.014766595620845821,0.08011104673122534,0.0,0.022149893431268733,0.021729666555882616,0.006535594530713994,0.0,0.1286304399020165,0.0,0.0,0.0,0.0,0.0,0.12151655085978183,0.13504915755332508,0.0,0.15161747872025497,0.11574644995288702,0.09774642559769253,0.0,0.05401322124301667,0.15733471238801558
2023-11-10 10:00:00,0.03892667458505366,0.33540656727918966,0.006266665110484827,0.10382027220040596,0.026320426055992423,0.0008416288853563856,0.009395085323717267,0.018341462437784894,0.020071053361502167,0.02057446232416775,0.013615250392900196,0.07099424150571533,0.018340915412168684,0.031120090011329347,0.04900702234073516,0.01996203620241094,0.04741448780243034,0.035026489532279804,0.030489256120941804,0.028742321392065825,0.033304591565240474,0.04247796654673497,0.3095441587857569,0.24362190813668472,0.19548695414371098,0.002931176539582895,0.3507982751687621,0.2956920375602208
2023-11-10 11:00:00,0.06005792495636812,0.42358663230321375,0.020725664559021743,0.1237277402856543,0.07438666614563623,0.019729279194104984,0.03459409637410705,0.04902656697546536,0.025192387184208874,0.037570015491433316,0.03601725227392913,0.11315980555624096,0.030017273948695734,0.06423743721125563,0.0372855177027783,0.022676943677235533,0.09012812317387041,0.060813276417109874,0.08910145406058179,0.04406564263566852,0.0658315780887017,0.06916193406105288,0.40279320661098006,0.3748662492223669,0.21121334643672762,0.016685495423913194,0.46127191384887445,0.43789196034614025
2023-11-10 12:00:00,0.12051738696183448,0.4157737964929703,0.04876781775700169,0.11148494428725737,0.09239899725066665,0.04384898618925827,0.045369901565406934,0.06248124167745863,0.08306382498904329,0.0677100837952127,0.06427957744254821,0.15422762591149075,0.10562076455022255,0.07242469229314637,0.11217997723898566,0.09064671332006691,0.09347291155351295,0.1352644738883966,0.05540526088748195,0.06145926095210945,0.07391629675444716,0.1310313835939705,0.4750850835477864,0.5022402595269619,0.40861432780397416,0.04900844303951016,0.6035213716830572,0.5045513098395965
2023-11-10 13:00:00,0.11146090068009828,0.34667358254147146,0.04348934531933045,0.08257627546691465,0.08063985777349071,0.06676016263879324,0.052705183988080904,0.05600970295949859,0.08936216516667873,0.05149757262040965,0.055155352519585706,0.146391025092803,0.11484039983263113,0.06624176262449565,0.0907878449696972,0.06492504508459494,0.140942818459553,0.09856420230014101,0.14643592122507662,0.03762491091947803,0.06754206629492093,0.12250883885703956,0.4996808196033143,0.5344484569865731,0.480726351388122,0.05567267700270023,0.6683337224800094,0.5099275110665784
2023-11-10 14:00:00,0.11754495714239728,0.334563855147949,0.05325378120181626,0.09251589907312549,0.07404777135716119,0.09405280201113816,0.1038040887005402,0.10879361235325168,0.10657301977223319,0.09114726187988685,0.10971639214834736,0.21292525860764813,0.11084979624202375,0.09442526689023706,0.12199945030412865,0.10011064520606705,0.1674251464695019,0.08735951434983731,0.17306431652462853,0.05263568630089073,0.08897112154914769,0.13936735661210017,0.5207993432131143,0.38158836519030176,0.45916383115369824,0.09329653000417616,0.5421309919668859,0.3693036112574155
2023-11-10 15:00:00,0.09559285731121905,0.2944253464784954,0.026284533148288564,0.11699442756552852,0.055079823163432615,0.07795681470808676,0.04236329330091355,0.056694764041624546,0.08652164670059635,0.03402005265393154,0.04526533431396977,0.2141592048111559,0.06634903389455538,0.06628032637489471,0.10406759230396725,0.06391506952854328,0.1506853747000754,0.054542670253422965,0.20212459921231482,0.03714883692998393,0.06532475119319796,0.09587456369766345,0.5162612255877242,0.3325403189750789,0.4568348336714909,0.08453704788928298,0.4690572192483952,0.27832614921733045
2023-11-10 16:00:00,0.05121483831914205,0.30782431594512605,0.004670784063438797,0.07173984234145551,0.05450561707004858,0.06888498945305947,0.01119539991741573,0.015942699633733143,0.05073641877229486,0.010594169263160882,0.010853891679624892,0.11514487081812791,0.06346762505131437,0.020641563154108748,0.09358011569941026,0.03404099166784623,0.24000565434707147,0.02423772380396218,0.21610000423874529,0.01255402800298953,0.020990051272810218,0.04713662248449189,0.44349258575798567,0.21484604486751557,0.4015373321321354,0.09565844541093908,0.32379693490942707,0.1944447695695358
2023-11-10 17:00:00,0.018168515844492257,0.20994519780560034,0.00019431712193913108,0.025777861469125606,0.03275304821367422,0.050253195513739676,0.0019924133243353244,0.003609180020584171,0.015175818886566729,0.00042866485355743273,0.0010849946257223517,0.05864007841669167,0.013143587203595267,0.006356712661421103,0.03761828844561822,0.013750304781325814,0.14459805007004992,0.0038024136119288086,0.11024461853991191,0.002502094840521071,0.006516179602656732,0.016130092935994152,0.3603365657216106,0.13837860971423344,0.22620354658025005,0.05553436244985218,0.08546757257255376,0.22355980762264263
2023-11-10 18:00:00,5.632792800691622e-05,0.0,0.0,0.0,0.004573742395696314,0.005644910789358248,0.0,0.0,0.0009059777926230037,0.0,0.0,0.0,2.5291348877697564e-05,0.0,0.0005649195474146574,0.003905491351900878,0.07465690384853006,0.0,0.0669649511108669,0.0,0.0,0.0,0.0,0.0,0.0,0.004673788374591839,0.0,0.0
2023-11-10 19:00:00,0.0,0.0,0.0,0.0,0.0,0.0,0.0,0.0,0.0,0.0,0.0,0.0,0.0,0.0,0.0,0.0,0.0,0.0,0.0,0.0,0.0,0.0,0.0,0.0,0.0,0.0,0.0,0.0
2023-11-10 20:00:00,0.0,0.0,0.0,0.0,0.0,0.0,0.0,0.0,0.0,0.0,0.0,0.0,0.0,0.0,0.0,0.0,0.0,0.0,0.0,0.0,0.0,0.0,0.0,0.0,0.0,0.0,0.0,0.0
2023-11-10 21:00:00,0.0,0.0,0.0,0.0,0.0,0.0,0.0,0.0,0.0,0.0,0.0,0.0,0.0,0.0,0.0,0.0,0.0,0.0,0.0,0.0,0.0,0.0,0.0,0.0,0.0,0.0,0.0,0.0
2023-11-10 22:00:00,0.0,0.0,0.0,0.0,0.0,0.0,0.0,0.0,0.0,0.0,0.0,0.0,0.0,0.0,0.0,0.0,0.0,0.0,0.0,0.0,0.0,0.0,0.0,0.0,0.0,0.0,0.0,0.0
2023-11-10 23:00:00,0.0,0.0,0.0,0.0,0.0,0.0,0.0,0.0,0.0,0.0,0.0,0.0,0.0,0.0,0.0,0.0,0.0,0.0,0.0,0.0,0.0,0.0,0.0,0.0,0.0,0.0,0.0,0.0
2023-11-11 00:00:00,0.0,0.0,0.0,0.0,0.0,0.0,0.0,0.0,0.0,0.0,0.0,0.0,0.0,0.0,0.0,0.0,0.0,0.0,0.0,0.0,0.0,0.0,0.0,0.0,0.0,0.0,0.0,0.0
2023-11-11 01:00:00,0.0,0.0,0.0,0.0,0.0,0.0,0.0,0.0,0.0,0.0,0.0,0.0,0.0,0.0,0.0,0.0,0.0,0.0,0.0,0.0,0.0,0.0,0.0,0.0,0.0,0.0,0.0,0.0
2023-11-11 02:00:00,0.0,0.0,0.0,0.0,0.0,0.0,0.0,0.0,0.0,0.0,0.0,0.0,0.0,0.0,0.0,0.0,0.0,0.0,0.0,0.0,0.0,0.0,0.0,0.0,0.0,0.0,0.0,0.0
2023-11-11 03:00:00,0.0,0.0,0.0,0.0,0.0,0.0,0.0,0.0,0.0,0.0,0.0,0.0,0.0,0.0,0.0,0.0,0.0,0.0,0.0,0.0,0.0,0.0,0.0,0.0,0.0,0.0,0.0,0.0
2023-11-11 04:00:00,0.0,0.0,0.0,0.0,0.0,0.0,0.0,0.0,0.0,0.0,0.0,0.0,0.0,0.0,0.0,0.0,0.0,0.0,0.0,0.0,0.0,0.0,0.0,0.0,0.0,0.0,0.0,0.0
2023-11-11 05:00:00,0.0,0.0,0.0,0.0,0.0,0.0,0.0,0.0,0.0,0.0,0.0,0.0,0.0,0.0,0.0,0.0,0.0,0.0,0.0,0.0,0.0,0.0,0.0,0.0,0.0,0.0,0.0,0.0
2023-11-11 06:00:00,0.0,0.0,0.0,0.0,0.0,0.0,0.0,0.0,0.0,0.0,0.0,0.0,0.0,0.0,0.0,0.0,0.0,0.0,0.0,0.0,0.0,0.0,0.0,0.0,0.0,0.0,0.0,0.0
2023-11-11 07:00:00,0.0,0.0,0.0,0.0,0.0,0.0,0.0,0.0,0.0,0.0,0.0,0.0,0.0,0.0,0.0,0.0,0.0,0.0,0.0,0.0,0.0,0.0,0.0,0.0,0.0,0.0,0.0,0.0
2023-11-11 08:00:00,0.0,0.0,0.0,0.0,0.0,0.0,0.0,0.0,0.0,0.0,0.0,0.0,0.0,0.0,0.0,0.0,0.0,0.0,0.0,0.0,0.0,0.0,0.0,0.0,0.0,0.0,0.0,0.0
2023-11-11 09:00:00,0.0,0.0019792727207022702,0.0,0.08541161011920528,0.0,0.0,0.0,0.08420207702212268,0.0,0.0,0.0,0.028144184156760198,0.0,0.17176566260473372,0.0,0.0,0.0,0.0,0.0,0.13345672881479204,0.18047199702046382,0.0,0.12211737379399694,0.062284537161228205,0.006734349573842447,0.0,0.002806273516651924,0.059348940375455246
2023-11-11 10:00:00,0.059445257213252535,0.0939915250465714,0.07390758119681007,0.06097976615272245,0.010039990787658914,0.03507330586849561,0.12313193705415297,0.17422255650837482,0.09281792164155714,0.10703659071951982,0.12390208605308808,0.03890098256388103,0.09337484927257203,0.21520141833573503,0.0195598241373072,0.09345580476956382,0.15538752588699764,0.040412555659711136,0.0991283938866506,0.1719169474108725,0.21613610324505053,0.06134863307831683,0.1925234888639158,0.1413150443501163,0.04134800290793847,0.013199471524855039,0.10591253032439418,0.15796206311444158
2023-11-11 11:00:00,0.1485544840085719,0.16260073270854267,0.19503333688830587,0.09991558609884929,0.060554242381162825,0.16505126393507735,0.1892258179306623,0.19669946582889217,0.11816849498829736,0.18647338021621743,0.20311543204051824,0.09495851640065306,0.126636592748751,0.21513519412336077,0.09544903156355594,0.15059718439339892,0.25523855451264743,0.12509321617354832,0.14733682811833348,0.136377104074055,0.2182066556065241,0.15004393050991283,0.1587129727435536,0.20072577392232413,0.12819008386612105,0.09015976988740063,0.1708499632443946,0.2505518220559279
2023-11-11 12:00:00,0.3304243816504641,0.3339192486711176,0.2795631149335555,0.1386657282040561,0.11308532028794609,0.31324972589940037,0.3801787443049019,0.3550154759982406,0.22750797538867334,0.4582472276084556,0.4193390539467921,0.37063642804213526,0.19874088409941673,0.2749157119374328,0.17260632727988956,0.1855010049270383,0.2783605812236423,0.40489006131048494,0.2064747803132315,0.21835228357403408,0.26908996183128203,0.4752246095156114,0.19883872266791458,0.22694707315854587,0.12691146770790818,0.1843650860040073,0.1849743346643698,0.25373847161325147
2023-11-11 13:00:00,0.3624036252610174,0.44308894757471057,0.24233849497575605,0.1882671403392502,0.1380599004043453,0.2939931238447368,0.32958034401257214,0.2720272713050866,0.27100662240097817,0.3387795245958083,0.314726641055896,0.4593503315125639,0.25244036108459106,0.19647959128007006,0.1939328293101184,0.18906189917170152,0.28901538939717125,0.3355823652517778,0.2606740717042408,0.21285305853434833,0.18927112060141077,0.42487861698012236,0.20215179817189668,0.2422027668359889,0.1861944194467261,0.23167178059156351,0.17740776935623792,0.2814435104623665
2023-11-11 14:00:00,0.32759925952697144,0.46359233092565416,0.29103932631700746,0.25523012509963344,0.1890602299459986,0.27361119300760633,0.3408245790239201,0.2568268138313049,0.27632883757878235,0.2819991372638576,0.28589230309365865,0.4759920028282927,0.292989644970509,0.21740130203603708,0.1910148138305619,0.25961207216908544,0.281773247272924,0.26654639458319107,0.28154368120989587,0.15896947297982425,0.2153525509018609,0.3546906411667609,0.24610589444351263,0.29381159532790724,0.2023927987383475,0.31284387135574254,0.1755242931695072,0.369173746202093
2023-11-11 15:00:00,0.2729405337592841,0.434958052972867,0.30032640730842197,0.18712548197746326,0.21849271957653388,0.2016469224381206,0.3047878469087442,0.2214390337280454,0.287811891378259,0.17390738706703013,0.21886900677826795,0.38471523534435825,0.2563469538344184,0.19989955332864734,0.16195243382497254,0.1966945384103525,0.30620139211213415,0.22905844332928613,0.2661651545937717,0.10120705958069509,0.19472106831579256,0.24812816911518165,0.22841599700398804,0.2984991364647652,0.1559265961527419,0.2878652001014721,0.12149221414375436,0.40014662099103493
2023-11-11 16:00:00,0.1683677867420765,0.38424309928677597,0.21823715512331462,0.11724004657714532,0.21912978738000638,0.20306267787473078,0.15788143652507228,0.13512769868809182,0.1720825836914961,0.1281656087475583,0.14682991473686963,0.2095061931216221,0.1356031205561529,0.11591380844405647,0.19048333597950287,0.14830208557069718,0.21243673748330846,0.1426916980573906,0.20979158482441337,0.08896886355251506,0.11125408652357234,0.14680270021667546,0.22047224822522027,0.3263767313541517,0.1137507668525072,0.2908742223557513,0.09143812981251634,0.40373952309809125
2023-11-11 17:00:00,0.12918662585174812,0.22226325049582715,0.2122504868235831,0.04307351995415784,0.15954050234148243,0.10757870397370409,0.16056532584770922,0.1152058020686239,0.13211419333697555,0.11412008978842639,0.14820886070272138,0.07745867578278316,0.09449682463199992,0.07500432677160357,0.07669611708791954,0.12300681148251032,0.15330809069435103,0.07899957410788204,0.17659746543482038,0.032332886530932525,0.06640041674791368,0.09969455487466021,0.18083761575081914,0.18968222203761925,0.07556005247390916,0.17181570958212863,0.07417274829041269,0.23830493233386965
2023-11-11 18:00:00,0.04782556306265097,0.0,0.14406119487056254,0.0,0.010156387905121186,0.023987551805372466,0.06411804080266466,0.0,0.048778692725864964,0.0,0.0,0.0,0.025171714797155353,0.0,0.024909722614399506,0.04701623863018644,0.07675590164788644,0.0,0.09029553600081085,0.0,0.0,0.0,0.0,0.0,0.0,0.01758879327192856,0.0,0.0
2023-11-11 19:00:00,0.0,0.0,0.0,0.0,0.0,0.0,0.0,0.0,0.0,0.0,0.0,0.0,0.0,0.0,0.0,0.0,0.0,0.0,0.0,0.0,0.0,0.0,0.0,0.0,0.0,0.0,0.0,0.0
2023-11-11 20:00:00,0.0,0.0,0.0,0.0,0.0,0.0,0.0,0.0,0.0,0.0,0.0,0.0,0.0,0.0,0.0,0.0,0.0,0.0,0.0,0.0,0.0,0.0,0.0,0.0,0.0,0.0,0.0,0.0
2023-11-11 21:00:00,0.0,0.0,0.0,0.0,0.0,0.0,0.0,0.0,0.0,0.0,0.0,0.0,0.0,0.0,0.0,0.0,0.0,0.0,0.0,0.0,0.0,0.0,0.0,0.0,0.0,0.0,0.0,0.0
2023-11-11 22:00:00,0.0,0.0,0.0,0.0,0.0,0.0,0.0,0.0,0.0,0.0,0.0,0.0,0.0,0.0,0.0,0.0,0.0,0.0,0.0,0.0,0.0,0.0,0.0,0.0,0.0,0.0,0.0,0.0
2023-11-11 23:00:00,0.0,0.0,0.0,0.0,0.0,0.0,0.0,0.0,0.0,0.0,0.0,0.0,0.0,0.0,0.0,0.0,0.0,0.0,0.0,0.0,0.0,0.0,0.0,0.0,0.0,0.0,0.0,0.0
2023-11-12 00:00:00,0.0,0.0,0.0,0.0,0.0,0.0,0.0,0.0,0.0,0.0,0.0,0.0,0.0,0.0,0.0,0.0,0.0,0.0,0.0,0.0,0.0,0.0,0.0,0.0,0.0,0.0,0.0,0.0
2023-11-12 01:00:00,0.0,0.0,0.0,0.0,0.0,0.0,0.0,0.0,0.0,0.0,0.0,0.0,0.0,0.0,0.0,0.0,0.0,0.0,0.0,0.0,0.0,0.0,0.0,0.0,0.0,0.0,0.0,0.0
2023-11-12 02:00:00,0.0,0.0,0.0,0.0,0.0,0.0,0.0,0.0,0.0,0.0,0.0,0.0,0.0,0.0,0.0,0.0,0.0,0.0,0.0,0.0,0.0,0.0,0.0,0.0,0.0,0.0,0.0,0.0
2023-11-12 03:00:00,0.0,0.0,0.0,0.0,0.0,0.0,0.0,0.0,0.0,0.0,0.0,0.0,0.0,0.0,0.0,0.0,0.0,0.0,0.0,0.0,0.0,0.0,0.0,0.0,0.0,0.0,0.0,0.0
2023-11-12 04:00:00,0.0,0.0,0.0,0.0,0.0,0.0,0.0,0.0,0.0,0.0,0.0,0.0,0.0,0.0,0.0,0.0,0.0,0.0,0.0,0.0,0.0,0.0,0.0,0.0,0.0,0.0,0.0,0.0
2023-11-12 05:00:00,0.0,0.0,0.0,0.0,0.0,0.0,0.0,0.0,0.0,0.0,0.0,0.0,0.0,0.0,0.0,0.0,0.0,0.0,0.0,0.0,0.0,0.0,0.0,0.0,0.0,0.0,0.0,0.0
2023-11-12 06:00:00,0.0,0.0,0.0,0.0,0.0,0.0,0.0,0.0,0.0,0.0,0.0,0.0,0.0,0.0,0.0,0.0,0.0,0.0,0.0,0.0,0.0,0.0,0.0,0.0,0.0,0.0,0.0,0.0
2023-11-12 07:00:00,0.0,0.0,0.0,0.0,0.0,0.0,0.0,0.0,0.0,0.0,0.0,0.0,0.0,0.0,0.0,0.0,0.0,0.0,0.0,0.0,0.0,0.0,0.0,0.0,0.0,0.0,0.0,0.0
2023-11-12 08:00:00,0.0,0.0,0.0,0.0,0.0,0.0,0.0,0.0,0.0,0.0,0.0,0.0,0.0,0.0,0.0,0.0,0.0,0.0,0.0,0.0,0.0,0.0,0.0,0.0,0.0,0.0,0.0,0.0
2023-11-12 09:00:00,0.0,0.0,0.0,0.010025692533912113,0.0,0.0,0.0,0.00014729425519598272,0.0,0.0,0.0,4.8739025977804653e-05,0.0,0.0003854612770365228,0.0,0.0,0.0,0.0,0.0,0.0,0.00043364393666608817,0.0,0.27504951369556846,0.16728553300089152,0.33512524996800463,0.0,0.09228382919629131,0.13520639387361164
2023-11-12 10:00:00,0.04179861585427126,0.08432992893145431,0.005184975929267181,0.06253503456768762,0.0314021037276604,0.04161943387568933,0.009410384091368448,0.014909381638939049,0.043777183587811005,0.013338996816553714,0.008642464165705329,0.084387443588834,0.012426617047653249,0.02284416902451883,0.010123321145367693,0.004386219128485019,0.02695888644619651,0.04413800249965016,0.006031745876825383,0.023719992725526808,0.024134555929466513,0.062027733978065026,0.3767436898363415,0.25528297647664555,0.4185940982860304,0.023514046629414705,0.4146143976103028,0.21380428929534182
2023-11-12 11:00:00,0.07444052607434659,0.09056867767508395,0.01234978065298848,0.15361832960055613,0.15056906858944782,0.15130447783112658,0.028354744779198846,0.04963471781830353,0.08908951528805432,0.0500365861979003,0.032735047780957226,0.17564926307513964,0.02944548136304694,0.06788558241783095,0.013596915301358916,0.01726015816625031,0.04625746454469081,0.05218525888062189,0.018487609090063466,0.07854391545490202,0.07095185503787134,0.08971184291038616,0.4375893496200877,0.3265689547637878,0.4309344691403911,0.10647830825876518,0.4550275957364397,0.3130053157952295
2023-11-12 12:00:00,0.11521029052999823,0.0999158842016249,0.016444722280697228,0.12222576931156852,0.23767096481198652,0.23161531825967435,0.04442525398555716,0.06716142398991502,0.13948521979098763,0.0716361061906484,0.053827997908641706,0.13049263894257082,0.06411178314118787,0.07366259380476049,0.04828836868944914,0.07706551416113752,0.04814284892409818,0.04949231160954789,0.022027197808459097,0.08109089033271488,0.07542847100323762,0.08993593911368554,0.524397756686304,0.22642377037416273,0.3858069886174135,0.1389645350558042,0.43368777599700087,0.22170374873264911
2023-11-12 13:00:00,0.1377490276121161,0.1747911509209115,0.01722436501035622,0.13624919556060877,0.3025137112259176,0.25444141863571784,0.04181427075893603,0.0600196978680451,0.21173694394352519,0.04784343544352499,0.03852215120750687,0.16887167490557167,0.1090565318825369,0.07764465454641577,0.12751899198119865,0.12508303182221156,0.05909875487597047,0.059782442364674955,0.039215471598837655,0.08734067629314732,0.07981919144860311,0.0932554330860272,0.5018234438826487,0.22353552967217447,0.38541765589636723,0.19233545405906727,0.30565048127902394,0.22509297273261433
2023-11-12 14:00:00,0.15245496323298874,0.2606580123091286,0.018437314398467016,0.16201057421570145,0.33649150657230487,0.29156137497968226,0.036001029620697046,0.058094869223527745,0.1943682456769655,0.035888328078127564,0.03096182388042108,0.19105360654715606,0.13502683953255526,0.08477143570549188,0.19394843185275232,0.23615489910780288,0.07177673155840437,0.0461931091540622,0.03896143626817519,0.08586499706023787,0.08778621139078653,0.08404320344232404,0.4046814563611748,0.350139572774557,0.4083654066362568,0.23715339982202607,0.26406728936823864,0.3153898320118685
2023-11-12 15:00:00,0.12006878575373936,0.29075780945350305,0.038875172912207295,0.12753678538933236,0.34665540631523406,0.27164123369096477,0.033679003319824576,0.06221760667294406,0.26126577205877716,0.036159684748785316,0.03313060742372901,0.11359933984981985,0.20002999433130672,0.08605025221249259,0.2895639515529379,0.22742691526482767,0.07909221642357053,0.02722405150269261,0.031237827463081937,0.09116953861254853,0.08835329233151859,0.05072648158590276,0.3225984573194413,0.31818799870944,0.4428120892588416,0.24144710392188268,0.2895401898199313,0.3037618843056865
2023-11-12 16:00:00,0.0792342288108012,0.23214327701448237,0.007353325665223529,0.07945992126471829,0.2865998118397478,0.23545989471952505,0.008482870807655947,0.015847688893112194,0.2616601238716497,0.00924559635471979,0.008253506976581967,0.06262759401956366,0.21350754032866265,0.023043850686089176,0.2309854307896317,0.16176035000176578,0.07586121646541695,0.015493600473964109,0.027773438959632576,0.022078262824745537,0.023689027209368482,0.02633974573750103,0.10893662956122499,0.1934208334407547,0.24712931419607564,0.23806569990768567,0.29025667194431964,0.20899316124248585
2023-11-12 17:00:00,0.03559825498992827,0.10952867519556136,0.00260710852360086,0.017242704466899426,0.20176001291561685,0.15272538695381196,0.0022065393027509116,0.0037404636088331877,0.15043163373474872,0.002128011175163245,0.0021556779305142207,0.015606928482243638,0.1105491776906232,0.004530030847317056,0.23475555867963815,0.20753807975099509,0.0703005746688188,0.004026322879830634,0.03982140853709426,0.0031168180439775676,0.004522093055320095,0.008558628146342553,0.05378887767458236,0.07129507148251966,0.13931741419778046,0.18745200545581225,0.10848700472661235,0.09672483674850896
2023-11-12 18:00:00,0.0012646018015489886,0.0,0.0,0.0,0.04517228317983046,0.026041103849760463,0.0,0.0,0.09097235042580439,0.0,0.0,0.0,0.056297187819447356,0.0,0.03923373893533429,0.12560801090799728,0.03408799578701753,0.0,0.03427581660565986,0.0,0.0,0.0,0.0,0.0,0.0,0.009094478805657981,0.0,0.0
2023-11-12 19:00:00,0.0,0.0,0.0,0.0,0.0,0.0,0.0,0.0,0.0,0.0,0.0,0.0,0.0,0.0,0.0,0.0,0.0,0.0,0.0,0.0,0.0,0.0,0.0,0.0,0.0,0.0,0.0,0.0
2023-11-12 20:00:00,0.0,0.0,0.0,0.0,0.0,0.0,0.0,0.0,0.0,0.0,0.0,0.0,0.0,0.0,0.0,0.0,0.0,0.0,0.0,0.0,0.0,0.0,0.0,0.0,0.0,0.0,0.0,0.0
2023-11-12 21:00:00,0.0,0.0,0.0,0.0,0.0,0.0,0.0,0.0,0.0,0.0,0.0,0.0,0.0,0.0,0.0,0.0,0.0,0.0,0.0,0.0,0.0,0.0,0.0,0.0,0.0,0.0,0.0,0.0
2023-11-12 22:00:00,0.0,0.0,0.0,0.0,0.0,0.0,0.0,0.0,0.0,0.0,0.0,0.0,0.0,0.0,0.0,0.0,0.0,0.0,0.0,0.0,0.0,0.0,0.0,0.0,0.0,0.0,0.0,0.0
2023-11-12 23:00:00,0.0,0.0,0.0,0.0,0.0,0.0,0.0,0.0,0.0,0.0,0.0,0.0,0.0,0.0,0.0,0.0,0.0,0.0,0.0,0.0,0.0,0.0,0.0,0.0,0.0,0.0,0.0,0.0
2023-11-13 00:00:00,0.0,0.0,0.0,0.0,0.0,0.0,0.0,0.0,0.0,0.0,0.0,0.0,0.0,0.0,0.0,0.0,0.0,0.0,0.0,0.0,0.0,0.0,0.0,0.0,0.0,0.0,0.0,0.0
2023-11-13 01:00:00,0.0,0.0,0.0,0.0,0.0,0.0,0.0,0.0,0.0,0.0,0.0,0.0,0.0,0.0,0.0,0.0,0.0,0.0,0.0,0.0,0.0,0.0,0.0,0.0,0.0,0.0,0.0,0.0
2023-11-13 02:00:00,0.0,0.0,0.0,0.0,0.0,0.0,0.0,0.0,0.0,0.0,0.0,0.0,0.0,0.0,0.0,0.0,0.0,0.0,0.0,0.0,0.0,0.0,0.0,0.0,0.0,0.0,0.0,0.0
2023-11-13 03:00:00,0.0,0.0,0.0,0.0,0.0,0.0,0.0,0.0,0.0,0.0,0.0,0.0,0.0,0.0,0.0,0.0,0.0,0.0,0.0,0.0,0.0,0.0,0.0,0.0,0.0,0.0,0.0,0.0
2023-11-13 04:00:00,0.0,0.0,0.0,0.0,0.0,0.0,0.0,0.0,0.0,0.0,0.0,0.0,0.0,0.0,0.0,0.0,0.0,0.0,0.0,0.0,0.0,0.0,0.0,0.0,0.0,0.0,0.0,0.0
2023-11-13 05:00:00,0.0,0.0,0.0,0.0,0.0,0.0,0.0,0.0,0.0,0.0,0.0,0.0,0.0,0.0,0.0,0.0,0.0,0.0,0.0,0.0,0.0,0.0,0.0,0.0,0.0,0.0,0.0,0.0
2023-11-13 06:00:00,0.0,0.0,0.0,0.0,0.0,0.0,0.0,0.0,0.0,0.0,0.0,0.0,0.0,0.0,0.0,0.0,0.0,0.0,0.0,0.0,0.0,0.0,0.0,0.0,0.0,0.0,0.0,0.0
2023-11-13 07:00:00,0.0,0.0,0.0,0.0,0.0,0.0,0.0,0.0,0.0,0.0,0.0,0.0,0.0,0.0,0.0,0.0,0.0,0.0,0.0,0.0,0.0,0.0,0.0,0.0,0.0,0.0,0.0,0.0
2023-11-13 08:00:00,0.0,0.0,0.0,0.0,0.0,0.0,0.0,0.0,0.0,0.0,0.0,0.0,0.0,0.0,0.0,0.0,0.0,0.0,0.0,0.0,0.0,0.0,0.0,0.0,0.0,0.0,0.0,0.0
2023-11-13 09:00:00,0.0,0.0,0.0,0.05250155321160058,0.0,0.0,0.0,0.0,0.0,0.0,0.0,0.0,0.0,0.0,0.0,0.0,0.0,0.0,0.0,0.0,0.0,0.0,0.2564713808233221,0.09194223015654956,0.027026576891994513,0.0,0.020089019892599605,0.1398930701384072
2023-11-13 10:00:00,0.12127830459015884,0.1412165084256445,0.22202678382035967,0.17177935140738126,0.013715994259080058,0.06843511830153563,0.1900655319764826,0.25145497364203695,0.17067180770409235,0.24165907504395334,0.1998094013918024,0.2107411948527661,0.1735280121075697,0.3222056097200632,0.0703424508286626,0.08768509049497525,0.1709545970812454,0.08171884005407425,0.14553837988941903,0.28583617661338145,0.3351329069255564,0.16828467266762484,0.3436903287695396,0.259671938966983,0.05656720164468776,0.05636730833734965,0.07153297388991806,0.3364065625749467
2023-11-13 11:00:00,0.25182831805499417,0.2742571001496081,0.3183726460313161,0.37533021877575606,0.1078966042224291,0.2236859290441207,0.28736118054303544,0.3309541342928575,0.2347002661966477,0.3102671922623123,0.2681397095054358,0.36850416377508033,0.1918076922124021,0.42415737657033703,0.11654104000819933,0.07553486865631379,0.3115974726584518,0.2334433342679237,0.2622438195222252,0.3881937580997251,0.43927711860764074,0.26459304790039145,0.4018803146507592,0.3315065289577161,0.13627733888092572,0.18731854238212342,0.148288100301971,0.40288815223737245
2023-11-13 12:00:00,0.3720000181249378,0.41065840807797244,0.49581244252585255,0.3921598452202297,0.19425515015342523,0.26219097041173756,0.4476377092442823,0.4819209006597766,0.35143663066680236,0.4902444861186273,0.4392700245863381,0.41678458096547205,0.3048788981486632,0.5431825623307802,0.08772047732012311,0.11885490991441504,0.31474625103289494,0.42616743142494085,0.2813428182175043,0.5118920419982487,0.5567683495769498,0.3984656108925988,0.44181515647627323,0.4054709702809426,0.21766995866712166,0.24178290279210768,0.1558335974526352,0.47317023553268067
2023-11-13 13:00:00,0.49885860803418114,0.5022888983687233,0.5754481866629724,0.4961007757844186,0.2270248396724742,0.3370236079381892,0.559384658332166,0.5897301802536074,0.38074284173461787,0.5603267137405493,0.541305848112877,0.6475491593142105,0.330383902262795,0.6094413375586802,0.10602373410830132,0.1639174223098622,0.3833425289736628,0.4442060715155927,0.33864327250732407,0.5597299675373832,0.6106420715723341,0.5461834693459813,0.4506197986923313,0.5226344759946422,0.26843352921711683,0.3224177490270159,0.32890270965251817,0.5426435951790085
2023-11-13 14:00:00,0.4259974534692187,0.4564561052368091,0.5658443140824398,0.553171511231935,0.3138247616088537,0.33891920252973223,0.5510471817147643,0.5850283503514601,0.327756628754629,0.5926995720519331,0.5663408767351478,0.646339800420125,0.2813928090529284,0.6200817703760517,0.0920008343113373,0.1437017027297091,0.4399153656240797,0.4010980934777863,0.42422991649118397,0.5844209478342551,0.6280685130901718,0.5548519208407786,0.386832154175766,0.4945888613857708,0.288707490080267,0.30717319798833714,0.2723503832390339,0.5304355082464187
2023-11-13 15:00:00,0.3882962030524442,0.40584166149557727,0.522805365778404,0.5184591405997673,0.2749382901324474,0.2919475062820241,0.5561181695729979,0.594120315524112,0.26216647030526047,0.6054190407134115,0.5771470292491161,0.5660162672358562,0.21108429195390888,0.6160626895078648,0.06203276389241208,0.11553435846688094,0.4023471061372893,0.3632837831703442,0.3966717883265204,0.5839238686126051,0.6211255157753749,0.515332686142299,0.2872366995288882,0.49776209557082557,0.303116889036325,0.2608128641736757,0.23551916146434443,0.5270291525682022
2023-11-13 16:00:00,0.41054330798948857,0.3515190832062804,0.48546444454890536,0.5049109489026368,0.2243088530538872,0.25738240612966784,0.5557534574836582,0.5396754460252776,0.22943238069701163,0.45509272273241685,0.4811730272297117,0.5993772293658102,0.1457803485969837,0.5510222598815976,0.08375921670251783,0.08856230793122395,0.3910219727446023,0.43170715169552615,0.3894295875047522,0.4564469112864018,0.5471880273474607,0.5055129631580929,0.12050143332585216,0.4345927918099959,0.2842955638402246,0.22890736506518325,0.21659157040413105,0.4869264364252459
2023-11-13 17:00:00,0.2960459296904429,0.2278815263233054,0.39682424546162776,0.38003966109621173,0.13168936477062596,0.18889233912460218,0.4542308595119809,0.4378777651498041,0.18000979143349494,0.3680641039326879,0.3955733256602971,0.4183975586928221,0.1022848547060241,0.4338017529591717,0.11277143490310089,0.08054910054864382,0.341908603152499,0.3568911551994292,0.3248090447732252,0.3923068831944619,0.42854041308737756,0.3315641075868894,0.037291239630817596,0.34616123375922625,0.22671927091010244,0.14580098182305928,0.13980727032428786,0.35087815110806037
2023-11-13 18:00:00,0.041677969162024806,0.0,0.19308614010046657,0.0,0.0018965109503537043,0.026244683791998694,0.0,0.0,0.09903308539219932,0.0,0.0,0.0,0.05411364544017625,0.0,0.0075208191098231824,0.05114690839880807,0.15106976827370683,0.0,0.17130012806009304,0.0,0.0,0.0,0.0,0.0,0.0,0.014740840523469077,0.0,0.0
2023-11-13 19:00:00,0.0,0.0,0.0,0.0,0.0,0.0,0.0,0.0,0.0,0.0,0.0,0.0,0.0,0.0,0.0,0.0,0.0,0.0,0.0,0.0,0.0,0.0,0.0,0.0,0.0,0.0,0.0,0.0
2023-11-13 20:00:00,0.0,0.0,0.0,0.0,0.0,0.0,0.0,0.0,0.0,0.0,0.0,0.0,0.0,0.0,0.0,0.0,0.0,0.0,0.0,0.0,0.0,0.0,0.0,0.0,0.0,0.0,0.0,0.0
2023-11-13 21:00:00,0.0,0.0,0.0,0.0,0.0,0.0,0.0,0.0,0.0,0.0,0.0,0.0,0.0,0.0,0.0,0.0,0.0,0.0,0.0,0.0,0.0,0.0,0.0,0.0,0.0,0.0,0.0,0.0
2023-11-13 22:00:00,0.0,0.0,0.0,0.0,0.0,0.0,0.0,0.0,0.0,0.0,0.0,0.0,0.0,0.0,0.0,0.0,0.0,0.0,0.0,0.0,0.0,0.0,0.0,0.0,0.0,0.0,0.0,0.0
2023-11-13 23:00:00,0.0,0.0,0.0,0.0,0.0,0.0,0.0,0.0,0.0,0.0,0.0,0.0,0.0,0.0,0.0,0.0,0.0,0.0,0.0,0.0,0.0,0.0,0.0,0.0,0.0,0.0,0.0,0.0
2023-11-14 00:00:00,0.0,0.0,0.0,0.0,0.0,0.0,0.0,0.0,0.0,0.0,0.0,0.0,0.0,0.0,0.0,0.0,0.0,0.0,0.0,0.0,0.0,0.0,0.0,0.0,0.0,0.0,0.0,0.0
2023-11-14 01:00:00,0.0,0.0,0.0,0.0,0.0,0.0,0.0,0.0,0.0,0.0,0.0,0.0,0.0,0.0,0.0,0.0,0.0,0.0,0.0,0.0,0.0,0.0,0.0,0.0,0.0,0.0,0.0,0.0
2023-11-14 02:00:00,0.0,0.0,0.0,0.0,0.0,0.0,0.0,0.0,0.0,0.0,0.0,0.0,0.0,0.0,0.0,0.0,0.0,0.0,0.0,0.0,0.0,0.0,0.0,0.0,0.0,0.0,0.0,0.0
2023-11-14 03:00:00,0.0,0.0,0.0,0.0,0.0,0.0,0.0,0.0,0.0,0.0,0.0,0.0,0.0,0.0,0.0,0.0,0.0,0.0,0.0,0.0,0.0,0.0,0.0,0.0,0.0,0.0,0.0,0.0
2023-11-14 04:00:00,0.0,0.0,0.0,0.0,0.0,0.0,0.0,0.0,0.0,0.0,0.0,0.0,0.0,0.0,0.0,0.0,0.0,0.0,0.0,0.0,0.0,0.0,0.0,0.0,0.0,0.0,0.0,0.0
2023-11-14 05:00:00,0.0,0.0,0.0,0.0,0.0,0.0,0.0,0.0,0.0,0.0,0.0,0.0,0.0,0.0,0.0,0.0,0.0,0.0,0.0,0.0,0.0,0.0,0.0,0.0,0.0,0.0,0.0,0.0
2023-11-14 06:00:00,0.0,0.0,0.0,0.0,0.0,0.0,0.0,0.0,0.0,0.0,0.0,0.0,0.0,0.0,0.0,0.0,0.0,0.0,0.0,0.0,0.0,0.0,0.0,0.0,0.0,0.0,0.0,0.0
2023-11-14 07:00:00,0.0,0.0,0.0,0.0,0.0,0.0,0.0,0.0,0.0,0.0,0.0,0.0,0.0,0.0,0.0,0.0,0.0,0.0,0.0,0.0,0.0,0.0,0.0,0.0,0.0,0.0,0.0,0.0
2023-11-14 08:00:00,0.0,0.0,0.0,0.0,0.0,0.0,0.0,0.0,0.0,0.0,0.0,0.0,0.0,0.0,0.0,0.0,0.0,0.0,0.0,0.0,0.0,0.0,0.0,0.0,0.0,0.0,0.0,0.0
2023-11-14 09:00:00,0.0,0.0,0.0,0.06169009303919717,0.0,0.0,0.0,0.0,0.0,0.0,0.0,0.0,0.0,0.0,0.0,0.0,0.0,0.0,0.0,0.0,0.0,0.0,0.15586731336075488,0.023055388557832523,0.06514419452802861,0.0,0.007190393043642855,0.028729261448600826
2023-11-14 10:00:00,0.11074653416736943,0.11787903930155647,0.3434961256941308,0.1913902824483153,0.004623958420880233,0.05595236092785462,0.31340005599086057,0.2953942966751599,0.025607580132302722,0.3072767450612507,0.28679098899953404,0.06860416144542389,0.027251875655260858,0.3384464378081987,0.0189866237916522,0.009211511586801243,0.18697537351263724,0.0511117475332419,0.1947076937572913,0.28258326100703957,0.35063551070051885,0.15029699831268292,0.26424396826433466,0.21833571150825518,0.08972552982382431,0.0361228634169123,0.15856178294319803,0.29047944003854265
2023-11-14 11:00:00,0.11386580614458212,0.16444950421264137,0.37701817926845,0.30583483894978253,0.1083531888496928,0.11599824349881993,0.44426646673991677,0.375177963411163,0.06320780399634644,0.2844362929901097,0.2970180370842019,0.11989576406095954,0.056916176030979926,0.43636525356207323,0.04894889015986801,0.027879618723737686,0.31012291168127126,0.06525423402716646,0.3331212417179087,0.3817916439059873,0.44863121250513843,0.13527876851231208,0.38238085014172346,0.353146298613573,0.23099280837836164,0.09375162243752212,0.2778575340337578,0.4274784837684969
2023-11-14 12:00:00,0.2462095378647465,0.25383997341942893,0.5012226568466699,0.47217968155390994,0.1695056717133248,0.1982251357090968,0.5138873073019962,0.431367762997729,0.1050831318297694,0.3053010016068743,0.3379322545210333,0.2507646142930745,0.10853221829220874,0.5043969028445202,0.08953107520257338,0.05310290980040534,0.43298386792730964,0.19592455509439008,0.4054682422411246,0.540843936322791,0.5158981085366255,0.21359687002093186,0.5659967808840021,0.3973048025669639,0.43894622622651464,0.1728299041341666,0.3818747228851362,0.3841548620008421
2023-11-14 13:00:00,0.2438529488725422,0.2628495184577178,0.5682118780862635,0.4966887748311398,0.23072917836408469,0.3070134259411491,0.6498487785446894,0.5757514344755297,0.10496783084055757,0.39871496582274524,0.48661109843171885,0.2541683338674601,0.10635856364910783,0.6103199208041072,0.09078990545778029,0.05548472021105409,0.42268003027918827,0.23719619439246206,0.4066036265857217,0.5314939137558947,0.6090850354618585,0.25304038589852723,0.6008972325820935,0.3217732908902552,0.4132928983114532,0.2928871368428132,0.3700227457457061,0.3364740026660869
2023-11-14 14:00:00,0.2858418611794371,0.29745946897713943,0.553607406940375,0.5477144715051202,0.24995162790039124,0.3051991434972811,0.7327961284582586,0.6795465376929336,0.10176090405656207,0.5285626867769275,0.5797276640848487,0.3547393966110806,0.10602761404876944,0.678536283003329,0.11448395954051767,0.07426434423218933,0.42284068665338564,0.28965006219889605,0.443578647106128,0.6063015743548865,0.673592906502225,0.37981448318720706,0.6174466464299059,0.37111429107769117,0.45293396688624815,0.400511816246965,0.35972017482957463,0.34835430144086227
2023-11-14 15:00:00,0.2108830626673937,0.30540362720258957,0.46701775388259253,0.4617528907513588,0.2322612045984737,0.304941665920876,0.6627763332533204,0.6288363297975069,0.07803031487894838,0.4196705014336827,0.5036272446237049,0.3240423240022204,0.07877669746923215,0.672042249941091,0.3720058804624718,0.1371528472634399,0.35778791430811374,0.21579423780845366,0.35447751980440856,0.5759726392427006,0.6675999265421648,0.2903631598349271,0.607096652004875,0.23712164657822984,0.32045142143586053,0.4143426577212403,0.2411919457693984,0.22548099175701042
2023-11-14 16:00:00,0.1711721839977688,0.2990444128241948,0.4217797183139091,0.4875192831968942,0.2095824395687509,0.2177579750447685,0.5819155694824214,0.5487946321222704,0.08017109906962305,0.3638255346484072,0.43652719171634274,0.2544267956836058,0.05437109977965484,0.5940662944279405,0.32762471781575897,0.1925367039630326,0.335050674697758,0.10393535956702837,0.3236112639349667,0.508751991123982,0.5937133634665073,0.1919998939797453,0.4485880996262161,0.1690536424008879,0.2469691440297895,0.2842721389533554,0.16774290886303297,0.18614935034370175
2023-11-14 17:00:00,0.12226001349507051,0.22181276513104575,0.3400085687419592,0.24281780814090526,0.13498083208784464,0.1052562502078344,0.44555718242169484,0.36674176945241355,0.07284305196201607,0.2049690063418401,0.3052530555534606,0.12741007867841572,0.03784575693652871,0.3751898514216942,0.2523914193423429,0.21043770710761425,0.21695070154534524,0.13167621165335527,0.1949200491753244,0.24024929723448196,0.3692984116302542,0.13661155035427777,0.35293366607729465,0.05829475639791326,0.11272039366657242,0.1891396832350818,0.07362720166155183,0.06319700638512761
2023-11-14 18:00:00,0.003520458378374762,0.0,0.09362948187717418,0.0,0.0017606695737011678,0.025014200618595817,0.0,0.0,0.05928799975324199,0.0,0.0,0.0,0.0325588241274109,0.0,0.0,0.0812043278184315,0.08267645564504725,0.0,0.08809445092788035,0.0,0.0,0.0,0.0,0.0,0.0,0.006966749586805301,0.0,0.0
2023-11-14 19:00:00,0.0,0.0,0.0,0.0,0.0,0.0,0.0,0.0,0.0,0.0,0.0,0.0,0.0,0.0,0.0,0.0,0.0,0.0,0.0,0.0,0.0,0.0,0.0,0.0,0.0,0.0,0.0,0.0
2023-11-14 20:00:00,0.0,0.0,0.0,0.0,0.0,0.0,0.0,0.0,0.0,0.0,0.0,0.0,0.0,0.0,0.0,0.0,0.0,0.0,0.0,0.0,0.0,0.0,0.0,0.0,0.0,0.0,0.0,0.0
2023-11-14 21:00:00,0.0,0.0,0.0,0.0,0.0,0.0,0.0,0.0,0.0,0.0,0.0,0.0,0.0,0.0,0.0,0.0,0.0,0.0,0.0,0.0,0.0,0.0,0.0,0.0,0.0,0.0,0.0,0.0
2023-11-14 22:00:00,0.0,0.0,0.0,0.0,0.0,0.0,0.0,0.0,0.0,0.0,0.0,0.0,0.0,0.0,0.0,0.0,0.0,0.0,0.0,0.0,0.0,0.0,0.0,0.0,0.0,0.0,0.0,0.0
2023-11-14 23:00:00,0.0,0.0,0.0,0.0,0.0,0.0,0.0,0.0,0.0,0.0,0.0,0.0,0.0,0.0,0.0,0.0,0.0,0.0,0.0,0.0,0.0,0.0,0.0,0.0,0.0,0.0,0.0,0.0
2023-11-15 00:00:00,0.0,0.0,0.0,0.0,0.0,0.0,0.0,0.0,0.0,0.0,0.0,0.0,0.0,0.0,0.0,0.0,0.0,0.0,0.0,0.0,0.0,0.0,0.0,0.0,0.0,0.0,0.0,0.0
2023-11-15 01:00:00,0.0,0.0,0.0,0.0,0.0,0.0,0.0,0.0,0.0,0.0,0.0,0.0,0.0,0.0,0.0,0.0,0.0,0.0,0.0,0.0,0.0,0.0,0.0,0.0,0.0,0.0,0.0,0.0
2023-11-15 02:00:00,0.0,0.0,0.0,0.0,0.0,0.0,0.0,0.0,0.0,0.0,0.0,0.0,0.0,0.0,0.0,0.0,0.0,0.0,0.0,0.0,0.0,0.0,0.0,0.0,0.0,0.0,0.0,0.0
2023-11-15 03:00:00,0.0,0.0,0.0,0.0,0.0,0.0,0.0,0.0,0.0,0.0,0.0,0.0,0.0,0.0,0.0,0.0,0.0,0.0,0.0,0.0,0.0,0.0,0.0,0.0,0.0,0.0,0.0,0.0
2023-11-15 04:00:00,0.0,0.0,0.0,0.0,0.0,0.0,0.0,0.0,0.0,0.0,0.0,0.0,0.0,0.0,0.0,0.0,0.0,0.0,0.0,0.0,0.0,0.0,0.0,0.0,0.0,0.0,0.0,0.0
2023-11-15 05:00:00,0.0,0.0,0.0,0.0,0.0,0.0,0.0,0.0,0.0,0.0,0.0,0.0,0.0,0.0,0.0,0.0,0.0,0.0,0.0,0.0,0.0,0.0,0.0,0.0,0.0,0.0,0.0,0.0
2023-11-15 06:00:00,0.0,0.0,0.0,0.0,0.0,0.0,0.0,0.0,0.0,0.0,0.0,0.0,0.0,0.0,0.0,0.0,0.0,0.0,0.0,0.0,0.0,0.0,0.0,0.0,0.0,0.0,0.0,0.0
2023-11-15 07:00:00,0.0,0.0,0.0,0.0,0.0,0.0,0.0,0.0,0.0,0.0,0.0,0.0,0.0,0.0,0.0,0.0,0.0,0.0,0.0,0.0,0.0,0.0,0.0,0.0,0.0,0.0,0.0,0.0
2023-11-15 08:00:00,0.0,0.0,0.0,0.0,0.0,0.0,0.0,0.0,0.0,0.0,0.0,0.0,0.0,0.0,0.0,0.0,0.0,0.0,0.0,0.0,0.0,0.0,0.0,0.0,0.0,0.0,0.0,0.0
2023-11-15 09:00:00,0.0,0.0,0.0,0.014427940922165872,0.0,0.0,0.0,0.0,0.0,0.0,0.0,0.0,0.0,0.0,0.0,0.0,0.0,0.0,0.0,0.0,0.0,0.0,0.08244391681024299,0.0008158739650936178,0.011825467926531526,0.0,0.0036361735782564925,0.0009773206052540746
2023-11-15 10:00:00,0.19045951524427485,0.18325797184188994,0.06915345329843757,0.06285706583059453,0.014637988375056206,0.05951812017341421,0.027796357758435985,0.02599624480569829,0.2216673846060191,0.046160564590608126,0.04109836032115706,0.13217164024577027,0.1879407483839288,0.024901138704247434,0.2204890399329406,0.2330708024912338,0.1750470561657544,0.21643275627558486,0.10502047733727149,0.01830275606100345,0.024394502088504647,0.13328040039634814,0.14343951297717475,0.12801624602092493,0.06356841620524377,0.07602627742157893,0.20794981923025382,0.11575445797152512
2023-11-15 11:00:00,0.3237746776227944,0.24179290588685595,0.23699567332057825,0.17544249075097174,0.10256889994145561,0.1922922381438941,0.17002709810387165,0.13818548015502868,0.44073283444257444,0.2242256235188303,0.17679693042269334,0.2690066138936358,0.4242385968918895,0.09390598001901745,0.3488552888883953,0.4608771948569362,0.3129482078796784,0.3420723586139915,0.17098945452555303,0.1344529659675991,0.08873709167695576,0.26788115828308523,0.18596763255460366,0.1732484803008298,0.13997358708426835,0.1947018970369454,0.18665213612245993,0.17427087103098754
2023-11-15 12:00:00,0.43239621584684695,0.3992398259622575,0.3553649725316481,0.17933433288995065,0.174631575452362,0.280607025517671,0.15420788325419513,0.12884476597177166,0.5236014112408814,0.2228947370465327,0.1477656613280008,0.2529182551213066,0.5260998404153853,0.0990539262884442,0.4678583526140656,0.5818026680756112,0.3726907120240032,0.3548174990955875,0.23569894324762586,0.21317113715216596,0.10317591592989814,0.28660033947123287,0.24700363371537942,0.34903174064025727,0.19738367124705958,0.30564783592912104,0.3216000505417696,0.34059079730123365
2023-11-15 13:00:00,0.6018849397594125,0.4637114491771602,0.4431632512906607,0.2131998293033931,0.22346570876817926,0.37495239437107863,0.45943396618124427,0.4301670062577428,0.5831739903385053,0.3350583429638665,0.3808288455314157,0.4194442462194062,0.5908538211368753,0.3833484617037813,0.582624768520379,0.6512238074551349,0.3849697458120139,0.6265311526128324,0.2977934906265934,0.4202852548484065,0.36799774089942683,0.49760480374364774,0.21353295053258484,0.3716493599163558,0.2938504651656451,0.40599973120969496,0.3935414668093098,0.36329194394468856
2023-11-15 14:00:00,0.6239347558794329,0.5609486535008437,0.5268836372316202,0.2419512120616415,0.25502651634639206,0.3706820974831916,0.5047178169608258,0.4988648443668701,0.6123294714798013,0.37768064812864993,0.42821858331670465,0.5592980296458461,0.5963445380912978,0.472883001756096,0.5440883148061031,0.628997896563392,0.5057002560257908,0.5927877803378767,0.3933322397131389,0.4813484085787656,0.4607893123286891,0.5558339913910835,0.1957839424337635,0.4480973959784162,0.29276199219324,0.42961808763535253,0.4387880103566754,0.3676933457962841
2023-11-15 15:00:00,0.6314047055102978,0.5415813089880482,0.492616745603961,0.4189873090171154,0.23205030613657868,0.32683859832747997,0.36354648478715385,0.39312543300909847,0.5551780326773135,0.34205228768431883,0.3433992028828835,0.6818660982140082,0.5374740994237994,0.45130675684089333,0.522183429933231,0.5764461932486378,0.4981939267148198,0.6207012906234785,0.4381706789289847,0.47647328605773415,0.454689368070056,0.5841520870599731,0.11079061446905324,0.45830143315741173,0.3515993764968364,0.4049376758063218,0.46283143177007113,0.38393047542543013
2023-11-15 16:00:00,0.5610183454396453,0.4855412252644368,0.5260859666108033,0.327595529001106,0.21374815548402276,0.2519390253318539,0.45097361059438806,0.4494156799009197,0.563364754341855,0.41761036346078817,0.44602062482874894,0.5919664183149234,0.5876018404680646,0.431250008478455,0.46662633339485077,0.5710254528428853,0.4185388320680083,0.5400123371031863,0.35778917246983394,0.4287116906900971,0.4238552453489911,0.5608301047015529,0.038652166677970536,0.4240371507868001,0.2654315354921514,0.3488244311189724,0.38964500814368147,0.42431084843065947
2023-11-15 17:00:00,0.4421521975690082,0.3827079605302564,0.3989332893560967,0.25947078243754945,0.11946545506102603,0.13059036987961592,0.24900286224004434,0.2501186813085868,0.43357455046868393,0.2512991527083003,0.25651046766031665,0.4467606812920616,0.4534588830811147,0.2921738954555335,0.384380162139706,0.4568897483641151,0.20761257478490422,0.4346052668914611,0.15589853373941417,0.24659805223044934,0.29724527421313807,0.42199204875733437,0.006407892205591836,0.33643767447866685,0.16800414019862367,0.20622652568330824,0.28357200843499464,0.299633243141936
2023-11-15 18:00:00,0.11699183639399557,0.0,0.1459910130019642,0.0,0.0,0.0031801576208928635,0.0,0.0,0.11978549391505462,0.0,0.0,0.0,0.037637360854647875,0.0,0.0,0.0,0.08582212418422827,0.0,0.021098718721579656,0.0,0.0,0.0,0.0,0.0,0.0,0.0,0.0,0.0
2023-11-15 19:00:00,0.0,0.0,0.0,0.0,0.0,0.0,0.0,0.0,0.0,0.0,0.0,0.0,0.0,0.0,0.0,0.0,0.0,0.0,0.0,0.0,0.0,0.0,0.0,0.0,0.0,0.0,0.0,0.0
2023-11-15 20:00:00,0.0,0.0,0.0,0.0,0.0,0.0,0.0,0.0,0.0,0.0,0.0,0.0,0.0,0.0,0.0,0.0,0.0,0.0,0.0,0.0,0.0,0.0,0.0,0.0,0.0,0.0,0.0,0.0
2023-11-15 21:00:00,0.0,0.0,0.0,0.0,0.0,0.0,0.0,0.0,0.0,0.0,0.0,0.0,0.0,0.0,0.0,0.0,0.0,0.0,0.0,0.0,0.0,0.0,0.0,0.0,0.0,0.0,0.0,0.0
2023-11-15 22:00:00,0.0,0.0,0.0,0.0,0.0,0.0,0.0,0.0,0.0,0.0,0.0,0.0,0.0,0.0,0.0,0.0,0.0,0.0,0.0,0.0,0.0,0.0,0.0,0.0,0.0,0.0,0.0,0.0
2023-11-15 23:00:00,0.0,0.0,0.0,0.0,0.0,0.0,0.0,0.0,0.0,0.0,0.0,0.0,0.0,0.0,0.0,0.0,0.0,0.0,0.0,0.0,0.0,0.0,0.0,0.0,0.0,0.0,0.0,0.0
2023-11-16 00:00:00,0.0,0.0,0.0,0.0,0.0,0.0,0.0,0.0,0.0,0.0,0.0,0.0,0.0,0.0,0.0,0.0,0.0,0.0,0.0,0.0,0.0,0.0,0.0,0.0,0.0,0.0,0.0,0.0
2023-11-16 01:00:00,0.0,0.0,0.0,0.0,0.0,0.0,0.0,0.0,0.0,0.0,0.0,0.0,0.0,0.0,0.0,0.0,0.0,0.0,0.0,0.0,0.0,0.0,0.0,0.0,0.0,0.0,0.0,0.0
2023-11-16 02:00:00,0.0,0.0,0.0,0.0,0.0,0.0,0.0,0.0,0.0,0.0,0.0,0.0,0.0,0.0,0.0,0.0,0.0,0.0,0.0,0.0,0.0,0.0,0.0,0.0,0.0,0.0,0.0,0.0
2023-11-16 03:00:00,0.0,0.0,0.0,0.0,0.0,0.0,0.0,0.0,0.0,0.0,0.0,0.0,0.0,0.0,0.0,0.0,0.0,0.0,0.0,0.0,0.0,0.0,0.0,0.0,0.0,0.0,0.0,0.0
2023-11-16 04:00:00,0.0,0.0,0.0,0.0,0.0,0.0,0.0,0.0,0.0,0.0,0.0,0.0,0.0,0.0,0.0,0.0,0.0,0.0,0.0,0.0,0.0,0.0,0.0,0.0,0.0,0.0,0.0,0.0
2023-11-16 05:00:00,0.0,0.0,0.0,0.0,0.0,0.0,0.0,0.0,0.0,0.0,0.0,0.0,0.0,0.0,0.0,0.0,0.0,0.0,0.0,0.0,0.0,0.0,0.0,0.0,0.0,0.0,0.0,0.0
2023-11-16 06:00:00,0.0,0.0,0.0,0.0,0.0,0.0,0.0,0.0,0.0,0.0,0.0,0.0,0.0,0.0,0.0,0.0,0.0,0.0,0.0,0.0,0.0,0.0,0.0,0.0,0.0,0.0,0.0,0.0
2023-11-16 07:00:00,0.0,0.0,0.0,0.0,0.0,0.0,0.0,0.0,0.0,0.0,0.0,0.0,0.0,0.0,0.0,0.0,0.0,0.0,0.0,0.0,0.0,0.0,0.0,0.0,0.0,0.0,0.0,0.0
2023-11-16 08:00:00,0.0,0.0,0.0,0.0,0.0,0.0,0.0,0.0,0.0,0.0,0.0,0.0,0.0,0.0,0.0,0.0,0.0,0.0,0.0,0.0,0.0,0.0,0.0,0.0,0.0,0.0,0.0,0.0
2023-11-16 09:00:00,0.0,0.0,0.0,0.05519857040058051,0.0,0.0,0.0,0.0,0.0,0.0,0.0,0.0,0.0,0.0,0.0,0.0,0.0,0.0,0.0,0.0,0.0,0.0,0.2781918583973657,0.043978855974528566,0.11633274026480706,0.0,0.0004973869601730655,0.04045974639778642
2023-11-16 10:00:00,0.28724852443325943,0.1892366036410606,0.4043554014780783,0.40062806903963377,0.00046292781403282245,0.0003031645717389813,0.47017802402246184,0.46414195651994006,0.04417606700059834,0.4041351581436239,0.4206588609388618,0.32143185404133917,0.057887703349036236,0.4675383311176945,0.0021546782258552756,0.004532464095387787,0.00013204937386310906,0.2820552524909803,0.00011407591738901813,0.44755671705869116,0.46641394738045894,0.3348507823646815,0.3629886169420182,0.29909840643593716,0.14845237383239757,0.0076826673225983645,0.02309864872597556,0.39255361568891534
2023-11-16 11:00:00,0.3955772546100292,0.24264489050935778,0.5724061871252113,0.6122600083506963,0.058195044676327294,0.0060473807091338955,0.6242591303791337,0.6184194261773672,0.03676405484412797,0.5634314952021259,0.577794739416403,0.5111880435938928,0.03978790247176419,0.620075524082454,0.010248917151860631,0.008878386454999923,0.002622747238173611,0.4680376526645962,0.002365369740329198,0.6389008521141406,0.6189589469475405,0.5144737549990489,0.46869408211952074,0.3892049604620188,0.33585598080048257,0.01576660688491835,0.05527338156709028,0.503615699845195
2023-11-16 12:00:00,0.3910657637887854,0.16150077470616392,0.6312592134517235,0.6870503273871097,0.10193615072273295,0.021370723867844162,0.6742552162368973,0.6687363120584134,0.02985363913292497,0.6225509077617222,0.6433470673679106,0.6288088339504435,0.033968376160028325,0.6558847232626177,0.02780595316654233,0.015255577776255783,0.01276768383276152,0.5283323224860613,0.0077050384725934305,0.6747488839961959,0.6523191855364694,0.598836039078488,0.5700662597331213,0.3729301341930005,0.3604564151712491,0.03833576679230582,0.09401947062159717,0.4289360050285461
2023-11-16 13:00:00,0.39586113804190226,0.2209850677159215,0.6447258369444938,0.7337226351081035,0.16506272526181237,0.03180195065619404,0.6845367062011931,0.6868986092435403,0.036082642114402354,0.6528942911999963,0.6579596596851478,0.6875789807895138,0.040770693890339556,0.690377206017025,0.049576322171002996,0.02022985336646905,0.014226387106044958,0.5580627843277886,0.010113027887349729,0.7032523486975529,0.689402432634571,0.6217047029388663,0.6752814932651399,0.4467629985629745,0.4776474522852487,0.051232259991000485,0.1317030317636571,0.5077230348677304
2023-11-16 14:00:00,0.34398451917601314,0.20604393989342562,0.663917781826926,0.7059195626354741,0.1506018555959841,0.04141907769640186,0.6600885504602764,0.6686352546773291,0.047750249205830965,0.6737285487230975,0.6691193661094176,0.6253230642464713,0.0522880777642413,0.6629977170703312,0.0755975078140313,0.034262783192354616,0.015845907805212434,0.45093104412224033,0.009945162648326906,0.6728654677321106,0.6627354431634835,0.5382600452278402,0.6774747333800579,0.40918502252306144,0.5427295683784479,0.06964774126439821,0.1148837444987757,0.4848050039063651
2023-11-16 15:00:00,0.2552998797173337,0.1782057440686074,0.6104229980169921,0.6780845417037864,0.141345818022589,0.028277174159689427,0.6100743047217142,0.6178788726621632,0.029323110080979292,0.6266416187035916,0.6050872986933834,0.5470498240142809,0.03169108614823639,0.6169588575987455,0.04446654186047863,0.01675592847705632,0.016984674595776995,0.25454696052493625,0.008152064676107533,0.6434767509603184,0.6190633275826314,0.4347112896821326,0.6479799188013832,0.3461496173473193,0.4545996578897492,0.04910290889881367,0.08811642715486517,0.4533589997531798
2023-11-16 16:00:00,0.2299548296394625,0.15201910727982285,0.5541310410237449,0.5617635065339784,0.14653718641799873,0.014031028594123782,0.5445991646447688,0.5493120096216245,0.015620935952816658,0.561713971090988,0.5444915877807197,0.5350974978337625,0.02082386677697268,0.5545415661148404,0.030239975767459435,0.012408518300808505,0.007061064796771685,0.25941657254434897,0.002509610250575297,0.5699346941870986,0.5572105475122318,0.42158236597623483,0.5326383566746464,0.26411224583227855,0.28280173257364044,0.028379414906446476,0.045973662910288406,0.3722077209489224
2023-11-16 17:00:00,0.16958055556253346,0.10941307738707529,0.40908042765123853,0.402485865822093,0.08124810872169534,0.005000858964865745,0.40145421649978963,0.38914428220778235,0.004713310430649188,0.41880625902582336,0.39831367102616744,0.396547960907923,0.007438827485313194,0.37935751178639593,0.023768047081329617,0.0028967425777756384,0.001981052805137588,0.19792834694647232,0.000352183283530923,0.39745461396974024,0.38091224206086816,0.32502099743000096,0.35455791228236394,0.17908992857741574,0.13715476157332127,0.014277816789996662,0.011681864234185166,0.2559257185990937
2023-11-16 18:00:00,0.014338361039896049,0.0,0.021285987615370677,0.0,0.0,0.0,0.0,0.0,0.0,0.0,0.0,0.0,0.0007375797830864768,0.0,0.0,0.0,0.0,0.0,0.0,0.0,0.0,0.0,0.0,0.0,0.0,0.0,0.0,0.0
2023-11-16 19:00:00,0.0,0.0,0.0,0.0,0.0,0.0,0.0,0.0,0.0,0.0,0.0,0.0,0.0,0.0,0.0,0.0,0.0,0.0,0.0,0.0,0.0,0.0,0.0,0.0,0.0,0.0,0.0,0.0
2023-11-16 20:00:00,0.0,0.0,0.0,0.0,0.0,0.0,0.0,0.0,0.0,0.0,0.0,0.0,0.0,0.0,0.0,0.0,0.0,0.0,0.0,0.0,0.0,0.0,0.0,0.0,0.0,0.0,0.0,0.0
2023-11-16 21:00:00,0.0,0.0,0.0,0.0,0.0,0.0,0.0,0.0,0.0,0.0,0.0,0.0,0.0,0.0,0.0,0.0,0.0,0.0,0.0,0.0,0.0,0.0,0.0,0.0,0.0,0.0,0.0,0.0
2023-11-16 22:00:00,0.0,0.0,0.0,0.0,0.0,0.0,0.0,0.0,0.0,0.0,0.0,0.0,0.0,0.0,0.0,0.0,0.0,0.0,0.0,0.0,0.0,0.0,0.0,0.0,0.0,0.0,0.0,0.0
2023-11-16 23:00:00,0.0,0.0,0.0,0.0,0.0,0.0,0.0,0.0,0.0,0.0,0.0,0.0,0.0,0.0,0.0,0.0,0.0,0.0,0.0,0.0,0.0,0.0,0.0,0.0,0.0,0.0,0.0,0.0
2023-11-17 00:00:00,0.0,0.0,0.0,0.0,0.0,0.0,0.0,0.0,0.0,0.0,0.0,0.0,0.0,0.0,0.0,0.0,0.0,0.0,0.0,0.0,0.0,0.0,0.0,0.0,0.0,0.0,0.0,0.0
2023-11-17 01:00:00,0.0,0.0,0.0,0.0,0.0,0.0,0.0,0.0,0.0,0.0,0.0,0.0,0.0,0.0,0.0,0.0,0.0,0.0,0.0,0.0,0.0,0.0,0.0,0.0,0.0,0.0,0.0,0.0
2023-11-17 02:00:00,0.0,0.0,0.0,0.0,0.0,0.0,0.0,0.0,0.0,0.0,0.0,0.0,0.0,0.0,0.0,0.0,0.0,0.0,0.0,0.0,0.0,0.0,0.0,0.0,0.0,0.0,0.0,0.0
2023-11-17 03:00:00,0.0,0.0,0.0,0.0,0.0,0.0,0.0,0.0,0.0,0.0,0.0,0.0,0.0,0.0,0.0,0.0,0.0,0.0,0.0,0.0,0.0,0.0,0.0,0.0,0.0,0.0,0.0,0.0
2023-11-17 04:00:00,0.0,0.0,0.0,0.0,0.0,0.0,0.0,0.0,0.0,0.0,0.0,0.0,0.0,0.0,0.0,0.0,0.0,0.0,0.0,0.0,0.0,0.0,0.0,0.0,0.0,0.0,0.0,0.0
2023-11-17 05:00:00,0.0,0.0,0.0,0.0,0.0,0.0,0.0,0.0,0.0,0.0,0.0,0.0,0.0,0.0,0.0,0.0,0.0,0.0,0.0,0.0,0.0,0.0,0.0,0.0,0.0,0.0,0.0,0.0
2023-11-17 06:00:00,0.0,0.0,0.0,0.0,0.0,0.0,0.0,0.0,0.0,0.0,0.0,0.0,0.0,0.0,0.0,0.0,0.0,0.0,0.0,0.0,0.0,0.0,0.0,0.0,0.0,0.0,0.0,0.0
2023-11-17 07:00:00,0.0,0.0,0.0,0.0,0.0,0.0,0.0,0.0,0.0,0.0,0.0,0.0,0.0,0.0,0.0,0.0,0.0,0.0,0.0,0.0,0.0,0.0,0.0,0.0,0.0,0.0,0.0,0.0
2023-11-17 08:00:00,0.0,0.0,0.0,0.0,0.0,0.0,0.0,0.0,0.0,0.0,0.0,0.0,0.0,0.0,0.0,0.0,0.0,0.0,0.0,0.0,0.0,0.0,0.0,0.0,0.0,0.0,0.0,0.0
2023-11-17 09:00:00,0.0,0.0,0.0,0.09450042600005881,0.0,0.0,0.0,0.0,0.0,0.0,0.0,0.0,0.0,0.0,0.0,0.0,0.0,0.0,0.0,0.0,0.0,0.0,0.2451639176072811,0.0,0.13410046501134829,0.0,0.0,0.014414564047988894
2023-11-17 10:00:00,0.11080639666662107,0.11675961838115252,0.26097440447118625,0.47294748270479253,0.00045563141079209003,3.7044140880572704e-05,0.4227894036960243,0.4293369000250433,0.015274975159229008,0.35752590535047424,0.3708240505637888,0.2696171205601528,0.013034435832390617,0.439468992585953,0.00543330987358562,0.0014808965672633257,0.0,0.16293784396101332,0.0,0.4581203369330481,0.43858319293571624,0.19601598493902783,0.44207516902420924,0.34647056483434324,0.32157145509173923,0.00548341556975908,0.1550295506964384,0.4040308062862787
2023-11-17 11:00:00,0.19254608510333623,0.20463339956371743,0.4340344156208072,0.5924253645525629,0.06761230267890159,0.0032330240779501825,0.5784313013143781,0.5804262040477043,0.022963524293603422,0.5190546939140573,0.5381688177077489,0.3902259970432738,0.022230546232513748,0.5938146214994338,0.012932121280070858,0.005590832313308879,0.002805217929621712,0.2993920102291612,0.0016429062572844604,0.5981609335308309,0.5933944602817806,0.3438167102169312,0.5524943384509396,0.4504796025784307,0.42965818469115163,0.014558819663105823,0.17425353706691127,0.5238343804406892
2023-11-17 12:00:00,0.22917000495903234,0.2512985568955311,0.442360313811109,0.6274307364705565,0.11001169204565525,0.016733469342519017,0.5991895323345208,0.6253072794236089,0.04451582544811879,0.5775258344451052,0.576241420653701,0.4659046083503486,0.039210797542451215,0.650806028596823,0.011120759898047053,0.01323385098070251,0.007794333616305631,0.31787176289837044,0.005881173748435039,0.6675909752144267,0.6509623720140024,0.42222723158797604,0.7335775342334724,0.47487390046385397,0.48629703076303843,0.02923850531124187,0.26998359683644185,0.552706304513399
2023-11-17 13:00:00,0.24933777076972916,0.3347149557201903,0.505191396558574,0.737664899594436,0.16616469046266366,0.02827206232343291,0.6370279459597108,0.6325197596247345,0.043369496563814544,0.5586064422890452,0.5745124228882291,0.542719316233401,0.03696434844702173,0.6377119832848501,0.017711241356986235,0.015946386931849812,0.006660363096205515,0.32790139390423245,0.00859655303049734,0.6401715012871949,0.6331986507906955,0.4147233656056517,0.7680283922200447,0.5618944587306759,0.5273003615359633,0.040685384591384814,0.2265149798544286,0.6056785706367257
2023-11-17 14:00:00,0.3185579093559756,0.37929288271360384,0.6162662077941335,0.7335013922508328,0.18358708719051522,0.026266552443850066,0.6523754138918072,0.6415400205382981,0.08128765231318615,0.5412852717209352,0.5958920848651034,0.575389512190747,0.09041723318085844,0.6791636079878595,0.020212721326525303,0.024669881816581356,0.009373802442549256,0.3376200664499149,0.010666549831178502,0.6406021924884309,0.6784014171745704,0.4432678628456181,0.742417644736363,0.5710067446848738,0.5024701819859994,0.03953921005301378,0.22749842378957036,0.6104363765114469
2023-11-17 15:00:00,0.3079329174966956,0.3414003901404158,0.5895401490230753,0.6752822702021555,0.1897067781546559,0.021532030142648022,0.6352771744415747,0.6311401808826537,0.11582649649616757,0.6079700401082646,0.6122253684523764,0.527593593656152,0.10738615723176481,0.6444579921212344,0.0160937497360167,0.031062572435654506,0.006515065743784603,0.36944503489926156,0.006712354315915911,0.6419480524923705,0.6457675193717828,0.465508317267529,0.6918518433745146,0.5898402697761032,0.5358297513214846,0.02734498829636956,0.24362124699289667,0.6085407216326745
2023-11-17 16:00:00,0.2706690398844953,0.2657914319140506,0.5214505665379896,0.610656439770763,0.13522350066471678,0.011799062093032036,0.5929761921534457,0.5783010346906491,0.09609647998997746,0.5181443644036582,0.5384303206594461,0.41928329257542124,0.0811173060286254,0.5925362916150793,0.011114312391236423,0.012745550749036026,0.004453212802917963,0.35250770653963154,0.004788430584448209,0.5759937559658075,0.5918795485109697,0.34638870603281813,0.5923048589339356,0.5096050141174355,0.49630578600487246,0.017213053200520353,0.20177701381422802,0.5325350694238753
2023-11-17 17:00:00,0.20788917753142747,0.16134720458756396,0.41974058443263723,0.43132063366621165,0.09219053227686597,0.00252545240145766,0.43034076688401907,0.4090723609870994,0.07651115729403087,0.33975538122629845,0.37008870474672195,0.27985494104308334,0.04392173147289328,0.42824281739425796,0.004553077847848012,0.003936508803797275,0.0007390154739080805,0.19158607941470351,0.0002944227825719887,0.399748304964935,0.4276464839724925,0.2189166093827156,0.404544727055407,0.3651126774847201,0.30887618224397884,0.007136370586854064,0.13576154376160732,0.37717094732532486
2023-11-17 18:00:00,0.05921258502684136,0.0,0.0,0.0,0.0,0.0,0.0,0.0,0.055826137028712426,0.0,0.0,0.0,0.013329235289670172,0.0,0.0,0.0,0.00012351002179986767,0.0,0.0,0.0,0.0,0.0,0.0,0.0,0.0,0.0,0.0,0.0
2023-11-17 19:00:00,0.0,0.0,0.0,0.0,0.0,0.0,0.0,0.0,0.0,0.0,0.0,0.0,0.0,0.0,0.0,0.0,0.0,0.0,0.0,0.0,0.0,0.0,0.0,0.0,0.0,0.0,0.0,0.0
2023-11-17 20:00:00,0.0,0.0,0.0,0.0,0.0,0.0,0.0,0.0,0.0,0.0,0.0,0.0,0.0,0.0,0.0,0.0,0.0,0.0,0.0,0.0,0.0,0.0,0.0,0.0,0.0,0.0,0.0,0.0
2023-11-17 21:00:00,0.0,0.0,0.0,0.0,0.0,0.0,0.0,0.0,0.0,0.0,0.0,0.0,0.0,0.0,0.0,0.0,0.0,0.0,0.0,0.0,0.0,0.0,0.0,0.0,0.0,0.0,0.0,0.0
2023-11-17 22:00:00,0.0,0.0,0.0,0.0,0.0,0.0,0.0,0.0,0.0,0.0,0.0,0.0,0.0,0.0,0.0,0.0,0.0,0.0,0.0,0.0,0.0,0.0,0.0,0.0,0.0,0.0,0.0,0.0
2023-11-17 23:00:00,0.0,0.0,0.0,0.0,0.0,0.0,0.0,0.0,0.0,0.0,0.0,0.0,0.0,0.0,0.0,0.0,0.0,0.0,0.0,0.0,0.0,0.0,0.0,0.0,0.0,0.0,0.0,0.0
2023-11-18 00:00:00,0.0,0.0,0.0,0.0,0.0,0.0,0.0,0.0,0.0,0.0,0.0,0.0,0.0,0.0,0.0,0.0,0.0,0.0,0.0,0.0,0.0,0.0,0.0,0.0,0.0,0.0,0.0,0.0
2023-11-18 01:00:00,0.0,0.0,0.0,0.0,0.0,0.0,0.0,0.0,0.0,0.0,0.0,0.0,0.0,0.0,0.0,0.0,0.0,0.0,0.0,0.0,0.0,0.0,0.0,0.0,0.0,0.0,0.0,0.0
2023-11-18 02:00:00,0.0,0.0,0.0,0.0,0.0,0.0,0.0,0.0,0.0,0.0,0.0,0.0,0.0,0.0,0.0,0.0,0.0,0.0,0.0,0.0,0.0,0.0,0.0,0.0,0.0,0.0,0.0,0.0
2023-11-18 03:00:00,0.0,0.0,0.0,0.0,0.0,0.0,0.0,0.0,0.0,0.0,0.0,0.0,0.0,0.0,0.0,0.0,0.0,0.0,0.0,0.0,0.0,0.0,0.0,0.0,0.0,0.0,0.0,0.0
2023-11-18 04:00:00,0.0,0.0,0.0,0.0,0.0,0.0,0.0,0.0,0.0,0.0,0.0,0.0,0.0,0.0,0.0,0.0,0.0,0.0,0.0,0.0,0.0,0.0,0.0,0.0,0.0,0.0,0.0,0.0
2023-11-18 05:00:00,0.0,0.0,0.0,0.0,0.0,0.0,0.0,0.0,0.0,0.0,0.0,0.0,0.0,0.0,0.0,0.0,0.0,0.0,0.0,0.0,0.0,0.0,0.0,0.0,0.0,0.0,0.0,0.0
2023-11-18 06:00:00,0.0,0.0,0.0,0.0,0.0,0.0,0.0,0.0,0.0,0.0,0.0,0.0,0.0,0.0,0.0,0.0,0.0,0.0,0.0,0.0,0.0,0.0,0.0,0.0,0.0,0.0,0.0,0.0
2023-11-18 07:00:00,0.0,0.0,0.0,0.0,0.0,0.0,0.0,0.0,0.0,0.0,0.0,0.0,0.0,0.0,0.0,0.0,0.0,0.0,0.0,0.0,0.0,0.0,0.0,0.0,0.0,0.0,0.0,0.0
2023-11-18 08:00:00,0.0,0.0,0.0,0.0,0.0,0.0,0.0,0.0,0.0,0.0,0.0,0.0,0.0,0.0,0.0,0.0,0.0,0.0,0.0,0.0,0.0,0.0,0.0,0.0,0.0,0.0,0.0,0.0
2023-11-18 09:00:00,0.0,0.0,0.0,0.0,0.0,0.0,0.0,0.0,0.0,0.0,0.0,0.0,0.0,0.0,0.0,0.0,0.0,0.0,0.0,0.0,0.0,0.0,0.41879265160378215,0.0,0.1733799962405428,0.0,0.0,0.0
2023-11-18 10:00:00,0.02882036351453915,0.13679322289926735,0.10067547542756014,0.26372788379527784,0.00028153815805157455,0.0032747360221676352,0.2891206403101745,0.32854472374165794,0.020345555076779143,0.17337657054468442,0.22376332867767004,0.07104613427612025,0.02721051009793164,0.3878929362251977,0.009577340410395548,0.01732894550843362,0.01247121519151503,0.03484355398741041,0.0030856380739754724,0.37635730758923186,0.38846338931879165,0.061295895050899524,0.5837799470702109,0.2616252771229293,0.29398354052304626,0.0015193088776703605,0.3407156212042102,0.3180356089859102
2023-11-18 11:00:00,0.0793761127116531,0.17943645529601127,0.22304744334463703,0.4956435362354187,0.02889289248230243,0.01021748199419193,0.4380942901490263,0.5259038884432602,0.0525362492238344,0.44022550111057596,0.4314706347604693,0.186460095957214,0.0664588154511644,0.5565638224984859,0.03485011844449543,0.06456986393154975,0.0293527385930726,0.08281993863543625,0.0140060819851677,0.6091363026294369,0.5575049750326816,0.20368053020703494,0.6960710841046694,0.381327996727624,0.4786951017372781,0.020568170881297698,0.45220248615751524,0.3873530541470714
2023-11-18 12:00:00,0.22802375119360768,0.23797014166010325,0.33401219682475064,0.6736121697561502,0.13090848289928386,0.03379130104924386,0.5026232459011174,0.5728340793216143,0.10748788917311533,0.5508328658079329,0.523899801234498,0.4877531914361141,0.14424310656236683,0.5763164734926556,0.04885851481343385,0.08398870257710975,0.016076362888765346,0.3835663849597502,0.010696807266598399,0.6738477463165243,0.5781650190433278,0.4321567397818984,0.7726192667721523,0.5173653316051369,0.5905170720901362,0.06016334009387034,0.5335740155872041,0.5267326976199885
2023-11-18 13:00:00,0.27839115468263964,0.3014290769248836,0.2616973135906943,0.7107817712386575,0.2178631025294148,0.05361331196480668,0.3774023146382646,0.4270831785764391,0.10123358331926802,0.4589626515332234,0.40830758287013824,0.648977621805688,0.11111619130531972,0.4532437728589205,0.09730743171614757,0.07496628740257212,0.022176496225979593,0.46685927380003994,0.016060186527226274,0.5855667801259301,0.46154363605273424,0.4853515742975758,0.7549647270856996,0.5978953097052023,0.6812827182448741,0.13277570582677892,0.5942213611839134,0.5929364577874949
2023-11-18 14:00:00,0.24180349267081053,0.31879199038471645,0.16584265825956931,0.7060451721958534,0.29296235134542353,0.051774508078480615,0.34851763811176056,0.4132209189005162,0.09692069084930047,0.36663076316598375,0.34979367291360747,0.665413284312987,0.10822225116517502,0.4630585698641128,0.06110388872468642,0.06144260672317933,0.023882886549992686,0.38418762833010983,0.01813450334958094,0.5476800869963738,0.46740172198670454,0.42956133926509565,0.7471193624980518,0.5931451657439234,0.7200181969461634,0.11878966434206707,0.5749526647602842,0.6228761153121851
2023-11-18 15:00:00,0.1333855264978328,0.31335505266581587,0.1529447061102148,0.6642443344471174,0.2502340894291215,0.047223191055173044,0.3105386351829169,0.3236822737130815,0.06100092355296905,0.2770717996574487,0.2698851079014528,0.5063588803169322,0.07022768383529931,0.36987827782483307,0.04449318675269643,0.04496063604346737,0.01766225199223034,0.1386018033053219,0.01268435966882925,0.42659524911427227,0.37570335973657676,0.23402195710162677,0.6618134796940484,0.5347575326450691,0.6229368073836749,0.10116872651812898,0.4932163867079,0.6016669246468384
2023-11-18 16:00:00,0.07402298044165344,0.22169189571727463,0.06878882868103814,0.45589289841357555,0.20195422188120274,0.0315448024520533,0.21048516167245376,0.26883819108373425,0.03801607247084075,0.16288704494572262,0.1870427995807007,0.3059374701781614,0.042693793304346805,0.3242146047751242,0.021514183726556058,0.02188721288946944,0.009328082732016693,0.08191607341452269,0.005933903900345166,0.32078012900523845,0.3263081204215504,0.12828901053714498,0.5224471883860563,0.45872725625539534,0.464129038417668,0.06724617976749274,0.34870132641109086,0.5086090979740092
2023-11-18 17:00:00,0.028198522911453167,0.14981742528401187,0.03799773661786749,0.32598299641901146,0.09470501068141,0.010681267836978023,0.15648853213588276,0.22736571635054045,0.019535079823469123,0.17084528980703584,0.1674822655082433,0.13591980831996467,0.028396830797841294,0.24437263606615364,0.015094652336469786,0.017934192866139682,0.0025506199749292004,0.032209483338045526,0.0010232435498530176,0.29099914001189797,0.24341182501737976,0.07841850950108957,0.3607354353337932,0.32319389177059604,0.24591379216426812,0.02345912417986819,0.1460320562813886,0.35581687217773456
2023-11-18 18:00:00,0.0,0.0,0.0,0.0,0.0,0.0,0.0,0.0,0.0,0.0,0.0,0.0,0.0,0.0,0.0,0.0,0.0,0.0,0.0,0.0,0.0,0.0,0.0,0.0,0.0,0.0,0.0,0.0
2023-11-18 19:00:00,0.0,0.0,0.0,0.0,0.0,0.0,0.0,0.0,0.0,0.0,0.0,0.0,0.0,0.0,0.0,0.0,0.0,0.0,0.0,0.0,0.0,0.0,0.0,0.0,0.0,0.0,0.0,0.0
2023-11-18 20:00:00,0.0,0.0,0.0,0.0,0.0,0.0,0.0,0.0,0.0,0.0,0.0,0.0,0.0,0.0,0.0,0.0,0.0,0.0,0.0,0.0,0.0,0.0,0.0,0.0,0.0,0.0,0.0,0.0
2023-11-18 21:00:00,0.0,0.0,0.0,0.0,0.0,0.0,0.0,0.0,0.0,0.0,0.0,0.0,0.0,0.0,0.0,0.0,0.0,0.0,0.0,0.0,0.0,0.0,0.0,0.0,0.0,0.0,0.0,0.0
2023-11-18 22:00:00,0.0,0.0,0.0,0.0,0.0,0.0,0.0,0.0,0.0,0.0,0.0,0.0,0.0,0.0,0.0,0.0,0.0,0.0,0.0,0.0,0.0,0.0,0.0,0.0,0.0,0.0,0.0,0.0
2023-11-18 23:00:00,0.0,0.0,0.0,0.0,0.0,0.0,0.0,0.0,0.0,0.0,0.0,0.0,0.0,0.0,0.0,0.0,0.0,0.0,0.0,0.0,0.0,0.0,0.0,0.0,0.0,0.0,0.0,0.0
2023-11-19 00:00:00,0.0,0.0,0.0,0.0,0.0,0.0,0.0,0.0,0.0,0.0,0.0,0.0,0.0,0.0,0.0,0.0,0.0,0.0,0.0,0.0,0.0,0.0,0.0,0.0,0.0,0.0,0.0,0.0
2023-11-19 01:00:00,0.0,0.0,0.0,0.0,0.0,0.0,0.0,0.0,0.0,0.0,0.0,0.0,0.0,0.0,0.0,0.0,0.0,0.0,0.0,0.0,0.0,0.0,0.0,0.0,0.0,0.0,0.0,0.0
2023-11-19 02:00:00,0.0,0.0,0.0,0.0,0.0,0.0,0.0,0.0,0.0,0.0,0.0,0.0,0.0,0.0,0.0,0.0,0.0,0.0,0.0,0.0,0.0,0.0,0.0,0.0,0.0,0.0,0.0,0.0
2023-11-19 03:00:00,0.0,0.0,0.0,0.0,0.0,0.0,0.0,0.0,0.0,0.0,0.0,0.0,0.0,0.0,0.0,0.0,0.0,0.0,0.0,0.0,0.0,0.0,0.0,0.0,0.0,0.0,0.0,0.0
2023-11-19 04:00:00,0.0,0.0,0.0,0.0,0.0,0.0,0.0,0.0,0.0,0.0,0.0,0.0,0.0,0.0,0.0,0.0,0.0,0.0,0.0,0.0,0.0,0.0,0.0,0.0,0.0,0.0,0.0,0.0
2023-11-19 05:00:00,0.0,0.0,0.0,0.0,0.0,0.0,0.0,0.0,0.0,0.0,0.0,0.0,0.0,0.0,0.0,0.0,0.0,0.0,0.0,0.0,0.0,0.0,0.0,0.0,0.0,0.0,0.0,0.0
2023-11-19 06:00:00,0.0,0.0,0.0,0.0,0.0,0.0,0.0,0.0,0.0,0.0,0.0,0.0,0.0,0.0,0.0,0.0,0.0,0.0,0.0,0.0,0.0,0.0,0.0,0.0,0.0,0.0,0.0,0.0
2023-11-19 07:00:00,0.0,0.0,0.0,0.0,0.0,0.0,0.0,0.0,0.0,0.0,0.0,0.0,0.0,0.0,0.0,0.0,0.0,0.0,0.0,0.0,0.0,0.0,0.0,0.0,0.0,0.0,0.0,0.0
2023-11-19 08:00:00,0.0,0.0,0.0,0.0,0.0,0.0,0.0,0.0,0.0,0.0,0.0,0.0,0.0,0.0,0.0,0.0,0.0,0.0,0.0,0.0,0.0,0.0,0.0,0.0,0.0,0.0,0.0,0.0
2023-11-19 09:00:00,0.0,0.0,0.0,0.0,0.0,0.0,0.0,0.0,0.0,0.0,0.0,0.0,0.0,0.0,0.0,0.0,0.0,0.0,0.0,0.0,0.0,0.0,0.14626893133858884,0.0,0.01091361119800125,0.0,0.0,0.0
2023-11-19 10:00:00,0.20471991867853837,0.21354875742032897,0.3376603556745768,0.11453746332290266,7.84504101757881e-05,0.05217227040217305,0.3801474468635297,0.3595334523137998,0.12554919520454402,0.40485391460596826,0.42133781736843945,0.16497554503955586,0.12161532057128055,0.283535448347218,0.09422082882125614,0.09756911824076746,0.07602402229278894,0.1823037155607071,0.05985762918467026,0.19258250736055646,0.2751730675821402,0.24951499829181953,0.1916169199880174,0.06018639274493452,0.04987288296781049,0.06969476971090911,0.04270437020260893,0.08151965142253531
2023-11-19 11:00:00,0.30781046365971443,0.3530119492025735,0.495030730135663,0.18558640538841145,0.08736449842042432,0.2074519483575177,0.4815984804378611,0.46181899443209024,0.22638993659765594,0.5250572570074108,0.5287608750406384,0.28596972324190173,0.24414342109011566,0.38836457329974816,0.20740487066624833,0.21058949736694482,0.26812385610207523,0.2717985797223528,0.23144906899668918,0.329455361618179,0.38063946576129676,0.33191555658928346,0.23440640414247382,0.13638128585705186,0.07743928392075954,0.16636704224480672,0.06545679589467784,0.19869685074921567
2023-11-19 12:00:00,0.44928066405434636,0.49711651805668583,0.522146457314299,0.22891785580674506,0.23639606377973987,0.2860973430582942,0.5702736872554444,0.5976543900481289,0.39285506526991776,0.6104400814949126,0.6123590931872762,0.3395789684258427,0.40924720092624833,0.5606951673428463,0.3760551483078946,0.4075609585809179,0.27822523247909486,0.445562351139104,0.27035712302037945,0.5474483598525187,0.5553840403221781,0.504721722665762,0.29810478683830033,0.25035128263070583,0.16930381169836514,0.2691953212865492,0.09560197982887751,0.3959956230912883
2023-11-19 13:00:00,0.49838816805232133,0.576497625755567,0.48338312814844236,0.26131861554258096,0.3276961806171197,0.3822496648574904,0.5624222693077342,0.6363144694025232,0.4266815748978263,0.6149226268206601,0.61495468529101,0.3781432425173493,0.39942204262184167,0.6244634891771482,0.32313221188528096,0.3388267430048837,0.2602796912307984,0.4794351243268853,0.24840382734676839,0.629596065284154,0.6203892138750622,0.5313178771415493,0.40455266517173755,0.2995286181397018,0.20630902741726095,0.306658772607307,0.15144903741552762,0.42476674695164857
2023-11-19 14:00:00,0.5329946034755555,0.6072174403315389,0.5453906258266069,0.3871960380618024,0.41733694647641706,0.4130318357691059,0.6630365991727377,0.7089527929508824,0.44854969974793424,0.6637536583362871,0.6886410109447165,0.5555305879829324,0.48931435143779095,0.6799362548749986,0.44706818491913536,0.48722860195166157,0.32521696340422074,0.5301355784199826,0.29374809645185956,0.6365612882172276,0.6743918891164776,0.6151142031381579,0.3462072599027683,0.29637716021642024,0.15713577435467732,0.3808056067395504,0.20690428477728962,0.3744016287789664
2023-11-19 15:00:00,0.470794127827358,0.5920867200240568,0.40760699363966274,0.3719956761132865,0.43556141938079485,0.40913981144490064,0.6042511602109674,0.6670208916954906,0.43707067785813725,0.5762809324355418,0.5996382642829095,0.4826750278181014,0.43147335705617734,0.6468615636945247,0.31316589131197886,0.3414576128326202,0.21068673715661615,0.5010064595727105,0.19458934575674505,0.6465881251613105,0.6414231117906143,0.5118140719781188,0.21845801806424675,0.26968481264039323,0.12363261812606069,0.40104847462627347,0.2428562485721171,0.35928481620040215
2023-11-19 16:00:00,0.4341559491469272,0.5531235619204115,0.39825530096588047,0.35893842228072514,0.4033792880467249,0.33313075604963394,0.3873157534674663,0.4305307057637156,0.3410211962335085,0.43148665526211266,0.4201079460576453,0.4678741819868187,0.3608498158380053,0.45632807748186,0.31627263996477034,0.23898478167921602,0.10059213915144376,0.4408575772352112,0.11615133112853689,0.49603598421956274,0.46571068658868886,0.44948411404710403,0.13209927887490974,0.2770578006892477,0.0987478001084438,0.3852883184995395,0.24928485479894155,0.38383745300930355
2023-11-19 17:00:00,0.2856064460273568,0.39158249183377125,0.3527589678633219,0.24294969368423278,0.26996926564499313,0.24971688792553884,0.40953356292491144,0.4150559525900635,0.13403649802063636,0.40306354267216554,0.41619556190159046,0.31987321995933515,0.13498249101528823,0.3923467419909323,0.29246803653339604,0.10802209976543373,0.06090224399913189,0.31586665899711375,0.08042990840483004,0.3698692274202672,0.3907002755543163,0.3470210103622342,0.10791482909405478,0.27017258193032145,0.05830358307115764,0.2648469366051157,0.23748608634991775,0.30974502708404433
2023-11-19 18:00:00,0.0,0.0,0.0,0.0,0.0,0.0,0.0,0.0,0.0,0.0,0.0,0.0,0.0,0.0,0.0,0.0,0.0,0.0,0.0,0.0,0.0,0.0,0.0,0.0,0.0,0.0,0.0,0.0
2023-11-19 19:00:00,0.0,0.0,0.0,0.0,0.0,0.0,0.0,0.0,0.0,0.0,0.0,0.0,0.0,0.0,0.0,0.0,0.0,0.0,0.0,0.0,0.0,0.0,0.0,0.0,0.0,0.0,0.0,0.0
2023-11-19 20:00:00,0.0,0.0,0.0,0.0,0.0,0.0,0.0,0.0,0.0,0.0,0.0,0.0,0.0,0.0,0.0,0.0,0.0,0.0,0.0,0.0,0.0,0.0,0.0,0.0,0.0,0.0,0.0,0.0
2023-11-19 21:00:00,0.0,0.0,0.0,0.0,0.0,0.0,0.0,0.0,0.0,0.0,0.0,0.0,0.0,0.0,0.0,0.0,0.0,0.0,0.0,0.0,0.0,0.0,0.0,0.0,0.0,0.0,0.0,0.0
2023-11-19 22:00:00,0.0,0.0,0.0,0.0,0.0,0.0,0.0,0.0,0.0,0.0,0.0,0.0,0.0,0.0,0.0,0.0,0.0,0.0,0.0,0.0,0.0,0.0,0.0,0.0,0.0,0.0,0.0,0.0
2023-11-19 23:00:00,0.0,0.0,0.0,0.0,0.0,0.0,0.0,0.0,0.0,0.0,0.0,0.0,0.0,0.0,0.0,0.0,0.0,0.0,0.0,0.0,0.0,0.0,0.0,0.0,0.0,0.0,0.0,0.0
2023-11-20 00:00:00,0.0,0.0,0.0,0.0,0.0,0.0,0.0,0.0,0.0,0.0,0.0,0.0,0.0,0.0,0.0,0.0,0.0,0.0,0.0,0.0,0.0,0.0,0.0,0.0,0.0,0.0,0.0,0.0
2023-11-20 01:00:00,0.0,0.0,0.0,0.0,0.0,0.0,0.0,0.0,0.0,0.0,0.0,0.0,0.0,0.0,0.0,0.0,0.0,0.0,0.0,0.0,0.0,0.0,0.0,0.0,0.0,0.0,0.0,0.0
2023-11-20 02:00:00,0.0,0.0,0.0,0.0,0.0,0.0,0.0,0.0,0.0,0.0,0.0,0.0,0.0,0.0,0.0,0.0,0.0,0.0,0.0,0.0,0.0,0.0,0.0,0.0,0.0,0.0,0.0,0.0
2023-11-20 03:00:00,0.0,0.0,0.0,0.0,0.0,0.0,0.0,0.0,0.0,0.0,0.0,0.0,0.0,0.0,0.0,0.0,0.0,0.0,0.0,0.0,0.0,0.0,0.0,0.0,0.0,0.0,0.0,0.0
2023-11-20 04:00:00,0.0,0.0,0.0,0.0,0.0,0.0,0.0,0.0,0.0,0.0,0.0,0.0,0.0,0.0,0.0,0.0,0.0,0.0,0.0,0.0,0.0,0.0,0.0,0.0,0.0,0.0,0.0,0.0
2023-11-20 05:00:00,0.0,0.0,0.0,0.0,0.0,0.0,0.0,0.0,0.0,0.0,0.0,0.0,0.0,0.0,0.0,0.0,0.0,0.0,0.0,0.0,0.0,0.0,0.0,0.0,0.0,0.0,0.0,0.0
2023-11-20 06:00:00,0.0,0.0,0.0,0.0,0.0,0.0,0.0,0.0,0.0,0.0,0.0,0.0,0.0,0.0,0.0,0.0,0.0,0.0,0.0,0.0,0.0,0.0,0.0,0.0,0.0,0.0,0.0,0.0
2023-11-20 07:00:00,0.0,0.0,0.0,0.0,0.0,0.0,0.0,0.0,0.0,0.0,0.0,0.0,0.0,0.0,0.0,0.0,0.0,0.0,0.0,0.0,0.0,0.0,0.0,0.0,0.0,0.0,0.0,0.0
2023-11-20 08:00:00,0.0,0.0,0.0,0.0,0.0,0.0,0.0,0.0,0.0,0.0,0.0,0.0,0.0,0.0,0.0,0.0,0.0,0.0,0.0,0.0,0.0,0.0,0.0,0.0,0.0,0.0,0.0,0.0
2023-11-20 09:00:00,0.0,0.0,0.0,0.0,0.0,0.0,0.0,0.0,0.0,0.0,0.0,0.0,0.0,0.0,0.0,0.0,0.0,0.0,0.0,0.0,0.0,0.0,0.16059559521111272,0.0,0.06488094661367123,0.0,0.0,0.0
2023-11-20 10:00:00,0.05348896371362442,0.0579285872478406,0.13841725961951273,0.03280090127970709,0.0,0.00018032305499273004,0.16126490681432737,0.12153211789771888,0.01844669982163721,0.21373937918011265,0.17221391427235228,0.04179677108554293,0.02188220426287935,0.059348564027849,0.004914755575813008,0.013839079747961244,0.0,0.08705444424343338,0.0,0.08953505902061883,0.05824696821728114,0.12759466103129716,0.23651848015166163,0.23084144815659968,0.17749451957417892,0.00034771613974858155,0.28862308193245034,0.1857710029931962
2023-11-20 11:00:00,0.14264110841598068,0.1398463337934776,0.2194404878270539,0.1544779444068544,0.0029568195826233583,0.005845469759186067,0.38758725902634894,0.3752114267754054,0.10378286549542386,0.36205889816108955,0.35578157170218705,0.15083384321274826,0.10863467214436329,0.337598496064404,0.12318588566539487,0.07924166130531429,0.0005773432692855867,0.15212551143130496,0.00011036176864569731,0.3855632380345831,0.33369104880913036,0.22988112030754007,0.2821247573601788,0.26804024732199005,0.28857665111476655,0.013055824853669077,0.3135977897179636,0.1881528758626851
2023-11-20 12:00:00,0.2532412741888197,0.21714287215274575,0.19498876449810537,0.18001939660194136,0.013756360129878437,0.009447909741444598,0.14188808653150198,0.15833624244593766,0.1285923792865225,0.1638037483100439,0.13326373768961622,0.22466002569297608,0.15396920531556227,0.19094459294062086,0.09690588719307765,0.08283535511079838,0.003049033874869236,0.24608781249581732,0.0013734116970674827,0.23987327311486428,0.19826001131173715,0.2572184501155123,0.4696952558685589,0.35034254916128615,0.3989699549736096,0.017396002025839047,0.39137703575493166,0.243983057795256
2023-11-20 13:00:00,0.3494865827946118,0.2664825020807972,0.323078852069936,0.22755012378187844,0.02004164998887994,0.015591196549320752,0.2495434894508103,0.20366976567575593,0.17300779760508667,0.2689773853767872,0.21524636411165807,0.38524374350855617,0.17718367287775846,0.21489268891697164,0.1157127606877476,0.10550223005429149,0.009664650014715283,0.4345135637526785,0.005162399863305491,0.2674029159250777,0.22472530191325352,0.4296893435561883,0.5686101612515404,0.3380520066368148,0.5712976842026075,0.025223489093876093,0.4351741438506166,0.24407430713093595
2023-11-20 14:00:00,0.32575345343816864,0.2790856741312452,0.28840668164411604,0.2689363470141966,0.02041192653099606,0.019206089647516425,0.35513069515413614,0.31109652260928516,0.14746394442850244,0.320449173933666,0.28795673914205105,0.4648851318935747,0.1451764974502103,0.3003199896813363,0.1537706908602511,0.09913186990683293,0.010380190213936453,0.43366954900655025,0.005856971993378596,0.3565849615480086,0.3030576125308589,0.4629272953669739,0.5777691987563355,0.3438429173896114,0.6467710074512791,0.03151475384978244,0.35624155685128817,0.24868968775039665
2023-11-20 15:00:00,0.30340441052032235,0.2629377224826256,0.3712316909505276,0.34813832799074357,0.018452960170463075,0.019204461848312978,0.41338709955058955,0.3719824985836788,0.1165477363245589,0.3394220912912408,0.31945437469514826,0.49864481523247345,0.11972737447192158,0.3926994966245979,0.15767176892849666,0.09190188344978496,0.006611634232782804,0.42299480541536494,0.0031443487128904684,0.4573241004073364,0.3966932145203635,0.45666695441010446,0.5682205971396032,0.23181502625254846,0.5599234981357466,0.033457653439863365,0.21482970298079593,0.1713462447403313
2023-11-20 16:00:00,0.2396144401005229,0.13121214434804782,0.26440115033078526,0.34006261741036203,0.012492409455535933,0.013256086655503754,0.3381167315045978,0.307654864719875,0.07898514446846122,0.2740015572813039,0.27871178805726365,0.4384777947636818,0.07390825816606238,0.3272235837064308,0.09255856262064088,0.05069306303609901,0.0041980533929835,0.37141666153355635,0.0014108463492359044,0.39212364717457365,0.33037552501586487,0.36918841717803913,0.4977637579092622,0.14206459075569314,0.42525457373366765,0.029043189964311794,0.11300404302964573,0.10434713346049614
2023-11-20 17:00:00,0.11284517481930396,0.06051693318395243,0.07156722590816211,0.23689927096263605,0.002962073640132579,0.0041028422924325614,0.14687369019295662,0.16169782166513993,0.03487735298227457,0.12719469501370317,0.12760153162931182,0.24742304529313555,0.03627523321653201,0.18821439486564343,0.03118634280298293,0.022554722315878423,0.0008964364967423055,0.14291374582503805,0.00019788147226653787,0.21811306361336583,0.1894855632834528,0.1746498201356211,0.3168411503559888,0.08793004256291673,0.17084812604787103,0.00852033822759653,0.03371391059087397,0.06590073418968304
2023-11-20 18:00:00,0.0,0.0,0.0,0.0,0.0,0.0,0.0,0.0,0.0,0.0,0.0,0.0,0.0,0.0,0.0,0.0,0.0,0.0,0.0,0.0,0.0,0.0,0.0,0.0,0.0,0.0,0.0,0.0
2023-11-20 19:00:00,0.0,0.0,0.0,0.0,0.0,0.0,0.0,0.0,0.0,0.0,0.0,0.0,0.0,0.0,0.0,0.0,0.0,0.0,0.0,0.0,0.0,0.0,0.0,0.0,0.0,0.0,0.0,0.0
2023-11-20 20:00:00,0.0,0.0,0.0,0.0,0.0,0.0,0.0,0.0,0.0,0.0,0.0,0.0,0.0,0.0,0.0,0.0,0.0,0.0,0.0,0.0,0.0,0.0,0.0,0.0,0.0,0.0,0.0,0.0
2023-11-20 21:00:00,0.0,0.0,0.0,0.0,0.0,0.0,0.0,0.0,0.0,0.0,0.0,0.0,0.0,0.0,0.0,0.0,0.0,0.0,0.0,0.0,0.0,0.0,0.0,0.0,0.0,0.0,0.0,0.0
2023-11-20 22:00:00,0.0,0.0,0.0,0.0,0.0,0.0,0.0,0.0,0.0,0.0,0.0,0.0,0.0,0.0,0.0,0.0,0.0,0.0,0.0,0.0,0.0,0.0,0.0,0.0,0.0,0.0,0.0,0.0
2023-11-20 23:00:00,0.0,0.0,0.0,0.0,0.0,0.0,0.0,0.0,0.0,0.0,0.0,0.0,0.0,0.0,0.0,0.0,0.0,0.0,0.0,0.0,0.0,0.0,0.0,0.0,0.0,0.0,0.0,0.0
2023-11-21 00:00:00,0.0,0.0,0.0,0.0,0.0,0.0,0.0,0.0,0.0,0.0,0.0,0.0,0.0,0.0,0.0,0.0,0.0,0.0,0.0,0.0,0.0,0.0,0.0,0.0,0.0,0.0,0.0,0.0
2023-11-21 01:00:00,0.0,0.0,0.0,0.0,0.0,0.0,0.0,0.0,0.0,0.0,0.0,0.0,0.0,0.0,0.0,0.0,0.0,0.0,0.0,0.0,0.0,0.0,0.0,0.0,0.0,0.0,0.0,0.0
2023-11-21 02:00:00,0.0,0.0,0.0,0.0,0.0,0.0,0.0,0.0,0.0,0.0,0.0,0.0,0.0,0.0,0.0,0.0,0.0,0.0,0.0,0.0,0.0,0.0,0.0,0.0,0.0,0.0,0.0,0.0
2023-11-21 03:00:00,0.0,0.0,0.0,0.0,0.0,0.0,0.0,0.0,0.0,0.0,0.0,0.0,0.0,0.0,0.0,0.0,0.0,0.0,0.0,0.0,0.0,0.0,0.0,0.0,0.0,0.0,0.0,0.0
2023-11-21 04:00:00,0.0,0.0,0.0,0.0,0.0,0.0,0.0,0.0,0.0,0.0,0.0,0.0,0.0,0.0,0.0,0.0,0.0,0.0,0.0,0.0,0.0,0.0,0.0,0.0,0.0,0.0,0.0,0.0
2023-11-21 05:00:00,0.0,0.0,0.0,0.0,0.0,0.0,0.0,0.0,0.0,0.0,0.0,0.0,0.0,0.0,0.0,0.0,0.0,0.0,0.0,0.0,0.0,0.0,0.0,0.0,0.0,0.0,0.0,0.0
2023-11-21 06:00:00,0.0,0.0,0.0,0.0,0.0,0.0,0.0,0.0,0.0,0.0,0.0,0.0,0.0,0.0,0.0,0.0,0.0,0.0,0.0,0.0,0.0,0.0,0.0,0.0,0.0,0.0,0.0,0.0
2023-11-21 07:00:00,0.0,0.0,0.0,0.0,0.0,0.0,0.0,0.0,0.0,0.0,0.0,0.0,0.0,0.0,0.0,0.0,0.0,0.0,0.0,0.0,0.0,0.0,0.0,0.0,0.0,0.0,0.0,0.0
2023-11-21 08:00:00,0.0,0.0,0.0,0.0,0.0,0.0,0.0,0.0,0.0,0.0,0.0,0.0,0.0,0.0,0.0,0.0,0.0,0.0,0.0,0.0,0.0,0.0,0.0,0.0,0.0,0.0,0.0,0.0
2023-11-21 09:00:00,0.0,0.0,0.0,0.0,0.0,0.0,0.0,0.0,0.0,0.0,0.0,0.0,0.0,0.0,0.0,0.0,0.0,0.0,0.0,0.0,0.0,0.0,0.09993791638319106,0.0,0.03502110530212234,0.0,0.0,0.0
2023-11-21 10:00:00,0.03733138629798452,0.18296417636233034,0.04804414893243796,0.30194730228243644,0.000423903077667914,0.00017310493887722218,0.11411327321597207,0.1111111245527272,6.804743351132427e-05,0.08824846600666217,0.11431123488871948,0.20380999222228713,8.461795056561702e-05,0.08627623178678816,0.0,0.0,0.01299203263951174,0.01754723677863632,0.00175047488563707,0.05137423616737552,0.079762159969653,0.06813866209139209,0.15549337813978564,0.15326155502334282,0.2430278611526359,0.0019043488926818997,0.12359662046990769,0.16706243463187298
2023-11-21 11:00:00,0.09647501528173874,0.28570344826008753,0.2026925400733477,0.4862367949966205,0.06633079921173966,0.06164028901221643,0.4194514409285861,0.3439875145362851,0.006894425832225025,0.34268480989571704,0.37833670530454666,0.3690516841009756,0.003843389174782829,0.2547023757882912,0.006092485938231913,0.010760437464264565,0.18882955997403067,0.07008155510411988,0.14012112997749232,0.20367007777810342,0.23950846172153134,0.21890892474169954,0.2713597094019946,0.3597455110661449,0.3831923729851299,0.0921655247244706,0.22882454712285805,0.4140781345986908
2023-11-21 12:00:00,0.11275999132798291,0.2652607744932012,0.08386772615422358,0.4727106481870668,0.1003431279952095,0.10703180614101956,0.2006945346832528,0.20850738725900378,0.01311315362697294,0.12444870028731855,0.16257288829639907,0.4765624034850068,0.009657315964764365,0.2350624010473138,0.015399485233895626,0.014136997044502563,0.2742182808107344,0.11523029914941589,0.2385790394233646,0.19413381773731653,0.23342128883457477,0.220588826747083,0.3951044841480792,0.35340357465167527,0.3671895426781925,0.1317635965392507,0.18247720948309076,0.43967530279177486
2023-11-21 13:00:00,0.07528790001378832,0.18290813722523505,0.10545291264480186,0.5349566227544474,0.12221276697928786,0.16706459286244935,0.38697817709411964,0.3971780012756714,0.03494121377601147,0.19967173894856483,0.3093799843521167,0.4381866670033396,0.013707026102441578,0.4034219793593845,0.02361147313752953,0.03199098272651437,0.3272658719557065,0.058034526890450855,0.28894106838082956,0.2631428076761423,0.38751107955014735,0.15361561482605937,0.5678401767988228,0.39614304992988797,0.422096536195582,0.16114388059796964,0.19817630642596368,0.5109409651957819
2023-11-21 14:00:00,0.06090986630852115,0.17138862273643493,0.09648961238757889,0.5044683514924864,0.15680971354385484,0.24987436644266875,0.36238891466828727,0.3319900077043518,0.0657129830665447,0.1801355358489575,0.2749123697551022,0.40374831549492324,0.026638123357187966,0.3064318650571623,0.06441634498998061,0.09096509356940434,0.39444212282331215,0.03337060436114808,0.4021929018963331,0.14870535800651638,0.28878281670314454,0.12242893870922578,0.6448934680545918,0.4001732107287687,0.398893150215004,0.18838066737572817,0.1552296911892429,0.5043590359651794
2023-11-21 15:00:00,0.05256321007763851,0.13305814809382813,0.031993352536364005,0.4377317320564114,0.17134656215874824,0.19387390675146265,0.14975317910017746,0.19103958576186156,0.11320095341730066,0.06048534065556425,0.11598512405550158,0.2699870430891344,0.03520005723984115,0.23187223777072086,0.05215273716767656,0.06290771671837286,0.3667111294184842,0.0188153646440934,0.37106305301188297,0.15527829608244265,0.22746087340764673,0.060147459571984425,0.6242850067690974,0.32549679359352407,0.34717549675112214,0.15065690168140108,0.11913226251296559,0.42408416840214697
2023-11-21 16:00:00,0.0541516921116015,0.06445356309223825,0.019075299417690823,0.2886537631031602,0.11488738478904185,0.1433033686093372,0.04875541407690768,0.06891188504787908,0.14694517036423474,0.02192540700945346,0.036756327332464304,0.10901398137149429,0.05700559586830933,0.08766582556062094,0.03263037999046332,0.0653754002724692,0.2765943356884896,0.004201450653085155,0.24891620961096364,0.07383798681920953,0.0870404892199635,0.015335392633273562,0.5494272836480301,0.2272430596128955,0.27478152771214304,0.10513500911450852,0.0495716628751894,0.28741789790935107
2023-11-21 17:00:00,0.031290949000512686,0.02878824407228529,0.0019452609446251874,0.08714142452879854,0.052882149857323583,0.08977279567107647,0.0003846460269110925,0.0011383372959838328,0.0646728974280203,2.7536025191255757e-05,0.0001767840640634679,0.0188666069500684,0.019500393718857617,0.00237923602960513,0.026537511858379857,0.04553285658255778,0.24425231312796294,0.001464417202480517,0.19790038961481587,0.0006277438825585546,0.0024621721345437497,0.0023550885729213687,0.4012683185858547,0.1091461396413178,0.1369502543362753,0.05687201064065208,0.005327971084193256,0.15886798390126677
2023-11-21 18:00:00,0.0,0.0,0.0,0.0,0.0,0.0,0.0,0.0,0.0,0.0,0.0,0.0,0.0,0.0,0.0,0.0,0.08107189696160763,0.0,0.0472964142787837,0.0,0.0,0.0,0.0,0.0,0.0,0.0,0.0,0.0
2023-11-21 19:00:00,0.0,0.0,0.0,0.0,0.0,0.0,0.0,0.0,0.0,0.0,0.0,0.0,0.0,0.0,0.0,0.0,0.0,0.0,0.0,0.0,0.0,0.0,0.0,0.0,0.0,0.0,0.0,0.0
2023-11-21 20:00:00,0.0,0.0,0.0,0.0,0.0,0.0,0.0,0.0,0.0,0.0,0.0,0.0,0.0,0.0,0.0,0.0,0.0,0.0,0.0,0.0,0.0,0.0,0.0,0.0,0.0,0.0,0.0,0.0
2023-11-21 21:00:00,0.0,0.0,0.0,0.0,0.0,0.0,0.0,0.0,0.0,0.0,0.0,0.0,0.0,0.0,0.0,0.0,0.0,0.0,0.0,0.0,0.0,0.0,0.0,0.0,0.0,0.0,0.0,0.0
2023-11-21 22:00:00,0.0,0.0,0.0,0.0,0.0,0.0,0.0,0.0,0.0,0.0,0.0,0.0,0.0,0.0,0.0,0.0,0.0,0.0,0.0,0.0,0.0,0.0,0.0,0.0,0.0,0.0,0.0,0.0
2023-11-21 23:00:00,0.0,0.0,0.0,0.0,0.0,0.0,0.0,0.0,0.0,0.0,0.0,0.0,0.0,0.0,0.0,0.0,0.0,0.0,0.0,0.0,0.0,0.0,0.0,0.0,0.0,0.0,0.0,0.0
2023-11-22 00:00:00,0.0,0.0,0.0,0.0,0.0,0.0,0.0,0.0,0.0,0.0,0.0,0.0,0.0,0.0,0.0,0.0,0.0,0.0,0.0,0.0,0.0,0.0,0.0,0.0,0.0,0.0,0.0,0.0
2023-11-22 01:00:00,0.0,0.0,0.0,0.0,0.0,0.0,0.0,0.0,0.0,0.0,0.0,0.0,0.0,0.0,0.0,0.0,0.0,0.0,0.0,0.0,0.0,0.0,0.0,0.0,0.0,0.0,0.0,0.0
2023-11-22 02:00:00,0.0,0.0,0.0,0.0,0.0,0.0,0.0,0.0,0.0,0.0,0.0,0.0,0.0,0.0,0.0,0.0,0.0,0.0,0.0,0.0,0.0,0.0,0.0,0.0,0.0,0.0,0.0,0.0
2023-11-22 03:00:00,0.0,0.0,0.0,0.0,0.0,0.0,0.0,0.0,0.0,0.0,0.0,0.0,0.0,0.0,0.0,0.0,0.0,0.0,0.0,0.0,0.0,0.0,0.0,0.0,0.0,0.0,0.0,0.0
2023-11-22 04:00:00,0.0,0.0,0.0,0.0,0.0,0.0,0.0,0.0,0.0,0.0,0.0,0.0,0.0,0.0,0.0,0.0,0.0,0.0,0.0,0.0,0.0,0.0,0.0,0.0,0.0,0.0,0.0,0.0
2023-11-22 05:00:00,0.0,0.0,0.0,0.0,0.0,0.0,0.0,0.0,0.0,0.0,0.0,0.0,0.0,0.0,0.0,0.0,0.0,0.0,0.0,0.0,0.0,0.0,0.0,0.0,0.0,0.0,0.0,0.0
2023-11-22 06:00:00,0.0,0.0,0.0,0.0,0.0,0.0,0.0,0.0,0.0,0.0,0.0,0.0,0.0,0.0,0.0,0.0,0.0,0.0,0.0,0.0,0.0,0.0,0.0,0.0,0.0,0.0,0.0,0.0
2023-11-22 07:00:00,0.0,0.0,0.0,0.0,0.0,0.0,0.0,0.0,0.0,0.0,0.0,0.0,0.0,0.0,0.0,0.0,0.0,0.0,0.0,0.0,0.0,0.0,0.0,0.0,0.0,0.0,0.0,0.0
2023-11-22 08:00:00,0.0,0.0,0.0,0.0,0.0,0.0,0.0,0.0,0.0,0.0,0.0,0.0,0.0,0.0,0.0,0.0,0.0,0.0,0.0,0.0,0.0,0.0,0.0,0.0,0.0,0.0,0.0,0.0
2023-11-22 09:00:00,0.0,0.0,0.0,0.0,0.0,0.0,0.0,0.0,0.0,0.0,0.0,0.0,0.0,0.0,0.0,0.0,0.0,0.0,0.0,0.0,0.0,0.0,0.026248476395442345,0.0,0.0017137405256580876,0.0,0.0,0.0
2023-11-22 10:00:00,0.19944827916640764,0.28657204227940264,0.29598014697775604,0.09684539176422585,0.0,0.008216332067637121,0.21132400973904483,0.3158213976918009,0.21880291922931552,0.3354852455733922,0.28670630133812913,0.11046093939257075,0.20433499287790674,0.34983579893166133,0.0766857421856377,0.12570958385989833,0.0,0.1720665249632197,0.0,0.3539095145332129,0.35540819804505874,0.21068430754036163,0.17244816963419315,0.1737690569922818,0.1635365001276511,0.01836718983308938,0.1740693791234499,0.2380217343878774
2023-11-22 11:00:00,0.3112426762101948,0.44816662637852406,0.40477558468108055,0.19656115734012392,0.0585309789150705,0.11764461073361242,0.27990812972545015,0.4101952023966564,0.30419032944044155,0.4378623322343155,0.3645956978157787,0.2174769702004927,0.3156249198637399,0.4731161949003624,0.15906337655981598,0.26838126937974,0.12040215221346041,0.3288205415021032,0.12110960915510258,0.4892196141470275,0.483760782243153,0.3349477277964517,0.27246051348062855,0.31403573223292097,0.256884936230294,0.11000523352943598,0.21626918459583128,0.39266915891553045
2023-11-22 12:00:00,0.3026477879621148,0.5104861865553234,0.4474621694630431,0.331379325445277,0.10325716570476981,0.1814133105568565,0.4560568786211548,0.5089473777235366,0.3928685995803518,0.48306507455186454,0.4564004460038172,0.35425408022149607,0.4070954401947036,0.5203357033377205,0.22891639338211928,0.2673390391434338,0.21384582664062948,0.30586704713516905,0.20656067265096648,0.5047737327561336,0.5217842110440299,0.3579330838289432,0.5035885129715916,0.42760042972912377,0.30645430172907956,0.1689070446870986,0.35240307941990384,0.5330198588750417
2023-11-22 13:00:00,0.4395768336070153,0.6495296266067817,0.3990495344510848,0.4814379689195852,0.1667343883842546,0.2034417861656856,0.4219990663849198,0.4608967173655756,0.44157978140819587,0.35103147969104626,0.34503668981740376,0.5863878867366176,0.41343391556555487,0.5392325267210322,0.3044424902187558,0.23584457715355897,0.2539340131078348,0.4322652227571346,0.2884117062069537,0.5415261605362789,0.5450333219269737,0.4333999248024974,0.5039662885597144,0.6119215254710879,0.32249717244524917,0.2390125860538713,0.48260692652764814,0.642729672803731
2023-11-22 14:00:00,0.49297834572345095,0.6572669905149261,0.45856194612789447,0.48324314123401474,0.18069699226408253,0.264660920837069,0.47839221884565947,0.46805415008305157,0.35889625578740497,0.3189441616742715,0.3814395952864158,0.678418568261386,0.3616914205076294,0.5432399947587362,0.40945520735597124,0.306603140065561,0.22874206811835143,0.4927887522228576,0.3062090211972187,0.4293576971179194,0.5444256477718037,0.4907007010612748,0.4639529694307556,0.5931785146997676,0.32735732889792124,0.3261031693669192,0.4682975975737771,0.6039602062973127
2023-11-22 15:00:00,0.5132100292219218,0.6118406537599568,0.51868597494007,0.42920600362530603,0.1897336407360391,0.19478707372454698,0.41958175223401345,0.3360876848753893,0.3676507642890188,0.2872066878901587,0.3320405041029487,0.6644511595768751,0.4199164232834504,0.33830572090548006,0.3533667654946308,0.3240785184923448,0.24880569415417528,0.4824306415741344,0.2408872021929658,0.24597110297506064,0.3356564294340406,0.5261665024291933,0.36748253299937766,0.5714033227212331,0.33592758736395445,0.2559844846857837,0.44307364000193994,0.602677211006819
2023-11-22 16:00:00,0.42728144851945,0.5095067070778109,0.534266326172617,0.35945424925761427,0.1366747223389584,0.205117743704382,0.4503492706411147,0.3611032624618022,0.3430892331569117,0.39154398040193816,0.4072526085287497,0.5620378212225804,0.40513980252056964,0.29710243539607806,0.42093287088688625,0.41489613018622085,0.1882759573333147,0.4537068258793575,0.1743335544214208,0.21150112002427673,0.2911245049717519,0.481664836614921,0.28013396615908603,0.4751086272811957,0.2657386474286571,0.27551829800709093,0.3301416138062216,0.5240825882884637
2023-11-22 17:00:00,0.3248699417462477,0.36317934532677054,0.41178617141279406,0.27349504730498286,0.07218364067631391,0.14328897622588274,0.35310246389132316,0.27727040177405243,0.3197540412060464,0.33675255628178113,0.34118716784037095,0.35076343128789816,0.3203965267852144,0.21823665956564645,0.2583340045687478,0.37055294532484967,0.12898687973852122,0.2941843740911044,0.12024421826859047,0.18853681115415655,0.21372350167396498,0.32691693005540845,0.19004800379059472,0.34972819988911835,0.2182869195028773,0.14419899120973556,0.21183634635021564,0.3916581325054507
2023-11-22 18:00:00,0.0,0.0,0.0,0.0,0.0,0.0,0.0,0.0,0.0,0.0,0.0,0.0,0.0,0.0,0.0,0.0,0.003574184150108014,0.0,0.0,0.0,0.0,0.0,0.0,0.0,0.0,0.0,0.0,0.0
2023-11-22 19:00:00,0.0,0.0,0.0,0.0,0.0,0.0,0.0,0.0,0.0,0.0,0.0,0.0,0.0,0.0,0.0,0.0,0.0,0.0,0.0,0.0,0.0,0.0,0.0,0.0,0.0,0.0,0.0,0.0
2023-11-22 20:00:00,0.0,0.0,0.0,0.0,0.0,0.0,0.0,0.0,0.0,0.0,0.0,0.0,0.0,0.0,0.0,0.0,0.0,0.0,0.0,0.0,0.0,0.0,0.0,0.0,0.0,0.0,0.0,0.0
2023-11-22 21:00:00,0.0,0.0,0.0,0.0,0.0,0.0,0.0,0.0,0.0,0.0,0.0,0.0,0.0,0.0,0.0,0.0,0.0,0.0,0.0,0.0,0.0,0.0,0.0,0.0,0.0,0.0,0.0,0.0
2023-11-22 22:00:00,0.0,0.0,0.0,0.0,0.0,0.0,0.0,0.0,0.0,0.0,0.0,0.0,0.0,0.0,0.0,0.0,0.0,0.0,0.0,0.0,0.0,0.0,0.0,0.0,0.0,0.0,0.0,0.0
2023-11-22 23:00:00,0.0,0.0,0.0,0.0,0.0,0.0,0.0,0.0,0.0,0.0,0.0,0.0,0.0,0.0,0.0,0.0,0.0,0.0,0.0,0.0,0.0,0.0,0.0,0.0,0.0,0.0,0.0,0.0
2023-11-23 00:00:00,0.0,0.0,0.0,0.0,0.0,0.0,0.0,0.0,0.0,0.0,0.0,0.0,0.0,0.0,0.0,0.0,0.0,0.0,0.0,0.0,0.0,0.0,0.0,0.0,0.0,0.0,0.0,0.0
2023-11-23 01:00:00,0.0,0.0,0.0,0.0,0.0,0.0,0.0,0.0,0.0,0.0,0.0,0.0,0.0,0.0,0.0,0.0,0.0,0.0,0.0,0.0,0.0,0.0,0.0,0.0,0.0,0.0,0.0,0.0
2023-11-23 02:00:00,0.0,0.0,0.0,0.0,0.0,0.0,0.0,0.0,0.0,0.0,0.0,0.0,0.0,0.0,0.0,0.0,0.0,0.0,0.0,0.0,0.0,0.0,0.0,0.0,0.0,0.0,0.0,0.0
2023-11-23 03:00:00,0.0,0.0,0.0,0.0,0.0,0.0,0.0,0.0,0.0,0.0,0.0,0.0,0.0,0.0,0.0,0.0,0.0,0.0,0.0,0.0,0.0,0.0,0.0,0.0,0.0,0.0,0.0,0.0
2023-11-23 04:00:00,0.0,0.0,0.0,0.0,0.0,0.0,0.0,0.0,0.0,0.0,0.0,0.0,0.0,0.0,0.0,0.0,0.0,0.0,0.0,0.0,0.0,0.0,0.0,0.0,0.0,0.0,0.0,0.0
2023-11-23 05:00:00,0.0,0.0,0.0,0.0,0.0,0.0,0.0,0.0,0.0,0.0,0.0,0.0,0.0,0.0,0.0,0.0,0.0,0.0,0.0,0.0,0.0,0.0,0.0,0.0,0.0,0.0,0.0,0.0
2023-11-23 06:00:00,0.0,0.0,0.0,0.0,0.0,0.0,0.0,0.0,0.0,0.0,0.0,0.0,0.0,0.0,0.0,0.0,0.0,0.0,0.0,0.0,0.0,0.0,0.0,0.0,0.0,0.0,0.0,0.0
2023-11-23 07:00:00,0.0,0.0,0.0,0.0,0.0,0.0,0.0,0.0,0.0,0.0,0.0,0.0,0.0,0.0,0.0,0.0,0.0,0.0,0.0,0.0,0.0,0.0,0.0,0.0,0.0,0.0,0.0,0.0
2023-11-23 08:00:00,0.0,0.0,0.0,0.0,0.0,0.0,0.0,0.0,0.0,0.0,0.0,0.0,0.0,0.0,0.0,0.0,0.0,0.0,0.0,0.0,0.0,0.0,0.0,0.0,0.0,0.0,0.0,0.0
2023-11-23 09:00:00,0.0,0.0,0.0,0.0,0.0,0.0,0.0,0.0,0.0,0.0,0.0,0.0,0.0,0.0,0.0,0.0,0.0,0.0,0.0,0.0,0.0,0.0,0.18490031614857982,0.0,0.009779353846663967,0.0,0.0,0.0
2023-11-23 10:00:00,0.27749385370549223,0.32462263327025925,0.41598412341387925,0.5132227661231117,0.0,0.0037923592041917797,0.45424101788316246,0.4561971920825005,0.2521291407508861,0.42209389215259074,0.4370954219838425,0.35178797204653817,0.30360494895754325,0.45906521733149613,0.1155935678413204,0.20135850388818324,0.0,0.22002866255460718,0.0,0.4409774883926461,0.4588067364303935,0.28066546623332556,0.2870604951533419,0.3404717064418208,0.14531011992625162,0.0047999936527112095,0.1434496308629536,0.3722539121221072
2023-11-23 11:00:00,0.4120667156417747,0.4553578774915082,0.5681411557283779,0.6854165887932802,0.037973130665356174,0.018828987801736755,0.6264107660540643,0.6189084802376331,0.3758105657665757,0.5570552585059919,0.5724956304993034,0.5076266868637834,0.44861149466482536,0.6260019773036831,0.2127046960911668,0.30949000355231315,0.07564032031854154,0.34278231597278314,0.016153847942923728,0.6137685986992524,0.6259679950676387,0.39496022274523196,0.3932918781343625,0.43472287804690213,0.26411999818785126,0.03497188370275728,0.254128386833353,0.5060522611157352
2023-11-23 12:00:00,0.5746868623881534,0.5714487811255348,0.6497077113850733,0.6617219936236891,0.06406510135301206,0.04730327485531964,0.6970387203609022,0.6908483096215766,0.5302456137203626,0.6554346396674368,0.6624019582320722,0.6341811827564627,0.5898552882256608,0.6960132412997406,0.3755733762701616,0.4434520220379576,0.049865522573474416,0.6063766972137743,0.01696575672996435,0.698028250119518,0.6961234199063672,0.5944488644067487,0.5784120202389759,0.487150768667399,0.4836712904557526,0.10348953217105154,0.3204398385819044,0.5096506443488106
2023-11-23 13:00:00,0.6781200619191118,0.634551522861751,0.7126260890109682,0.7746317046611909,0.10689753034734742,0.07793547376040111,0.7293761967383663,0.7239919158703022,0.5962047030963596,0.7096266407836003,0.7154545003300756,0.7703127456951891,0.6410232512316271,0.7220749115704916,0.4536787525094111,0.48383055966733096,0.06775299685370807,0.7010117734718889,0.032647880049986665,0.7203542866113456,0.7212026251558368,0.6892125975298734,0.5802564569325377,0.5184637371047648,0.5769356939984874,0.1549597880558683,0.3858753989580873,0.4757484962596381
2023-11-23 14:00:00,0.7007936219562292,0.6518513540312936,0.7161080136804103,0.7715002693669052,0.1304595701712987,0.11057631181842044,0.7314708507499432,0.7282866264415411,0.6373560421067516,0.7148602842466921,0.7207531151092457,0.7738178306837502,0.6677715500209249,0.7291823253966474,0.5815720590496826,0.6290118939992901,0.12639918892512841,0.7013831795328872,0.06396420377145617,0.7191243124663178,0.72883073560073,0.6932898568125037,0.5280997023873728,0.5211422310307496,0.6172484207322269,0.21367494414391988,0.4491995351246044,0.4622067273011307
2023-11-23 15:00:00,0.7156641092565248,0.6445997619029271,0.6912357333666832,0.7450327340589248,0.15650806836691855,0.11040002938265747,0.7043544543021812,0.6965094422500019,0.6310125841812901,0.6864052697710725,0.6922779650504796,0.7968020468691499,0.6458860418459416,0.6942678185122166,0.6126556014637946,0.6369917090790931,0.21423481745936968,0.7300317488115432,0.07521845830601795,0.6817763456900634,0.6936119520910902,0.7477602463429509,0.479991804510973,0.5137251642636261,0.6213844628037652,0.22817369396662115,0.4644723778835411,0.48373444205060295
2023-11-23 16:00:00,0.6545003861186823,0.5563177464408056,0.6138216915020054,0.6543612529939916,0.12188259116481757,0.10231702926096294,0.6334657765624536,0.6255155803583476,0.5481536613076411,0.6106333691843396,0.6188628097798126,0.7193078269502509,0.586944422686797,0.6254612146091505,0.5453780271885104,0.5683836859560875,0.26822554903195905,0.6804548445177124,0.1399596158085303,0.611239757420675,0.6248465486472415,0.6852264884870553,0.3727347305600128,0.3848723164616158,0.5123305418891427,0.19894484803505885,0.3523649285802722,0.388064477041857
2023-11-23 17:00:00,0.4837829842068843,0.4118471200828083,0.47105387887508904,0.4770189458648105,0.10093267126103052,0.07608253377720274,0.47705304209876603,0.46701977409264184,0.36910269924135913,0.46072404585145077,0.47091577405070817,0.5210098914745697,0.41521350161856774,0.46130732108762057,0.4045889434086358,0.4143120094381528,0.1834657127501508,0.5003907826029474,0.08955986537214096,0.4432131467175842,0.46003337263972,0.5082692915597568,0.3841082149267241,0.3406053799005982,0.3707764902645971,0.1557732575359683,0.24406581043018002,0.3418308084717617
2023-11-23 18:00:00,0.0,0.0,0.0,0.0,0.0,0.0,0.0,0.0,0.0,0.0,0.0,0.0,0.0,0.0,0.0,0.0,0.010363754080138888,0.0,0.0,0.0,0.0,0.0,0.0,0.0,0.0,0.0,0.0,0.0
2023-11-23 19:00:00,0.0,0.0,0.0,0.0,0.0,0.0,0.0,0.0,0.0,0.0,0.0,0.0,0.0,0.0,0.0,0.0,0.0,0.0,0.0,0.0,0.0,0.0,0.0,0.0,0.0,0.0,0.0,0.0
2023-11-23 20:00:00,0.0,0.0,0.0,0.0,0.0,0.0,0.0,0.0,0.0,0.0,0.0,0.0,0.0,0.0,0.0,0.0,0.0,0.0,0.0,0.0,0.0,0.0,0.0,0.0,0.0,0.0,0.0,0.0
2023-11-23 21:00:00,0.0,0.0,0.0,0.0,0.0,0.0,0.0,0.0,0.0,0.0,0.0,0.0,0.0,0.0,0.0,0.0,0.0,0.0,0.0,0.0,0.0,0.0,0.0,0.0,0.0,0.0,0.0,0.0
2023-11-23 22:00:00,0.0,0.0,0.0,0.0,0.0,0.0,0.0,0.0,0.0,0.0,0.0,0.0,0.0,0.0,0.0,0.0,0.0,0.0,0.0,0.0,0.0,0.0,0.0,0.0,0.0,0.0,0.0,0.0
2023-11-23 23:00:00,0.0,0.0,0.0,0.0,0.0,0.0,0.0,0.0,0.0,0.0,0.0,0.0,0.0,0.0,0.0,0.0,0.0,0.0,0.0,0.0,0.0,0.0,0.0,0.0,0.0,0.0,0.0,0.0
2023-11-24 00:00:00,0.0,0.0,0.0,0.0,0.0,0.0,0.0,0.0,0.0,0.0,0.0,0.0,0.0,0.0,0.0,0.0,0.0,0.0,0.0,0.0,0.0,0.0,0.0,0.0,0.0,0.0,0.0,0.0
2023-11-24 01:00:00,0.0,0.0,0.0,0.0,0.0,0.0,0.0,0.0,0.0,0.0,0.0,0.0,0.0,0.0,0.0,0.0,0.0,0.0,0.0,0.0,0.0,0.0,0.0,0.0,0.0,0.0,0.0,0.0
2023-11-24 02:00:00,0.0,0.0,0.0,0.0,0.0,0.0,0.0,0.0,0.0,0.0,0.0,0.0,0.0,0.0,0.0,0.0,0.0,0.0,0.0,0.0,0.0,0.0,0.0,0.0,0.0,0.0,0.0,0.0
2023-11-24 03:00:00,0.0,0.0,0.0,0.0,0.0,0.0,0.0,0.0,0.0,0.0,0.0,0.0,0.0,0.0,0.0,0.0,0.0,0.0,0.0,0.0,0.0,0.0,0.0,0.0,0.0,0.0,0.0,0.0
2023-11-24 04:00:00,0.0,0.0,0.0,0.0,0.0,0.0,0.0,0.0,0.0,0.0,0.0,0.0,0.0,0.0,0.0,0.0,0.0,0.0,0.0,0.0,0.0,0.0,0.0,0.0,0.0,0.0,0.0,0.0
2023-11-24 05:00:00,0.0,0.0,0.0,0.0,0.0,0.0,0.0,0.0,0.0,0.0,0.0,0.0,0.0,0.0,0.0,0.0,0.0,0.0,0.0,0.0,0.0,0.0,0.0,0.0,0.0,0.0,0.0,0.0
2023-11-24 06:00:00,0.0,0.0,0.0,0.0,0.0,0.0,0.0,0.0,0.0,0.0,0.0,0.0,0.0,0.0,0.0,0.0,0.0,0.0,0.0,0.0,0.0,0.0,0.0,0.0,0.0,0.0,0.0,0.0
2023-11-24 07:00:00,0.0,0.0,0.0,0.0,0.0,0.0,0.0,0.0,0.0,0.0,0.0,0.0,0.0,0.0,0.0,0.0,0.0,0.0,0.0,0.0,0.0,0.0,0.0,0.0,0.0,0.0,0.0,0.0
2023-11-24 08:00:00,0.0,0.0,0.0,0.0,0.0,0.0,0.0,0.0,0.0,0.0,0.0,0.0,0.0,0.0,0.0,0.0,0.0,0.0,0.0,0.0,0.0,0.0,0.0,0.0,0.0,0.0,0.0,0.0
2023-11-24 09:00:00,0.0,0.0,0.0,0.0,0.0,0.0,0.0,0.0,0.0,0.0,0.0,0.0,0.0,0.0,0.0,0.0,0.0,0.0,0.0,0.0,0.0,0.0,0.43534299386751374,0.0,0.0,0.0,0.0,0.0
2023-11-24 10:00:00,0.3114979728138868,0.3321896387227652,0.3872936449603043,0.5115074028220008,0.0,0.004414907330661968,0.44180944976826825,0.4458461021090985,0.13125583483126047,0.4017058433318156,0.4195752895109385,0.42302275993227145,0.1232010854034078,0.4522015332618754,0.041923367182321765,0.059522622601169604,0.0,0.33377111440150947,0.0,0.44414576922095284,0.45196733681840123,0.3866931578947608,0.5571153339591763,0.3276837813365781,0.367557530914427,0.002695734670225202,0.21003935070971702,0.35322900312664407
2023-11-24 11:00:00,0.4916442780877627,0.46268286892831856,0.5445097819865431,0.6796068848588486,0.05830571836964243,0.02710231630752234,0.6103810314835694,0.601075252952313,0.2878065233450538,0.5197511243274963,0.5461674889671616,0.621937089375273,0.27163426934223106,0.614911167214009,0.10639943581279099,0.15043980046159838,0.056523234051073665,0.514986751335102,0.0481008847116778,0.6051853913448098,0.6143567777687642,0.5463598075677852,0.75682660169667,0.4718826046286921,0.6066977150977276,0.052678199635493216,0.32010670107384753,0.5109496624657637
2023-11-24 12:00:00,0.4604823729816493,0.41540322001091673,0.6192742977481128,0.6725591163327217,0.12590693276228226,0.09392408991360224,0.6804920228345468,0.6802050787081085,0.27705012666218864,0.658616431655745,0.6654437060847777,0.634225511924124,0.30211715556949365,0.6831742305741517,0.16185895866274333,0.24472544902399537,0.20189907602317464,0.5123573755390137,0.11153948997734497,0.6723279936420155,0.6824618917589638,0.55486415165322,0.7854761389403193,0.4680659493791983,0.629562058563177,0.11382807876766186,0.35610389479785615,0.43098978470336125
2023-11-24 13:00:00,0.5395355999519545,0.40370097842601427,0.6650008230133254,0.7208175186070365,0.15962097366873235,0.14524986801610187,0.709379926630089,0.7122079516458822,0.3564533189025451,0.7032385731076582,0.7082733912566672,0.7168285162664436,0.3986198695416164,0.7130144853530753,0.2655538435175985,0.3503991711755232,0.23919356015637522,0.602796558998936,0.21073555585957426,0.7006826063663302,0.7124277312843879,0.6338312133429665,0.8138308455554557,0.4595125844716259,0.6441295993511384,0.20263207997969024,0.34442395990158553,0.47435078425905225
2023-11-24 14:00:00,0.5683183245313541,0.3908582196448259,0.6248816999713214,0.7318800623071394,0.1672123634177936,0.13985028838821767,0.7094675284550612,0.7047753390406006,0.4075079544793092,0.6695115269167836,0.6758728577668275,0.7146037434408766,0.419274410877931,0.7126552669021113,0.29615604596773,0.33322023046490384,0.24198375663415275,0.641358806303825,0.17874055435990904,0.700889621730901,0.7123078099530427,0.6155626213345761,0.8004859291210786,0.5032441081666622,0.6634076197288699,0.20707722920901536,0.31465038481426083,0.5007391035938084
2023-11-24 15:00:00,0.5757767680217809,0.39187662336267676,0.6482770722515677,0.7025189586486728,0.17815552540890875,0.13094046778677398,0.6846012544940655,0.6692257142478866,0.37284823518530247,0.6632744337870569,0.6675379026542995,0.7084095741484673,0.35642130202874095,0.660985166882905,0.22972919200123604,0.21884416655753744,0.34362451098187313,0.6411106958283354,0.23793722648625348,0.6500862591649267,0.6595600817491273,0.6518099974217281,0.6876524786532302,0.45861836584321436,0.5803992667622391,0.17949990053983486,0.3014029461463928,0.45539971077515756
2023-11-24 16:00:00,0.5341885190660152,0.3006151742700917,0.5812901325699842,0.6233229033196437,0.1200966016057397,0.12247586148106751,0.6097995964047577,0.5939933353395129,0.3207208183890791,0.5770295616892134,0.584078905105722,0.6489407808266978,0.31786814598566854,0.590763899620943,0.16549486702153232,0.17948081379525363,0.3113787195685765,0.6230472357138849,0.2159711932263027,0.5775585826029682,0.5894250834229664,0.6160833211335665,0.4844195138530702,0.33039883011321997,0.4022443570231451,0.17078245347029244,0.19854263720780177,0.37111196452606265
2023-11-24 17:00:00,0.34796271069237916,0.13680590271532325,0.42831312228789975,0.41926305300364053,0.06061329509867272,0.08044438847412018,0.45054976116799633,0.4411877073548332,0.1484164620628079,0.42730075740948714,0.4357993687770842,0.45013256570155136,0.13781987851512525,0.43667508385981574,0.1015061347908077,0.07976053071553965,0.19775452501781507,0.4348608416004351,0.11988858915735844,0.4218057489499912,0.4355777572819024,0.43948157035147783,0.3188133530423484,0.18658047547704595,0.28977595377609944,0.1704981857619654,0.1252145646687824,0.21686957858168682
2023-11-24 18:00:00,0.0,0.0,0.0,0.0,0.0,0.0,0.0,0.0,0.0,0.0,0.0,0.0,0.0,0.0,0.0,0.0,0.0,0.0,0.0,0.0,0.0,0.0,0.0,0.0,0.0,0.0,0.0,0.0
2023-11-24 19:00:00,0.0,0.0,0.0,0.0,0.0,0.0,0.0,0.0,0.0,0.0,0.0,0.0,0.0,0.0,0.0,0.0,0.0,0.0,0.0,0.0,0.0,0.0,0.0,0.0,0.0,0.0,0.0,0.0
2023-11-24 20:00:00,0.0,0.0,0.0,0.0,0.0,0.0,0.0,0.0,0.0,0.0,0.0,0.0,0.0,0.0,0.0,0.0,0.0,0.0,0.0,0.0,0.0,0.0,0.0,0.0,0.0,0.0,0.0,0.0
2023-11-24 21:00:00,0.0,0.0,0.0,0.0,0.0,0.0,0.0,0.0,0.0,0.0,0.0,0.0,0.0,0.0,0.0,0.0,0.0,0.0,0.0,0.0,0.0,0.0,0.0,0.0,0.0,0.0,0.0,0.0
2023-11-24 22:00:00,0.0,0.0,0.0,0.0,0.0,0.0,0.0,0.0,0.0,0.0,0.0,0.0,0.0,0.0,0.0,0.0,0.0,0.0,0.0,0.0,0.0,0.0,0.0,0.0,0.0,0.0,0.0,0.0
2023-11-24 23:00:00,0.0,0.0,0.0,0.0,0.0,0.0,0.0,0.0,0.0,0.0,0.0,0.0,0.0,0.0,0.0,0.0,0.0,0.0,0.0,0.0,0.0,0.0,0.0,0.0,0.0,0.0,0.0,0.0
2023-11-25 00:00:00,0.0,0.0,0.0,0.0,0.0,0.0,0.0,0.0,0.0,0.0,0.0,0.0,0.0,0.0,0.0,0.0,0.0,0.0,0.0,0.0,0.0,0.0,0.0,0.0,0.0,0.0,0.0,0.0
2023-11-25 01:00:00,0.0,0.0,0.0,0.0,0.0,0.0,0.0,0.0,0.0,0.0,0.0,0.0,0.0,0.0,0.0,0.0,0.0,0.0,0.0,0.0,0.0,0.0,0.0,0.0,0.0,0.0,0.0,0.0
2023-11-25 02:00:00,0.0,0.0,0.0,0.0,0.0,0.0,0.0,0.0,0.0,0.0,0.0,0.0,0.0,0.0,0.0,0.0,0.0,0.0,0.0,0.0,0.0,0.0,0.0,0.0,0.0,0.0,0.0,0.0
2023-11-25 03:00:00,0.0,0.0,0.0,0.0,0.0,0.0,0.0,0.0,0.0,0.0,0.0,0.0,0.0,0.0,0.0,0.0,0.0,0.0,0.0,0.0,0.0,0.0,0.0,0.0,0.0,0.0,0.0,0.0
2023-11-25 04:00:00,0.0,0.0,0.0,0.0,0.0,0.0,0.0,0.0,0.0,0.0,0.0,0.0,0.0,0.0,0.0,0.0,0.0,0.0,0.0,0.0,0.0,0.0,0.0,0.0,0.0,0.0,0.0,0.0
2023-11-25 05:00:00,0.0,0.0,0.0,0.0,0.0,0.0,0.0,0.0,0.0,0.0,0.0,0.0,0.0,0.0,0.0,0.0,0.0,0.0,0.0,0.0,0.0,0.0,0.0,0.0,0.0,0.0,0.0,0.0
2023-11-25 06:00:00,0.0,0.0,0.0,0.0,0.0,0.0,0.0,0.0,0.0,0.0,0.0,0.0,0.0,0.0,0.0,0.0,0.0,0.0,0.0,0.0,0.0,0.0,0.0,0.0,0.0,0.0,0.0,0.0
2023-11-25 07:00:00,0.0,0.0,0.0,0.0,0.0,0.0,0.0,0.0,0.0,0.0,0.0,0.0,0.0,0.0,0.0,0.0,0.0,0.0,0.0,0.0,0.0,0.0,0.0,0.0,0.0,0.0,0.0,0.0
2023-11-25 08:00:00,0.0,0.0,0.0,0.0,0.0,0.0,0.0,0.0,0.0,0.0,0.0,0.0,0.0,0.0,0.0,0.0,0.0,0.0,0.0,0.0,0.0,0.0,0.0,0.0,0.0,0.0,0.0,0.0
2023-11-25 09:00:00,0.0,0.0,0.0,0.0,0.0,0.0,0.0,0.0,0.0,0.0,0.0,0.0,0.0,0.0,0.0,0.0,0.0,0.0,0.0,0.0,0.0,0.0,0.26433881885196486,0.0,0.0,0.0,0.0,0.0
2023-11-25 10:00:00,0.22199414540953583,0.2980615647462194,0.3559977557087206,0.47559490291364226,0.0,0.04195612943289361,0.43513452752743426,0.42477448239009935,0.22841988481228995,0.34810608581330843,0.36942728564370764,0.31323000778766247,0.22439033855412407,0.4303575462516769,0.3058007112166952,0.31965709071076626,0.0,0.17883688283186974,0.0,0.4297592864480587,0.4291709953200774,0.2182805748157823,0.4547737551190457,0.2020978006542288,0.23897776395157655,0.013358368314674574,0.09414392778458182,0.2532800880594497
2023-11-25 11:00:00,0.3799641743508729,0.4048029874038257,0.5564230923921629,0.6571088319615164,0.030234327236660422,0.11490408851659782,0.6037376756542411,0.6011893319904859,0.3768624018231048,0.5472183058558197,0.5634217606367419,0.46910978820167615,0.3962997214075198,0.6016579637289882,0.42661212800793874,0.4782873872092185,0.1600220766056837,0.27088972531024186,0.1624220118975904,0.5941685654750757,0.6006266871675575,0.3683359768678052,0.6398979058506181,0.2717979263984099,0.398168175248661,0.13349717895967644,0.2096712269694922,0.3385039852604579
2023-11-25 12:00:00,0.49282559425597794,0.43824604324305294,0.6147481402451089,0.6582208343013223,0.07703084257910152,0.17271592797114785,0.6726354203561016,0.6560100030425043,0.4427662242014858,0.6231869811031511,0.6361968533991479,0.6355795529299088,0.45689587247469715,0.6299340161043453,0.5336668680318232,0.5533878612487552,0.12666224289820657,0.5049648557743558,0.23027560542071643,0.6818629965636465,0.6236923134174635,0.536293296258352,0.6371573569251016,0.3029023403545528,0.339354644781926,0.21064821249079058,0.24872265919822092,0.30227175536919737
2023-11-25 13:00:00,0.6178937895652006,0.46672563652079735,0.6678020469182974,0.7327730620336748,0.09875650141819531,0.19734223821165406,0.6855569196489103,0.6903328818479334,0.5549278247399794,0.678222707833474,0.6896955062134557,0.7156613950171119,0.5555603424438235,0.6560263793671343,0.6044078892383885,0.6475078796690885,0.15583692233861485,0.6075839127404822,0.27407933447149296,0.7081724638760022,0.6496883113028997,0.6121182458105131,0.7233852741389256,0.3110695763951964,0.3696489859683539,0.26044078440017665,0.306877729802718,0.29191622612938917
2023-11-25 14:00:00,0.6443975872260798,0.4866019013687485,0.6805640972878112,0.7253498149260555,0.12374240643326086,0.24733341479511184,0.7004041360559524,0.691859248952109,0.635833070992851,0.6948523576423318,0.7035177461349169,0.7136233261059384,0.6387511958502842,0.6566656925783759,0.6519456350416497,0.6783461549414094,0.1554749807736204,0.6197370155888242,0.2712457031109861,0.7049307568999194,0.650539238106078,0.6207212131558324,0.6359228855613444,0.31361201060259253,0.3339256183898216,0.3048707358558921,0.274231807920007,0.31309134042385706
2023-11-25 15:00:00,0.673826136053296,0.48815044156244697,0.6659050648822585,0.6871981024964186,0.09329005477639186,0.18817571141500244,0.6726662387684917,0.6655225295601859,0.6039314596119001,0.6728731080463672,0.6795706863378147,0.730973568489736,0.5902795584638415,0.634381973691525,0.6156523672749944,0.6412605688858806,0.11178934659253381,0.6279558499282799,0.23493892612364595,0.6726638334777557,0.6291359808653468,0.6713072348550849,0.5722934376967015,0.25790178596737345,0.30562776128104613,0.2687640471807657,0.2446721107744708,0.2751543281980512
2023-11-25 16:00:00,0.5882979035267574,0.42798661692270684,0.5865477887667933,0.572881472108078,0.08204481568238596,0.16215227494109277,0.6035422762448557,0.5953952276820494,0.5654115124914602,0.5941826416497634,0.6010016055343221,0.6152826027986762,0.5727223486316486,0.581561145237099,0.5134144450458702,0.5827202894526871,0.07667859775536293,0.5325859689657072,0.1691562897100704,0.5866007824279857,0.5788097171847715,0.5662657116580398,0.4433239248605586,0.21513678637895028,0.26612015180786347,0.20680708784044854,0.16563620335485457,0.23214172427139632
2023-11-25 17:00:00,0.4303846486422736,0.26879151254258765,0.43541099852836673,0.40977344379093544,0.03247236742607244,0.08392815814808215,0.43699709139195525,0.4324052498219491,0.4133296054566998,0.4260053637022598,0.4365786634751868,0.43082341294333737,0.42802490827761036,0.4183803956624526,0.31694862593716994,0.4073067908545197,0.02439819966302632,0.3871200153199914,0.04302795220145319,0.41752378506309734,0.4159290032352462,0.39964089943191317,0.2830297314785356,0.15240820463069946,0.1941527788255872,0.08010936483672487,0.12292734543317003,0.1743166534965766
2023-11-25 18:00:00,0.0,0.0,0.0,0.0,0.0,0.0,0.0,0.0,0.0,0.0,0.0,0.0,0.0,0.0,0.0,0.0,0.0,0.0,0.0,0.0,0.0,0.0,0.0,0.0,0.0,0.0,0.0,0.0
2023-11-25 19:00:00,0.0,0.0,0.0,0.0,0.0,0.0,0.0,0.0,0.0,0.0,0.0,0.0,0.0,0.0,0.0,0.0,0.0,0.0,0.0,0.0,0.0,0.0,0.0,0.0,0.0,0.0,0.0,0.0
2023-11-25 20:00:00,0.0,0.0,0.0,0.0,0.0,0.0,0.0,0.0,0.0,0.0,0.0,0.0,0.0,0.0,0.0,0.0,0.0,0.0,0.0,0.0,0.0,0.0,0.0,0.0,0.0,0.0,0.0,0.0
2023-11-25 21:00:00,0.0,0.0,0.0,0.0,0.0,0.0,0.0,0.0,0.0,0.0,0.0,0.0,0.0,0.0,0.0,0.0,0.0,0.0,0.0,0.0,0.0,0.0,0.0,0.0,0.0,0.0,0.0,0.0
2023-11-25 22:00:00,0.0,0.0,0.0,0.0,0.0,0.0,0.0,0.0,0.0,0.0,0.0,0.0,0.0,0.0,0.0,0.0,0.0,0.0,0.0,0.0,0.0,0.0,0.0,0.0,0.0,0.0,0.0,0.0
2023-11-25 23:00:00,0.0,0.0,0.0,0.0,0.0,0.0,0.0,0.0,0.0,0.0,0.0,0.0,0.0,0.0,0.0,0.0,0.0,0.0,0.0,0.0,0.0,0.0,0.0,0.0,0.0,0.0,0.0,0.0
2023-11-26 00:00:00,0.0,0.0,0.0,0.0,0.0,0.0,0.0,0.0,0.0,0.0,0.0,0.0,0.0,0.0,0.0,0.0,0.0,0.0,0.0,0.0,0.0,0.0,0.0,0.0,0.0,0.0,0.0,0.0
2023-11-26 01:00:00,0.0,0.0,0.0,0.0,0.0,0.0,0.0,0.0,0.0,0.0,0.0,0.0,0.0,0.0,0.0,0.0,0.0,0.0,0.0,0.0,0.0,0.0,0.0,0.0,0.0,0.0,0.0,0.0
2023-11-26 02:00:00,0.0,0.0,0.0,0.0,0.0,0.0,0.0,0.0,0.0,0.0,0.0,0.0,0.0,0.0,0.0,0.0,0.0,0.0,0.0,0.0,0.0,0.0,0.0,0.0,0.0,0.0,0.0,0.0
2023-11-26 03:00:00,0.0,0.0,0.0,0.0,0.0,0.0,0.0,0.0,0.0,0.0,0.0,0.0,0.0,0.0,0.0,0.0,0.0,0.0,0.0,0.0,0.0,0.0,0.0,0.0,0.0,0.0,0.0,0.0
2023-11-26 04:00:00,0.0,0.0,0.0,0.0,0.0,0.0,0.0,0.0,0.0,0.0,0.0,0.0,0.0,0.0,0.0,0.0,0.0,0.0,0.0,0.0,0.0,0.0,0.0,0.0,0.0,0.0,0.0,0.0
2023-11-26 05:00:00,0.0,0.0,0.0,0.0,0.0,0.0,0.0,0.0,0.0,0.0,0.0,0.0,0.0,0.0,0.0,0.0,0.0,0.0,0.0,0.0,0.0,0.0,0.0,0.0,0.0,0.0,0.0,0.0
2023-11-26 06:00:00,0.0,0.0,0.0,0.0,0.0,0.0,0.0,0.0,0.0,0.0,0.0,0.0,0.0,0.0,0.0,0.0,0.0,0.0,0.0,0.0,0.0,0.0,0.0,0.0,0.0,0.0,0.0,0.0
2023-11-26 07:00:00,0.0,0.0,0.0,0.0,0.0,0.0,0.0,0.0,0.0,0.0,0.0,0.0,0.0,0.0,0.0,0.0,0.0,0.0,0.0,0.0,0.0,0.0,0.0,0.0,0.0,0.0,0.0,0.0
2023-11-26 08:00:00,0.0,0.0,0.0,0.0,0.0,0.0,0.0,0.0,0.0,0.0,0.0,0.0,0.0,0.0,0.0,0.0,0.0,0.0,0.0,0.0,0.0,0.0,0.0,0.0,0.0,0.0,0.0,0.0
2023-11-26 09:00:00,0.0,0.0,0.0,0.0,0.0,0.0,0.0,0.0,0.0,0.0,0.0,0.0,0.0,0.0,0.0,0.0,0.0,0.0,0.0,0.0,0.0,0.0,0.08867129493638305,0.0,0.0,0.0,0.0,0.0
2023-11-26 10:00:00,0.21994590835758396,0.1434645532887499,0.29012078744906294,0.4406426402703504,0.0,0.00022796935452583402,0.42230324739636,0.41664061264103674,0.09059767785458163,0.3412250734467562,0.36146239707415384,0.335463076409132,0.087034740575628,0.4287023305645612,0.004249901483400738,0.024186975817333322,0.0,0.30365859787651167,0.0,0.4274075524622713,0.4279273137916098,0.3044255766941583,0.2512117698772375,0.1418951763983968,0.11125837275952975,0.00022721566067938708,0.05269529696171643,0.16195250563512018
2023-11-26 11:00:00,0.2977369869884082,0.2498348611961236,0.4378785794613146,0.600610675093542,0.006489093415873274,0.020063700549793312,0.5627468826153225,0.5661824596157471,0.18834171910476546,0.48461415025103344,0.5030268326562451,0.4543956121694984,0.20495450159884343,0.5844770229726558,0.05468899995328558,0.08795553936046331,0.013707150790742707,0.3131216346461912,0.01567032942131178,0.593449116453775,0.5838389793181868,0.3672911350913403,0.46077827218815154,0.2443540937520276,0.28561822777652535,0.026834556398016386,0.17650176026658648,0.27390139544491465
2023-11-26 12:00:00,0.37273643033875514,0.23166729821490273,0.46807572643110124,0.5265337529175595,0.020227593930635564,0.04052780865466337,0.512799304532131,0.4783823443751813,0.21093216419168426,0.45734797403404437,0.4921072376005672,0.43154966923717303,0.23034397114483318,0.43460608577038445,0.1366415391449643,0.1735910289726028,0.02837853537871713,0.372061748127596,0.030061142986563497,0.4492170377997534,0.42680830893423904,0.4298991637239373,0.6042158642573138,0.23125359194903583,0.34339378523353764,0.06101353151515906,0.30051731268644055,0.2654627285721726
2023-11-26 13:00:00,0.5682976838396455,0.31060262002950784,0.5627855896637849,0.5320431365558916,0.036174961707785676,0.07299459920307286,0.5543148709331595,0.5047607066751002,0.32986526421952517,0.5291395406186508,0.5354842822528404,0.6054149417651864,0.372915834963671,0.47091050254492767,0.20735772141704803,0.2599878739633144,0.054160170241173027,0.5706346658007723,0.06329200968722251,0.500389230395206,0.4676799357042102,0.6092449951517273,0.6608669952978735,0.2710843089791678,0.4914154280489903,0.10425785246803967,0.36633127954117123,0.256481126953268
2023-11-26 14:00:00,0.5423659792687437,0.2867562825269005,0.5914607774013849,0.5327426261725129,0.03733356770827889,0.07160148311395853,0.5702518701836953,0.5423043945095195,0.2868314810850662,0.5772735476601908,0.5608888091262216,0.6659084780976011,0.3276880940411311,0.5095913025515241,0.19232495016612833,0.22790748240807363,0.06184453878815955,0.6206391030200479,0.06086292976563093,0.59516031577252,0.5069687692245589,0.6309736130062461,0.6643702863267806,0.28349000096969185,0.5057066248051648,0.11144611999922766,0.4418679730438799,0.275548340401283
2023-11-26 15:00:00,0.46277474316142087,0.2459816629160814,0.6008465651326331,0.49878562892999145,0.033518398564734445,0.07616919506187929,0.6259645702896383,0.606133795920913,0.25982821196924333,0.6185936931790741,0.6178883367645671,0.5827136904355045,0.29336413989000765,0.5581639649777395,0.18450056560437475,0.2146052346002661,0.06094202812445334,0.5945552507373181,0.0565657958769333,0.64201430813861,0.5517348851623464,0.5869823891510534,0.6007000100473945,0.25331632631960993,0.4558453218434769,0.1098930398652395,0.3446521998818352,0.21097212838443227
2023-11-26 16:00:00,0.3050377849494487,0.11249412788399134,0.41502956188988077,0.43591953209903433,0.016647376391153736,0.03589826310597417,0.4943046942109057,0.49230702910778645,0.14152937112960368,0.4672573741826841,0.45889476155417386,0.4582829325671849,0.16145954288266798,0.5105099932720276,0.09289459613251574,0.11868474280352233,0.03405852348010531,0.44486311358634884,0.03235853749644129,0.5446434517130438,0.5118560990878319,0.413032957877616,0.477466082530894,0.1761591664803439,0.3806173167190931,0.04796844301850525,0.24815525699671664,0.14394667834215083
2023-11-26 17:00:00,0.109243221196813,0.036920471586802374,0.20027845023896781,0.22126880583076156,0.0022502446230696503,0.011380439061714575,0.30337125429858464,0.31740763792417476,0.05887645669880753,0.29337892456973813,0.2845223963368444,0.20622298411096998,0.06845434417313291,0.31447254008258074,0.04135664218171075,0.05173157289238879,0.009968952008202064,0.14902149923138855,0.00911341348113993,0.37229155921506696,0.31333801425829155,0.183657886609823,0.21098029337785715,0.06577373478062243,0.15407486244001964,0.01580493508433516,0.07614487224575016,0.0516934361818131
2023-11-26 18:00:00,0.0,0.0,0.0,0.0,0.0,0.0,0.0,0.0,0.0,0.0,0.0,0.0,0.0,0.0,0.0,0.0,0.0,0.0,0.0,0.0,0.0,0.0,0.0,0.0,0.0,0.0,0.0,0.0
2023-11-26 19:00:00,0.0,0.0,0.0,0.0,0.0,0.0,0.0,0.0,0.0,0.0,0.0,0.0,0.0,0.0,0.0,0.0,0.0,0.0,0.0,0.0,0.0,0.0,0.0,0.0,0.0,0.0,0.0,0.0
2023-11-26 20:00:00,0.0,0.0,0.0,0.0,0.0,0.0,0.0,0.0,0.0,0.0,0.0,0.0,0.0,0.0,0.0,0.0,0.0,0.0,0.0,0.0,0.0,0.0,0.0,0.0,0.0,0.0,0.0,0.0
2023-11-26 21:00:00,0.0,0.0,0.0,0.0,0.0,0.0,0.0,0.0,0.0,0.0,0.0,0.0,0.0,0.0,0.0,0.0,0.0,0.0,0.0,0.0,0.0,0.0,0.0,0.0,0.0,0.0,0.0,0.0
2023-11-26 22:00:00,0.0,0.0,0.0,0.0,0.0,0.0,0.0,0.0,0.0,0.0,0.0,0.0,0.0,0.0,0.0,0.0,0.0,0.0,0.0,0.0,0.0,0.0,0.0,0.0,0.0,0.0,0.0,0.0
2023-11-26 23:00:00,0.0,0.0,0.0,0.0,0.0,0.0,0.0,0.0,0.0,0.0,0.0,0.0,0.0,0.0,0.0,0.0,0.0,0.0,0.0,0.0,0.0,0.0,0.0,0.0,0.0,0.0,0.0,0.0
2023-11-27 00:00:00,0.0,0.0,0.0,0.0,0.0,0.0,0.0,0.0,0.0,0.0,0.0,0.0,0.0,0.0,0.0,0.0,0.0,0.0,0.0,0.0,0.0,0.0,0.0,0.0,0.0,0.0,0.0,0.0
2023-11-27 01:00:00,0.0,0.0,0.0,0.0,0.0,0.0,0.0,0.0,0.0,0.0,0.0,0.0,0.0,0.0,0.0,0.0,0.0,0.0,0.0,0.0,0.0,0.0,0.0,0.0,0.0,0.0,0.0,0.0
2023-11-27 02:00:00,0.0,0.0,0.0,0.0,0.0,0.0,0.0,0.0,0.0,0.0,0.0,0.0,0.0,0.0,0.0,0.0,0.0,0.0,0.0,0.0,0.0,0.0,0.0,0.0,0.0,0.0,0.0,0.0
2023-11-27 03:00:00,0.0,0.0,0.0,0.0,0.0,0.0,0.0,0.0,0.0,0.0,0.0,0.0,0.0,0.0,0.0,0.0,0.0,0.0,0.0,0.0,0.0,0.0,0.0,0.0,0.0,0.0,0.0,0.0
2023-11-27 04:00:00,0.0,0.0,0.0,0.0,0.0,0.0,0.0,0.0,0.0,0.0,0.0,0.0,0.0,0.0,0.0,0.0,0.0,0.0,0.0,0.0,0.0,0.0,0.0,0.0,0.0,0.0,0.0,0.0
2023-11-27 05:00:00,0.0,0.0,0.0,0.0,0.0,0.0,0.0,0.0,0.0,0.0,0.0,0.0,0.0,0.0,0.0,0.0,0.0,0.0,0.0,0.0,0.0,0.0,0.0,0.0,0.0,0.0,0.0,0.0
2023-11-27 06:00:00,0.0,0.0,0.0,0.0,0.0,0.0,0.0,0.0,0.0,0.0,0.0,0.0,0.0,0.0,0.0,0.0,0.0,0.0,0.0,0.0,0.0,0.0,0.0,0.0,0.0,0.0,0.0,0.0
2023-11-27 07:00:00,0.0,0.0,0.0,0.0,0.0,0.0,0.0,0.0,0.0,0.0,0.0,0.0,0.0,0.0,0.0,0.0,0.0,0.0,0.0,0.0,0.0,0.0,0.0,0.0,0.0,0.0,0.0,0.0
2023-11-27 08:00:00,0.0,0.0,0.0,0.0,0.0,0.0,0.0,0.0,0.0,0.0,0.0,0.0,0.0,0.0,0.0,0.0,0.0,0.0,0.0,0.0,0.0,0.0,0.0,0.0,0.0,0.0,0.0,0.0
2023-11-27 09:00:00,0.0,0.0,0.0,0.0,0.0,0.0,0.0,0.0,0.0,0.0,0.0,0.0,0.0,0.0,0.0,0.0,0.0,0.0,0.0,0.0,0.0,0.0,0.018250019609112222,0.0,0.0,0.0,0.0,0.0
2023-11-27 10:00:00,0.14509389465617537,0.11588969841282526,0.2381574582303712,0.17002528307615386,0.0,0.00494066260205351,0.23942888140980567,0.21512799663011387,0.1539491219705761,0.16155840003390576,0.18602530486600635,0.09586928159110797,0.1535374721849212,0.21753959887464983,0.09092875188416286,0.10289179208421109,0.0,0.1090360035481424,0.0,0.2192180232430202,0.21536833908072595,0.10288052513254727,0.1243008845024883,0.09339114951572165,0.1112868618502508,0.007052273288026255,0.034114720673516064,0.08811830623071858
2023-11-27 11:00:00,0.3412811105514094,0.2788458084559048,0.47551751829776456,0.3504840339519715,0.03251654547235153,0.030793453518309224,0.49747802432331695,0.46781734377184264,0.36460679967564485,0.4339222436242849,0.4591863183641126,0.2462659989056507,0.37645085029152636,0.44544302169784206,0.29417618320421013,0.3137917611731973,0.002998288743949344,0.308640408545374,0.004690152702154279,0.4250658836000789,0.4399745789055757,0.2999367645667525,0.2591554622252908,0.24644740488379052,0.2107897771357693,0.09543795649438608,0.09904461335088709,0.2308319401661501
2023-11-27 12:00:00,0.49287884953200634,0.2897504985440045,0.5826695502652371,0.47751541947172155,0.11041467626587506,0.05088382764348639,0.5957038259801599,0.5541731950505345,0.5047402852049485,0.5165926330946164,0.5450102264888776,0.45979378007456295,0.5444825013247888,0.5194784745125466,0.33901230911169145,0.4410776041935242,0.00895563802941822,0.4506131145678372,0.008410668250383977,0.526594834211929,0.5126978168199458,0.4537440211797064,0.3966007009758737,0.29147713271775233,0.28338281800835424,0.1001614105231286,0.11917104621541687,0.3196649558033121
2023-11-27 13:00:00,0.6208411274432205,0.3971319575537225,0.6137540039626181,0.6114776313494562,0.17684651416608552,0.08529861068300529,0.6776735592586721,0.6662218083937752,0.6280377693214308,0.598808341909881,0.6217703426981156,0.6410464081452628,0.6690488532184067,0.6406463170502666,0.48587186172340324,0.5921290170950909,0.01802231807235011,0.6250591372675313,0.016350714868723536,0.68317252880474,0.6337311537922518,0.6099286320197551,0.5421320667111198,0.37374107636978315,0.34533116099878003,0.14879629156002866,0.1615233280605392,0.42787369701707384
2023-11-27 14:00:00,0.6826104496313745,0.4298358868104861,0.6925770224437634,0.6162930535663911,0.184264459759394,0.11687244015409896,0.6902596395649665,0.6760806986408165,0.6533281037524548,0.6638302952846198,0.6845353710915156,0.6751812875576764,0.7025988900330337,0.6351351180600593,0.5566664588724002,0.6538977617467845,0.03889049242600627,0.6492117626760994,0.012118163032310916,0.6326241914571098,0.6279179306632746,0.6795928063518928,0.5358061744346378,0.387054204637005,0.29979465430333474,0.17236187801945127,0.1533684355186719,0.4507130886492636
2023-11-27 15:00:00,0.667976310264223,0.4670673595545013,0.6787296101246781,0.6517147689141054,0.14405988525658459,0.1187999295571581,0.676624674320831,0.6612574795118654,0.6110140606825123,0.6656000236985934,0.6754403633684707,0.6624427756238389,0.6727612795839215,0.6322050638859158,0.5722871921576235,0.6135871715309036,0.042897511082858754,0.6470307290677726,0.01410298869962009,0.6598394273198243,0.6277503781204165,0.6716733520417922,0.48011745524450344,0.39370186022686937,0.225947864736777,0.19070872911982417,0.19096730693221525,0.4550443016588786
2023-11-27 16:00:00,0.6068110034579923,0.4563799224129732,0.6067758393591016,0.6060342869749727,0.10956424710673975,0.09770311292250025,0.6132280160885045,0.6048499656170967,0.5558263292497428,0.6021279450599751,0.6160296354437614,0.6190905331813993,0.5913678227539474,0.5782068276426006,0.49621999414078405,0.5479922096160494,0.03843518290839122,0.59953966983576,0.00800694445052259,0.5967989028235283,0.5736965847110143,0.6148861319261559,0.2830897283730255,0.3727823695182291,0.1405347396661498,0.15748465270924947,0.159923250592836,0.43369593487937036
2023-11-27 17:00:00,0.42271748026535505,0.2914085313762085,0.4554645323265393,0.41714436960620416,0.04089341874401654,0.06424117486467953,0.45391055872960195,0.4419999613378094,0.41055232212327736,0.4309860222733367,0.4454271591498148,0.4061917622151284,0.4366976325114216,0.4283943228056346,0.3184150273253391,0.38660624582410313,0.015871423124328564,0.43328981743639955,0.008127960868503502,0.4237382379085893,0.42561181652982294,0.4238872372597065,0.10744161525523191,0.22548911925526163,0.05688262669804836,0.10653473863537936,0.0734019291281659,0.2831879081737089
2023-11-27 18:00:00,0.0,0.0,0.0,0.0,0.0,0.0,0.0,0.0,0.0,0.0,0.0,0.0,0.0,0.0,0.0,0.0,0.0,0.0,0.0,0.0,0.0,0.0,0.0,0.0,0.0,0.0,0.0,0.0
2023-11-27 19:00:00,0.0,0.0,0.0,0.0,0.0,0.0,0.0,0.0,0.0,0.0,0.0,0.0,0.0,0.0,0.0,0.0,0.0,0.0,0.0,0.0,0.0,0.0,0.0,0.0,0.0,0.0,0.0,0.0
2023-11-27 20:00:00,0.0,0.0,0.0,0.0,0.0,0.0,0.0,0.0,0.0,0.0,0.0,0.0,0.0,0.0,0.0,0.0,0.0,0.0,0.0,0.0,0.0,0.0,0.0,0.0,0.0,0.0,0.0,0.0
2023-11-27 21:00:00,0.0,0.0,0.0,0.0,0.0,0.0,0.0,0.0,0.0,0.0,0.0,0.0,0.0,0.0,0.0,0.0,0.0,0.0,0.0,0.0,0.0,0.0,0.0,0.0,0.0,0.0,0.0,0.0
2023-11-27 22:00:00,0.0,0.0,0.0,0.0,0.0,0.0,0.0,0.0,0.0,0.0,0.0,0.0,0.0,0.0,0.0,0.0,0.0,0.0,0.0,0.0,0.0,0.0,0.0,0.0,0.0,0.0,0.0,0.0
2023-11-27 23:00:00,0.0,0.0,0.0,0.0,0.0,0.0,0.0,0.0,0.0,0.0,0.0,0.0,0.0,0.0,0.0,0.0,0.0,0.0,0.0,0.0,0.0,0.0,0.0,0.0,0.0,0.0,0.0,0.0
2023-11-28 00:00:00,0.0,0.0,0.0,0.0,0.0,0.0,0.0,0.0,0.0,0.0,0.0,0.0,0.0,0.0,0.0,0.0,0.0,0.0,0.0,0.0,0.0,0.0,0.0,0.0,0.0,0.0,0.0,0.0
2023-11-28 01:00:00,0.0,0.0,0.0,0.0,0.0,0.0,0.0,0.0,0.0,0.0,0.0,0.0,0.0,0.0,0.0,0.0,0.0,0.0,0.0,0.0,0.0,0.0,0.0,0.0,0.0,0.0,0.0,0.0
2023-11-28 02:00:00,0.0,0.0,0.0,0.0,0.0,0.0,0.0,0.0,0.0,0.0,0.0,0.0,0.0,0.0,0.0,0.0,0.0,0.0,0.0,0.0,0.0,0.0,0.0,0.0,0.0,0.0,0.0,0.0
2023-11-28 03:00:00,0.0,0.0,0.0,0.0,0.0,0.0,0.0,0.0,0.0,0.0,0.0,0.0,0.0,0.0,0.0,0.0,0.0,0.0,0.0,0.0,0.0,0.0,0.0,0.0,0.0,0.0,0.0,0.0
2023-11-28 04:00:00,0.0,0.0,0.0,0.0,0.0,0.0,0.0,0.0,0.0,0.0,0.0,0.0,0.0,0.0,0.0,0.0,0.0,0.0,0.0,0.0,0.0,0.0,0.0,0.0,0.0,0.0,0.0,0.0
2023-11-28 05:00:00,0.0,0.0,0.0,0.0,0.0,0.0,0.0,0.0,0.0,0.0,0.0,0.0,0.0,0.0,0.0,0.0,0.0,0.0,0.0,0.0,0.0,0.0,0.0,0.0,0.0,0.0,0.0,0.0
2023-11-28 06:00:00,0.0,0.0,0.0,0.0,0.0,0.0,0.0,0.0,0.0,0.0,0.0,0.0,0.0,0.0,0.0,0.0,0.0,0.0,0.0,0.0,0.0,0.0,0.0,0.0,0.0,0.0,0.0,0.0
2023-11-28 07:00:00,0.0,0.0,0.0,0.0,0.0,0.0,0.0,0.0,0.0,0.0,0.0,0.0,0.0,0.0,0.0,0.0,0.0,0.0,0.0,0.0,0.0,0.0,0.0,0.0,0.0,0.0,0.0,0.0
2023-11-28 08:00:00,0.0,0.0,0.0,0.0,0.0,0.0,0.0,0.0,0.0,0.0,0.0,0.0,0.0,0.0,0.0,0.0,0.0,0.0,0.0,0.0,0.0,0.0,0.0,0.0,0.0,0.0,0.0,0.0
2023-11-28 09:00:00,0.0,0.0,0.0,0.0,0.0,0.0,0.0,0.0,0.0,0.0,0.0,0.0,0.0,0.0,0.0,0.0,0.0,0.0,0.0,0.0,0.0,0.0,0.18286620800978248,0.0,0.0,0.0,0.0,0.0
2023-11-28 10:00:00,0.2731046290536555,0.31189513894501697,0.2902655803029177,0.4969332599100047,0.0,2.2406340319969693e-05,0.3725530971384245,0.35994367847374037,0.24178706493525218,0.33627850055745423,0.3538265302052056,0.4061116377811633,0.2779401371182783,0.33227234165571434,0.062233816816114104,0.13070242954238778,0.0,0.22387971574986132,0.0,0.36928483527685774,0.32776446745544136,0.2855857425660686,0.46300268686507395,0.2591183478011809,0.268439064818899,0.0,0.22463511430352573,0.2857828571019601
2023-11-28 11:00:00,0.3642820187068138,0.4334906188158759,0.41916285277575427,0.6716237781650818,0.12356902240092105,0.1049308872345951,0.5617056091392363,0.5314171365136316,0.32376258375549166,0.49646608958601757,0.5185290906167248,0.5495142289219496,0.38722343187308694,0.48223352715022194,0.08352710027328401,0.16520226712775268,0.1537977302656596,0.35871380696707694,0.20019514887198883,0.5304489887540754,0.4715766441060258,0.4069370161621459,0.5396773099537157,0.4167318521951482,0.3597175941071928,0.11071495224058843,0.35224339234827995,0.42440822360788494
2023-11-28 12:00:00,0.3540230660239655,0.4848412855326357,0.36465884709119,0.7221451746084088,0.3022235279187156,0.1238480293121886,0.5357264423517295,0.43962350814766976,0.27263130577639483,0.3623811369071145,0.41620023857391825,0.6749058831136115,0.2907117971681477,0.3820999182627277,0.15128770797137361,0.17356101286048842,0.18370849355398328,0.3636015057526474,0.21448670323053462,0.4300699291285568,0.3676424746938912,0.4163916892872665,0.7060464799406669,0.47629480313110667,0.5099227743752571,0.15523843439460772,0.45077820940599,0.4889609920217236
2023-11-28 13:00:00,0.4370892233335507,0.5378587157421376,0.3722574797639013,0.7556649209465867,0.37132818310642135,0.16407474952881232,0.56402124441942,0.5222843959277049,0.34849824985672845,0.4121663350030781,0.46727835252443856,0.7422877045972894,0.3788091863547642,0.47971786778443043,0.18816582165415996,0.26340056741147805,0.22207286869967086,0.4998941844829478,0.2615312745410972,0.5512862020031144,0.4643874597105291,0.5145782516304207,0.7766660784755046,0.5405347890473753,0.5872740369710354,0.17517160530429693,0.5373206197479415,0.6061914043234611
2023-11-28 14:00:00,0.3753368556787509,0.46911889927642314,0.43154422887552624,0.7237097573899752,0.37641051488798255,0.2017948853595021,0.4978559205061747,0.495456024138423,0.33400479193543964,0.4030538210350701,0.4349636231176789,0.5593637842135415,0.3843785214201096,0.5215818938496146,0.2522014410568508,0.32674064358632354,0.23280372350392642,0.43856375793310715,0.2556168632516398,0.5744879551232884,0.5201795314446775,0.4462842442929755,0.7466693441539597,0.5945841926324625,0.6518552174538587,0.2151298223832872,0.4886029964712025,0.6298082006176681
2023-11-28 15:00:00,0.3043730625468266,0.3522782490132389,0.4180523018625104,0.6063141203503979,0.3401550888416436,0.23369429947422715,0.4658991746586795,0.4587280967329214,0.26715935692178594,0.40463087233008604,0.4313631756481164,0.45228671160906636,0.2848264716168615,0.4773969079706999,0.3124852234609006,0.307255048851409,0.3081912184658933,0.3515736105968554,0.30298203270732577,0.4834849781672057,0.4792498907834531,0.3889356023942161,0.7134271800767913,0.5282225082272335,0.6478742920151154,0.1948089302460916,0.46124717828478873,0.5304013426909806
2023-11-28 16:00:00,0.20937096783548928,0.2780648114273706,0.33706680648481363,0.4653695084031066,0.25279078451163606,0.1837678993297957,0.37718612289336023,0.34370849249512125,0.24444300656740356,0.3168756611977547,0.3448437004061024,0.2761184922711903,0.26431662081885043,0.364417630397577,0.3705764758054669,0.35327889006545315,0.2690662950112776,0.2341177327305066,0.28866422011582304,0.365003130129422,0.3694503825575402,0.26828475463865964,0.5838378582617645,0.37250972547242367,0.5069000902942965,0.1474321674248914,0.32503768874977856,0.3679977388536149
2023-11-28 17:00:00,0.13150685535879245,0.240673019948618,0.22028284581163857,0.26715284224826485,0.112231422861551,0.16212541644713796,0.2755205040699002,0.2344274982600069,0.17051986600814975,0.23337903274734645,0.2533992752027087,0.12972117256534782,0.16466991567150868,0.2185691514229977,0.27221932197629534,0.23502985657687958,0.21768436917063202,0.143092936815814,0.22544460839281086,0.22192111465636896,0.21831077758134812,0.163115935224916,0.14853148080546885,0.1879944261895198,0.14782759430183617,0.1175739372071505,0.1515967198143504,0.1909551074448628
2023-11-28 18:00:00,0.0,0.0,0.0,0.0,0.0,0.0,0.0,0.0,0.0,0.0,0.0,0.0,0.0,0.0,0.0,0.0,0.0,0.0,0.0,0.0,0.0,0.0,0.0,0.0,0.0,0.0,0.0,0.0
2023-11-28 19:00:00,0.0,0.0,0.0,0.0,0.0,0.0,0.0,0.0,0.0,0.0,0.0,0.0,0.0,0.0,0.0,0.0,0.0,0.0,0.0,0.0,0.0,0.0,0.0,0.0,0.0,0.0,0.0,0.0
2023-11-28 20:00:00,0.0,0.0,0.0,0.0,0.0,0.0,0.0,0.0,0.0,0.0,0.0,0.0,0.0,0.0,0.0,0.0,0.0,0.0,0.0,0.0,0.0,0.0,0.0,0.0,0.0,0.0,0.0,0.0
2023-11-28 21:00:00,0.0,0.0,0.0,0.0,0.0,0.0,0.0,0.0,0.0,0.0,0.0,0.0,0.0,0.0,0.0,0.0,0.0,0.0,0.0,0.0,0.0,0.0,0.0,0.0,0.0,0.0,0.0,0.0
2023-11-28 22:00:00,0.0,0.0,0.0,0.0,0.0,0.0,0.0,0.0,0.0,0.0,0.0,0.0,0.0,0.0,0.0,0.0,0.0,0.0,0.0,0.0,0.0,0.0,0.0,0.0,0.0,0.0,0.0,0.0
2023-11-28 23:00:00,0.0,0.0,0.0,0.0,0.0,0.0,0.0,0.0,0.0,0.0,0.0,0.0,0.0,0.0,0.0,0.0,0.0,0.0,0.0,0.0,0.0,0.0,0.0,0.0,0.0,0.0,0.0,0.0
2023-11-29 00:00:00,0.0,0.0,0.0,0.0,0.0,0.0,0.0,0.0,0.0,0.0,0.0,0.0,0.0,0.0,0.0,0.0,0.0,0.0,0.0,0.0,0.0,0.0,0.0,0.0,0.0,0.0,0.0,0.0
2023-11-29 01:00:00,0.0,0.0,0.0,0.0,0.0,0.0,0.0,0.0,0.0,0.0,0.0,0.0,0.0,0.0,0.0,0.0,0.0,0.0,0.0,0.0,0.0,0.0,0.0,0.0,0.0,0.0,0.0,0.0
2023-11-29 02:00:00,0.0,0.0,0.0,0.0,0.0,0.0,0.0,0.0,0.0,0.0,0.0,0.0,0.0,0.0,0.0,0.0,0.0,0.0,0.0,0.0,0.0,0.0,0.0,0.0,0.0,0.0,0.0,0.0
2023-11-29 03:00:00,0.0,0.0,0.0,0.0,0.0,0.0,0.0,0.0,0.0,0.0,0.0,0.0,0.0,0.0,0.0,0.0,0.0,0.0,0.0,0.0,0.0,0.0,0.0,0.0,0.0,0.0,0.0,0.0
2023-11-29 04:00:00,0.0,0.0,0.0,0.0,0.0,0.0,0.0,0.0,0.0,0.0,0.0,0.0,0.0,0.0,0.0,0.0,0.0,0.0,0.0,0.0,0.0,0.0,0.0,0.0,0.0,0.0,0.0,0.0
2023-11-29 05:00:00,0.0,0.0,0.0,0.0,0.0,0.0,0.0,0.0,0.0,0.0,0.0,0.0,0.0,0.0,0.0,0.0,0.0,0.0,0.0,0.0,0.0,0.0,0.0,0.0,0.0,0.0,0.0,0.0
2023-11-29 06:00:00,0.0,0.0,0.0,0.0,0.0,0.0,0.0,0.0,0.0,0.0,0.0,0.0,0.0,0.0,0.0,0.0,0.0,0.0,0.0,0.0,0.0,0.0,0.0,0.0,0.0,0.0,0.0,0.0
2023-11-29 07:00:00,0.0,0.0,0.0,0.0,0.0,0.0,0.0,0.0,0.0,0.0,0.0,0.0,0.0,0.0,0.0,0.0,0.0,0.0,0.0,0.0,0.0,0.0,0.0,0.0,0.0,0.0,0.0,0.0
2023-11-29 08:00:00,0.0,0.0,0.0,0.0,0.0,0.0,0.0,0.0,0.0,0.0,0.0,0.0,0.0,0.0,0.0,0.0,0.0,0.0,0.0,0.0,0.0,0.0,0.0,0.0,0.0,0.0,0.0,0.0
2023-11-29 09:00:00,0.0,0.0,0.0,0.0,0.0,0.0,0.0,0.0,0.0,0.0,0.0,0.0,0.0,0.0,0.0,0.0,0.0,0.0,0.0,0.0,0.0,0.0,0.11554166465226594,0.0,0.0,0.0,0.0,0.0
2023-11-29 10:00:00,0.19350495759018446,0.206222281097004,0.2589100485284346,0.3723028862432104,0.0,0.0,0.3172192070680659,0.25445867516995785,0.12370178947296774,0.2527636364594431,0.2820369195287893,0.32279663586576246,0.1560492948995393,0.16786469489203662,0.010150462236807664,0.06104981949930457,0.0,0.2587294270153068,0.0,0.257777180941407,0.15402498635157652,0.2330315005112974,0.5739736725178035,0.22686445922305798,0.3249220675785684,0.0,0.09985353587668332,0.2754560531068631
2023-11-29 11:00:00,0.3019354824127717,0.3263887878668372,0.30294514340458456,0.5789646459603826,0.028117340485380806,0.017807869930185655,0.343480283342756,0.30319349136624313,0.2199280167215867,0.32746676325798807,0.32596306511237816,0.4302986056191372,0.2557217526420779,0.2315584520677524,0.05738228884396405,0.13418179211703626,0.004782308146937049,0.3516660341573213,0.001892897119213641,0.39138050320528206,0.21948740552273133,0.30066117612284265,0.6900519236063217,0.35367611480749217,0.4554796281349746,0.03234218582310578,0.22143581335042248,0.43279675770288234
2023-11-29 12:00:00,0.41280305158872527,0.31536118995980866,0.4041362522094485,0.7038149576635234,0.07890281188523414,0.055180190569863424,0.42018385372069056,0.39151201839195177,0.22014734289140347,0.4913108129983531,0.4778428156998852,0.6826973942084125,0.2436410686471302,0.29885879935639514,0.08472394827856572,0.1228147678693772,0.02170581986167011,0.5549849945054023,0.015524152354702286,0.43056181067868643,0.28889757147073386,0.5281388427939308,0.7089796813289785,0.4066635214801176,0.4746769752117443,0.06270589650206426,0.2579293608286536,0.40893435895599445
2023-11-29 13:00:00,0.46063564090184494,0.32575162069519725,0.3773440281739652,0.7248286042860325,0.1155993462576357,0.09085332357737512,0.48443968037603685,0.4159604417856606,0.2788646607317092,0.4328741489629377,0.4707795352282582,0.772277111199956,0.2962677418136977,0.31786505773325746,0.12269095044034499,0.190910263589011,0.05036483483534231,0.6757551708425399,0.03330557028741161,0.4091103888872631,0.29979529702132324,0.590103876298946,0.7461936179695252,0.4140008398039235,0.5098805274630339,0.09934287632330319,0.2957872286601721,0.4523824004344571
2023-11-29 14:00:00,0.4392896791785982,0.2705204667048505,0.41702381971575025,0.7289870556206399,0.14920003619421823,0.09372534768534714,0.47887062079284654,0.42245975483214454,0.22674948463696235,0.48039488948892733,0.48119273898389,0.7744640708226207,0.2598538561095393,0.33154315066907636,0.12645516867150483,0.1631898778876517,0.0542342124150297,0.5858709344418164,0.041799597117899774,0.45169737174754343,0.31926927327098165,0.6129690492006317,0.7091287605152843,0.37474649969522317,0.5390160010127957,0.12126400929610977,0.31600158923861815,0.40259698420616846
2023-11-29 15:00:00,0.366858482197372,0.2622833551051312,0.3244189807549504,0.6790441422321958,0.13642759012997913,0.07500509895072106,0.38888240603696445,0.41595998402901074,0.1743516031019742,0.42150301193241035,0.4075079275557149,0.6941268487100334,0.1850059471036795,0.40267664258055885,0.09571379497791979,0.11777824417024978,0.0486365736641075,0.5630773737986393,0.03365345672258591,0.482049566633368,0.39950527651027795,0.5507918274891322,0.6010040692822758,0.40736724603696034,0.4970671686970633,0.11426915672503142,0.3339568304332756,0.4229715124599144
2023-11-29 16:00:00,0.21351963384661604,0.19934517611541422,0.18385146606038746,0.555139332141859,0.10953804495357243,0.04752697445384915,0.3127858782780095,0.33256918526047213,0.10046591384050269,0.35907364930552216,0.32036768665944154,0.5410549257176556,0.10786258348395857,0.2957249655187491,0.052370690502329176,0.06516869154637896,0.020709965912561922,0.3941701663914447,0.01638239921224941,0.35045192854466944,0.28999186060850524,0.3949512727460916,0.48480814189195875,0.31024177764722627,0.4154204802065168,0.07551364146207626,0.26198820355972097,0.32892563437398176
2023-11-29 17:00:00,0.10304154522836788,0.07842191194561933,0.12425747210464642,0.41329392943228965,0.020768333765073907,0.01169123248437158,0.14774099530035145,0.18196850734345618,0.0410705117299424,0.22452690693236924,0.15812008327368615,0.3165549312169086,0.03739680067352352,0.20340451226625145,0.012835860453619572,0.016859278897440926,0.011860878336113169,0.21452119261578215,0.009371836807528407,0.3119802667408095,0.21257244612365953,0.20734410061230038,0.06652387386975023,0.2371438363238742,0.0834642672017995,0.020559648655516915,0.08082312865592217,0.21769867630266626
2023-11-29 18:00:00,0.0,0.0,0.0,0.0,0.0,0.0,0.0,0.0,0.0,0.0,0.0,0.0,0.0,0.0,0.0,0.0,0.0,0.0,0.0,0.0,0.0,0.0,0.0,0.0,0.0,0.0,0.0,0.0
2023-11-29 19:00:00,0.0,0.0,0.0,0.0,0.0,0.0,0.0,0.0,0.0,0.0,0.0,0.0,0.0,0.0,0.0,0.0,0.0,0.0,0.0,0.0,0.0,0.0,0.0,0.0,0.0,0.0,0.0,0.0
2023-11-29 20:00:00,0.0,0.0,0.0,0.0,0.0,0.0,0.0,0.0,0.0,0.0,0.0,0.0,0.0,0.0,0.0,0.0,0.0,0.0,0.0,0.0,0.0,0.0,0.0,0.0,0.0,0.0,0.0,0.0
2023-11-29 21:00:00,0.0,0.0,0.0,0.0,0.0,0.0,0.0,0.0,0.0,0.0,0.0,0.0,0.0,0.0,0.0,0.0,0.0,0.0,0.0,0.0,0.0,0.0,0.0,0.0,0.0,0.0,0.0,0.0
2023-11-29 22:00:00,0.0,0.0,0.0,0.0,0.0,0.0,0.0,0.0,0.0,0.0,0.0,0.0,0.0,0.0,0.0,0.0,0.0,0.0,0.0,0.0,0.0,0.0,0.0,0.0,0.0,0.0,0.0,0.0
2023-11-29 23:00:00,0.0,0.0,0.0,0.0,0.0,0.0,0.0,0.0,0.0,0.0,0.0,0.0,0.0,0.0,0.0,0.0,0.0,0.0,0.0,0.0,0.0,0.0,0.0,0.0,0.0,0.0,0.0,0.0
2023-11-30 00:00:00,0.0,0.0,0.0,0.0,0.0,0.0,0.0,0.0,0.0,0.0,0.0,0.0,0.0,0.0,0.0,0.0,0.0,0.0,0.0,0.0,0.0,0.0,0.0,0.0,0.0,0.0,0.0,0.0
2023-11-30 01:00:00,0.0,0.0,0.0,0.0,0.0,0.0,0.0,0.0,0.0,0.0,0.0,0.0,0.0,0.0,0.0,0.0,0.0,0.0,0.0,0.0,0.0,0.0,0.0,0.0,0.0,0.0,0.0,0.0
2023-11-30 02:00:00,0.0,0.0,0.0,0.0,0.0,0.0,0.0,0.0,0.0,0.0,0.0,0.0,0.0,0.0,0.0,0.0,0.0,0.0,0.0,0.0,0.0,0.0,0.0,0.0,0.0,0.0,0.0,0.0
2023-11-30 03:00:00,0.0,0.0,0.0,0.0,0.0,0.0,0.0,0.0,0.0,0.0,0.0,0.0,0.0,0.0,0.0,0.0,0.0,0.0,0.0,0.0,0.0,0.0,0.0,0.0,0.0,0.0,0.0,0.0
2023-11-30 04:00:00,0.0,0.0,0.0,0.0,0.0,0.0,0.0,0.0,0.0,0.0,0.0,0.0,0.0,0.0,0.0,0.0,0.0,0.0,0.0,0.0,0.0,0.0,0.0,0.0,0.0,0.0,0.0,0.0
2023-11-30 05:00:00,0.0,0.0,0.0,0.0,0.0,0.0,0.0,0.0,0.0,0.0,0.0,0.0,0.0,0.0,0.0,0.0,0.0,0.0,0.0,0.0,0.0,0.0,0.0,0.0,0.0,0.0,0.0,0.0
2023-11-30 06:00:00,0.0,0.0,0.0,0.0,0.0,0.0,0.0,0.0,0.0,0.0,0.0,0.0,0.0,0.0,0.0,0.0,0.0,0.0,0.0,0.0,0.0,0.0,0.0,0.0,0.0,0.0,0.0,0.0
2023-11-30 07:00:00,0.0,0.0,0.0,0.0,0.0,0.0,0.0,0.0,0.0,0.0,0.0,0.0,0.0,0.0,0.0,0.0,0.0,0.0,0.0,0.0,0.0,0.0,0.0,0.0,0.0,0.0,0.0,0.0
2023-11-30 08:00:00,0.0,0.0,0.0,0.0,0.0,0.0,0.0,0.0,0.0,0.0,0.0,0.0,0.0,0.0,0.0,0.0,0.0,0.0,0.0,0.0,0.0,0.0,0.0,0.0,0.0,0.0,0.0,0.0
2023-11-30 09:00:00,0.0,0.0,0.0,0.0,0.0,0.0,0.0,0.0,0.0,0.0,0.0,0.0,0.0,0.0,0.0,0.0,0.0,0.0,0.0,0.0,0.0,0.0,0.015281770113580954,0.0,0.0,0.0,0.0,0.0
2023-11-30 10:00:00,0.005579059539882167,0.024910163330584944,0.0009343504993461571,0.08152572152163183,0.0,0.0,0.007016179792042661,0.011303488946531577,0.0025931375238316184,0.007629335615582922,0.003233002676620739,0.04120262894001292,0.0005828086124115477,0.027582176352293285,3.947495008661958e-05,0.0001500764689002493,0.0,0.003550437609129842,0.0,0.01735662385498566,0.029945261307691266,0.01243727179524895,0.27563047110916766,0.09540601552411875,0.3164481555872761,0.0,0.14537147843819107,0.12357722674900373
2023-11-30 11:00:00,0.029967176176759314,0.08516461803121315,0.0056843544207788345,0.16432039535347018,0.04664868121048375,0.012877868749682877,0.013534243961729758,0.04325533199027553,0.0276907604751766,0.013933468484863274,0.016050975811012995,0.11089711580329552,0.016628792219259836,0.07836317329327513,0.010849087968171361,0.01249985756495889,0.07314410180757387,0.02709424921148451,0.05393030134151555,0.07418323858651946,0.0824385754964894,0.04130679540586878,0.3764393454739199,0.17529724379777176,0.5035028413374403,0.03477902729517556,0.27318988865155047,0.1964232755787568
2023-11-30 12:00:00,0.05841700680254454,0.11949588074486218,0.00801230625675805,0.2110218898105505,0.10387873622853282,0.03757207054257141,0.01536384326001298,0.03678010928818789,0.05242838360108619,0.021426993476297743,0.01876046705569641,0.14313357446308256,0.036812317844529194,0.05817588358492016,0.02660992131136152,0.03234125004321837,0.17614146214261595,0.05322838414958744,0.08357230746895723,0.07737197249822061,0.06086761363434202,0.06481727992463275,0.5288446706153627,0.2509765537831032,0.623226390901071,0.07219850402270105,0.31653095317914476,0.2347464053120534
2023-11-30 13:00:00,0.10389513770546661,0.1901155967024063,0.01637298375255329,0.17706952433090598,0.17373551489065844,0.08228096223737408,0.019231393508070127,0.031058651028293083,0.10011269658889395,0.021414017639741118,0.021001015955549148,0.19052945621189715,0.06721290209157262,0.042238910665697224,0.050242194889232775,0.05738245463176428,0.2769377074252556,0.07310149551904738,0.15183837322476934,0.04563371114923354,0.043404249320768404,0.09919368139591854,0.6192781094209326,0.2871402458551956,0.68414801403039,0.12586184464592026,0.37950184376042134,0.2631270122658558
2023-11-30 14:00:00,0.13470845260718253,0.19834183166097988,0.03146340416140303,0.15703810861554512,0.16839481554430016,0.11499656088016298,0.023131622568241028,0.0401721293920154,0.15911886366364927,0.02506614214866375,0.025684381174236246,0.21065985461219178,0.0999065389706425,0.05360080654668704,0.06530833468606487,0.08634102281330316,0.3328363959844175,0.06663461691973678,0.2288610622948029,0.048849349516051736,0.05458896067432834,0.10642893536046773,0.6009335242659921,0.2599000052604193,0.6746752788279488,0.1692158206281141,0.4044564454846519,0.2504596110933644
2023-11-30 15:00:00,0.13006649743754206,0.20542745457817485,0.04499361725271847,0.17177622542328216,0.1698091182663848,0.12807585696478685,0.011775662663129752,0.03225172892895279,0.1670055044412098,0.014458134276105778,0.014268460407649864,0.20075396229016532,0.09491450203379674,0.05014386551060739,0.06259496558833745,0.08355733283697006,0.326443307931725,0.047789948860799736,0.2592051221179249,0.0511518863517162,0.052025157134438275,0.08447414984416213,0.4556890758099555,0.24126410194877643,0.5127845512357738,0.1694107694589923,0.2975866704915856,0.2197832199756314
2023-11-30 16:00:00,0.14321167628853892,0.09595038095931434,0.06213317708538879,0.06177243685536259,0.1026362156051255,0.10516648215402959,0.005897791558000555,0.010314398628911271,0.18876250051326407,0.005497230664762784,0.005749235411059493,0.07362102086186585,0.1191438074736531,0.015274696933214815,0.04844139584585531,0.08805634819903597,0.28229592454296315,0.023330993317629653,0.2484641312732702,0.018058536841931816,0.015874494963025874,0.03783900817617073,0.329393791879945,0.11637198321119069,0.3310247978067457,0.10799712546796529,0.1836868775974461,0.08820580428596209
2023-11-30 17:00:00,0.09802859295151733,0.044948147665698775,0.0798948631653126,0.025460385860293536,0.03305567836599237,0.07406664446856262,0.0046153855216448225,0.0004483250106652877,0.12141557732510846,8.909852616521577e-05,0.00021171975442759589,0.030125691213386405,0.05290923948893306,0.0007013043014328131,0.016789674786268416,0.038134789021235745,0.23356970838707178,0.006261506226258152,0.17564636591775212,0.0009313367719377506,0.0006896441316359035,0.011755920271782233,0.03825063521533582,0.05399384654830796,0.05425134589464427,0.05173219813893659,0.023314814453857427,0.039822839175758046
2023-11-30 18:00:00,0.0,0.0,0.0,0.0,0.0,0.0,0.0,0.0,0.0,0.0,0.0,0.0,0.0,0.0,0.0,0.0,0.0,0.0,0.0,0.0,0.0,0.0,0.0,0.0,0.0,0.0,0.0,0.0
2023-11-30 19:00:00,0.0,0.0,0.0,0.0,0.0,0.0,0.0,0.0,0.0,0.0,0.0,0.0,0.0,0.0,0.0,0.0,0.0,0.0,0.0,0.0,0.0,0.0,0.0,0.0,0.0,0.0,0.0,0.0
2023-11-30 20:00:00,0.0,0.0,0.0,0.0,0.0,0.0,0.0,0.0,0.0,0.0,0.0,0.0,0.0,0.0,0.0,0.0,0.0,0.0,0.0,0.0,0.0,0.0,0.0,0.0,0.0,0.0,0.0,0.0
2023-11-30 21:00:00,0.0,0.0,0.0,0.0,0.0,0.0,0.0,0.0,0.0,0.0,0.0,0.0,0.0,0.0,0.0,0.0,0.0,0.0,0.0,0.0,0.0,0.0,0.0,0.0,0.0,0.0,0.0,0.0
2023-11-30 22:00:00,0.0,0.0,0.0,0.0,0.0,0.0,0.0,0.0,0.0,0.0,0.0,0.0,0.0,0.0,0.0,0.0,0.0,0.0,0.0,0.0,0.0,0.0,0.0,0.0,0.0,0.0,0.0,0.0
2023-11-30 23:00:00,0.0,0.0,0.0,0.0,0.0,0.0,0.0,0.0,0.0,0.0,0.0,0.0,0.0,0.0,0.0,0.0,0.0,0.0,0.0,0.0,0.0,0.0,0.0,0.0,0.0,0.0,0.0,0.0
2023-12-01 00:00:00,0.0,0.0,0.0,0.0,0.0,0.0,0.0,0.0,0.0,0.0,0.0,0.0,0.0,0.0,0.0,0.0,0.0,0.0,0.0,0.0,0.0,0.0,0.0,0.0,0.0,0.0,0.0,0.0
2023-12-01 01:00:00,0.0,0.0,0.0,0.0,0.0,0.0,0.0,0.0,0.0,0.0,0.0,0.0,0.0,0.0,0.0,0.0,0.0,0.0,0.0,0.0,0.0,0.0,0.0,0.0,0.0,0.0,0.0,0.0
2023-12-01 02:00:00,0.0,0.0,0.0,0.0,0.0,0.0,0.0,0.0,0.0,0.0,0.0,0.0,0.0,0.0,0.0,0.0,0.0,0.0,0.0,0.0,0.0,0.0,0.0,0.0,0.0,0.0,0.0,0.0
2023-12-01 03:00:00,0.0,0.0,0.0,0.0,0.0,0.0,0.0,0.0,0.0,0.0,0.0,0.0,0.0,0.0,0.0,0.0,0.0,0.0,0.0,0.0,0.0,0.0,0.0,0.0,0.0,0.0,0.0,0.0
2023-12-01 04:00:00,0.0,0.0,0.0,0.0,0.0,0.0,0.0,0.0,0.0,0.0,0.0,0.0,0.0,0.0,0.0,0.0,0.0,0.0,0.0,0.0,0.0,0.0,0.0,0.0,0.0,0.0,0.0,0.0
2023-12-01 05:00:00,0.0,0.0,0.0,0.0,0.0,0.0,0.0,0.0,0.0,0.0,0.0,0.0,0.0,0.0,0.0,0.0,0.0,0.0,0.0,0.0,0.0,0.0,0.0,0.0,0.0,0.0,0.0,0.0
2023-12-01 06:00:00,0.0,0.0,0.0,0.0,0.0,0.0,0.0,0.0,0.0,0.0,0.0,0.0,0.0,0.0,0.0,0.0,0.0,0.0,0.0,0.0,0.0,0.0,0.0,0.0,0.0,0.0,0.0,0.0
2023-12-01 07:00:00,0.0,0.0,0.0,0.0,0.0,0.0,0.0,0.0,0.0,0.0,0.0,0.0,0.0,0.0,0.0,0.0,0.0,0.0,0.0,0.0,0.0,0.0,0.0,0.0,0.0,0.0,0.0,0.0
2023-12-01 08:00:00,0.0,0.0,0.0,0.0,0.0,0.0,0.0,0.0,0.0,0.0,0.0,0.0,0.0,0.0,0.0,0.0,0.0,0.0,0.0,0.0,0.0,0.0,0.0,0.0,0.0,0.0,0.0,0.0
2023-12-01 09:00:00,0.0,0.0,0.0,0.0,0.0,0.0,0.0,0.0,0.0,0.0,0.0,0.0,0.0,0.0,0.0,0.0,0.0,0.0,0.0,0.0,0.0,0.0,0.006072113199318889,0.0,0.0,0.0,0.0,0.0
2023-12-01 10:00:00,0.058452835841487284,0.03728083265965211,0.05831917726981189,0.007456109623050273,0.0,0.0,0.025083085169610858,0.0011596660314652524,0.05392646214173786,0.0002500298560840213,0.0008071778653824657,0.01499517617159332,0.015836282421971444,0.0034213368894588903,0.003565631512326701,0.005334518236995985,0.0,0.00435535433532194,0.0,0.0,0.0036374634864291626,0.010138846571048445,0.11655513358923851,0.03778424989546315,0.07686931153296493,0.0,0.04717059388664483,0.04633741154111935
2023-12-01 11:00:00,0.11646800581991659,0.09236177513285367,0.08679846386434414,0.034728762033555745,0.07046906642581617,0.039036564374515734,0.06159256123860546,0.02315039510624632,0.08085606122076512,0.012722812307338075,0.01910967013015663,0.07023400870029214,0.051197506236355786,0.03727679175582135,0.03538409641812236,0.05222045355221553,0.08502755387328999,0.03012547571543338,0.12145078332384068,0.007814977269519966,0.038627989650312805,0.046639260588888794,0.23924228445580534,0.07494172688680072,0.16525552964216153,0.04036920536664078,0.13379252850273796,0.073457954919246
2023-12-01 12:00:00,0.16799440696704687,0.18443701327970416,0.15827234118551314,0.06017253175207506,0.11316791501782078,0.08593611645590946,0.1339184290723847,0.07952167695328717,0.15613513400699972,0.048440566107594146,0.06786384558928371,0.11784412511783925,0.14057724115659478,0.1067968491327874,0.12634777423047136,0.09003258812874107,0.046075750426821924,0.0694309891930991,0.14346363474692286,0.021275240982686825,0.10933619529949024,0.09699540545814572,0.4860828306960632,0.09850517771012798,0.33009772661238035,0.07892742083188518,0.15508133643578464,0.0982080451961681
2023-12-01 13:00:00,0.16716713238745778,0.3014974349839976,0.2577229819646746,0.09827832993576796,0.1652490743315958,0.07356297401688133,0.21771235601923555,0.16272159214538692,0.12595631762223017,0.07340487451261671,0.13527095324889754,0.1658472750337643,0.1342032122101859,0.16554416220514684,0.191634605223893,0.14105248940862553,0.06177124212607614,0.07877411240906838,0.14964795078001708,0.06074596538566265,0.15716580133516445,0.11588755315092135,0.5443463205976401,0.16084080834206818,0.36661093482696433,0.11423735888875897,0.2620485002947787,0.14515662295557644
2023-12-01 14:00:00,0.1828949828418023,0.3890424909617196,0.2284788083652781,0.09673089506402198,0.18335473223265503,0.0856348712129177,0.18032011750359647,0.17058387800746141,0.1513583187372326,0.14584817441247272,0.15923819094526614,0.1591472168800419,0.1692587103770636,0.20194342629544274,0.26053752263575247,0.13026184316410913,0.08497638854035192,0.11126503592312041,0.13911188603630792,0.11818312305111055,0.20390776086353987,0.15247092053200445,0.4470083273062954,0.16143041791874757,0.3074119234920324,0.1708735675107995,0.2850818800404021,0.17471770742651627
2023-12-01 15:00:00,0.13147699205487137,0.43916528615277806,0.16545907942048496,0.10985404499762792,0.13417430523411208,0.08507012524995164,0.13099282242598223,0.17075238969206893,0.08733609258827739,0.18795492746972792,0.1900309003357989,0.17982855578175883,0.10824699133442908,0.20031021948214894,0.14669718974372953,0.06772110628939827,0.12298276853749403,0.06982397996374155,0.10562964957269261,0.09526190771723621,0.20752315017633843,0.16299562595020858,0.34876483340003406,0.19251652592604462,0.22855150645882114,0.11776569551584512,0.24876502317386698,0.17987554490797739
2023-12-01 16:00:00,0.0842090760822385,0.3734466090521806,0.106304965973188,0.06532102974910767,0.08973874573356357,0.03864723846718105,0.09759063825475574,0.14463042500891427,0.03775848385650183,0.1375408741285267,0.1277417468009548,0.1517242472397765,0.03972517110705704,0.17037960486762815,0.04683832615967488,0.01836249550596077,0.09228256876703422,0.07556450060917752,0.03503198180869649,0.1401622781382543,0.17675489517885704,0.11425033211902956,0.22861452197550614,0.17940526341219867,0.14976024179857014,0.06144190221251794,0.15900090361455735,0.18044864618209952
2023-12-01 17:00:00,0.03707069718472912,0.19383978276508496,0.027075477718658876,0.04020055383555359,0.022851147368921722,0.01273981580062507,0.04153437648585266,0.10553704871834484,0.01247748122037878,0.11196625472360212,0.08313968903587764,0.05519840250502596,0.005395426922763349,0.12833665829890806,0.003701110136982085,0.0026635545985131417,0.053127972326143566,0.06009304054163087,0.03774984851746445,0.15369899023136538,0.1341087843133352,0.06987642964984399,0.022047759308650137,0.11430067981248904,0.0012550368805004002,0.017785503742856024,0.05394300737904738,0.1637043683164027
2023-12-01 18:00:00,0.0,0.0,0.0,0.0,0.0,0.0,0.0,0.0,0.0,0.0,0.0,0.0,0.0,0.0,0.0,0.0,0.0,0.0,0.0,0.0,0.0,0.0,0.0,0.0,0.0,0.0,0.0,0.0
2023-12-01 19:00:00,0.0,0.0,0.0,0.0,0.0,0.0,0.0,0.0,0.0,0.0,0.0,0.0,0.0,0.0,0.0,0.0,0.0,0.0,0.0,0.0,0.0,0.0,0.0,0.0,0.0,0.0,0.0,0.0
2023-12-01 20:00:00,0.0,0.0,0.0,0.0,0.0,0.0,0.0,0.0,0.0,0.0,0.0,0.0,0.0,0.0,0.0,0.0,0.0,0.0,0.0,0.0,0.0,0.0,0.0,0.0,0.0,0.0,0.0,0.0
2023-12-01 21:00:00,0.0,0.0,0.0,0.0,0.0,0.0,0.0,0.0,0.0,0.0,0.0,0.0,0.0,0.0,0.0,0.0,0.0,0.0,0.0,0.0,0.0,0.0,0.0,0.0,0.0,0.0,0.0,0.0
2023-12-01 22:00:00,0.0,0.0,0.0,0.0,0.0,0.0,0.0,0.0,0.0,0.0,0.0,0.0,0.0,0.0,0.0,0.0,0.0,0.0,0.0,0.0,0.0,0.0,0.0,0.0,0.0,0.0,0.0,0.0
2023-12-01 23:00:00,0.0,0.0,0.0,0.0,0.0,0.0,0.0,0.0,0.0,0.0,0.0,0.0,0.0,0.0,0.0,0.0,0.0,0.0,0.0,0.0,0.0,0.0,0.0,0.0,0.0,0.0,0.0,0.0
2023-12-02 00:00:00,0.0,0.0,0.0,0.0,0.0,0.0,0.0,0.0,0.0,0.0,0.0,0.0,0.0,0.0,0.0,0.0,0.0,0.0,0.0,0.0,0.0,0.0,0.0,0.0,0.0,0.0,0.0,0.0
2023-12-02 01:00:00,0.0,0.0,0.0,0.0,0.0,0.0,0.0,0.0,0.0,0.0,0.0,0.0,0.0,0.0,0.0,0.0,0.0,0.0,0.0,0.0,0.0,0.0,0.0,0.0,0.0,0.0,0.0,0.0
2023-12-02 02:00:00,0.0,0.0,0.0,0.0,0.0,0.0,0.0,0.0,0.0,0.0,0.0,0.0,0.0,0.0,0.0,0.0,0.0,0.0,0.0,0.0,0.0,0.0,0.0,0.0,0.0,0.0,0.0,0.0
2023-12-02 03:00:00,0.0,0.0,0.0,0.0,0.0,0.0,0.0,0.0,0.0,0.0,0.0,0.0,0.0,0.0,0.0,0.0,0.0,0.0,0.0,0.0,0.0,0.0,0.0,0.0,0.0,0.0,0.0,0.0
2023-12-02 04:00:00,0.0,0.0,0.0,0.0,0.0,0.0,0.0,0.0,0.0,0.0,0.0,0.0,0.0,0.0,0.0,0.0,0.0,0.0,0.0,0.0,0.0,0.0,0.0,0.0,0.0,0.0,0.0,0.0
2023-12-02 05:00:00,0.0,0.0,0.0,0.0,0.0,0.0,0.0,0.0,0.0,0.0,0.0,0.0,0.0,0.0,0.0,0.0,0.0,0.0,0.0,0.0,0.0,0.0,0.0,0.0,0.0,0.0,0.0,0.0
2023-12-02 06:00:00,0.0,0.0,0.0,0.0,0.0,0.0,0.0,0.0,0.0,0.0,0.0,0.0,0.0,0.0,0.0,0.0,0.0,0.0,0.0,0.0,0.0,0.0,0.0,0.0,0.0,0.0,0.0,0.0
2023-12-02 07:00:00,0.0,0.0,0.0,0.0,0.0,0.0,0.0,0.0,0.0,0.0,0.0,0.0,0.0,0.0,0.0,0.0,0.0,0.0,0.0,0.0,0.0,0.0,0.0,0.0,0.0,0.0,0.0,0.0
2023-12-02 08:00:00,0.0,0.0,0.0,0.0,0.0,0.0,0.0,0.0,0.0,0.0,0.0,0.0,0.0,0.0,0.0,0.0,0.0,0.0,0.0,0.0,0.0,0.0,0.0,0.0,0.0,0.0,0.0,0.0
2023-12-02 09:00:00,0.0,0.0,0.0,0.0,0.0,0.0,0.0,0.0,0.0,0.0,0.0,0.0,0.0,0.0,0.0,0.0,0.0,0.0,0.0,0.0,0.0,0.0,0.005332360152008708,0.0,0.0,0.0,0.0,0.0
2023-12-02 10:00:00,0.13214208152791,0.14498598030381588,0.20379983568166316,0.12229348675588692,0.0,0.0,0.22882182760772615,0.28213423064911175,0.08135787021321136,0.25882908080331996,0.2585582457923157,0.15731407040836415,0.08265178296627136,0.27719498657562763,0.07025159123549585,0.045348827349444766,0.0,0.046510981365464665,0.0,0.25073282774953737,0.2755187886127369,0.14807848024419581,0.03319963181857233,0.0466630469289689,0.017861922525060286,0.0,0.008276888344230016,0.07469332989446384
2023-12-02 11:00:00,0.1967215709161269,0.3153818224029837,0.3524886274073048,0.24208043525407844,0.019646415856731683,0.16101819390465635,0.3802751235936092,0.4097306946337909,0.14618038035629188,0.38494234821581447,0.37206338278793233,0.27107981677080634,0.09395864258370909,0.3767770622966565,0.1001669799914926,0.055034663820078766,0.13142963470738508,0.065564852383565,0.09697691815347094,0.39643309204447513,0.3745102279796906,0.21324447501866442,0.03694189180128687,0.10602309099927923,0.04227263555866566,0.08259967875579212,0.04834088134015098,0.12687194086582976
2023-12-02 12:00:00,0.2585393082245194,0.38355197893599785,0.44314627327044764,0.20457753765176545,0.1432855784742908,0.128760656391686,0.4394023330797996,0.522876133216228,0.17898294392500783,0.5066502759077821,0.48445689584704277,0.22449657070251466,0.11499284551220308,0.5356533870641393,0.13077814895568063,0.07476652664317604,0.19154227603873422,0.1366947850513672,0.15570494940963672,0.4738280410406537,0.5405049992544039,0.3006525142350816,0.12422460212934187,0.09580959715756912,0.10003789477995519,0.12789792049848597,0.07393707890190666,0.1113823156872485
2023-12-02 13:00:00,0.3184067739675951,0.44627222733926347,0.44762074951571645,0.31723021242075294,0.22924088675579365,0.1982270967331895,0.5573869248013681,0.6326331243183717,0.2238907380041734,0.5778997510753594,0.571082446740311,0.3072222944100653,0.13468350556938616,0.6302042231230931,0.09159673530491194,0.08316987313159083,0.23269022528498656,0.2598785081499724,0.17857692723101276,0.6544252943767015,0.6286765711651592,0.34542140209908573,0.14304037741858383,0.11891449620387083,0.1513143939695276,0.17588236953886674,0.11726056659260095,0.1719538573553445
2023-12-02 14:00:00,0.3893885634999337,0.4567918284207158,0.4487202531187878,0.35901682900107834,0.26504151040054863,0.26151874385902024,0.5944869063335548,0.6501017781021425,0.25324117176631367,0.5787222949674974,0.6084216350824111,0.44981067107759665,0.1788730371465787,0.6427556729662365,0.052064729184615265,0.10827893263102566,0.31336161579399113,0.3615013888582621,0.24962621126284573,0.6125702531958718,0.6384500733010929,0.45573780793475005,0.22168887250832156,0.18512858170649243,0.22199216843619055,0.18464998296458962,0.1564566640018589,0.2298729281438284
2023-12-02 15:00:00,0.29326646612732316,0.34663330335393017,0.4352971434020448,0.38851089151554935,0.2743610352770566,0.2977397711980399,0.5196038127367485,0.6033090548666703,0.2255872398431642,0.6075248151972195,0.5945287402971843,0.4223796036090247,0.1455407908414178,0.5907257889754685,0.04246704749328813,0.09548933743043893,0.30515806925458655,0.25550300742632376,0.2558405131765743,0.5637787275894327,0.5894517973244383,0.39646218786125426,0.16695040997240984,0.24295644608267378,0.1661458979824883,0.2040762632003523,0.12274324791661541,0.3356708758263043
2023-12-02 16:00:00,0.22105473317389626,0.20447622781100624,0.38712716257439245,0.2894209677687664,0.21752926190495056,0.30908525871117687,0.5053696284180137,0.5660181487119297,0.20198443285904744,0.5228746251452621,0.5414180488055834,0.2670464942511513,0.1476912596520429,0.5461163411540824,0.05286559070633123,0.1289621304277129,0.28011523983229475,0.21915078147354372,0.22920670318828543,0.51160816620626,0.5415924008104949,0.3057876821365578,0.11233487697962344,0.22775103947801478,0.06440717863543152,0.18875041363536854,0.07064888811829373,0.3454122392970199
2023-12-02 17:00:00,0.14296948974732737,0.12521622797247517,0.18071089516853148,0.3111252639397367,0.1379011541161458,0.20091597432312777,0.31499450452042893,0.38631173708470073,0.19201818098979057,0.3391374579877033,0.3495988921087997,0.24052203966637575,0.15429425732954366,0.37063948816331366,0.017897511996963825,0.08998795099267964,0.18739136910802137,0.13131671757790123,0.1647993699113292,0.39278700490372387,0.3634959559872184,0.18684268038587437,0.012761250737174505,0.21313383239177813,0.003180494225588897,0.14255711979859065,0.028697913349207644,0.288408778846244
2023-12-02 18:00:00,0.0,0.0,0.0,0.0,0.0,0.0,0.0,0.0,0.0,0.0,0.0,0.0,0.0,0.0,0.0,0.0,0.0,0.0,0.0,0.0,0.0,0.0,0.0,0.0,0.0,0.0,0.0,0.0
2023-12-02 19:00:00,0.0,0.0,0.0,0.0,0.0,0.0,0.0,0.0,0.0,0.0,0.0,0.0,0.0,0.0,0.0,0.0,0.0,0.0,0.0,0.0,0.0,0.0,0.0,0.0,0.0,0.0,0.0,0.0
2023-12-02 20:00:00,0.0,0.0,0.0,0.0,0.0,0.0,0.0,0.0,0.0,0.0,0.0,0.0,0.0,0.0,0.0,0.0,0.0,0.0,0.0,0.0,0.0,0.0,0.0,0.0,0.0,0.0,0.0,0.0
2023-12-02 21:00:00,0.0,0.0,0.0,0.0,0.0,0.0,0.0,0.0,0.0,0.0,0.0,0.0,0.0,0.0,0.0,0.0,0.0,0.0,0.0,0.0,0.0,0.0,0.0,0.0,0.0,0.0,0.0,0.0
2023-12-02 22:00:00,0.0,0.0,0.0,0.0,0.0,0.0,0.0,0.0,0.0,0.0,0.0,0.0,0.0,0.0,0.0,0.0,0.0,0.0,0.0,0.0,0.0,0.0,0.0,0.0,0.0,0.0,0.0,0.0
2023-12-02 23:00:00,0.0,0.0,0.0,0.0,0.0,0.0,0.0,0.0,0.0,0.0,0.0,0.0,0.0,0.0,0.0,0.0,0.0,0.0,0.0,0.0,0.0,0.0,0.0,0.0,0.0,0.0,0.0,0.0
2023-12-03 00:00:00,0.0,0.0,0.0,0.0,0.0,0.0,0.0,0.0,0.0,0.0,0.0,0.0,0.0,0.0,0.0,0.0,0.0,0.0,0.0,0.0,0.0,0.0,0.0,0.0,0.0,0.0,0.0,0.0
2023-12-03 01:00:00,0.0,0.0,0.0,0.0,0.0,0.0,0.0,0.0,0.0,0.0,0.0,0.0,0.0,0.0,0.0,0.0,0.0,0.0,0.0,0.0,0.0,0.0,0.0,0.0,0.0,0.0,0.0,0.0
2023-12-03 02:00:00,0.0,0.0,0.0,0.0,0.0,0.0,0.0,0.0,0.0,0.0,0.0,0.0,0.0,0.0,0.0,0.0,0.0,0.0,0.0,0.0,0.0,0.0,0.0,0.0,0.0,0.0,0.0,0.0
2023-12-03 03:00:00,0.0,0.0,0.0,0.0,0.0,0.0,0.0,0.0,0.0,0.0,0.0,0.0,0.0,0.0,0.0,0.0,0.0,0.0,0.0,0.0,0.0,0.0,0.0,0.0,0.0,0.0,0.0,0.0
2023-12-03 04:00:00,0.0,0.0,0.0,0.0,0.0,0.0,0.0,0.0,0.0,0.0,0.0,0.0,0.0,0.0,0.0,0.0,0.0,0.0,0.0,0.0,0.0,0.0,0.0,0.0,0.0,0.0,0.0,0.0
2023-12-03 05:00:00,0.0,0.0,0.0,0.0,0.0,0.0,0.0,0.0,0.0,0.0,0.0,0.0,0.0,0.0,0.0,0.0,0.0,0.0,0.0,0.0,0.0,0.0,0.0,0.0,0.0,0.0,0.0,0.0
2023-12-03 06:00:00,0.0,0.0,0.0,0.0,0.0,0.0,0.0,0.0,0.0,0.0,0.0,0.0,0.0,0.0,0.0,0.0,0.0,0.0,0.0,0.0,0.0,0.0,0.0,0.0,0.0,0.0,0.0,0.0
2023-12-03 07:00:00,0.0,0.0,0.0,0.0,0.0,0.0,0.0,0.0,0.0,0.0,0.0,0.0,0.0,0.0,0.0,0.0,0.0,0.0,0.0,0.0,0.0,0.0,0.0,0.0,0.0,0.0,0.0,0.0
2023-12-03 08:00:00,0.0,0.0,0.0,0.0,0.0,0.0,0.0,0.0,0.0,0.0,0.0,0.0,0.0,0.0,0.0,0.0,0.0,0.0,0.0,0.0,0.0,0.0,0.0,0.0,0.0,0.0,0.0,0.0
2023-12-03 09:00:00,0.0,0.0,0.0,0.0,0.0,0.0,0.0,0.0,0.0,0.0,0.0,0.0,0.0,0.0,0.0,0.0,0.0,0.0,0.0,0.0,0.0,0.0,0.021065484498039643,0.0,0.0,0.0,0.0,0.0
2023-12-03 10:00:00,0.06009711839386728,0.008400855498499709,0.010754005719940793,0.00207357846238537,0.0,0.0,0.0,0.0,0.07126262686767483,0.00018759304229802056,0.00021780669469418203,0.006265439042921705,0.06547378256838135,0.0,0.0003806259934049191,0.008674215571308394,0.0,0.010661291582610527,0.0,0.0,0.0,0.008264856843633516,0.1758635712914374,0.0033857394080913784,0.04124540309655087,0.0,0.004478090853004831,0.00261301131271929
2023-12-03 11:00:00,0.09231904201996667,0.051350232828460435,0.07542094383721741,0.015111841790301733,0.002270212763279422,0.055702917851555026,0.0041611361218069414,0.01438671263540222,0.10138205515324322,0.010630071805461768,0.007089979084015018,0.031041658960528604,0.04620575885919171,0.020715881047532057,0.04563363391735012,0.05848617632789063,0.10703840972623051,0.009608566989925621,0.08702313420894356,0.022571587839899675,0.02170774376779659,0.019652104832526718,0.22737783475735904,0.022640736800720974,0.0827906773690005,0.04420496958757033,0.025207339371223218,0.026337825022830438
2023-12-03 12:00:00,0.15957613551793295,0.17085740339533712,0.19918537731437452,0.08434599755350942,0.017674565118510673,0.1168418431049571,0.02929642999719828,0.05676164950976013,0.2259418064133976,0.014006762514870302,0.015730290403677096,0.08090980626303527,0.21530704684176102,0.10345399251695837,0.17221114212280808,0.15552778182405064,0.20707938940423065,0.013219718847213055,0.1393336981482741,0.07634699104839467,0.11041399509884282,0.019365766178394844,0.15853701005704987,0.12186150722089822,0.06007246704472957,0.08186124759210503,0.038177616126444824,0.12542866831836189
2023-12-03 13:00:00,0.20694810713995726,0.27943983435884084,0.4185762641747231,0.09039434512927115,0.0448693108206625,0.16396134850866176,0.25768611022523197,0.08641051092381484,0.2870458521341398,0.11628732838785266,0.14689279722580786,0.08750194683647251,0.22365111252618794,0.03762537255284247,0.11728186435065632,0.14379288432495163,0.2801359196772816,0.03833509334148251,0.1885850170961404,0.013715535950286102,0.03920089617810334,0.08537383784160324,0.12776370625830435,0.1482173874363699,0.06572752194305473,0.09891028085194661,0.03512001104100911,0.195770194562871
2023-12-03 14:00:00,0.2518297949614276,0.47029866858667907,0.4960738970412016,0.09564885724442394,0.07831288023400641,0.20897585209390787,0.5329266511631187,0.49038515583935904,0.3365851382700686,0.3438283243325189,0.4244500924790769,0.165232281127696,0.25700165984512957,0.4930927476411623,0.09422597715121153,0.12578003033575108,0.21919634860802018,0.06060365424663552,0.15057417772271348,0.3068945082744325,0.487844231641084,0.17220862316728738,0.07821747307531925,0.13347578727119191,0.08442939206226693,0.1379706856318064,0.07063708222583615,0.1842076612524958
2023-12-03 15:00:00,0.2883522421107847,0.46904756800730324,0.5083508213086053,0.09624385858404243,0.11114397197160361,0.1555814193479518,0.5576436359447576,0.5689656598799151,0.2763336341844129,0.38100102768294847,0.4807273129751266,0.21768733780890426,0.16951296492063492,0.5915279482922315,0.05632313637885782,0.09820303108418538,0.22834286852720945,0.11895088714585207,0.16327141898798442,0.3923718645933318,0.5850991664420048,0.2233540956183425,0.06350547704669808,0.19593832916808715,0.079208722257814,0.1720765187522221,0.0817807679724723,0.280393102992851
2023-12-03 16:00:00,0.2839177896648476,0.41427429624493,0.44990939085000153,0.10152672983084124,0.09466850143730131,0.12310884838115327,0.46349182977183717,0.521683424284007,0.25045754546505716,0.4419321224969386,0.49274842459333806,0.17197230487212462,0.16092703348908247,0.5429131904935427,0.0496130115479262,0.10248480148756337,0.16761303774826716,0.13798487057004857,0.11072130534519217,0.37201066933922133,0.5411278701531052,0.25268259597550363,0.09897274097497008,0.1882418440177469,0.07098045939767579,0.13028613151746943,0.08159758839572631,0.21529389461186338
2023-12-03 17:00:00,0.11435548721704643,0.2682576039853864,0.14886421405005887,0.06207517900508388,0.06375313425298923,0.04657846196272538,0.1564883316030518,0.21119610756948917,0.14282377942261013,0.18348690202292614,0.19216512959990412,0.12093265620029799,0.10187664824713723,0.25582826683868537,0.026846490145033465,0.15686171174283872,0.15442468695063843,0.09527275512712226,0.1341126443908014,0.19682624988507635,0.26028830741894454,0.12953426448838673,0.007133761980985728,0.11561892554135089,0.0010946556464140735,0.06950014056936403,0.068618620976676,0.17926797533167757
2023-12-03 18:00:00,0.0,0.0,0.0,0.0,0.0,0.0,0.0,0.0,0.0,0.0,0.0,0.0,0.0,0.0,0.0,0.0,0.0,0.0,0.0,0.0,0.0,0.0,0.0,0.0,0.0,0.0,0.0,0.0
2023-12-03 19:00:00,0.0,0.0,0.0,0.0,0.0,0.0,0.0,0.0,0.0,0.0,0.0,0.0,0.0,0.0,0.0,0.0,0.0,0.0,0.0,0.0,0.0,0.0,0.0,0.0,0.0,0.0,0.0,0.0
2023-12-03 20:00:00,0.0,0.0,0.0,0.0,0.0,0.0,0.0,0.0,0.0,0.0,0.0,0.0,0.0,0.0,0.0,0.0,0.0,0.0,0.0,0.0,0.0,0.0,0.0,0.0,0.0,0.0,0.0,0.0
2023-12-03 21:00:00,0.0,0.0,0.0,0.0,0.0,0.0,0.0,0.0,0.0,0.0,0.0,0.0,0.0,0.0,0.0,0.0,0.0,0.0,0.0,0.0,0.0,0.0,0.0,0.0,0.0,0.0,0.0,0.0
2023-12-03 22:00:00,0.0,0.0,0.0,0.0,0.0,0.0,0.0,0.0,0.0,0.0,0.0,0.0,0.0,0.0,0.0,0.0,0.0,0.0,0.0,0.0,0.0,0.0,0.0,0.0,0.0,0.0,0.0,0.0
2023-12-03 23:00:00,0.0,0.0,0.0,0.0,0.0,0.0,0.0,0.0,0.0,0.0,0.0,0.0,0.0,0.0,0.0,0.0,0.0,0.0,0.0,0.0,0.0,0.0,0.0,0.0,0.0,0.0,0.0,0.0
2023-12-04 00:00:00,0.0,0.0,0.0,0.0,0.0,0.0,0.0,0.0,0.0,0.0,0.0,0.0,0.0,0.0,0.0,0.0,0.0,0.0,0.0,0.0,0.0,0.0,0.0,0.0,0.0,0.0,0.0,0.0
2023-12-04 01:00:00,0.0,0.0,0.0,0.0,0.0,0.0,0.0,0.0,0.0,0.0,0.0,0.0,0.0,0.0,0.0,0.0,0.0,0.0,0.0,0.0,0.0,0.0,0.0,0.0,0.0,0.0,0.0,0.0
2023-12-04 02:00:00,0.0,0.0,0.0,0.0,0.0,0.0,0.0,0.0,0.0,0.0,0.0,0.0,0.0,0.0,0.0,0.0,0.0,0.0,0.0,0.0,0.0,0.0,0.0,0.0,0.0,0.0,0.0,0.0
2023-12-04 03:00:00,0.0,0.0,0.0,0.0,0.0,0.0,0.0,0.0,0.0,0.0,0.0,0.0,0.0,0.0,0.0,0.0,0.0,0.0,0.0,0.0,0.0,0.0,0.0,0.0,0.0,0.0,0.0,0.0
2023-12-04 04:00:00,0.0,0.0,0.0,0.0,0.0,0.0,0.0,0.0,0.0,0.0,0.0,0.0,0.0,0.0,0.0,0.0,0.0,0.0,0.0,0.0,0.0,0.0,0.0,0.0,0.0,0.0,0.0,0.0
2023-12-04 05:00:00,0.0,0.0,0.0,0.0,0.0,0.0,0.0,0.0,0.0,0.0,0.0,0.0,0.0,0.0,0.0,0.0,0.0,0.0,0.0,0.0,0.0,0.0,0.0,0.0,0.0,0.0,0.0,0.0
2023-12-04 06:00:00,0.0,0.0,0.0,0.0,0.0,0.0,0.0,0.0,0.0,0.0,0.0,0.0,0.0,0.0,0.0,0.0,0.0,0.0,0.0,0.0,0.0,0.0,0.0,0.0,0.0,0.0,0.0,0.0
2023-12-04 07:00:00,0.0,0.0,0.0,0.0,0.0,0.0,0.0,0.0,0.0,0.0,0.0,0.0,0.0,0.0,0.0,0.0,0.0,0.0,0.0,0.0,0.0,0.0,0.0,0.0,0.0,0.0,0.0,0.0
2023-12-04 08:00:00,0.0,0.0,0.0,0.0,0.0,0.0,0.0,0.0,0.0,0.0,0.0,0.0,0.0,0.0,0.0,0.0,0.0,0.0,0.0,0.0,0.0,0.0,0.0,0.0,0.0,0.0,0.0,0.0
2023-12-04 09:00:00,0.0,0.0,0.0,0.0,0.0,0.0,0.0,0.0,0.0,0.0,0.0,0.0,0.0,0.0,0.0,0.0,0.0,0.0,0.0,0.0,0.0,0.0,0.013302440602057259,0.0,0.0,0.0,0.0,0.0
2023-12-04 10:00:00,0.001329677007950908,0.01634459424565381,0.0,0.0035162323963774025,0.0,0.0,0.002048314984828215,0.0,7.088033485499212e-05,0.0,0.0,0.002959675953221041,0.00016453210451143453,7.992623781840815e-05,0.0,2.8337867973529405e-05,0.0,0.0008857035201593542,0.0,0.0,8.991701754570916e-05,0.0021317693516097066,0.14088573036822866,0.024366795865288383,0.04172999647538381,0.0,0.1224577671073303,0.024059612166415216
2023-12-04 11:00:00,0.013355980617857931,0.021708830130627185,0.001233764758902545,0.01557714495664288,0.024567216620375712,0.0012992851454965,0.0022571016140783104,0.0027112244383635017,0.004293157481955091,0.001989272019096054,0.00237419503905002,0.02336724575598459,0.005596799021607982,0.0034639559359244594,0.006238067670613745,0.0032591646867982456,0.00016652132122967924,0.012588640572440317,7.8030310835475e-05,0.00198029381720288,0.003534911833665273,0.01625438112829773,0.25566449430088817,0.029805692182239323,0.1715906655491208,0.004411975809337221,0.17042968608707415,0.019743906005157217
2023-12-04 12:00:00,0.02648334466789397,0.03033987833992453,0.008978471406665455,0.022699063278771595,0.05020175304588101,0.011991874393199315,0.01211788815070101,0.016203064133313377,0.009571456019298473,0.03757911769867052,0.02109797793537095,0.05124058988295014,0.011269114634156027,0.009608842303031828,0.0050353234985245025,0.009920838332588047,0.0028426472106111308,0.022198549693507725,0.001984878233058455,0.018317533953492948,0.010291082347787932,0.04888238180842334,0.23685997485446916,0.04531129619607796,0.10577503620088552,0.011471308375570593,0.07732162586388601,0.03084417196521664
2023-12-04 13:00:00,0.028914836610802862,0.03948396752539025,0.004905075353343675,0.04613328346072732,0.04721071596851617,0.020107719665245414,0.006217323447222965,0.011570922337317635,0.014284488475098906,0.009321326278457246,0.006502492772556201,0.05839470486867061,0.017555619832016697,0.016826290102239776,0.012286325065676361,0.024469997357836445,0.0036945623612299056,0.0208677798226751,0.008934798663676344,0.017390035441564027,0.01765964977728214,0.03457280381217238,0.28423106553060645,0.05478153455758828,0.10648030212667209,0.019334418651057884,0.0933559866690806,0.045191965230445205
2023-12-04 14:00:00,0.021337567315746944,0.038666892029488746,0.0031907573786175893,0.04486208338463014,0.03562424953450586,0.01743365658201813,0.006456573551559003,0.009335301727749707,0.008326512554596347,0.009556363980850524,0.007612049531345511,0.05966007600594469,0.010078318281096132,0.0105211107936675,0.010775105597489327,0.012647898251719272,0.015204981986663209,0.013132920532172486,0.026128639815744512,0.009466830399166973,0.010883330915427472,0.030714532432166597,0.17876622325178837,0.04638107511690259,0.08960970806884973,0.018854266794536407,0.058167895356108744,0.04201381126109523
2023-12-04 15:00:00,0.012466467911699362,0.027704363306377402,0.0017785640081270692,0.014158495051983033,0.024203202765327978,0.011450546798824875,0.003462868879153614,0.009769034325880093,0.0065427984645203136,0.004763413295027821,0.0043844010588132065,0.02496028044610304,0.008546283955814218,0.015697907841843436,0.007247870170352502,0.008015596544421535,0.09614584240488637,0.00570949533623791,0.08587941037556936,0.00866040663411289,0.016597525917167757,0.01352442511266714,0.10942972910199016,0.02827867071875156,0.054029377555546425,0.012782552785791214,0.02552591673198513,0.03772865906932667
2023-12-04 16:00:00,0.005376190848113288,0.015233933551988644,0.0006539496011084217,0.005976791255596317,0.013816828242073488,0.003932856808665136,0.0004342795510614235,0.002764641540455285,0.0030363954875513807,0.0009745290892262503,0.0007958575701850913,0.012895842104223102,0.003691798243347742,0.0048562563643773475,0.003003998930779536,0.003694312558673117,0.09743948956353467,0.0011578439198562,0.10278012921878728,0.0032566178145185965,0.005135118974752661,0.005980840332153883,0.06452722425801118,0.01219418669145941,0.01749712160933052,0.006354103431817772,0.01389272567248403,0.014210100324705077
2023-12-04 17:00:00,0.0007579584461418997,0.0038438367141743566,0.0,0.0020838275735984685,0.0010144541792305177,6.335483956732466e-05,0.0,0.0,0.0002626840901576631,0.0,0.0,0.002523026834570907,0.00048773422738432396,0.0,0.00038092625137437793,0.00027885428139917245,0.07991876163131167,2.5896572363019973e-05,0.08203309067529915,0.0,0.0,0.0007984042607681946,0.0,0.0038793647463141977,0.0,0.00011221210886285829,5.176378796008849e-06,0.007484851909511883
2023-12-04 18:00:00,0.0,0.0,0.0,0.0,0.0,0.0,0.0,0.0,0.0,0.0,0.0,0.0,0.0,0.0,0.0,0.0,0.0,0.0,0.0,0.0,0.0,0.0,0.0,0.0,0.0,0.0,0.0,0.0
2023-12-04 19:00:00,0.0,0.0,0.0,0.0,0.0,0.0,0.0,0.0,0.0,0.0,0.0,0.0,0.0,0.0,0.0,0.0,0.0,0.0,0.0,0.0,0.0,0.0,0.0,0.0,0.0,0.0,0.0,0.0
2023-12-04 20:00:00,0.0,0.0,0.0,0.0,0.0,0.0,0.0,0.0,0.0,0.0,0.0,0.0,0.0,0.0,0.0,0.0,0.0,0.0,0.0,0.0,0.0,0.0,0.0,0.0,0.0,0.0,0.0,0.0
2023-12-04 21:00:00,0.0,0.0,0.0,0.0,0.0,0.0,0.0,0.0,0.0,0.0,0.0,0.0,0.0,0.0,0.0,0.0,0.0,0.0,0.0,0.0,0.0,0.0,0.0,0.0,0.0,0.0,0.0,0.0
2023-12-04 22:00:00,0.0,0.0,0.0,0.0,0.0,0.0,0.0,0.0,0.0,0.0,0.0,0.0,0.0,0.0,0.0,0.0,0.0,0.0,0.0,0.0,0.0,0.0,0.0,0.0,0.0,0.0,0.0,0.0
2023-12-04 23:00:00,0.0,0.0,0.0,0.0,0.0,0.0,0.0,0.0,0.0,0.0,0.0,0.0,0.0,0.0,0.0,0.0,0.0,0.0,0.0,0.0,0.0,0.0,0.0,0.0,0.0,0.0,0.0,0.0
2023-12-05 00:00:00,0.0,0.0,0.0,0.0,0.0,0.0,0.0,0.0,0.0,0.0,0.0,0.0,0.0,0.0,0.0,0.0,0.0,0.0,0.0,0.0,0.0,0.0,0.0,0.0,0.0,0.0,0.0,0.0
2023-12-05 01:00:00,0.0,0.0,0.0,0.0,0.0,0.0,0.0,0.0,0.0,0.0,0.0,0.0,0.0,0.0,0.0,0.0,0.0,0.0,0.0,0.0,0.0,0.0,0.0,0.0,0.0,0.0,0.0,0.0
2023-12-05 02:00:00,0.0,0.0,0.0,0.0,0.0,0.0,0.0,0.0,0.0,0.0,0.0,0.0,0.0,0.0,0.0,0.0,0.0,0.0,0.0,0.0,0.0,0.0,0.0,0.0,0.0,0.0,0.0,0.0
2023-12-05 03:00:00,0.0,0.0,0.0,0.0,0.0,0.0,0.0,0.0,0.0,0.0,0.0,0.0,0.0,0.0,0.0,0.0,0.0,0.0,0.0,0.0,0.0,0.0,0.0,0.0,0.0,0.0,0.0,0.0
2023-12-05 04:00:00,0.0,0.0,0.0,0.0,0.0,0.0,0.0,0.0,0.0,0.0,0.0,0.0,0.0,0.0,0.0,0.0,0.0,0.0,0.0,0.0,0.0,0.0,0.0,0.0,0.0,0.0,0.0,0.0
2023-12-05 05:00:00,0.0,0.0,0.0,0.0,0.0,0.0,0.0,0.0,0.0,0.0,0.0,0.0,0.0,0.0,0.0,0.0,0.0,0.0,0.0,0.0,0.0,0.0,0.0,0.0,0.0,0.0,0.0,0.0
2023-12-05 06:00:00,0.0,0.0,0.0,0.0,0.0,0.0,0.0,0.0,0.0,0.0,0.0,0.0,0.0,0.0,0.0,0.0,0.0,0.0,0.0,0.0,0.0,0.0,0.0,0.0,0.0,0.0,0.0,0.0
2023-12-05 07:00:00,0.0,0.0,0.0,0.0,0.0,0.0,0.0,0.0,0.0,0.0,0.0,0.0,0.0,0.0,0.0,0.0,0.0,0.0,0.0,0.0,0.0,0.0,0.0,0.0,0.0,0.0,0.0,0.0
2023-12-05 08:00:00,0.0,0.0,0.0,0.0,0.0,0.0,0.0,0.0,0.0,0.0,0.0,0.0,0.0,0.0,0.0,0.0,0.0,0.0,0.0,0.0,0.0,0.0,0.0,0.0,0.0,0.0,0.0,0.0
2023-12-05 09:00:00,0.0,0.0,0.0,0.0,0.0,0.0,0.0,0.0,0.0,0.0,0.0,0.0,0.0,0.0,0.0,0.0,0.0,0.0,0.0,0.0,0.0,0.0,0.0,0.0,0.0,0.0,0.0,0.0
2023-12-05 10:00:00,0.13251689610897832,0.20455393231870836,0.03824490398201519,0.0024035073747364984,0.0,0.0,0.0007907002886693584,0.006602102957014781,0.09237045572097242,0.00580078809014126,0.008734301732142343,0.06303014888193992,0.11267081083500896,0.010771233251201634,0.0,0.02704341775930043,0.0,0.1376253026687391,0.0,0.011350524206936066,0.011322942221732388,0.09650099373132785,0.03746560556459002,0.00286082777909722,0.01893589085719215,0.0,0.07315813931340284,0.008934957855929807
2023-12-05 11:00:00,0.17116984443439948,0.3750927639540138,0.038668006543204486,0.012835254307086057,0.01498617895571968,0.035245768863522986,0.009727298817858259,0.010532107797972331,0.148228947777322,0.02421174735947136,0.021427328836341436,0.1127296262039462,0.11666381234238313,0.007404568499003766,0.09545103099825665,0.07001672592838402,0.1355980014171386,0.13852911846169483,0.127028075904526,0.009966368870982303,0.007420112697598054,0.12418431482628162,0.0975998909828468,0.03560719479815122,0.04884731128797914,0.02215602543784781,0.13106129196321642,0.04306363289963027
2023-12-05 12:00:00,0.2575830002957113,0.4849500480639628,0.09097275786569313,0.041201223406676306,0.04926685628628839,0.06871806379557845,0.045464415516287326,0.03544168827723356,0.30551187871500546,0.04616396831449604,0.04635530817751933,0.13689786848153818,0.28194216161447394,0.030035025288961917,0.15438602647399552,0.19224551227150072,0.15184002713785716,0.18397331400359815,0.13313820242869354,0.03957136931236167,0.030147991967919462,0.15820474548215777,0.12341954510329789,0.07156324792563099,0.0645386051845592,0.05390816388164739,0.3632823388905831,0.08707236149785319
2023-12-05 13:00:00,0.3123253339305894,0.5303306352045367,0.1480017277577326,0.05822200119662977,0.0773545952900784,0.10784992268381528,0.041026850624308636,0.03603604078507829,0.35648788535744436,0.05232831492790392,0.04995420987940323,0.16053113688104062,0.3242334596446104,0.0281235838080259,0.20104661901027873,0.19563085546529682,0.22504075331619924,0.23324617695691705,0.18573002393674165,0.03997344258136399,0.02720938772400788,0.18402227414976124,0.1149361219786391,0.09977372413971831,0.06407686069900165,0.0977066111423464,0.39295351348322105,0.1302972926136364
2023-12-05 14:00:00,0.31667231261474066,0.5180568417833281,0.1857239075817021,0.04285751424719661,0.10658373511241655,0.13725206630891368,0.03317522299539277,0.029466533750293913,0.3375385269823447,0.048533626256613005,0.039067570092106,0.1665265070898389,0.2816513445441517,0.021926711161509214,0.16066022188872908,0.183460175130977,0.25665732686400056,0.17935160193550878,0.21474670973479507,0.028537794795007492,0.02138506701001246,0.17798563087064698,0.09886717784237145,0.10419688246257768,0.06658066425029231,0.11985885594879046,0.3725425986078661,0.14006971499068452
2023-12-05 15:00:00,0.27380895042671477,0.5018628512128552,0.15721460384030436,0.033681539732896615,0.12719495014852378,0.11934720476595707,0.03765133485859731,0.028595060658664045,0.33572271990616764,0.04815609865484727,0.04032298940832298,0.16789713926794972,0.33239944417284795,0.01857465821105149,0.17398851190068593,0.22610009860554367,0.26063099777416016,0.1554996675536751,0.20285950994166413,0.02156568057421138,0.01838682485626543,0.15806763930608794,0.09764200063707384,0.11662055219396635,0.0570459936268948,0.15026514776405567,0.3352503572883115,0.14349639907087328
2023-12-05 16:00:00,0.2501820428118982,0.44221519277744387,0.150998011422815,0.021893574571655427,0.1012000703715861,0.07220163470077444,0.04735495205490043,0.03324568580784069,0.2852705076005739,0.06535939401206975,0.055167190828771584,0.1357936011203458,0.2681268167789077,0.014931961415384054,0.16913760302688366,0.21436301276785913,0.20075399934477645,0.12053899340280606,0.17289471836935055,0.02479034605764075,0.0151839328357637,0.13581350553410812,0.11483557790295897,0.09987964543043194,0.02957887016661085,0.1363506689080055,0.26144827210442245,0.10047449948738198
2023-12-05 17:00:00,0.1391111832076723,0.28583645297723287,0.12884630393528862,0.015597277996040042,0.03493927192705209,0.03826867778314284,0.006125218986184369,0.005111723380629893,0.17101084431125543,0.027538038129921085,0.013735905974334918,0.07274762141461978,0.15060367484097711,0.003069750719705077,0.08336911508289375,0.07454987473428279,0.15108888259542808,0.06212886296016137,0.12295707446311145,0.00908957660081031,0.003324728899645279,0.07571736506487509,0.0,0.06921262196812557,0.00010857880805525624,0.08300777400162182,0.056786362776014794,0.07370592140672257
2023-12-05 18:00:00,0.0,0.0,0.0,0.0,0.0,0.0,0.0,0.0,0.0,0.0,0.0,0.0,0.0,0.0,0.0,0.0,0.0,0.0,0.0,0.0,0.0,0.0,0.0,0.0,0.0,0.0,0.0,0.0
2023-12-05 19:00:00,0.0,0.0,0.0,0.0,0.0,0.0,0.0,0.0,0.0,0.0,0.0,0.0,0.0,0.0,0.0,0.0,0.0,0.0,0.0,0.0,0.0,0.0,0.0,0.0,0.0,0.0,0.0,0.0
2023-12-05 20:00:00,0.0,0.0,0.0,0.0,0.0,0.0,0.0,0.0,0.0,0.0,0.0,0.0,0.0,0.0,0.0,0.0,0.0,0.0,0.0,0.0,0.0,0.0,0.0,0.0,0.0,0.0,0.0,0.0
2023-12-05 21:00:00,0.0,0.0,0.0,0.0,0.0,0.0,0.0,0.0,0.0,0.0,0.0,0.0,0.0,0.0,0.0,0.0,0.0,0.0,0.0,0.0,0.0,0.0,0.0,0.0,0.0,0.0,0.0,0.0
2023-12-05 22:00:00,0.0,0.0,0.0,0.0,0.0,0.0,0.0,0.0,0.0,0.0,0.0,0.0,0.0,0.0,0.0,0.0,0.0,0.0,0.0,0.0,0.0,0.0,0.0,0.0,0.0,0.0,0.0,0.0
2023-12-05 23:00:00,0.0,0.0,0.0,0.0,0.0,0.0,0.0,0.0,0.0,0.0,0.0,0.0,0.0,0.0,0.0,0.0,0.0,0.0,0.0,0.0,0.0,0.0,0.0,0.0,0.0,0.0,0.0,0.0
2023-12-06 00:00:00,0.0,0.0,0.0,0.0,0.0,0.0,0.0,0.0,0.0,0.0,0.0,0.0,0.0,0.0,0.0,0.0,0.0,0.0,0.0,0.0,0.0,0.0,0.0,0.0,0.0,0.0,0.0,0.0
2023-12-06 01:00:00,0.0,0.0,0.0,0.0,0.0,0.0,0.0,0.0,0.0,0.0,0.0,0.0,0.0,0.0,0.0,0.0,0.0,0.0,0.0,0.0,0.0,0.0,0.0,0.0,0.0,0.0,0.0,0.0
2023-12-06 02:00:00,0.0,0.0,0.0,0.0,0.0,0.0,0.0,0.0,0.0,0.0,0.0,0.0,0.0,0.0,0.0,0.0,0.0,0.0,0.0,0.0,0.0,0.0,0.0,0.0,0.0,0.0,0.0,0.0
2023-12-06 03:00:00,0.0,0.0,0.0,0.0,0.0,0.0,0.0,0.0,0.0,0.0,0.0,0.0,0.0,0.0,0.0,0.0,0.0,0.0,0.0,0.0,0.0,0.0,0.0,0.0,0.0,0.0,0.0,0.0
2023-12-06 04:00:00,0.0,0.0,0.0,0.0,0.0,0.0,0.0,0.0,0.0,0.0,0.0,0.0,0.0,0.0,0.0,0.0,0.0,0.0,0.0,0.0,0.0,0.0,0.0,0.0,0.0,0.0,0.0,0.0
2023-12-06 05:00:00,0.0,0.0,0.0,0.0,0.0,0.0,0.0,0.0,0.0,0.0,0.0,0.0,0.0,0.0,0.0,0.0,0.0,0.0,0.0,0.0,0.0,0.0,0.0,0.0,0.0,0.0,0.0,0.0
2023-12-06 06:00:00,0.0,0.0,0.0,0.0,0.0,0.0,0.0,0.0,0.0,0.0,0.0,0.0,0.0,0.0,0.0,0.0,0.0,0.0,0.0,0.0,0.0,0.0,0.0,0.0,0.0,0.0,0.0,0.0
2023-12-06 07:00:00,0.0,0.0,0.0,0.0,0.0,0.0,0.0,0.0,0.0,0.0,0.0,0.0,0.0,0.0,0.0,0.0,0.0,0.0,0.0,0.0,0.0,0.0,0.0,0.0,0.0,0.0,0.0,0.0
2023-12-06 08:00:00,0.0,0.0,0.0,0.0,0.0,0.0,0.0,0.0,0.0,0.0,0.0,0.0,0.0,0.0,0.0,0.0,0.0,0.0,0.0,0.0,0.0,0.0,0.0,0.0,0.0,0.0,0.0,0.0
2023-12-06 09:00:00,0.0,0.0,0.0,0.0,0.0,0.0,0.0,0.0,0.0,0.0,0.0,0.0,0.0,0.0,0.0,0.0,0.0,0.0,0.0,0.0,0.0,0.0,0.0044273347610826845,0.0,0.0,0.0,0.0,0.0
2023-12-06 10:00:00,0.17416529732190408,0.07556250038385325,0.19873634938425427,0.00616623958975312,0.0,0.0,0.015480931477938489,0.03675043942448377,0.10645177908399293,0.1011475824716018,0.0817578334541946,0.008404754438639115,0.15547217067905017,0.019318702724569817,0.0,0.010365438210492356,0.0,0.09071948987862079,0.0,0.029295339165549817,0.019293695019240317,0.08082108821343308,0.061136191243412054,0.005630723654312859,0.012758275458967305,0.0,0.06056562929580736,0.0046556157304551826
2023-12-06 11:00:00,0.31305935295866816,0.2067236856053527,0.29641292937333374,0.05237665616427476,0.0335256874200208,0.1611070282371744,0.06494992897568606,0.06171805839596698,0.35913582244397874,0.14959656571861274,0.13421469957236407,0.12333824799561939,0.3350619391542742,0.035798770626830005,0.2698567582002134,0.3016654640468947,0.23415501707660288,0.2482159110783837,0.19935745115108644,0.03639995405484011,0.035479991793384194,0.21001604121949483,0.11527140199766907,0.03561608371330172,0.051510595953158544,0.13180409834479573,0.15050082127283845,0.03033167406426086
2023-12-06 12:00:00,0.43016959967402313,0.4439662657335538,0.39778231285710847,0.06709267237626629,0.0941409258563319,0.22439937057707054,0.13064673916541658,0.07588569678855143,0.5230294627375978,0.16205056557369799,0.1587051500343958,0.252201867671342,0.5031597137665793,0.026177075664172142,0.374986618936044,0.4273724325143984,0.3881467144690674,0.36503147907738703,0.3200414398891588,0.03851695029361967,0.02490295828550286,0.3155801687194052,0.12839672355915738,0.0961794413881435,0.06246638616843761,0.249903472474075,0.22832010114801707,0.09974335427017739
2023-12-06 13:00:00,0.44979732496295605,0.44822020855098943,0.40933203542469476,0.11696581100089037,0.14427455257954677,0.2969073194588704,0.15720323001853412,0.12715198511477252,0.5566182648920832,0.22397304595935574,0.19626277086372812,0.31073554938519443,0.5270362821887782,0.06511175898925341,0.40531786183262836,0.46388614025804664,0.37576053488863337,0.36224301987703383,0.29491693280483866,0.12463832257071829,0.06215038684682617,0.3476320436830099,0.13703766491378427,0.11199737689626228,0.07304060806929197,0.2878768211375763,0.23784635984419666,0.12172220475158525
2023-12-06 14:00:00,0.4567613710556211,0.4779671303267596,0.433461622651065,0.07888046402897689,0.15277494920546356,0.339238298982772,0.14176372387355013,0.10287628724973912,0.5719791958751528,0.2011908109578712,0.18985360070881674,0.24926675818307237,0.5358849062923845,0.04498096330110818,0.41863494182488836,0.4567022063466596,0.4308183989006052,0.4210367816439427,0.33540908118199286,0.0549239622341139,0.04140821908224158,0.3324611702539935,0.13625186692306876,0.11490156487495741,0.07642883289484358,0.2810954149730435,0.2749216918438182,0.12378421927404724
2023-12-06 15:00:00,0.39403850983399646,0.48675923350997236,0.46833962638916116,0.054692240991468855,0.15564469352450336,0.4468649166117319,0.20318992690243112,0.1451926069950966,0.59405155848762,0.249689605619144,0.2557095516031906,0.16201919136643952,0.6089332788695696,0.06640943798759279,0.5252568724646804,0.5827944244609106,0.4150335165674724,0.35585684360320397,0.334210188460312,0.06202586942929707,0.06022910975401194,0.27887965197852993,0.10025096552981042,0.08718778863807386,0.060378642009122234,0.36217807075575714,0.25284241845636085,0.09187935508097793
2023-12-06 16:00:00,0.2788531218508155,0.39727443317317673,0.40737813763442227,0.036694256540718444,0.11010961494383414,0.33062977232672097,0.12592053595242692,0.08114758849530593,0.4441236969287452,0.20274692354631169,0.2033836109210658,0.1481437441559298,0.5158367755065513,0.022114897175995855,0.44717390001844415,0.5389501974290749,0.3058960369706621,0.2671226276625236,0.2649776785103568,0.017780909907665565,0.019922817246318295,0.267557865116248,0.09737689514679307,0.03971217513838044,0.03966915981455635,0.27788032567229415,0.17117014997791485,0.04443745449539612
2023-12-06 17:00:00,0.1520015666701304,0.26179798580890584,0.2556668487463371,0.00499457943769222,0.03930643866565828,0.19800195765162784,0.0868230796035705,0.05092199450266773,0.24285675131549891,0.1352599070448208,0.1373797289276117,0.07351911859288442,0.30343723647875,0.005615256227629052,0.2701544015751871,0.322967333420154,0.22811224412795117,0.15280710916669485,0.20125577832486938,0.0051082970293320614,0.004668005284227774,0.15208265540021906,0.0,0.010634524506636397,5.8364951709682374e-05,0.15447829007188732,0.051202236194395775,0.007437946124977951
2023-12-06 18:00:00,0.0,0.0,0.0,0.0,0.0,0.0,0.0,0.0,0.0,0.0,0.0,0.0,0.0,0.0,0.0,0.0,0.0,0.0,0.0,0.0,0.0,0.0,0.0,0.0,0.0,0.0,0.0,0.0
2023-12-06 19:00:00,0.0,0.0,0.0,0.0,0.0,0.0,0.0,0.0,0.0,0.0,0.0,0.0,0.0,0.0,0.0,0.0,0.0,0.0,0.0,0.0,0.0,0.0,0.0,0.0,0.0,0.0,0.0,0.0
2023-12-06 20:00:00,0.0,0.0,0.0,0.0,0.0,0.0,0.0,0.0,0.0,0.0,0.0,0.0,0.0,0.0,0.0,0.0,0.0,0.0,0.0,0.0,0.0,0.0,0.0,0.0,0.0,0.0,0.0,0.0
2023-12-06 21:00:00,0.0,0.0,0.0,0.0,0.0,0.0,0.0,0.0,0.0,0.0,0.0,0.0,0.0,0.0,0.0,0.0,0.0,0.0,0.0,0.0,0.0,0.0,0.0,0.0,0.0,0.0,0.0,0.0
2023-12-06 22:00:00,0.0,0.0,0.0,0.0,0.0,0.0,0.0,0.0,0.0,0.0,0.0,0.0,0.0,0.0,0.0,0.0,0.0,0.0,0.0,0.0,0.0,0.0,0.0,0.0,0.0,0.0,0.0,0.0
2023-12-06 23:00:00,0.0,0.0,0.0,0.0,0.0,0.0,0.0,0.0,0.0,0.0,0.0,0.0,0.0,0.0,0.0,0.0,0.0,0.0,0.0,0.0,0.0,0.0,0.0,0.0,0.0,0.0,0.0,0.0
2023-12-07 00:00:00,0.0,0.0,0.0,0.0,0.0,0.0,0.0,0.0,0.0,0.0,0.0,0.0,0.0,0.0,0.0,0.0,0.0,0.0,0.0,0.0,0.0,0.0,0.0,0.0,0.0,0.0,0.0,0.0
2023-12-07 01:00:00,0.0,0.0,0.0,0.0,0.0,0.0,0.0,0.0,0.0,0.0,0.0,0.0,0.0,0.0,0.0,0.0,0.0,0.0,0.0,0.0,0.0,0.0,0.0,0.0,0.0,0.0,0.0,0.0
2023-12-07 02:00:00,0.0,0.0,0.0,0.0,0.0,0.0,0.0,0.0,0.0,0.0,0.0,0.0,0.0,0.0,0.0,0.0,0.0,0.0,0.0,0.0,0.0,0.0,0.0,0.0,0.0,0.0,0.0,0.0
2023-12-07 03:00:00,0.0,0.0,0.0,0.0,0.0,0.0,0.0,0.0,0.0,0.0,0.0,0.0,0.0,0.0,0.0,0.0,0.0,0.0,0.0,0.0,0.0,0.0,0.0,0.0,0.0,0.0,0.0,0.0
2023-12-07 04:00:00,0.0,0.0,0.0,0.0,0.0,0.0,0.0,0.0,0.0,0.0,0.0,0.0,0.0,0.0,0.0,0.0,0.0,0.0,0.0,0.0,0.0,0.0,0.0,0.0,0.0,0.0,0.0,0.0
2023-12-07 05:00:00,0.0,0.0,0.0,0.0,0.0,0.0,0.0,0.0,0.0,0.0,0.0,0.0,0.0,0.0,0.0,0.0,0.0,0.0,0.0,0.0,0.0,0.0,0.0,0.0,0.0,0.0,0.0,0.0
2023-12-07 06:00:00,0.0,0.0,0.0,0.0,0.0,0.0,0.0,0.0,0.0,0.0,0.0,0.0,0.0,0.0,0.0,0.0,0.0,0.0,0.0,0.0,0.0,0.0,0.0,0.0,0.0,0.0,0.0,0.0
2023-12-07 07:00:00,0.0,0.0,0.0,0.0,0.0,0.0,0.0,0.0,0.0,0.0,0.0,0.0,0.0,0.0,0.0,0.0,0.0,0.0,0.0,0.0,0.0,0.0,0.0,0.0,0.0,0.0,0.0,0.0
2023-12-07 08:00:00,0.0,0.0,0.0,0.0,0.0,0.0,0.0,0.0,0.0,0.0,0.0,0.0,0.0,0.0,0.0,0.0,0.0,0.0,0.0,0.0,0.0,0.0,0.0,0.0,0.0,0.0,0.0,0.0
2023-12-07 09:00:00,0.0,0.0,0.0,0.0,0.0,0.0,0.0,0.0,0.0,0.0,0.0,0.0,0.0,0.0,0.0,0.0,0.0,0.0,0.0,0.0,0.0,0.0,0.005335764237399498,0.0,0.0,0.0,0.0,0.0
2023-12-07 10:00:00,0.03441282985007406,0.012233015573873669,0.015957281178147244,0.005715312873698317,0.0,0.0,0.0018147071080812976,0.0023874664782094195,0.010148307930783704,0.011100244277735889,0.010420819123555514,0.008143718475246548,0.0063814424635774206,0.0009958319585496663,0.0,0.0,0.0,0.055634348848687315,0.0,0.0010349660789514693,0.0008135495981301493,0.023674265052657354,0.016328248005788238,0.0640459712453254,0.05842535800993684,0.0,0.11009666455871991,0.07817753587483997
2023-12-07 11:00:00,0.1591499907345652,0.07086322687123522,0.06028213972440052,0.026687612855929733,0.011826761130861754,0.025590701014876295,0.02478209590487672,0.025249432137538785,0.13918217031879623,0.06406779636976755,0.04872697410638264,0.09922077435192178,0.10577078506877689,0.010739420720777278,0.04667350393495791,0.09105527621676357,0.0755067317101873,0.1915081262064803,0.027919078238099134,0.02590579519489542,0.010382933830147935,0.14739508083877642,0.03863164323149068,0.1319952468901431,0.11130804019754124,0.02379922782728521,0.1827000624125619,0.14691699658161567
2023-12-07 12:00:00,0.22688391476495492,0.09625134710391889,0.13119117894276208,0.08840094219823781,0.0779194820844142,0.14482909233437238,0.09189742078036743,0.08198345474947225,0.3147115536962826,0.09059461465978327,0.09152247783832326,0.15295342440978754,0.2825885843293203,0.05912330659152941,0.15320940185726242,0.3152025084224129,0.16031644800375275,0.14364825890920754,0.09718897085509948,0.09755826907928665,0.05538940204382733,0.13971770873124303,0.08637912983706925,0.21375569625185753,0.25828869444702973,0.09871403368558056,0.23138119285012368,0.23071660645701442
2023-12-07 13:00:00,0.294812070790451,0.15752312630782325,0.2234607768933274,0.07181779728729963,0.12666685280528867,0.1962427799782497,0.10167947131390369,0.08376609200630969,0.3888354886952874,0.12976389722880463,0.11652181198596331,0.1487230081198756,0.3605584680112429,0.05832836298492287,0.18315246099703328,0.37843826440073836,0.18099969030007745,0.18870051120674539,0.09926361213803993,0.05618958368215968,0.057437417405934055,0.19867809092182312,0.08705697104023895,0.2266428100281358,0.23124766760035528,0.12859165535007372,0.26861270752841043,0.22883292127759933
2023-12-07 14:00:00,0.2848088349954562,0.18323769860074393,0.3420710285548607,0.10234409596881537,0.13373690418142933,0.1733987108746766,0.19208508256414322,0.1169473845468732,0.34503562588630554,0.1348542235925988,0.14557450322008703,0.12716899210863628,0.3121181416059824,0.07492306291025888,0.23380923858254227,0.322739401371244,0.170296045057651,0.15298179837327677,0.1065522921066278,0.07162163425503522,0.06892228017056333,0.15626434297137373,0.0733324898797841,0.25337347051075204,0.21419486662191947,0.13972725651504456,0.29953658813919526,0.21966030356009836
2023-12-07 15:00:00,0.2639374427561624,0.14743567033060542,0.3203081514806941,0.09348833453153373,0.145087794191133,0.1759940974039083,0.18757269949019442,0.10139030621800027,0.3336045913724841,0.12988577183649194,0.1275266734974637,0.09836130879435942,0.31506621396219936,0.09607464463411541,0.2520903097746929,0.30954874070614713,0.1557908420323519,0.12053593403148373,0.10060358895315034,0.09989013679506564,0.09798070630770006,0.13322515761215636,0.05950202009915204,0.18362830593354346,0.1842760730136436,0.1385426376591082,0.26367692532218334,0.16405825451746195
2023-12-07 16:00:00,0.25225440330815935,0.08408078330328582,0.38048894098917513,0.07126069178186582,0.09172402034125388,0.09467897702153609,0.19575363305551505,0.1057307237312452,0.3469373964103324,0.14091939725684008,0.1557673662385255,0.07591497834634066,0.3377383190605084,0.08314327182905629,0.22623963616593548,0.3044748317367,0.16451405748110828,0.13733790162569326,0.09726022492283719,0.06868189317413163,0.08582890582645285,0.1250941716737459,0.025244381968340588,0.0720663150243213,0.07608379703452464,0.0937938332626336,0.11973873114625061,0.060315564861888465
2023-12-07 17:00:00,0.1738004106988077,0.05219798957583209,0.3047538323590244,0.03672199191512057,0.03919810652198868,0.06215950208570248,0.19171569434710778,0.11879105438082184,0.2453376098805247,0.15149384023415555,0.17438284833057005,0.043698346178391925,0.2454232873382686,0.08666870467941629,0.12628275244677858,0.17020075614192795,0.12907601793368761,0.12302027838466607,0.07101290249200072,0.05256420571680609,0.08604382646720048,0.11010530210902642,0.0,0.018277544171597177,0.002023943135662416,0.05772514493099137,0.001873813975618482,0.019041974067105505
2023-12-07 18:00:00,0.0,0.0,0.0,0.0,0.0,0.0,0.0,0.0,0.0,0.0,0.0,0.0,0.0,0.0,0.0,0.0,0.0,0.0,0.0,0.0,0.0,0.0,0.0,0.0,0.0,0.0,0.0,0.0
2023-12-07 19:00:00,0.0,0.0,0.0,0.0,0.0,0.0,0.0,0.0,0.0,0.0,0.0,0.0,0.0,0.0,0.0,0.0,0.0,0.0,0.0,0.0,0.0,0.0,0.0,0.0,0.0,0.0,0.0,0.0
2023-12-07 20:00:00,0.0,0.0,0.0,0.0,0.0,0.0,0.0,0.0,0.0,0.0,0.0,0.0,0.0,0.0,0.0,0.0,0.0,0.0,0.0,0.0,0.0,0.0,0.0,0.0,0.0,0.0,0.0,0.0
2023-12-07 21:00:00,0.0,0.0,0.0,0.0,0.0,0.0,0.0,0.0,0.0,0.0,0.0,0.0,0.0,0.0,0.0,0.0,0.0,0.0,0.0,0.0,0.0,0.0,0.0,0.0,0.0,0.0,0.0,0.0
2023-12-07 22:00:00,0.0,0.0,0.0,0.0,0.0,0.0,0.0,0.0,0.0,0.0,0.0,0.0,0.0,0.0,0.0,0.0,0.0,0.0,0.0,0.0,0.0,0.0,0.0,0.0,0.0,0.0,0.0,0.0
2023-12-07 23:00:00,0.0,0.0,0.0,0.0,0.0,0.0,0.0,0.0,0.0,0.0,0.0,0.0,0.0,0.0,0.0,0.0,0.0,0.0,0.0,0.0,0.0,0.0,0.0,0.0,0.0,0.0,0.0,0.0
2023-12-08 00:00:00,0.0,0.0,0.0,0.0,0.0,0.0,0.0,0.0,0.0,0.0,0.0,0.0,0.0,0.0,0.0,0.0,0.0,0.0,0.0,0.0,0.0,0.0,0.0,0.0,0.0,0.0,0.0,0.0
2023-12-08 01:00:00,0.0,0.0,0.0,0.0,0.0,0.0,0.0,0.0,0.0,0.0,0.0,0.0,0.0,0.0,0.0,0.0,0.0,0.0,0.0,0.0,0.0,0.0,0.0,0.0,0.0,0.0,0.0,0.0
2023-12-08 02:00:00,0.0,0.0,0.0,0.0,0.0,0.0,0.0,0.0,0.0,0.0,0.0,0.0,0.0,0.0,0.0,0.0,0.0,0.0,0.0,0.0,0.0,0.0,0.0,0.0,0.0,0.0,0.0,0.0
2023-12-08 03:00:00,0.0,0.0,0.0,0.0,0.0,0.0,0.0,0.0,0.0,0.0,0.0,0.0,0.0,0.0,0.0,0.0,0.0,0.0,0.0,0.0,0.0,0.0,0.0,0.0,0.0,0.0,0.0,0.0
2023-12-08 04:00:00,0.0,0.0,0.0,0.0,0.0,0.0,0.0,0.0,0.0,0.0,0.0,0.0,0.0,0.0,0.0,0.0,0.0,0.0,0.0,0.0,0.0,0.0,0.0,0.0,0.0,0.0,0.0,0.0
2023-12-08 05:00:00,0.0,0.0,0.0,0.0,0.0,0.0,0.0,0.0,0.0,0.0,0.0,0.0,0.0,0.0,0.0,0.0,0.0,0.0,0.0,0.0,0.0,0.0,0.0,0.0,0.0,0.0,0.0,0.0
2023-12-08 06:00:00,0.0,0.0,0.0,0.0,0.0,0.0,0.0,0.0,0.0,0.0,0.0,0.0,0.0,0.0,0.0,0.0,0.0,0.0,0.0,0.0,0.0,0.0,0.0,0.0,0.0,0.0,0.0,0.0
2023-12-08 07:00:00,0.0,0.0,0.0,0.0,0.0,0.0,0.0,0.0,0.0,0.0,0.0,0.0,0.0,0.0,0.0,0.0,0.0,0.0,0.0,0.0,0.0,0.0,0.0,0.0,0.0,0.0,0.0,0.0
2023-12-08 08:00:00,0.0,0.0,0.0,0.0,0.0,0.0,0.0,0.0,0.0,0.0,0.0,0.0,0.0,0.0,0.0,0.0,0.0,0.0,0.0,0.0,0.0,0.0,0.0,0.0,0.0,0.0,0.0,0.0
2023-12-08 09:00:00,0.0,0.0,0.0,0.0,0.0,0.0,0.0,0.0,0.0,0.0,0.0,0.0,0.0,0.0,0.0,0.0,0.0,0.0,0.0,0.0,0.0,0.0,0.0,0.0,0.0,0.0,0.0,0.0
2023-12-08 10:00:00,0.16280770737984832,0.2110591343414341,0.2871394623860681,0.18677565901571577,0.0,0.0,0.22122692857138604,0.17546255196681226,0.048788774157151674,0.27790870370023335,0.22823209355402063,0.09295068045328345,0.03233012687226002,0.131337326924121,0.0,0.0,0.0,0.12704245988908935,0.0,0.21133261787353197,0.1372074150387383,0.14833473881532155,0.05394283543363277,0.18581626525503211,0.09028310582860707,0.0,0.10698348593359538,0.26715119305957113
2023-12-08 11:00:00,0.2829891881945951,0.4112011376902234,0.45527775066879816,0.30193691885883595,0.04612451700979412,0.09862203689743494,0.37153587679237976,0.28149955247861247,0.2420130253326864,0.3856433913332692,0.34956788366648095,0.19358879305174748,0.20737252326458638,0.23269669962425313,0.1621461223137173,0.18658239430890525,0.23601630710927154,0.2347402321777191,0.23557711156823205,0.269731353888697,0.23699040838227867,0.26002738275842735,0.1392904150129017,0.29315879837242587,0.1518372499766266,0.07047051704416157,0.23348924257642087,0.43792690646331567
2023-12-08 12:00:00,0.44170437262180107,0.5509573390147194,0.5375196063419461,0.4895150114509148,0.10807727315549767,0.14278463829436946,0.4527799406518585,0.4304501395983274,0.32036825544256614,0.4905384652382687,0.4323119672269542,0.39352973348970444,0.3060931048918432,0.4393275971493851,0.33464142464495905,0.29212059106195115,0.21477527023803245,0.42444041586193143,0.2585252774082826,0.5038016589341368,0.45122119620302475,0.41160048834735385,0.23192074481272562,0.45934352919984334,0.2985159399755241,0.14095730628033146,0.33793412831451974,0.533031217870572
2023-12-08 13:00:00,0.5517269487068824,0.6287895862804809,0.6186686801739891,0.5573634521680261,0.13801867140318677,0.2079066250383283,0.4426913539157225,0.40282998920411917,0.3908009224812971,0.5525842360914031,0.4533176435474553,0.5940485743031029,0.3408910112592008,0.4088255107213517,0.37269382193231115,0.3327998456903846,0.2612515937508896,0.5408151635315445,0.2920358830750381,0.48562720182828656,0.4269071428861994,0.5524983913521865,0.2935705902899864,0.49409828109793297,0.44056628834177436,0.24902645428052864,0.44221579520615506,0.5251013527569559
2023-12-08 14:00:00,0.5678506464670966,0.6368592978570434,0.6326711952159916,0.568784849231233,0.16983366409400216,0.21886743707169995,0.45315731538338233,0.3990937747005439,0.44038520685529964,0.5404355386971662,0.4605063502744777,0.6274857689678381,0.4352176817222282,0.40202339957336236,0.4787848144598822,0.39424319549266956,0.19748571991329605,0.6116482709165117,0.2556930359564574,0.46514822219954877,0.41621058763165203,0.5767053686008982,0.3866169438956771,0.485272209447106,0.5226788830971695,0.2542209748698777,0.4350381562225209,0.5155912715124966
2023-12-08 15:00:00,0.5062483138647734,0.6284561508712595,0.5593745464420867,0.5754308914380757,0.17931121631638425,0.26217147887037356,0.45190228107276614,0.41276296137486385,0.43588953670389313,0.5026316604970102,0.4272786169599822,0.6697188924379698,0.48498056590278465,0.436915226495344,0.5146833688991397,0.4491343253732462,0.1957972963559526,0.6393508218553475,0.23515866314403067,0.46409008313979916,0.45249134043879813,0.5769419566906453,0.44110763922905183,0.4125134857647329,0.47482741001821405,0.29218393365108414,0.36487531254097727,0.4338317966180626
2023-12-08 16:00:00,0.39028019928626184,0.5199817066992177,0.3259955749760573,0.48848718369476757,0.17119859547030003,0.14803482746488023,0.39978631110715185,0.3958180783618695,0.30925229120811953,0.4277194680064265,0.3892754979682316,0.5961113112987264,0.317591652501714,0.37082441149836426,0.36071884534275134,0.28804353544485456,0.09601448083720163,0.569868497071551,0.10432327433793818,0.4604279554996058,0.3694564227071039,0.511209256014672,0.33939993107725197,0.32766122492663086,0.3085009617260868,0.17484816625366872,0.24491304852539697,0.3635547482949154
2023-12-08 17:00:00,0.2477796813465491,0.3529047112252818,0.13415933699064647,0.3135425560046464,0.07871692325113089,0.05925547578962225,0.17533503014192356,0.2321169994639161,0.13027380481437417,0.24280337445215033,0.2006532323610087,0.38038219094967096,0.12987643799537454,0.27128574292214136,0.1609039463598853,0.09864969227077197,0.041185604479727904,0.3989043525990872,0.039831928440449235,0.29140529633905565,0.27893988787157314,0.33898338726970284,0.0,0.23077475463048097,0.011745163023510724,0.07946161609130976,0.02956931070995312,0.28889791521533376
2023-12-08 18:00:00,0.0,0.0,0.0,0.0,0.0,0.0,0.0,0.0,0.0,0.0,0.0,0.0,0.0,0.0,0.0,0.0,0.0,0.0,0.0,0.0,0.0,0.0,0.0,0.0,0.0,0.0,0.0,0.0
2023-12-08 19:00:00,0.0,0.0,0.0,0.0,0.0,0.0,0.0,0.0,0.0,0.0,0.0,0.0,0.0,0.0,0.0,0.0,0.0,0.0,0.0,0.0,0.0,0.0,0.0,0.0,0.0,0.0,0.0,0.0
2023-12-08 20:00:00,0.0,0.0,0.0,0.0,0.0,0.0,0.0,0.0,0.0,0.0,0.0,0.0,0.0,0.0,0.0,0.0,0.0,0.0,0.0,0.0,0.0,0.0,0.0,0.0,0.0,0.0,0.0,0.0
2023-12-08 21:00:00,0.0,0.0,0.0,0.0,0.0,0.0,0.0,0.0,0.0,0.0,0.0,0.0,0.0,0.0,0.0,0.0,0.0,0.0,0.0,0.0,0.0,0.0,0.0,0.0,0.0,0.0,0.0,0.0
2023-12-08 22:00:00,0.0,0.0,0.0,0.0,0.0,0.0,0.0,0.0,0.0,0.0,0.0,0.0,0.0,0.0,0.0,0.0,0.0,0.0,0.0,0.0,0.0,0.0,0.0,0.0,0.0,0.0,0.0,0.0
2023-12-08 23:00:00,0.0,0.0,0.0,0.0,0.0,0.0,0.0,0.0,0.0,0.0,0.0,0.0,0.0,0.0,0.0,0.0,0.0,0.0,0.0,0.0,0.0,0.0,0.0,0.0,0.0,0.0,0.0,0.0
2023-12-09 00:00:00,0.0,0.0,0.0,0.0,0.0,0.0,0.0,0.0,0.0,0.0,0.0,0.0,0.0,0.0,0.0,0.0,0.0,0.0,0.0,0.0,0.0,0.0,0.0,0.0,0.0,0.0,0.0,0.0
2023-12-09 01:00:00,0.0,0.0,0.0,0.0,0.0,0.0,0.0,0.0,0.0,0.0,0.0,0.0,0.0,0.0,0.0,0.0,0.0,0.0,0.0,0.0,0.0,0.0,0.0,0.0,0.0,0.0,0.0,0.0
2023-12-09 02:00:00,0.0,0.0,0.0,0.0,0.0,0.0,0.0,0.0,0.0,0.0,0.0,0.0,0.0,0.0,0.0,0.0,0.0,0.0,0.0,0.0,0.0,0.0,0.0,0.0,0.0,0.0,0.0,0.0
2023-12-09 03:00:00,0.0,0.0,0.0,0.0,0.0,0.0,0.0,0.0,0.0,0.0,0.0,0.0,0.0,0.0,0.0,0.0,0.0,0.0,0.0,0.0,0.0,0.0,0.0,0.0,0.0,0.0,0.0,0.0
2023-12-09 04:00:00,0.0,0.0,0.0,0.0,0.0,0.0,0.0,0.0,0.0,0.0,0.0,0.0,0.0,0.0,0.0,0.0,0.0,0.0,0.0,0.0,0.0,0.0,0.0,0.0,0.0,0.0,0.0,0.0
2023-12-09 05:00:00,0.0,0.0,0.0,0.0,0.0,0.0,0.0,0.0,0.0,0.0,0.0,0.0,0.0,0.0,0.0,0.0,0.0,0.0,0.0,0.0,0.0,0.0,0.0,0.0,0.0,0.0,0.0,0.0
2023-12-09 06:00:00,0.0,0.0,0.0,0.0,0.0,0.0,0.0,0.0,0.0,0.0,0.0,0.0,0.0,0.0,0.0,0.0,0.0,0.0,0.0,0.0,0.0,0.0,0.0,0.0,0.0,0.0,0.0,0.0
2023-12-09 07:00:00,0.0,0.0,0.0,0.0,0.0,0.0,0.0,0.0,0.0,0.0,0.0,0.0,0.0,0.0,0.0,0.0,0.0,0.0,0.0,0.0,0.0,0.0,0.0,0.0,0.0,0.0,0.0,0.0
2023-12-09 08:00:00,0.0,0.0,0.0,0.0,0.0,0.0,0.0,0.0,0.0,0.0,0.0,0.0,0.0,0.0,0.0,0.0,0.0,0.0,0.0,0.0,0.0,0.0,0.0,0.0,0.0,0.0,0.0,0.0
2023-12-09 09:00:00,0.0,0.0,0.0,0.0,0.0,0.0,0.0,0.0,0.0,0.0,0.0,0.0,0.0,0.0,0.0,0.0,0.0,0.0,0.0,0.0,0.0,0.0,0.0,0.0,0.0,0.0,0.0,0.0
2023-12-09 10:00:00,0.0002639257341871972,0.0004984894772496343,0.0,0.002602358678878526,0.0,0.0,0.0,0.0,0.0,0.0,0.0,0.0012804871512671141,0.0,0.0,0.0,0.0,0.0,0.0,0.0,0.0,0.0,0.0005103698525306037,0.13346185576106087,0.003033911422874733,0.0452743352071127,0.0,0.006985997204249297,0.0019449281420813162
2023-12-09 11:00:00,0.006492561160000213,0.008201079699135893,0.0,0.019148236348110095,0.0004935270020597611,0.00140048604074762,0.0,2.5337439283690536e-06,0.0029915511684853167,0.0,0.0,0.019126963321192028,0.007604166652409857,0.00016652307967538613,0.0029499175633062873,0.030193007074689596,0.006747990754000889,0.0037890241081599218,0.005310893250603748,0.00012837450653147437,0.0001873384646348094,0.009228283747402475,0.24863468472224182,0.01791822404336212,0.09106397830000888,0.0002790814939782175,0.02448456533367916,0.012524956439890673
2023-12-09 12:00:00,0.01789533028980913,0.023891922927066427,0.0010530690369747507,0.02563390580713265,0.009875685772960644,0.010027457208186359,0.0012878899615297098,0.0022464794629647655,0.033611108530927115,0.001560814171489542,0.0016706604584845388,0.03309850107547927,0.03444822876375269,0.0031129822167804116,0.020423363467868244,0.02558749105626132,0.0044153074855432465,0.012490294654935999,0.0029829568733591495,0.004876644304174171,0.0032223150029087756,0.02029872832497587,0.19454238197645293,0.03276961943673422,0.10374233196592687,0.010186810084090876,0.04530479354355483,0.024869294503332574
2023-12-09 13:00:00,0.030617292283629288,0.046555070197789816,0.0053019072717799985,0.024561470559058343,0.027772405790764506,0.023173012779999343,0.0029451349495878856,0.002612509829761838,0.1244382026985449,0.0027547304917016993,0.0033300937709382344,0.03668079698030565,0.12364096101839143,0.0017731688489291016,0.039633945387441714,0.10322690226896275,0.023072472264706878,0.0144828900994279,0.01496218178230952,0.0026081215770577602,0.0016859502312400088,0.02330554936663877,0.1416821979176787,0.03751749636494803,0.10143257241383864,0.02452406569326605,0.05458170348611418,0.03277209214936373
2023-12-09 14:00:00,0.06129215002169182,0.11489549327786297,0.011533533521357262,0.019908284110933514,0.03636448529851929,0.03756752678057604,0.006705824567645756,0.004772259146962413,0.09354312815557779,0.005226653882294334,0.007299119350875889,0.0371454415395615,0.08632262408643712,0.0022403438714777204,0.04008792601386307,0.04946453506847085,0.04744499232913407,0.02232131103305286,0.03867377050188684,0.0012585923472547011,0.0019560388181244018,0.02937797561721385,0.12039186041310593,0.02788512207280042,0.08590893726417771,0.0327954449557467,0.04201515541443581,0.027444481467294064
2023-12-09 15:00:00,0.049560522317139824,0.2106423211195622,0.010645691114978718,0.009407748541145402,0.03301212715997076,0.02281371602860792,0.00677332233563819,0.004284458482918593,0.07281528011253514,0.004386732060263712,0.006616597594638039,0.039103491633450886,0.07483787622330412,0.0019048940272657633,0.028794661946919736,0.0631629126835977,0.01410650541562471,0.014056564919273436,0.009325306221023746,0.0007257952170525409,0.00168597408898276,0.02480221564744206,0.08354617098892447,0.02115427715634286,0.06647082297667929,0.021330271200697852,0.02658924116361003,0.03413481940537061
2023-12-09 16:00:00,0.03830781346055089,0.22770657059379715,0.007173645489865417,0.004221075872807542,0.02004503220622909,0.011799750599167482,0.006357732835262901,0.005532582920258634,0.062129575085350226,0.006056473303853482,0.007890372015300458,0.033857827081608054,0.04312035305813577,0.0024794059453236263,0.01659489497545067,0.02475438676911129,0.010657941282950412,0.0175819873726092,0.012093899211974575,0.001029646142618209,0.00216807318614463,0.023365306747917942,0.03765683770400915,0.03206407594772685,0.023642771926675098,0.010214653181904202,0.018901991499470146,0.04472696950823887
2023-12-09 17:00:00,0.019004540311424963,0.18779682012039758,0.00042292376712853,0.006609367774483421,0.001969007623669036,0.008167560121628586,6.280136523339574e-05,0.0002550762322722091,0.023516472000934364,0.0007653253384571908,0.0005426289377821952,0.029768078661791205,0.021416428374469883,5.70034079682643e-06,0.010746829968348307,0.008993014115899058,0.012967576121574745,0.0047740116018364495,0.011152891031438938,4.1963602691818494e-05,6.412883396429734e-06,0.009469676547278547,0.0,0.038275203420456455,0.0,0.007552845830207854,0.007943860364443797,0.05184271270433141
2023-12-09 18:00:00,0.0,0.0,0.0,0.0,0.0,0.0,0.0,0.0,0.0,0.0,0.0,0.0,0.0,0.0,0.0,0.0,0.0,0.0,0.0,0.0,0.0,0.0,0.0,0.0,0.0,0.0,0.0,0.0
2023-12-09 19:00:00,0.0,0.0,0.0,0.0,0.0,0.0,0.0,0.0,0.0,0.0,0.0,0.0,0.0,0.0,0.0,0.0,0.0,0.0,0.0,0.0,0.0,0.0,0.0,0.0,0.0,0.0,0.0,0.0
2023-12-09 20:00:00,0.0,0.0,0.0,0.0,0.0,0.0,0.0,0.0,0.0,0.0,0.0,0.0,0.0,0.0,0.0,0.0,0.0,0.0,0.0,0.0,0.0,0.0,0.0,0.0,0.0,0.0,0.0,0.0
2023-12-09 21:00:00,0.0,0.0,0.0,0.0,0.0,0.0,0.0,0.0,0.0,0.0,0.0,0.0,0.0,0.0,0.0,0.0,0.0,0.0,0.0,0.0,0.0,0.0,0.0,0.0,0.0,0.0,0.0,0.0
2023-12-09 22:00:00,0.0,0.0,0.0,0.0,0.0,0.0,0.0,0.0,0.0,0.0,0.0,0.0,0.0,0.0,0.0,0.0,0.0,0.0,0.0,0.0,0.0,0.0,0.0,0.0,0.0,0.0,0.0,0.0
2023-12-09 23:00:00,0.0,0.0,0.0,0.0,0.0,0.0,0.0,0.0,0.0,0.0,0.0,0.0,0.0,0.0,0.0,0.0,0.0,0.0,0.0,0.0,0.0,0.0,0.0,0.0,0.0,0.0,0.0,0.0
2023-12-10 00:00:00,0.0,0.0,0.0,0.0,0.0,0.0,0.0,0.0,0.0,0.0,0.0,0.0,0.0,0.0,0.0,0.0,0.0,0.0,0.0,0.0,0.0,0.0,0.0,0.0,0.0,0.0,0.0,0.0
2023-12-10 01:00:00,0.0,0.0,0.0,0.0,0.0,0.0,0.0,0.0,0.0,0.0,0.0,0.0,0.0,0.0,0.0,0.0,0.0,0.0,0.0,0.0,0.0,0.0,0.0,0.0,0.0,0.0,0.0,0.0
2023-12-10 02:00:00,0.0,0.0,0.0,0.0,0.0,0.0,0.0,0.0,0.0,0.0,0.0,0.0,0.0,0.0,0.0,0.0,0.0,0.0,0.0,0.0,0.0,0.0,0.0,0.0,0.0,0.0,0.0,0.0
2023-12-10 03:00:00,0.0,0.0,0.0,0.0,0.0,0.0,0.0,0.0,0.0,0.0,0.0,0.0,0.0,0.0,0.0,0.0,0.0,0.0,0.0,0.0,0.0,0.0,0.0,0.0,0.0,0.0,0.0,0.0
2023-12-10 04:00:00,0.0,0.0,0.0,0.0,0.0,0.0,0.0,0.0,0.0,0.0,0.0,0.0,0.0,0.0,0.0,0.0,0.0,0.0,0.0,0.0,0.0,0.0,0.0,0.0,0.0,0.0,0.0,0.0
2023-12-10 05:00:00,0.0,0.0,0.0,0.0,0.0,0.0,0.0,0.0,0.0,0.0,0.0,0.0,0.0,0.0,0.0,0.0,0.0,0.0,0.0,0.0,0.0,0.0,0.0,0.0,0.0,0.0,0.0,0.0
2023-12-10 06:00:00,0.0,0.0,0.0,0.0,0.0,0.0,0.0,0.0,0.0,0.0,0.0,0.0,0.0,0.0,0.0,0.0,0.0,0.0,0.0,0.0,0.0,0.0,0.0,0.0,0.0,0.0,0.0,0.0
2023-12-10 07:00:00,0.0,0.0,0.0,0.0,0.0,0.0,0.0,0.0,0.0,0.0,0.0,0.0,0.0,0.0,0.0,0.0,0.0,0.0,0.0,0.0,0.0,0.0,0.0,0.0,0.0,0.0,0.0,0.0
2023-12-10 08:00:00,0.0,0.0,0.0,0.0,0.0,0.0,0.0,0.0,0.0,0.0,0.0,0.0,0.0,0.0,0.0,0.0,0.0,0.0,0.0,0.0,0.0,0.0,0.0,0.0,0.0,0.0,0.0,0.0
2023-12-10 09:00:00,0.0,0.0,0.0,0.0,0.0,0.0,0.0,0.0,0.0,0.0,0.0,0.0,0.0,0.0,0.0,0.0,0.0,0.0,0.0,0.0,0.0,0.0,0.0,0.0,0.0,0.0,0.0,0.0
2023-12-10 10:00:00,0.013169363935402583,0.033152316176785226,0.004508957997095518,0.009046187019406522,0.0,0.0,0.0,0.003574502374610478,0.0,0.0,0.0,0.022443843129779508,0.00016699837334312938,0.0077142821879787144,0.0,0.0,0.0,0.007389585550754962,0.0,0.0,0.008678567461476053,0.012912890913038018,0.18950452464076806,0.10432404873672997,0.05050530634765411,0.0,0.008643429529656866,0.15606643431665282
2023-12-10 11:00:00,0.05401001022133983,0.04412703358778823,0.043770921944868965,0.02955241542693224,0.08344989727758899,0.04250136805701013,0.004417967931922454,0.007483250395900434,0.03789279648685425,0.004048195700682844,0.00393972055774627,0.05086699867591725,0.018137621431721766,0.010916986951686745,0.006411564705911767,0.01170128332631788,0.20686498101190282,0.018061117128808948,0.24485550677092832,0.005602538284387305,0.011631633443035612,0.030231169123504095,0.28668513397711903,0.1274785621120424,0.1128163419105578,0.043904468751271485,0.04052433289954466,0.16196646699210518
2023-12-10 12:00:00,0.06428241868852759,0.06357823623964488,0.056498183031375916,0.017427146305343668,0.17059532553398912,0.12292489504860901,0.039125946669024574,0.03155733862265916,0.1000925822056441,0.020095429142864066,0.020349013167834606,0.053919366992769516,0.04355145658086841,0.04678495719950703,0.02406835599371948,0.0546092391476514,0.3334480182745566,0.04433752018139516,0.39289043584790045,0.01478468413808147,0.050561615050401854,0.0434407310484188,0.3019119831772539,0.15267243400073238,0.170653394768861,0.10723979512780542,0.0738867722193799,0.15336762618229338
2023-12-10 13:00:00,0.0936821579178458,0.07795912646377931,0.06934769438350423,0.03530887696118539,0.2264562042934142,0.2701599234927798,0.05376920537753421,0.03733450694849324,0.12201702939875575,0.02390740363847857,0.02455779507171912,0.06668768582392787,0.05909888492161251,0.05302388318662128,0.06497720782204001,0.08079345757683656,0.48807721950451094,0.057316051259533714,0.5358207474716719,0.021068027815447893,0.05610377693170665,0.05883156452181399,0.38449252393264854,0.16764279319165928,0.20607030243607172,0.21842206821293653,0.0886672393627365,0.18781959134288811
2023-12-10 14:00:00,0.11495092840658919,0.08204538955440807,0.0764646968515417,0.033452552866472286,0.2220644261805805,0.3097576548336923,0.05215994825530897,0.03914758213229639,0.18751302206412573,0.03164395082840592,0.029025831426169643,0.0666198981351307,0.1008398188785789,0.058449504494497914,0.10725753902878075,0.14208123077996743,0.4927592846440471,0.04284166637129414,0.5584197962784179,0.01983113163703737,0.06260779887311767,0.06529932357337716,0.39345654501983407,0.12691288575091436,0.2195753746959924,0.25539943427958695,0.09983405047804626,0.15838396801201382
2023-12-10 15:00:00,0.08017671738079023,0.05279360044603545,0.0461081964672386,0.02276728087064829,0.21503913876144873,0.30726003398771257,0.08767310719469927,0.03395396396403538,0.14535775448315555,0.0248902600159723,0.03110257455016304,0.04709309343366737,0.07042901662634997,0.03539440886953799,0.14272752998260438,0.13303890698942364,0.5250781405772533,0.02552661943445608,0.5625089178693191,0.025762463560019953,0.035274708466397076,0.039080392161877225,0.4123438387322889,0.05555911404980257,0.219170637491238,0.24822444326650217,0.09126034036171543,0.08209999488721315
2023-12-10 16:00:00,0.07342520553250492,0.06391728368428784,0.06036021099313048,0.013363290812809726,0.15495332642187776,0.2845614408447068,0.11310731405623199,0.0615014359541936,0.14430634400844802,0.04112494450111737,0.06384656507431118,0.04878119816671915,0.07758737356325095,0.055022103136748775,0.1609450442858551,0.14266863258970117,0.46633701681128115,0.03873734763283259,0.4609110131902471,0.03499970321338822,0.05361652074265248,0.06210594760574963,0.2383019495041033,0.025633331185514724,0.09062314020159214,0.22430028730028387,0.06945169981712829,0.028764515588350196
2023-12-10 17:00:00,0.05321018906422126,0.03594995988141464,0.02994477441076845,0.005189629011628054,0.028316738563036167,0.1635135465906996,0.07167638660924297,0.02010873393811655,0.1272336605088781,0.041654430537520694,0.031657260149643804,0.013872918310181219,0.0840100594219006,0.007846059583299534,0.1064995340279409,0.11149492911984367,0.34674953987080287,0.03644490042079731,0.3397773096630307,0.014634802600902065,0.008322666673052136,0.03317987591712069,0.0,0.003859799376603483,0.0,0.14590995093366907,0.01367388405673025,0.004781526547618468
2023-12-10 18:00:00,0.0,0.0,0.0,0.0,0.0,0.0,0.0,0.0,0.0,0.0,0.0,0.0,0.0,0.0,0.0,0.0,0.0,0.0,0.0,0.0,0.0,0.0,0.0,0.0,0.0,0.0,0.0,0.0
2023-12-10 19:00:00,0.0,0.0,0.0,0.0,0.0,0.0,0.0,0.0,0.0,0.0,0.0,0.0,0.0,0.0,0.0,0.0,0.0,0.0,0.0,0.0,0.0,0.0,0.0,0.0,0.0,0.0,0.0,0.0
2023-12-10 20:00:00,0.0,0.0,0.0,0.0,0.0,0.0,0.0,0.0,0.0,0.0,0.0,0.0,0.0,0.0,0.0,0.0,0.0,0.0,0.0,0.0,0.0,0.0,0.0,0.0,0.0,0.0,0.0,0.0
2023-12-10 21:00:00,0.0,0.0,0.0,0.0,0.0,0.0,0.0,0.0,0.0,0.0,0.0,0.0,0.0,0.0,0.0,0.0,0.0,0.0,0.0,0.0,0.0,0.0,0.0,0.0,0.0,0.0,0.0,0.0
2023-12-10 22:00:00,0.0,0.0,0.0,0.0,0.0,0.0,0.0,0.0,0.0,0.0,0.0,0.0,0.0,0.0,0.0,0.0,0.0,0.0,0.0,0.0,0.0,0.0,0.0,0.0,0.0,0.0,0.0,0.0
2023-12-10 23:00:00,0.0,0.0,0.0,0.0,0.0,0.0,0.0,0.0,0.0,0.0,0.0,0.0,0.0,0.0,0.0,0.0,0.0,0.0,0.0,0.0,0.0,0.0,0.0,0.0,0.0,0.0,0.0,0.0
2023-12-11 00:00:00,0.0,0.0,0.0,0.0,0.0,0.0,0.0,0.0,0.0,0.0,0.0,0.0,0.0,0.0,0.0,0.0,0.0,0.0,0.0,0.0,0.0,0.0,0.0,0.0,0.0,0.0,0.0,0.0
2023-12-11 01:00:00,0.0,0.0,0.0,0.0,0.0,0.0,0.0,0.0,0.0,0.0,0.0,0.0,0.0,0.0,0.0,0.0,0.0,0.0,0.0,0.0,0.0,0.0,0.0,0.0,0.0,0.0,0.0,0.0
2023-12-11 02:00:00,0.0,0.0,0.0,0.0,0.0,0.0,0.0,0.0,0.0,0.0,0.0,0.0,0.0,0.0,0.0,0.0,0.0,0.0,0.0,0.0,0.0,0.0,0.0,0.0,0.0,0.0,0.0,0.0
2023-12-11 03:00:00,0.0,0.0,0.0,0.0,0.0,0.0,0.0,0.0,0.0,0.0,0.0,0.0,0.0,0.0,0.0,0.0,0.0,0.0,0.0,0.0,0.0,0.0,0.0,0.0,0.0,0.0,0.0,0.0
2023-12-11 04:00:00,0.0,0.0,0.0,0.0,0.0,0.0,0.0,0.0,0.0,0.0,0.0,0.0,0.0,0.0,0.0,0.0,0.0,0.0,0.0,0.0,0.0,0.0,0.0,0.0,0.0,0.0,0.0,0.0
2023-12-11 05:00:00,0.0,0.0,0.0,0.0,0.0,0.0,0.0,0.0,0.0,0.0,0.0,0.0,0.0,0.0,0.0,0.0,0.0,0.0,0.0,0.0,0.0,0.0,0.0,0.0,0.0,0.0,0.0,0.0
2023-12-11 06:00:00,0.0,0.0,0.0,0.0,0.0,0.0,0.0,0.0,0.0,0.0,0.0,0.0,0.0,0.0,0.0,0.0,0.0,0.0,0.0,0.0,0.0,0.0,0.0,0.0,0.0,0.0,0.0,0.0
2023-12-11 07:00:00,0.0,0.0,0.0,0.0,0.0,0.0,0.0,0.0,0.0,0.0,0.0,0.0,0.0,0.0,0.0,0.0,0.0,0.0,0.0,0.0,0.0,0.0,0.0,0.0,0.0,0.0,0.0,0.0
2023-12-11 08:00:00,0.0,0.0,0.0,0.0,0.0,0.0,0.0,0.0,0.0,0.0,0.0,0.0,0.0,0.0,0.0,0.0,0.0,0.0,0.0,0.0,0.0,0.0,0.0,0.0,0.0,0.0,0.0,0.0
2023-12-11 09:00:00,0.0,0.0,0.0,0.0,0.0,0.0,0.0,0.0,0.0,0.0,0.0,0.0,0.0,0.0,0.0,0.0,0.0,0.0,0.0,0.0,0.0,0.0,0.0,0.0,0.0,0.0,0.0,0.0
2023-12-11 10:00:00,0.11120760591950721,0.054769336720998436,0.224203513687575,0.1979846024702277,0.0,0.0,0.1294455953860734,0.10302518923123506,0.012573231707958247,0.2096846134773685,0.1443208133542288,0.10172398627885608,0.0,0.06594683071939006,0.0,0.0,0.0,0.12276881234654836,0.0,0.20302607966733954,0.07012947372633663,0.12401745288219175,0.1512057968344032,0.0912456923627242,0.12256745407798314,0.0,0.05562661668957316,0.14544757957417637
2023-12-11 11:00:00,0.2805875875234799,0.16538303484005115,0.3909051710395742,0.28058287902041545,0.01166864441616548,0.08029830354727231,0.23015408845870589,0.2163589294085713,0.22630454153712232,0.3448235676937154,0.24489172300257114,0.1915670025849375,0.21989033265487556,0.22186368550885016,0.1007443682710669,0.1554770978148817,0.05447304951103643,0.2712051681698228,0.03569317970033744,0.3904992637609256,0.23712374353809906,0.27688294585750334,0.25795977057335834,0.12972610035987356,0.1965911942662314,0.07246633554544507,0.10977868542914469,0.19637067766124874
2023-12-11 12:00:00,0.3743863096954271,0.27636508149954464,0.40771928246697253,0.46809302281674464,0.07892886343047688,0.1283540487420093,0.35244051943684923,0.30786003789045346,0.2883433182270765,0.3791103809328873,0.32893459524920693,0.37424627768447205,0.2410128104705208,0.2946181286135374,0.2268765113397811,0.20294691957560498,0.1961084251317714,0.42922846227364486,0.1439483408317356,0.46864132149295734,0.30105980944037963,0.3785257971466485,0.36857085552845564,0.27296259562494185,0.38329776485634054,0.16402757651798375,0.20494680847146987,0.32751838914425874
2023-12-11 13:00:00,0.4650414555980224,0.3097659148563138,0.5153015862863884,0.5826654610390873,0.15820561699467697,0.2386434809989751,0.47458987738751507,0.4535380157598013,0.4320167616402598,0.5457625057873732,0.48349928816267895,0.4540966661183123,0.3776990831507221,0.4095459827019643,0.2820707085506642,0.2724335218975311,0.30818635892610996,0.542352911409466,0.2377272392054996,0.6115962734284253,0.4128406253272733,0.49167454595890375,0.4973659362857196,0.32602446318301986,0.4820682542715711,0.2774418589395552,0.21220501062291758,0.3339490580051845
2023-12-11 14:00:00,0.5579815329214264,0.3238084350609801,0.4957440110681674,0.6337822084985286,0.15933064347793363,0.3157188734931301,0.46727806132501354,0.4148690579187755,0.44019091203314165,0.48650782102359913,0.43119011242870375,0.6015299778535472,0.3898058146996572,0.39600079060859655,0.29374537070953305,0.3348009808917923,0.40283186084685985,0.6773357182921305,0.34491748722826804,0.5809989763524778,0.4034758022435057,0.613204905898667,0.5950322150976075,0.3843908632919448,0.5558157860647479,0.3454878606937366,0.24359526834612438,0.4210604069628684
2023-12-11 15:00:00,0.5125566114123539,0.29571482540180116,0.5059862082457731,0.6428389556606446,0.1118951866295631,0.3449401647154158,0.5367149057176567,0.5150695268312748,0.4954122286668127,0.49177683644383857,0.4705706747875544,0.5986553956841763,0.47971989569083096,0.5030052295360673,0.346634258618358,0.3933941529376001,0.396757901683634,0.6049554620255134,0.31805429145929454,0.6445388537207222,0.5043053452407417,0.5742438839931351,0.4671944928163796,0.36361712004196434,0.43165404225759846,0.37547901908346953,0.18648614271569616,0.42426511451679855
2023-12-11 16:00:00,0.39112009989425145,0.22437565570973267,0.38380917314355767,0.5494710514833884,0.07598226399232032,0.2954122973883804,0.3264924579518477,0.32065189029595115,0.41625053507415777,0.3340066944740007,0.2963612352752504,0.4961037859159578,0.39880780158343,0.334773669863348,0.3636888860540776,0.34145291564244623,0.30689035931972325,0.45937380532749783,0.2560887120846955,0.46726585494071465,0.3403926603034593,0.4411954429755988,0.40380957441385507,0.2703518895752116,0.27956576601279054,0.36318574064934667,0.10527937326010654,0.33670528642453396
2023-12-11 17:00:00,0.2873087032245048,0.14122496484852465,0.32269914121493537,0.3701565837476555,0.009814529175606405,0.20751075891214907,0.31034559017096736,0.3258269155067971,0.3122567078539079,0.3234516558189049,0.3140881148150664,0.3334792040371721,0.30212354690511034,0.3149125525241605,0.32357992880110664,0.3196157223782596,0.2365920393826718,0.3336729776206431,0.18895579068582158,0.34948715876171926,0.3147861270440638,0.33661422053922446,0.0,0.14688848949381308,0.0179150783483917,0.2758074316531976,0.008511531628076949,0.180097903141588
2023-12-11 18:00:00,0.0,0.0,0.0,0.0,0.0,0.0,0.0,0.0,0.0,0.0,0.0,0.0,0.0,0.0,0.0,0.0,0.0,0.0,0.0,0.0,0.0,0.0,0.0,0.0,0.0,0.0,0.0,0.0
2023-12-11 19:00:00,0.0,0.0,0.0,0.0,0.0,0.0,0.0,0.0,0.0,0.0,0.0,0.0,0.0,0.0,0.0,0.0,0.0,0.0,0.0,0.0,0.0,0.0,0.0,0.0,0.0,0.0,0.0,0.0
2023-12-11 20:00:00,0.0,0.0,0.0,0.0,0.0,0.0,0.0,0.0,0.0,0.0,0.0,0.0,0.0,0.0,0.0,0.0,0.0,0.0,0.0,0.0,0.0,0.0,0.0,0.0,0.0,0.0,0.0,0.0
2023-12-11 21:00:00,0.0,0.0,0.0,0.0,0.0,0.0,0.0,0.0,0.0,0.0,0.0,0.0,0.0,0.0,0.0,0.0,0.0,0.0,0.0,0.0,0.0,0.0,0.0,0.0,0.0,0.0,0.0,0.0
2023-12-11 22:00:00,0.0,0.0,0.0,0.0,0.0,0.0,0.0,0.0,0.0,0.0,0.0,0.0,0.0,0.0,0.0,0.0,0.0,0.0,0.0,0.0,0.0,0.0,0.0,0.0,0.0,0.0,0.0,0.0
2023-12-11 23:00:00,0.0,0.0,0.0,0.0,0.0,0.0,0.0,0.0,0.0,0.0,0.0,0.0,0.0,0.0,0.0,0.0,0.0,0.0,0.0,0.0,0.0,0.0,0.0,0.0,0.0,0.0,0.0,0.0
2023-12-12 00:00:00,0.0,0.0,0.0,0.0,0.0,0.0,0.0,0.0,0.0,0.0,0.0,0.0,0.0,0.0,0.0,0.0,0.0,0.0,0.0,0.0,0.0,0.0,0.0,0.0,0.0,0.0,0.0,0.0
2023-12-12 01:00:00,0.0,0.0,0.0,0.0,0.0,0.0,0.0,0.0,0.0,0.0,0.0,0.0,0.0,0.0,0.0,0.0,0.0,0.0,0.0,0.0,0.0,0.0,0.0,0.0,0.0,0.0,0.0,0.0
2023-12-12 02:00:00,0.0,0.0,0.0,0.0,0.0,0.0,0.0,0.0,0.0,0.0,0.0,0.0,0.0,0.0,0.0,0.0,0.0,0.0,0.0,0.0,0.0,0.0,0.0,0.0,0.0,0.0,0.0,0.0
2023-12-12 03:00:00,0.0,0.0,0.0,0.0,0.0,0.0,0.0,0.0,0.0,0.0,0.0,0.0,0.0,0.0,0.0,0.0,0.0,0.0,0.0,0.0,0.0,0.0,0.0,0.0,0.0,0.0,0.0,0.0
2023-12-12 04:00:00,0.0,0.0,0.0,0.0,0.0,0.0,0.0,0.0,0.0,0.0,0.0,0.0,0.0,0.0,0.0,0.0,0.0,0.0,0.0,0.0,0.0,0.0,0.0,0.0,0.0,0.0,0.0,0.0
2023-12-12 05:00:00,0.0,0.0,0.0,0.0,0.0,0.0,0.0,0.0,0.0,0.0,0.0,0.0,0.0,0.0,0.0,0.0,0.0,0.0,0.0,0.0,0.0,0.0,0.0,0.0,0.0,0.0,0.0,0.0
2023-12-12 06:00:00,0.0,0.0,0.0,0.0,0.0,0.0,0.0,0.0,0.0,0.0,0.0,0.0,0.0,0.0,0.0,0.0,0.0,0.0,0.0,0.0,0.0,0.0,0.0,0.0,0.0,0.0,0.0,0.0
2023-12-12 07:00:00,0.0,0.0,0.0,0.0,0.0,0.0,0.0,0.0,0.0,0.0,0.0,0.0,0.0,0.0,0.0,0.0,0.0,0.0,0.0,0.0,0.0,0.0,0.0,0.0,0.0,0.0,0.0,0.0
2023-12-12 08:00:00,0.0,0.0,0.0,0.0,0.0,0.0,0.0,0.0,0.0,0.0,0.0,0.0,0.0,0.0,0.0,0.0,0.0,0.0,0.0,0.0,0.0,0.0,0.0,0.0,0.0,0.0,0.0,0.0
2023-12-12 09:00:00,0.0,0.0,0.0,0.0,0.0,0.0,0.0,0.0,0.0,0.0,0.0,0.0,0.0,0.0,0.0,0.0,0.0,0.0,0.0,0.0,0.0,0.0,0.0,0.0,0.0,0.0,0.0,0.0
2023-12-12 10:00:00,0.014344903861195996,0.014650697075060668,0.028556280108067957,0.13373563128471921,0.0,0.0,0.043894506876170754,0.05636882951433378,0.00021777544636703334,0.06939650752326748,0.05426790393054898,0.0235701342034149,0.0,0.06265435818994768,0.0,0.0,0.0,0.01587250926915241,0.0,0.03492220284543261,0.0662936593899895,0.04078721916478128,0.4734994961031215,0.13294541984794078,0.37964566721211257,0.0,0.1070690097518691,0.15139967325669015
2023-12-12 11:00:00,0.04932496033171094,0.05796561784213251,0.06032881483269865,0.3129315930057841,0.0027428166898616937,0.0011359923272290097,0.09288314704303269,0.07095747650141525,0.042323870939975576,0.08444641914673834,0.08315758217269478,0.11636273330972483,0.05712729565293905,0.06534090528650245,0.027662791391739137,0.032734172693403896,0.0008956551323212502,0.06476129358582455,3.8615623051891725e-05,0.06461489715814404,0.06580632967640071,0.07843884578625063,0.5902460727237759,0.21107177635742774,0.4912307045005839,0.005445612240447335,0.14231601107814218,0.2498299149399016
2023-12-12 12:00:00,0.10578380480590292,0.15036979995364652,0.10912943721131274,0.4828809127091025,0.017285321361965204,0.009197772662441768,0.17135361000706226,0.2541926751068894,0.05183937272823899,0.15590240696628543,0.15450070272638358,0.251332880595424,0.06559222132048846,0.3468245559412193,0.029212271384633566,0.035478948711457146,0.005414655090841156,0.14199721662858653,0.0022012480771274137,0.3797702040117005,0.35764212769727893,0.17131220562429114,0.6730025114407713,0.3493515480790224,0.4976667079273755,0.020267500682351634,0.21092876797098808,0.4323300587414258
2023-12-12 13:00:00,0.16405844208288,0.1571029451035569,0.18567538391581617,0.5936127271417472,0.03921481560642777,0.01869127427272713,0.31581058358911196,0.37854708689632055,0.08429860880801936,0.24432726393018844,0.27026114921657385,0.3727841674511034,0.09948768586471284,0.43936664013629867,0.05253398314233633,0.05102231833975379,0.014415789901823411,0.20079875734555996,0.008885999930217785,0.4606568036795683,0.4415587756579724,0.23786615306611467,0.708831576562747,0.46948934595082153,0.5812832900919793,0.044048725246571385,0.255793511594552,0.5446564958314095
2023-12-12 14:00:00,0.20532368616821092,0.17452771802913247,0.3299962530732309,0.5915865680621981,0.05557260061503047,0.031309501130973895,0.2951840880768508,0.3497702834194513,0.07085800998773091,0.2912799276580546,0.2775755922809656,0.38104007499184117,0.07773214313750432,0.3926954067092998,0.04666050560608635,0.04585815273202241,0.02564192125588068,0.28538948487159677,0.016581707184744464,0.45616440254276125,0.4006066730202824,0.26827788822007753,0.7310253295178769,0.5679219572960266,0.7186419276658308,0.059199467908942524,0.3340320689067907,0.5933244714703317
2023-12-12 15:00:00,0.27648097017836354,0.1460936591065744,0.40371875383635447,0.4801823958248924,0.04062480315905255,0.03571913161292545,0.33267408236845414,0.27967414010011504,0.10030260663552418,0.25560667182044283,0.27735259106282933,0.2910400041845662,0.08675257023660046,0.29223839962230014,0.05090586790390418,0.044810612187615895,0.026690505736574933,0.44395113945171016,0.017415748598225752,0.30782005488832576,0.2989357663904634,0.3056139082394424,0.683051109851155,0.513125583477239,0.6673280324887426,0.05630919527717614,0.3070644962766098,0.5225702910140072
2023-12-12 16:00:00,0.21820421416151872,0.10897970344783803,0.19364187907849406,0.30236115558451,0.03759596599292649,0.02344463406955163,0.27601848762804826,0.2784477706372929,0.07269856616564058,0.31141797309443636,0.26176217682394776,0.3063776330613196,0.08521691266227276,0.2834381344947859,0.04092811730342216,0.045913284966414385,0.012287620524881698,0.34232886689285574,0.007305028962287325,0.32483976513747903,0.2874118273434293,0.3971336782869623,0.5565820844342655,0.3436028102095929,0.5337205668856011,0.035622778939243135,0.16677911383165503,0.38184876427723236
2023-12-12 17:00:00,0.143994614669338,0.08774399215894235,0.08018430216300047,0.22404440394057898,0.000509298141412577,0.003792472027450722,0.21038165543625628,0.20091196745028753,0.043139855918884175,0.1535863952651072,0.15400611309442322,0.2916970338488192,0.05990240712855441,0.2228950174902331,0.0271635337454241,0.032144934768103435,0.002456422261312955,0.23147437086241673,0.003297551936853251,0.20745588326889414,0.22385166909464113,0.26263824750722387,0.0,0.15839278918536034,0.037711717092130496,0.015538213693852552,0.0,0.18671921555292018
2023-12-12 18:00:00,0.0,0.0,0.0,0.0,0.0,0.0,0.0,0.0,0.0,0.0,0.0,0.0,0.0,0.0,0.0,0.0,0.0,0.0,0.0,0.0,0.0,0.0,0.0,0.0,0.0,0.0,0.0,0.0
2023-12-12 19:00:00,0.0,0.0,0.0,0.0,0.0,0.0,0.0,0.0,0.0,0.0,0.0,0.0,0.0,0.0,0.0,0.0,0.0,0.0,0.0,0.0,0.0,0.0,0.0,0.0,0.0,0.0,0.0,0.0
2023-12-12 20:00:00,0.0,0.0,0.0,0.0,0.0,0.0,0.0,0.0,0.0,0.0,0.0,0.0,0.0,0.0,0.0,0.0,0.0,0.0,0.0,0.0,0.0,0.0,0.0,0.0,0.0,0.0,0.0,0.0
2023-12-12 21:00:00,0.0,0.0,0.0,0.0,0.0,0.0,0.0,0.0,0.0,0.0,0.0,0.0,0.0,0.0,0.0,0.0,0.0,0.0,0.0,0.0,0.0,0.0,0.0,0.0,0.0,0.0,0.0,0.0
2023-12-12 22:00:00,0.0,0.0,0.0,0.0,0.0,0.0,0.0,0.0,0.0,0.0,0.0,0.0,0.0,0.0,0.0,0.0,0.0,0.0,0.0,0.0,0.0,0.0,0.0,0.0,0.0,0.0,0.0,0.0
2023-12-12 23:00:00,0.0,0.0,0.0,0.0,0.0,0.0,0.0,0.0,0.0,0.0,0.0,0.0,0.0,0.0,0.0,0.0,0.0,0.0,0.0,0.0,0.0,0.0,0.0,0.0,0.0,0.0,0.0,0.0
2023-12-13 00:00:00,0.0,0.0,0.0,0.0,0.0,0.0,0.0,0.0,0.0,0.0,0.0,0.0,0.0,0.0,0.0,0.0,0.0,0.0,0.0,0.0,0.0,0.0,0.0,0.0,0.0,0.0,0.0,0.0
2023-12-13 01:00:00,0.0,0.0,0.0,0.0,0.0,0.0,0.0,0.0,0.0,0.0,0.0,0.0,0.0,0.0,0.0,0.0,0.0,0.0,0.0,0.0,0.0,0.0,0.0,0.0,0.0,0.0,0.0,0.0
2023-12-13 02:00:00,0.0,0.0,0.0,0.0,0.0,0.0,0.0,0.0,0.0,0.0,0.0,0.0,0.0,0.0,0.0,0.0,0.0,0.0,0.0,0.0,0.0,0.0,0.0,0.0,0.0,0.0,0.0,0.0
2023-12-13 03:00:00,0.0,0.0,0.0,0.0,0.0,0.0,0.0,0.0,0.0,0.0,0.0,0.0,0.0,0.0,0.0,0.0,0.0,0.0,0.0,0.0,0.0,0.0,0.0,0.0,0.0,0.0,0.0,0.0
2023-12-13 04:00:00,0.0,0.0,0.0,0.0,0.0,0.0,0.0,0.0,0.0,0.0,0.0,0.0,0.0,0.0,0.0,0.0,0.0,0.0,0.0,0.0,0.0,0.0,0.0,0.0,0.0,0.0,0.0,0.0
2023-12-13 05:00:00,0.0,0.0,0.0,0.0,0.0,0.0,0.0,0.0,0.0,0.0,0.0,0.0,0.0,0.0,0.0,0.0,0.0,0.0,0.0,0.0,0.0,0.0,0.0,0.0,0.0,0.0,0.0,0.0
2023-12-13 06:00:00,0.0,0.0,0.0,0.0,0.0,0.0,0.0,0.0,0.0,0.0,0.0,0.0,0.0,0.0,0.0,0.0,0.0,0.0,0.0,0.0,0.0,0.0,0.0,0.0,0.0,0.0,0.0,0.0
2023-12-13 07:00:00,0.0,0.0,0.0,0.0,0.0,0.0,0.0,0.0,0.0,0.0,0.0,0.0,0.0,0.0,0.0,0.0,0.0,0.0,0.0,0.0,0.0,0.0,0.0,0.0,0.0,0.0,0.0,0.0
2023-12-13 08:00:00,0.0,0.0,0.0,0.0,0.0,0.0,0.0,0.0,0.0,0.0,0.0,0.0,0.0,0.0,0.0,0.0,0.0,0.0,0.0,0.0,0.0,0.0,0.0,0.0,0.0,0.0,0.0,0.0
2023-12-13 09:00:00,0.0,0.0,0.0,0.0,0.0,0.0,0.0,0.0,0.0,0.0,0.0,0.0,0.0,0.0,0.0,0.0,0.0,0.0,0.0,0.0,0.0,0.0,0.0,0.0,0.0,0.0,0.0,0.0
2023-12-13 10:00:00,0.02019751865691448,0.09537387472645577,0.011243776913981067,0.22131009234966267,0.0,0.0,0.02992303940631476,0.044797528694039836,0.0,0.03899048340625058,0.03631151525524884,0.1756274575386219,0.0,0.05003531860474139,0.0,0.0,0.0,0.005214440665152972,0.0,0.07476138174587454,0.050361714274206465,0.04102160633709636,0.3505817655065682,0.14878834341005695,0.24453968451417804,0.0,0.17788966622165323,0.1662850305786448
2023-12-13 11:00:00,0.0381572426711753,0.21756543241138182,0.030739251026987355,0.32653593164894557,0.001200637380972104,0.03584115957188194,0.045439612715803816,0.04211546463245944,0.0028075568411150206,0.042369429331848486,0.05682525711867181,0.23159037074083139,0.0022541556041402234,0.037105746505298486,0.001651744028111091,0.0006570205334270765,0.15622043599237984,0.01855752376381534,0.11602667672434247,0.0242884437076843,0.034765822123290345,0.05542093174150343,0.49284557672531476,0.30311064710928515,0.45101830776475393,0.020585385577457396,0.342919675994961,0.2993658590210355
2023-12-13 12:00:00,0.032310296644685696,0.3162387439911325,0.02302528292483898,0.38176390097481866,0.10692898230011717,0.12153890940333091,0.04444010188463789,0.03727839862065949,0.008213606014129845,0.028786712059983607,0.03739262192790624,0.17695448699545285,0.00777977783886966,0.044091885500611876,0.007747964758185534,0.004702255167720956,0.2537857450700109,0.023086454207397692,0.21898141804584675,0.04230571855548082,0.04405254725136922,0.04104723886639416,0.5553253952270528,0.3082292658710201,0.5168858635619556,0.10252261773332394,0.2829104316470326,0.382327347249499
2023-12-13 13:00:00,0.045537423925707934,0.32866298288072415,0.034893938657810555,0.44643012375712277,0.19073074754599428,0.1252194764686813,0.06501839645018394,0.05351883904387922,0.010603421263508508,0.040323960892857724,0.052688278451783664,0.21654011344675467,0.007848423538398356,0.06537708852429362,0.01630879016866698,0.00993164938550649,0.3624814715828598,0.03095671871522308,0.30684743924916763,0.053181245186569054,0.06561060013745453,0.06532172136950139,0.644882158448444,0.30088684031570995,0.559465409991041,0.12889461499709157,0.2983869411810395,0.37740736550220466
2023-12-13 14:00:00,0.042006157332196856,0.3070905695383624,0.01842664551749318,0.4109453309007823,0.23499663092805065,0.1256300474716473,0.06413043583883139,0.05938874484152934,0.017137310166030824,0.03094151702995748,0.04315803608729003,0.229714800189287,0.012664641015140034,0.07979254010313791,0.022705848510677223,0.016514568486527763,0.38468131076824014,0.027710648017124428,0.35725804766470104,0.05696421594777759,0.07958617315475772,0.06301485485452567,0.6457926992117361,0.2883184580132823,0.5160338036059028,0.13963738654992885,0.23220660527625323,0.4066643641122466
2023-12-13 15:00:00,0.03350778664081173,0.26009132093258663,0.018125419838518522,0.43161016093418675,0.22224067492265695,0.1215054110556809,0.08331909012807417,0.0760277580471531,0.01940999719469863,0.03225567168832315,0.053357716132287916,0.23698044219374279,0.014440158387473218,0.09299096244928068,0.025778114381834933,0.020948051139936332,0.3738343244508715,0.017252284262118906,0.34720983122672416,0.0335058332631555,0.0909548587084757,0.04986404579492835,0.6131288764647763,0.30870574021332836,0.47423148395699427,0.1399479727372155,0.1508645293563284,0.39618607723981775
2023-12-13 16:00:00,0.01973006807560531,0.14511353875979416,0.009766697336113113,0.34267597566024804,0.1367915255138155,0.11022982412242613,0.051637916468747075,0.05077402937653453,0.011416378339592503,0.017140206147338417,0.028746014868160932,0.17305977351766105,0.008121553264036028,0.07670099678240955,0.018011276265641647,0.013354347206599858,0.3298916648799299,0.004072477916290958,0.28932219121356395,0.01259703256825307,0.07726885986848403,0.02672595211917091,0.4958172424744398,0.27124407433001535,0.33301633447812223,0.1288946093938999,0.06797942922638038,0.3574350433175234
2023-12-13 17:00:00,0.002203229655060292,0.05211183903434692,0.00033976947510142827,0.21489917914613524,0.01870509406373571,0.0629758237572314,0.0029951727497606983,0.007429661340913521,0.004642427176833187,0.0008287742003085583,0.0019531051716391093,0.06802129907406439,0.002314719351174229,0.014796140197580477,0.010218156756974208,0.007469704576229345,0.226025632113533,4.698211390456545e-05,0.2373118832922629,0.010426029750860075,0.01503780632826894,0.0012383298707598755,0.0,0.15368175400148526,0.010163335860817378,0.09608247270312578,1.9493368814005758e-05,0.22792836019558232
2023-12-13 18:00:00,0.0,0.0,0.0,0.0,0.0,0.0,0.0,0.0,0.0,0.0,0.0,0.0,0.0,0.0,0.0,0.0,0.0,0.0,0.0,0.0,0.0,0.0,0.0,0.0,0.0,0.0,0.0,0.0
2023-12-13 19:00:00,0.0,0.0,0.0,0.0,0.0,0.0,0.0,0.0,0.0,0.0,0.0,0.0,0.0,0.0,0.0,0.0,0.0,0.0,0.0,0.0,0.0,0.0,0.0,0.0,0.0,0.0,0.0,0.0
2023-12-13 20:00:00,0.0,0.0,0.0,0.0,0.0,0.0,0.0,0.0,0.0,0.0,0.0,0.0,0.0,0.0,0.0,0.0,0.0,0.0,0.0,0.0,0.0,0.0,0.0,0.0,0.0,0.0,0.0,0.0
2023-12-13 21:00:00,0.0,0.0,0.0,0.0,0.0,0.0,0.0,0.0,0.0,0.0,0.0,0.0,0.0,0.0,0.0,0.0,0.0,0.0,0.0,0.0,0.0,0.0,0.0,0.0,0.0,0.0,0.0,0.0
2023-12-13 22:00:00,0.0,0.0,0.0,0.0,0.0,0.0,0.0,0.0,0.0,0.0,0.0,0.0,0.0,0.0,0.0,0.0,0.0,0.0,0.0,0.0,0.0,0.0,0.0,0.0,0.0,0.0,0.0,0.0
2023-12-13 23:00:00,0.0,0.0,0.0,0.0,0.0,0.0,0.0,0.0,0.0,0.0,0.0,0.0,0.0,0.0,0.0,0.0,0.0,0.0,0.0,0.0,0.0,0.0,0.0,0.0,0.0,0.0,0.0,0.0
2023-12-14 00:00:00,0.0,0.0,0.0,0.0,0.0,0.0,0.0,0.0,0.0,0.0,0.0,0.0,0.0,0.0,0.0,0.0,0.0,0.0,0.0,0.0,0.0,0.0,0.0,0.0,0.0,0.0,0.0,0.0
2023-12-14 01:00:00,0.0,0.0,0.0,0.0,0.0,0.0,0.0,0.0,0.0,0.0,0.0,0.0,0.0,0.0,0.0,0.0,0.0,0.0,0.0,0.0,0.0,0.0,0.0,0.0,0.0,0.0,0.0,0.0
2023-12-14 02:00:00,0.0,0.0,0.0,0.0,0.0,0.0,0.0,0.0,0.0,0.0,0.0,0.0,0.0,0.0,0.0,0.0,0.0,0.0,0.0,0.0,0.0,0.0,0.0,0.0,0.0,0.0,0.0,0.0
2023-12-14 03:00:00,0.0,0.0,0.0,0.0,0.0,0.0,0.0,0.0,0.0,0.0,0.0,0.0,0.0,0.0,0.0,0.0,0.0,0.0,0.0,0.0,0.0,0.0,0.0,0.0,0.0,0.0,0.0,0.0
2023-12-14 04:00:00,0.0,0.0,0.0,0.0,0.0,0.0,0.0,0.0,0.0,0.0,0.0,0.0,0.0,0.0,0.0,0.0,0.0,0.0,0.0,0.0,0.0,0.0,0.0,0.0,0.0,0.0,0.0,0.0
2023-12-14 05:00:00,0.0,0.0,0.0,0.0,0.0,0.0,0.0,0.0,0.0,0.0,0.0,0.0,0.0,0.0,0.0,0.0,0.0,0.0,0.0,0.0,0.0,0.0,0.0,0.0,0.0,0.0,0.0,0.0
2023-12-14 06:00:00,0.0,0.0,0.0,0.0,0.0,0.0,0.0,0.0,0.0,0.0,0.0,0.0,0.0,0.0,0.0,0.0,0.0,0.0,0.0,0.0,0.0,0.0,0.0,0.0,0.0,0.0,0.0,0.0
2023-12-14 07:00:00,0.0,0.0,0.0,0.0,0.0,0.0,0.0,0.0,0.0,0.0,0.0,0.0,0.0,0.0,0.0,0.0,0.0,0.0,0.0,0.0,0.0,0.0,0.0,0.0,0.0,0.0,0.0,0.0
2023-12-14 08:00:00,0.0,0.0,0.0,0.0,0.0,0.0,0.0,0.0,0.0,0.0,0.0,0.0,0.0,0.0,0.0,0.0,0.0,0.0,0.0,0.0,0.0,0.0,0.0,0.0,0.0,0.0,0.0,0.0
2023-12-14 09:00:00,0.0,0.0,0.0,0.0,0.0,0.0,0.0,0.0,0.0,0.0,0.0,0.0,0.0,0.0,0.0,0.0,0.0,0.0,0.0,0.0,0.0,0.0,0.0,0.0,0.0,0.0,0.0,0.0
2023-12-14 10:00:00,0.01565358533161753,0.0028818704911008847,0.2060035375236169,0.024294766326606845,0.0,0.0,0.08886920564732187,0.015315128228783672,0.0,0.010608962714369953,0.022652511753228043,0.02015056837756846,0.0,0.0013723732784638497,0.0,0.0,0.0,0.007784084459523027,0.0,0.0140115035840947,0.0015439199382718308,0.004768755679374259,0.016989050113990635,0.0033505981245356294,0.007766127920609758,0.0,0.012625869242448313,0.003669580918711103
2023-12-14 11:00:00,0.19400856692531182,0.0910223321329557,0.26742255697338435,0.07341927386956279,0.009679527072399934,0.039458180382622936,0.14311829815469893,0.028242754800237205,0.3055567070757369,0.02937514444093627,0.04283254398688898,0.09551381021656949,0.2904030618376506,0.011029720581770566,0.2269590522096608,0.24783852046559676,0.015130091448840284,0.036727040568201454,0.018503995696731477,0.01529137903308696,0.011528887106511752,0.05148815037292529,0.047683250315928315,0.030446449715159515,0.029071398505052512,0.09375368910573537,0.09401497073570685,0.027587722754592935
2023-12-14 12:00:00,0.40491528599507065,0.2215260786397718,0.23004562683251553,0.16097351681181715,0.049910282980104796,0.08233216897583791,0.10954042372805524,0.02424963978412023,0.46402481272666785,0.03954030769101452,0.04139485791220608,0.3152646013325401,0.3785148235844638,0.03240343030078707,0.3910010763784259,0.40626614901046004,0.03357781332125473,0.3213064013264774,0.03872380507363637,0.011210204068957345,0.03434104742347461,0.2510926281028906,0.059206845080734115,0.07595024360051074,0.06615803577739535,0.13401428806292534,0.15292302942792457,0.07209417940045339
2023-12-14 13:00:00,0.3734975301894069,0.3207199189985274,0.3715951269080706,0.06825013837969983,0.08077722302512672,0.1305454564906013,0.2242507984593758,0.06774822214959991,0.47379036661424345,0.06940413323697739,0.08270610528502743,0.23338260337410277,0.48424768308027505,0.052920172169704294,0.5751569542058045,0.5852548156370302,0.054648866559946094,0.2815761514772118,0.058040228542999735,0.02103559452852597,0.05573074071430659,0.24520572059117232,0.0937455560780822,0.10096024121789558,0.0871369097365803,0.22895538779583077,0.22827107309588132,0.11162771393417814
2023-12-14 14:00:00,0.34815733795982606,0.33460469822822275,0.28941418304472566,0.09008426437487048,0.09693166276457357,0.14296164964307354,0.1961269213368405,0.08659436433225874,0.44614000000956083,0.07301440186216106,0.08252409581352164,0.2399153049167569,0.47951337676111877,0.08963106409600477,0.6145939961919428,0.5628155484813726,0.06102489860569447,0.24957183081238488,0.0597296527593557,0.05388388453043423,0.09309362221563243,0.243719335927958,0.11613439944391588,0.11182955241484406,0.07248220747321045,0.2122130886332468,0.22587423448429142,0.12560277163896386
2023-12-14 15:00:00,0.36490380457224253,0.40892679885204675,0.17419029021184673,0.10504781292888671,0.07002968663669833,0.1131455034341843,0.16146261578928933,0.10341656529401576,0.37371990780453723,0.08363602221575583,0.08857070039337142,0.27428110815766504,0.38342681925192923,0.1402599744909552,0.4890694701565237,0.38293342161870403,0.06984746991809244,0.3985807659598403,0.06071343189510179,0.08301221780992712,0.14661050288975605,0.2703797769307494,0.10096677972187106,0.0826178184742241,0.039760800820190706,0.15842268347763763,0.194861289508278,0.13172270173249767
2023-12-14 16:00:00,0.2980177203922084,0.3077428196142354,0.15065463112893007,0.08246949359340433,0.05301364734200643,0.08062494660461267,0.07012135889511528,0.07279664725628804,0.22292979820226022,0.12228001639128414,0.05960981370843839,0.28129507432949263,0.22139685127213563,0.0873818726417707,0.3564207697392573,0.17252495783180644,0.04190113654193605,0.34479508210319737,0.032615894647371364,0.12775485516430407,0.09236927649291353,0.27039269255915405,0.04079415249133691,0.053692883332142415,0.01640909859622561,0.1442171419782668,0.12538131929643098,0.06989622851716906
2023-12-14 17:00:00,0.15887387580215012,0.2033717582734024,0.08524352122256905,0.12240765167806819,0.008165068577735017,0.02369509368698313,0.07283156320050485,0.06904195052193064,0.06455153711677991,0.04387428808731729,0.04222529094427348,0.29661458737330465,0.06241215121474271,0.09266819191002457,0.10777300832025682,0.05712128728928196,0.015758797077919252,0.1561640934627756,0.0199345217547784,0.10141032528753767,0.0972065485238761,0.1871243174558684,0.0,0.02450690407045978,0.0,0.061436056809373446,0.03425202970156537,0.03445926171904005
2023-12-14 18:00:00,0.0,0.0,0.0,0.0,0.0,0.0,0.0,0.0,0.0,0.0,0.0,0.0,0.0,0.0,0.0,0.0,0.0,0.0,0.0,0.0,0.0,0.0,0.0,0.0,0.0,0.0,0.0,0.0
2023-12-14 19:00:00,0.0,0.0,0.0,0.0,0.0,0.0,0.0,0.0,0.0,0.0,0.0,0.0,0.0,0.0,0.0,0.0,0.0,0.0,0.0,0.0,0.0,0.0,0.0,0.0,0.0,0.0,0.0,0.0
2023-12-14 20:00:00,0.0,0.0,0.0,0.0,0.0,0.0,0.0,0.0,0.0,0.0,0.0,0.0,0.0,0.0,0.0,0.0,0.0,0.0,0.0,0.0,0.0,0.0,0.0,0.0,0.0,0.0,0.0,0.0
2023-12-14 21:00:00,0.0,0.0,0.0,0.0,0.0,0.0,0.0,0.0,0.0,0.0,0.0,0.0,0.0,0.0,0.0,0.0,0.0,0.0,0.0,0.0,0.0,0.0,0.0,0.0,0.0,0.0,0.0,0.0
2023-12-14 22:00:00,0.0,0.0,0.0,0.0,0.0,0.0,0.0,0.0,0.0,0.0,0.0,0.0,0.0,0.0,0.0,0.0,0.0,0.0,0.0,0.0,0.0,0.0,0.0,0.0,0.0,0.0,0.0,0.0
2023-12-14 23:00:00,0.0,0.0,0.0,0.0,0.0,0.0,0.0,0.0,0.0,0.0,0.0,0.0,0.0,0.0,0.0,0.0,0.0,0.0,0.0,0.0,0.0,0.0,0.0,0.0,0.0,0.0,0.0,0.0
2023-12-15 00:00:00,0.0,0.0,0.0,0.0,0.0,0.0,0.0,0.0,0.0,0.0,0.0,0.0,0.0,0.0,0.0,0.0,0.0,0.0,0.0,0.0,0.0,0.0,0.0,0.0,0.0,0.0,0.0,0.0
2023-12-15 01:00:00,0.0,0.0,0.0,0.0,0.0,0.0,0.0,0.0,0.0,0.0,0.0,0.0,0.0,0.0,0.0,0.0,0.0,0.0,0.0,0.0,0.0,0.0,0.0,0.0,0.0,0.0,0.0,0.0
2023-12-15 02:00:00,0.0,0.0,0.0,0.0,0.0,0.0,0.0,0.0,0.0,0.0,0.0,0.0,0.0,0.0,0.0,0.0,0.0,0.0,0.0,0.0,0.0,0.0,0.0,0.0,0.0,0.0,0.0,0.0
2023-12-15 03:00:00,0.0,0.0,0.0,0.0,0.0,0.0,0.0,0.0,0.0,0.0,0.0,0.0,0.0,0.0,0.0,0.0,0.0,0.0,0.0,0.0,0.0,0.0,0.0,0.0,0.0,0.0,0.0,0.0
2023-12-15 04:00:00,0.0,0.0,0.0,0.0,0.0,0.0,0.0,0.0,0.0,0.0,0.0,0.0,0.0,0.0,0.0,0.0,0.0,0.0,0.0,0.0,0.0,0.0,0.0,0.0,0.0,0.0,0.0,0.0
2023-12-15 05:00:00,0.0,0.0,0.0,0.0,0.0,0.0,0.0,0.0,0.0,0.0,0.0,0.0,0.0,0.0,0.0,0.0,0.0,0.0,0.0,0.0,0.0,0.0,0.0,0.0,0.0,0.0,0.0,0.0
2023-12-15 06:00:00,0.0,0.0,0.0,0.0,0.0,0.0,0.0,0.0,0.0,0.0,0.0,0.0,0.0,0.0,0.0,0.0,0.0,0.0,0.0,0.0,0.0,0.0,0.0,0.0,0.0,0.0,0.0,0.0
2023-12-15 07:00:00,0.0,0.0,0.0,0.0,0.0,0.0,0.0,0.0,0.0,0.0,0.0,0.0,0.0,0.0,0.0,0.0,0.0,0.0,0.0,0.0,0.0,0.0,0.0,0.0,0.0,0.0,0.0,0.0
2023-12-15 08:00:00,0.0,0.0,0.0,0.0,0.0,0.0,0.0,0.0,0.0,0.0,0.0,0.0,0.0,0.0,0.0,0.0,0.0,0.0,0.0,0.0,0.0,0.0,0.0,0.0,0.0,0.0,0.0,0.0
2023-12-15 09:00:00,0.0,0.0,0.0,0.0,0.0,0.0,0.0,0.0,0.0,0.0,0.0,0.0,0.0,0.0,0.0,0.0,0.0,0.0,0.0,0.0,0.0,0.0,0.0,0.0,0.0,0.0,0.0,0.0
2023-12-15 10:00:00,0.008959242191588456,0.008538404210689401,0.012322625597232826,0.08716133167632373,0.0,0.0,0.06800170356205855,0.13884537179449977,0.0,0.0465495796713709,0.06186220441840989,0.047845498557457906,0.0,0.21465611951114316,0.0,0.0,0.0,0.001775700464528232,0.0,0.14846253704441975,0.2206048203375068,0.02485080809396728,0.17789717204853575,0.016815558867855372,0.014468830637206853,0.0,0.0028150877499204118,0.03238881836781429
2023-12-15 11:00:00,0.03391068985566938,0.08437101518768028,0.04584748048804895,0.20296363586204638,0.005402156981240542,0.00014780650482757135,0.24054825155450968,0.31533645223807866,0.008583113731832862,0.157347504988903,0.18616436606287828,0.07302619308730166,0.01151371944147641,0.4053960094605979,0.0035376841560926984,0.004162812342652753,0.000336701152527041,0.0138455442949424,0.0,0.33698141759508665,0.4085531948735213,0.061994037505561345,0.2719088584765863,0.09278229768782498,0.07019494624655088,0.0005879790564854691,0.03539259627901056,0.11331330094916646
2023-12-15 12:00:00,0.041604396893010015,0.18329607842742626,0.12130690011158844,0.2738147354767633,0.0840679917561337,0.008905702399996685,0.24382640221796126,0.2376772267308581,0.014387804730261867,0.06752090312027897,0.12585405137314587,0.10415118259974235,0.01824570196478428,0.33069393948654857,0.01250050302063979,0.009145268746734431,0.007470269545838326,0.021851254819587693,0.0027547504209902434,0.2630370989481622,0.3342941326186992,0.038771695281599336,0.39024734467217553,0.1486306995322202,0.21342098463088666,0.012760719844603162,0.13385635925006087,0.1849079201558748
2023-12-15 13:00:00,0.05484533950805576,0.2577950703749524,0.2117411331347136,0.3464728470285905,0.14401826676487575,0.037849471698077126,0.34095097133586183,0.3644314941876711,0.011526532551132243,0.10364661614065583,0.19882882760888446,0.14207984180838376,0.014602702635175225,0.4909547995073909,0.006377392776021324,0.005365368847225293,0.01372920728149376,0.020285977087587545,0.016164158735619806,0.37197184023118524,0.49466426029530725,0.05449198038861566,0.5437977458094286,0.27358194745149217,0.34982683666965764,0.022080569489745537,0.22820806837081792,0.3381468890198696
2023-12-15 14:00:00,0.06579926237327902,0.25820396005894153,0.3294402178528618,0.3791955322869454,0.19341252997384686,0.05956620649212206,0.521304927712387,0.48563516293728987,0.009368877759488081,0.22850632736593612,0.3400471880508515,0.1446602085195555,0.012239867844727761,0.540993026425856,0.0021437422644503454,0.003451866058612006,0.018620414794432688,0.01824927212471511,0.01870476030815179,0.47972938647578134,0.5379486168204761,0.07649632125331175,0.6124164119598902,0.3345096498548739,0.39780924100531484,0.03635847436803324,0.2568752599893271,0.349873945043029
2023-12-15 15:00:00,0.08816799406813196,0.19257403999587264,0.35937765824998813,0.36028716176712483,0.166764929714374,0.10876939856451052,0.48349623537821884,0.4745984200662903,0.00601998415537628,0.3552315274854268,0.3983978533534314,0.1377617961141339,0.010029598320144861,0.5085593280470436,0.0006180376813114155,0.00257680976618183,0.02362155690761822,0.03769866222786002,0.02828650940303502,0.4697034940991777,0.5086311439070873,0.1498990713067899,0.5390674902632208,0.3645821636701436,0.2710800623972584,0.048332916030802885,0.24953647732654033,0.3881954981281789
2023-12-15 16:00:00,0.09090901233908665,0.12313679461495824,0.3229238128647094,0.31071960532470166,0.1114427976079065,0.09972448408271749,0.3565385985712144,0.3606527822742913,0.0016293539513720084,0.3047437648284265,0.3080779946509917,0.11756136007965767,0.0027660166254353455,0.3980513726856763,9.773006515438345e-05,0.0007010662495809054,0.02308318573675087,0.03948641661773105,0.029502218335079624,0.38628135473248737,0.40103146182388033,0.13380791807909684,0.3092444409494902,0.19590227741445768,0.20199883911344252,0.03274839608386628,0.13226067789857227,0.24375992606049365
2023-12-15 17:00:00,0.05183510269160992,0.06522393144995318,0.25207394751994117,0.15057130412879471,0.05981876203608226,0.07894923493165487,0.2440152830187187,0.20883132728737344,1.4065313032650728e-05,0.17975943094864377,0.19676114975113876,0.04759161744143639,0.0,0.22574113806368074,0.0,0.0,0.028966510524528748,0.03772573352314481,0.046834196155519696,0.15964162167997187,0.2274273788645834,0.0809466179908941,0.0,0.0886208079558116,0.006540750265889211,0.025548600556841352,0.0,0.13417547225875728
2023-12-15 18:00:00,0.0,0.0,0.0,0.0,0.0,0.0,0.0,0.0,0.0,0.0,0.0,0.0,0.0,0.0,0.0,0.0,0.0,0.0,0.0,0.0,0.0,0.0,0.0,0.0,0.0,0.0,0.0,0.0
2023-12-15 19:00:00,0.0,0.0,0.0,0.0,0.0,0.0,0.0,0.0,0.0,0.0,0.0,0.0,0.0,0.0,0.0,0.0,0.0,0.0,0.0,0.0,0.0,0.0,0.0,0.0,0.0,0.0,0.0,0.0
2023-12-15 20:00:00,0.0,0.0,0.0,0.0,0.0,0.0,0.0,0.0,0.0,0.0,0.0,0.0,0.0,0.0,0.0,0.0,0.0,0.0,0.0,0.0,0.0,0.0,0.0,0.0,0.0,0.0,0.0,0.0
2023-12-15 21:00:00,0.0,0.0,0.0,0.0,0.0,0.0,0.0,0.0,0.0,0.0,0.0,0.0,0.0,0.0,0.0,0.0,0.0,0.0,0.0,0.0,0.0,0.0,0.0,0.0,0.0,0.0,0.0,0.0
2023-12-15 22:00:00,0.0,0.0,0.0,0.0,0.0,0.0,0.0,0.0,0.0,0.0,0.0,0.0,0.0,0.0,0.0,0.0,0.0,0.0,0.0,0.0,0.0,0.0,0.0,0.0,0.0,0.0,0.0,0.0
2023-12-15 23:00:00,0.0,0.0,0.0,0.0,0.0,0.0,0.0,0.0,0.0,0.0,0.0,0.0,0.0,0.0,0.0,0.0,0.0,0.0,0.0,0.0,0.0,0.0,0.0,0.0,0.0,0.0,0.0,0.0
2023-12-16 00:00:00,0.0,0.0,0.0,0.0,0.0,0.0,0.0,0.0,0.0,0.0,0.0,0.0,0.0,0.0,0.0,0.0,0.0,0.0,0.0,0.0,0.0,0.0,0.0,0.0,0.0,0.0,0.0,0.0
2023-12-16 01:00:00,0.0,0.0,0.0,0.0,0.0,0.0,0.0,0.0,0.0,0.0,0.0,0.0,0.0,0.0,0.0,0.0,0.0,0.0,0.0,0.0,0.0,0.0,0.0,0.0,0.0,0.0,0.0,0.0
2023-12-16 02:00:00,0.0,0.0,0.0,0.0,0.0,0.0,0.0,0.0,0.0,0.0,0.0,0.0,0.0,0.0,0.0,0.0,0.0,0.0,0.0,0.0,0.0,0.0,0.0,0.0,0.0,0.0,0.0,0.0
2023-12-16 03:00:00,0.0,0.0,0.0,0.0,0.0,0.0,0.0,0.0,0.0,0.0,0.0,0.0,0.0,0.0,0.0,0.0,0.0,0.0,0.0,0.0,0.0,0.0,0.0,0.0,0.0,0.0,0.0,0.0
2023-12-16 04:00:00,0.0,0.0,0.0,0.0,0.0,0.0,0.0,0.0,0.0,0.0,0.0,0.0,0.0,0.0,0.0,0.0,0.0,0.0,0.0,0.0,0.0,0.0,0.0,0.0,0.0,0.0,0.0,0.0
2023-12-16 05:00:00,0.0,0.0,0.0,0.0,0.0,0.0,0.0,0.0,0.0,0.0,0.0,0.0,0.0,0.0,0.0,0.0,0.0,0.0,0.0,0.0,0.0,0.0,0.0,0.0,0.0,0.0,0.0,0.0
2023-12-16 06:00:00,0.0,0.0,0.0,0.0,0.0,0.0,0.0,0.0,0.0,0.0,0.0,0.0,0.0,0.0,0.0,0.0,0.0,0.0,0.0,0.0,0.0,0.0,0.0,0.0,0.0,0.0,0.0,0.0
2023-12-16 07:00:00,0.0,0.0,0.0,0.0,0.0,0.0,0.0,0.0,0.0,0.0,0.0,0.0,0.0,0.0,0.0,0.0,0.0,0.0,0.0,0.0,0.0,0.0,0.0,0.0,0.0,0.0,0.0,0.0
2023-12-16 08:00:00,0.0,0.0,0.0,0.0,0.0,0.0,0.0,0.0,0.0,0.0,0.0,0.0,0.0,0.0,0.0,0.0,0.0,0.0,0.0,0.0,0.0,0.0,0.0,0.0,0.0,0.0,0.0,0.0
2023-12-16 09:00:00,0.0,0.0,0.0,0.0,0.0,0.0,0.0,0.0,0.0,0.0,0.0,0.0,0.0,0.0,0.0,0.0,0.0,0.0,0.0,0.0,0.0,0.0,0.0,0.0,0.0,0.0,0.0,0.0
2023-12-16 10:00:00,0.005439266119637114,0.026784346192760832,0.03791573729670732,0.06932126381022176,0.0,0.0,0.14361965473762103,0.1438623834831195,0.0,0.10184522382058701,0.1320463510309904,0.00951982584470004,0.0,0.10701439718609157,0.0,0.0,0.0,0.002369116547810499,0.0,0.07610115476904733,0.0970408793937256,0.031746147505015074,0.13488034629048992,0.045390491164052776,0.08860642305050559,0.0,0.007270713377944261,0.06292512375443976
2023-12-16 11:00:00,0.028821542249555094,0.15536819174177982,0.0761803152721531,0.1528443597248935,0.0032855866922490563,0.008089922083042036,0.2945163132833227,0.2905250818377254,0.05597293887267979,0.193064679240313,0.2539173291777385,0.055398254731690584,0.010680756485442719,0.2428863160536125,0.012190992459353275,0.03128033245003868,0.0677909646465521,0.01459142119323603,0.00905360429220918,0.15638630786905983,0.22577836623461991,0.07278027570513451,0.3435285510696929,0.0908873403437048,0.12429608096327613,0.008117540601706726,0.1114754815842403,0.10261048219053913
2023-12-16 12:00:00,0.0779302353010699,0.2090555019902776,0.15135027619971675,0.34100240183839065,0.13750962288801483,0.0673630425359572,0.4174699557235119,0.44016227577902006,0.07596278407636203,0.335819556052146,0.35526310724838417,0.1398314458543281,0.04069813356395185,0.4566471006960964,0.02466360788580311,0.04473324143152443,0.049065086350219334,0.02856915032247695,0.012190708169943838,0.4260940251578794,0.449185856043038,0.15728041589671307,0.5211756388268566,0.2190485198293626,0.1689720747948986,0.09545423728313847,0.11552718048507811,0.2826608957289982
2023-12-16 13:00:00,0.08617766614721944,0.24256661262948223,0.17524898780628317,0.3335416890135132,0.1933217099401581,0.11668479571277521,0.4670872154847818,0.49808631187667735,0.10677664935430797,0.36567040470357093,0.3991913071584991,0.13071805532743475,0.05099212640434223,0.5138186780374813,0.03213120841108947,0.050262664783768264,0.0664617850818173,0.03429159857767539,0.0264110940117689,0.41245253493370015,0.505975166203213,0.16474989090691242,0.5213480517542477,0.23186027278188884,0.22468132644443733,0.13271919879550897,0.1836018676447134,0.3098824619569941
2023-12-16 14:00:00,0.11589232363518827,0.29872895668486077,0.22550298835043034,0.44875982215638094,0.23467198667523453,0.15897438438459716,0.44992641960566987,0.5254441748168351,0.12868635276931648,0.3619425547533849,0.3945521954168292,0.19214949698096284,0.0560623073214356,0.5916558512192196,0.050521593843007015,0.0684138620914664,0.0715239749184182,0.060759633205114634,0.051393043352726514,0.5130768591788668,0.589114548568711,0.20356138494569265,0.4613988115854654,0.3078983124227793,0.21266217607027038,0.17041189892044187,0.17670770936025806,0.37633662094941056
2023-12-16 15:00:00,0.07301999213873366,0.22512890731287472,0.13607890670920905,0.3983126764450344,0.22512749272451518,0.18307013536859698,0.45874585435261217,0.5302823996128142,0.11657286073848505,0.3446459991895322,0.369497115950192,0.1391365854105879,0.05808230388908274,0.6106580066718116,0.039263415724016065,0.056922458307491305,0.09911596617740775,0.03771145033454933,0.10196519496669677,0.5637612785219197,0.6117743255792136,0.1428800028103637,0.4240495721979757,0.28614429889123033,0.1818609995070214,0.18509619528618576,0.14319639902271616,0.35988699090481363
2023-12-16 16:00:00,0.05773035773210532,0.09358324858346717,0.2116609384069914,0.31056455976996716,0.19864430203261169,0.15149053675898327,0.4063242608692277,0.46399504521304696,0.0663600784097655,0.35060251165439804,0.37287823917133156,0.08157562624004375,0.03130896110623749,0.521321189782983,0.024867775344162974,0.03389579064517254,0.1669279670475443,0.031342314916215204,0.19697912978150156,0.46515268936641035,0.5249825189890137,0.14467766941668903,0.31149326070337363,0.1748590381546091,0.10082100187017348,0.15054353120968963,0.0741282224682366,0.22454817323827067
2023-12-16 17:00:00,0.020141627025631305,0.03208371939033219,0.1360191844357934,0.24618070364882058,0.05946112518960947,0.1265447255146226,0.3270886411530209,0.35468110665870073,0.05374058895906164,0.234608153666062,0.2601513219248242,0.05915483303800127,0.0326088182632898,0.3901186477362674,0.02576108421348347,0.025242750981129672,0.20683274168163213,0.006618132670720793,0.2247748668565799,0.3421229278599894,0.38976716884010826,0.07543131373565108,0.0,0.08239923353080096,0.0039053272108229824,0.1162614612774368,0.0,0.09563458948231535
2023-12-16 18:00:00,0.0,0.0,0.0,0.0,0.0,0.0,0.0,0.0,0.0,0.0,0.0,0.0,0.0,0.0,0.0,0.0,0.0,0.0,0.0,0.0,0.0,0.0,0.0,0.0,0.0,0.0,0.0,0.0
2023-12-16 19:00:00,0.0,0.0,0.0,0.0,0.0,0.0,0.0,0.0,0.0,0.0,0.0,0.0,0.0,0.0,0.0,0.0,0.0,0.0,0.0,0.0,0.0,0.0,0.0,0.0,0.0,0.0,0.0,0.0
2023-12-16 20:00:00,0.0,0.0,0.0,0.0,0.0,0.0,0.0,0.0,0.0,0.0,0.0,0.0,0.0,0.0,0.0,0.0,0.0,0.0,0.0,0.0,0.0,0.0,0.0,0.0,0.0,0.0,0.0,0.0
2023-12-16 21:00:00,0.0,0.0,0.0,0.0,0.0,0.0,0.0,0.0,0.0,0.0,0.0,0.0,0.0,0.0,0.0,0.0,0.0,0.0,0.0,0.0,0.0,0.0,0.0,0.0,0.0,0.0,0.0,0.0
2023-12-16 22:00:00,0.0,0.0,0.0,0.0,0.0,0.0,0.0,0.0,0.0,0.0,0.0,0.0,0.0,0.0,0.0,0.0,0.0,0.0,0.0,0.0,0.0,0.0,0.0,0.0,0.0,0.0,0.0,0.0
2023-12-16 23:00:00,0.0,0.0,0.0,0.0,0.0,0.0,0.0,0.0,0.0,0.0,0.0,0.0,0.0,0.0,0.0,0.0,0.0,0.0,0.0,0.0,0.0,0.0,0.0,0.0,0.0,0.0,0.0,0.0
2023-12-17 00:00:00,0.0,0.0,0.0,0.0,0.0,0.0,0.0,0.0,0.0,0.0,0.0,0.0,0.0,0.0,0.0,0.0,0.0,0.0,0.0,0.0,0.0,0.0,0.0,0.0,0.0,0.0,0.0,0.0
2023-12-17 01:00:00,0.0,0.0,0.0,0.0,0.0,0.0,0.0,0.0,0.0,0.0,0.0,0.0,0.0,0.0,0.0,0.0,0.0,0.0,0.0,0.0,0.0,0.0,0.0,0.0,0.0,0.0,0.0,0.0
2023-12-17 02:00:00,0.0,0.0,0.0,0.0,0.0,0.0,0.0,0.0,0.0,0.0,0.0,0.0,0.0,0.0,0.0,0.0,0.0,0.0,0.0,0.0,0.0,0.0,0.0,0.0,0.0,0.0,0.0,0.0
2023-12-17 03:00:00,0.0,0.0,0.0,0.0,0.0,0.0,0.0,0.0,0.0,0.0,0.0,0.0,0.0,0.0,0.0,0.0,0.0,0.0,0.0,0.0,0.0,0.0,0.0,0.0,0.0,0.0,0.0,0.0
2023-12-17 04:00:00,0.0,0.0,0.0,0.0,0.0,0.0,0.0,0.0,0.0,0.0,0.0,0.0,0.0,0.0,0.0,0.0,0.0,0.0,0.0,0.0,0.0,0.0,0.0,0.0,0.0,0.0,0.0,0.0
2023-12-17 05:00:00,0.0,0.0,0.0,0.0,0.0,0.0,0.0,0.0,0.0,0.0,0.0,0.0,0.0,0.0,0.0,0.0,0.0,0.0,0.0,0.0,0.0,0.0,0.0,0.0,0.0,0.0,0.0,0.0
2023-12-17 06:00:00,0.0,0.0,0.0,0.0,0.0,0.0,0.0,0.0,0.0,0.0,0.0,0.0,0.0,0.0,0.0,0.0,0.0,0.0,0.0,0.0,0.0,0.0,0.0,0.0,0.0,0.0,0.0,0.0
2023-12-17 07:00:00,0.0,0.0,0.0,0.0,0.0,0.0,0.0,0.0,0.0,0.0,0.0,0.0,0.0,0.0,0.0,0.0,0.0,0.0,0.0,0.0,0.0,0.0,0.0,0.0,0.0,0.0,0.0,0.0
2023-12-17 08:00:00,0.0,0.0,0.0,0.0,0.0,0.0,0.0,0.0,0.0,0.0,0.0,0.0,0.0,0.0,0.0,0.0,0.0,0.0,0.0,0.0,0.0,0.0,0.0,0.0,0.0,0.0,0.0,0.0
2023-12-17 09:00:00,0.0,0.0,0.0,0.0,0.0,0.0,0.0,0.0,0.0,0.0,0.0,0.0,0.0,0.0,0.0,0.0,0.0,0.0,0.0,0.0,0.0,0.0,0.0,0.0,0.0,0.0,0.0,0.0
2023-12-17 10:00:00,0.08432791157422874,0.013899393205555421,0.10945887204008346,0.2663883080090018,0.0,0.0,0.16856391575661034,0.22796932212503196,0.0,0.2505560278337828,0.20993294482256872,0.1246381791726936,0.0,0.2467677049612758,0.0,0.0,0.0,0.22832463331831673,0.0,0.3386848659480059,0.24966752533319062,0.17878712075913247,0.2771611929617484,0.08562785329773519,0.06480334294256324,0.0,0.010118174958701258,0.10873385890298348
2023-12-17 11:00:00,0.28125546895802045,0.05544082931399834,0.25383419233807986,0.3893743125707434,0.0006174483126461352,0.0015616495511639795,0.37469273569187567,0.3647582276172375,0.2834256557074273,0.3910518846607277,0.37460128871049464,0.18564046521253935,0.2792500779482583,0.32660993511899883,0.03222621514124061,0.09333405431800007,0.0013529334560276533,0.3482204896392283,0.00301640819336739,0.4319939433329224,0.3206554525592002,0.28090596966306175,0.42667345914151467,0.15147552481689794,0.13362945499558235,0.0020838775142527958,0.04225872345365777,0.1706548547822977
2023-12-17 12:00:00,0.37176484300361506,0.24557705485982578,0.16516497324212048,0.4705910737324274,0.015459733112316498,0.012554163852834054,0.09741384540000934,0.14693159761818106,0.4616285645416984,0.19597018864801147,0.12796732500982286,0.34431639970139416,0.4983920293263065,0.2000671250333049,0.05227644684822367,0.29877888138823194,0.029389519492115358,0.4578253094603044,0.010089701444379462,0.35190670196584783,0.2127301439173066,0.32052480179646325,0.3957958217761065,0.29413909030858704,0.1768533074964455,0.023757633300028155,0.1741975891820919,0.2791002032087616
2023-12-17 13:00:00,0.4392915354512105,0.26711341905841074,0.1300105860243097,0.5548381407249338,0.04130595836032898,0.027073431423541464,0.23855775192630424,0.11936941680817714,0.5224084057502737,0.16237683283363727,0.1448534640569396,0.5471822601500382,0.5985222586938712,0.12074110752148447,0.09859460480020443,0.4454713109508989,0.05159709421207862,0.5752527355965641,0.01731105418232576,0.22298877324847788,0.12524864260374147,0.4175687009800541,0.5073551257309773,0.2890131198248699,0.36571307609469667,0.045942692362416875,0.20870055179730695,0.29592511199654936
2023-12-17 14:00:00,0.45405773022109186,0.26531329660316083,0.1682939525257847,0.5582040657954273,0.07450903352465184,0.03684000850001655,0.176864030645726,0.19115342668547294,0.5753374861560833,0.18153070398798724,0.16984537842758893,0.5967809379396016,0.6336269100670685,0.2463964500615719,0.16042891949986923,0.4940446167664111,0.06112860819030629,0.4813744623280625,0.01665476331503545,0.2537095317406153,0.2555995143447469,0.4474581569045834,0.6025155092993135,0.2941227922110948,0.37900656643407815,0.04606916160714055,0.17676274419997245,0.3303805973553471
2023-12-17 15:00:00,0.36776205711164367,0.3450831685011889,0.09561409658331965,0.5670573369160006,0.08567105874408934,0.055594126707082935,0.17329407987184312,0.21197897555101422,0.5279615160699123,0.21231569119893437,0.16499169430415664,0.6230092594725846,0.5843183561104636,0.27133218125072855,0.3335295186657986,0.5047433049644431,0.08665109612116223,0.4603878909691645,0.020080886339471426,0.3181603570839209,0.2822433530947524,0.45312971170669186,0.5499548000110382,0.2930370679570821,0.2740059935413324,0.07937312560836128,0.08065969475241794,0.3213915980424997
2023-12-17 16:00:00,0.2420726453374876,0.36652261451886275,0.05745560180563536,0.4009392919728904,0.059342019805250286,0.041331028510795016,0.1104045706852288,0.15595313014387277,0.3263148745487334,0.07635072863379955,0.08685456019979941,0.427154721066331,0.38137248294441467,0.2295254170209525,0.36027368160512563,0.4498805290561246,0.07331101835137266,0.23981552993790198,0.012644666975619579,0.18962109038890362,0.2352138981428276,0.27108397777340915,0.3832473366596664,0.27340305499540835,0.1820789477333312,0.07840526631980295,0.0526685882595281,0.3154723234338734
2023-12-17 17:00:00,0.11028993593493128,0.2572025311001179,0.026753748577212754,0.19136474570720072,0.010806682423464928,0.02961159699403022,0.07087666170454095,0.11440984959878553,0.14505115545803451,0.07625935843805558,0.06964414632496263,0.18633531105481985,0.1832236281561635,0.15093571747673853,0.27121908946512074,0.2730093515011592,0.0337215269750596,0.11866750962112231,0.002258120637221106,0.17708934293868478,0.15402659532721918,0.12981854691295977,0.0,0.19651392688848188,0.0342311829056715,0.04992516948939198,0.001103559044059805,0.21722541425324565
2023-12-17 18:00:00,0.0,0.0,0.0,0.0,0.0,0.0,0.0,0.0,0.0,0.0,0.0,0.0,0.0,0.0,0.0,0.0,0.0,0.0,0.0,0.0,0.0,0.0,0.0,0.0,0.0,0.0,0.0,0.0
2023-12-17 19:00:00,0.0,0.0,0.0,0.0,0.0,0.0,0.0,0.0,0.0,0.0,0.0,0.0,0.0,0.0,0.0,0.0,0.0,0.0,0.0,0.0,0.0,0.0,0.0,0.0,0.0,0.0,0.0,0.0
2023-12-17 20:00:00,0.0,0.0,0.0,0.0,0.0,0.0,0.0,0.0,0.0,0.0,0.0,0.0,0.0,0.0,0.0,0.0,0.0,0.0,0.0,0.0,0.0,0.0,0.0,0.0,0.0,0.0,0.0,0.0
2023-12-17 21:00:00,0.0,0.0,0.0,0.0,0.0,0.0,0.0,0.0,0.0,0.0,0.0,0.0,0.0,0.0,0.0,0.0,0.0,0.0,0.0,0.0,0.0,0.0,0.0,0.0,0.0,0.0,0.0,0.0
2023-12-17 22:00:00,0.0,0.0,0.0,0.0,0.0,0.0,0.0,0.0,0.0,0.0,0.0,0.0,0.0,0.0,0.0,0.0,0.0,0.0,0.0,0.0,0.0,0.0,0.0,0.0,0.0,0.0,0.0,0.0
2023-12-17 23:00:00,0.0,0.0,0.0,0.0,0.0,0.0,0.0,0.0,0.0,0.0,0.0,0.0,0.0,0.0,0.0,0.0,0.0,0.0,0.0,0.0,0.0,0.0,0.0,0.0,0.0,0.0,0.0,0.0
2023-12-18 00:00:00,0.0,0.0,0.0,0.0,0.0,0.0,0.0,0.0,0.0,0.0,0.0,0.0,0.0,0.0,0.0,0.0,0.0,0.0,0.0,0.0,0.0,0.0,0.0,0.0,0.0,0.0,0.0,0.0
2023-12-18 01:00:00,0.0,0.0,0.0,0.0,0.0,0.0,0.0,0.0,0.0,0.0,0.0,0.0,0.0,0.0,0.0,0.0,0.0,0.0,0.0,0.0,0.0,0.0,0.0,0.0,0.0,0.0,0.0,0.0
2023-12-18 02:00:00,0.0,0.0,0.0,0.0,0.0,0.0,0.0,0.0,0.0,0.0,0.0,0.0,0.0,0.0,0.0,0.0,0.0,0.0,0.0,0.0,0.0,0.0,0.0,0.0,0.0,0.0,0.0,0.0
2023-12-18 03:00:00,0.0,0.0,0.0,0.0,0.0,0.0,0.0,0.0,0.0,0.0,0.0,0.0,0.0,0.0,0.0,0.0,0.0,0.0,0.0,0.0,0.0,0.0,0.0,0.0,0.0,0.0,0.0,0.0
2023-12-18 04:00:00,0.0,0.0,0.0,0.0,0.0,0.0,0.0,0.0,0.0,0.0,0.0,0.0,0.0,0.0,0.0,0.0,0.0,0.0,0.0,0.0,0.0,0.0,0.0,0.0,0.0,0.0,0.0,0.0
2023-12-18 05:00:00,0.0,0.0,0.0,0.0,0.0,0.0,0.0,0.0,0.0,0.0,0.0,0.0,0.0,0.0,0.0,0.0,0.0,0.0,0.0,0.0,0.0,0.0,0.0,0.0,0.0,0.0,0.0,0.0
2023-12-18 06:00:00,0.0,0.0,0.0,0.0,0.0,0.0,0.0,0.0,0.0,0.0,0.0,0.0,0.0,0.0,0.0,0.0,0.0,0.0,0.0,0.0,0.0,0.0,0.0,0.0,0.0,0.0,0.0,0.0
2023-12-18 07:00:00,0.0,0.0,0.0,0.0,0.0,0.0,0.0,0.0,0.0,0.0,0.0,0.0,0.0,0.0,0.0,0.0,0.0,0.0,0.0,0.0,0.0,0.0,0.0,0.0,0.0,0.0,0.0,0.0
2023-12-18 08:00:00,0.0,0.0,0.0,0.0,0.0,0.0,0.0,0.0,0.0,0.0,0.0,0.0,0.0,0.0,0.0,0.0,0.0,0.0,0.0,0.0,0.0,0.0,0.0,0.0,0.0,0.0,0.0,0.0
2023-12-18 09:00:00,0.0,0.0,0.0,0.0,0.0,0.0,0.0,0.0,0.0,0.0,0.0,0.0,0.0,0.0,0.0,0.0,0.0,0.0,0.0,0.0,0.0,0.0,0.0,0.0,0.0,0.0,0.0,0.0
2023-12-18 10:00:00,0.0014042987772903497,0.002270495750668171,0.0010585736364620093,0.07499218409535785,0.0,0.0,0.00485811603289796,0.013157590635314603,0.0,0.012950766609258533,0.008722811993804327,0.03252825505787953,0.0,0.018263542459378033,0.0,0.0,0.0,0.0012605912572498808,0.0,0.030279174950956056,0.018774692477977417,0.006480319075284394,0.12433059245012135,0.026017069254106955,0.035552703555243134,0.0,0.0007057256217475927,0.03575373949817527
2023-12-18 11:00:00,0.04092808742789651,0.04001597734397232,0.010431085318641337,0.17001558901897723,0.009728817502868494,0.004581549722302669,0.04174763711263746,0.08470812796783872,0.01972937080218822,0.052554689695679474,0.04512882141887562,0.08825091710934953,0.019920921268492833,0.11574846457594463,0.0036864023509340094,0.017524962404717064,0.0023740324312076758,0.05825381602910277,0.0010959429372507988,0.15714463445021393,0.1185448483689268,0.05497426302134253,0.20739093984367132,0.06659247948406959,0.10747694372447913,0.004441978249783948,0.011555760185726531,0.09200805607646659
2023-12-18 12:00:00,0.09761614270775901,0.12587405521043465,0.0961886722252186,0.33485597841904413,0.04333683476107573,0.030652568809325178,0.08147137916938568,0.12767194879684776,0.020041011090155016,0.20180136399447768,0.1480939488626738,0.2525407780518817,0.02485032875465899,0.12824226518864087,0.014424301967561847,0.015128518069260995,0.01174388996980024,0.12159734434096765,0.009084115848650789,0.2734621284384066,0.13376437335181848,0.18491638043140224,0.37160458825030657,0.15465673713935496,0.13383047448743318,0.03151611945376069,0.022648060887826955,0.1807029511366965
2023-12-18 13:00:00,0.11730195433759409,0.12265847177907103,0.08153162454991926,0.41088351630002096,0.07792019504482972,0.0650172549938685,0.09469566307969103,0.13322148884277193,0.030052054589767476,0.15459582850538175,0.12144014501896637,0.3566037551182315,0.032248872948634294,0.14758614430472097,0.029769444813113284,0.020988332689515825,0.023449934582264517,0.20228535044005783,0.014791451575446592,0.28241313975689253,0.1512596899833864,0.20395056944977671,0.5061455989033298,0.19651580589490825,0.195663828025799,0.04696234236298001,0.04132326733565108,0.21767268440317206
2023-12-18 14:00:00,0.09506641204070643,0.12221301198737172,0.03220721550245681,0.32521101794320856,0.08178504731823333,0.07526221856192668,0.0521135189202764,0.056113436879424904,0.031863830673530436,0.07494166761113348,0.044930588592934584,0.29481893859900904,0.034768487576874924,0.08013381699089879,0.03751683425188128,0.02585097398449961,0.0277733281651231,0.13174128527110238,0.017276159849473553,0.15691030478815482,0.08516761266081807,0.14471439967940153,0.4431748898963854,0.22838728978443673,0.212224488109527,0.05875326289983785,0.038641078096211624,0.2770714591487498
2023-12-18 15:00:00,0.08826787606913,0.09088855774275055,0.020263561704143777,0.22095939636023013,0.07324350617196873,0.07696356028019645,0.05308220264351832,0.07182028687406378,0.02464397588605065,0.03857525733222034,0.04375963972590941,0.21392546742753307,0.02408007780975637,0.10041429830732189,0.02644518083400009,0.015119902997890643,0.013796123310496036,0.12207697284655909,0.008726520113597425,0.0816511074766394,0.10201348194040805,0.11640184978540045,0.4048210357237004,0.20970026386225013,0.22068643220204046,0.052968524594295956,0.04619944075068321,0.2005918962245803
2023-12-18 16:00:00,0.02865606792297921,0.04245433302275349,0.0018817923176883099,0.08144899534915744,0.058364763617879026,0.04181938616511048,0.017845096035304143,0.044160551498036694,0.011236560501013385,0.011022051665193891,0.008561450443696892,0.056332512245764625,0.011265146508582796,0.0929279216818581,0.00825750375026856,0.005611277507814586,0.007117285029349352,0.03526089807271759,0.004638134239307835,0.05357326808456555,0.09997125935394352,0.03485145062330127,0.3583166069317973,0.13097319378137187,0.14659693758541958,0.027225654383201205,0.026888252887815427,0.14639033415452885
2023-12-18 17:00:00,0.006111781012456831,0.004852312107798236,2.7667707863672207e-05,0.03189636902294022,0.02733563814336356,0.007770225017662489,0.005305547633139723,0.05025668489998659,0.002161707124187071,0.010400622640564945,0.009687925568799868,0.010656824407388797,0.0024936839630575625,0.09494206080768225,0.00036288990338565743,0.0009171477859788963,0.00044983186277227657,0.005517740301114008,0.0005135907125030724,0.08298417755564953,0.1008711823190427,0.01029415591126278,0.005839803976730906,0.024901007681040217,0.0014327824657616457,0.00380360660292596,0.00012659784606328437,0.02195826966177177
2023-12-18 18:00:00,0.0,0.0,0.0,0.0,0.0,0.0,0.0,0.0,0.0,0.0,0.0,0.0,0.0,0.0,0.0,0.0,0.0,0.0,0.0,0.0,0.0,0.0,0.0,0.0,0.0,0.0,0.0,0.0
2023-12-18 19:00:00,0.0,0.0,0.0,0.0,0.0,0.0,0.0,0.0,0.0,0.0,0.0,0.0,0.0,0.0,0.0,0.0,0.0,0.0,0.0,0.0,0.0,0.0,0.0,0.0,0.0,0.0,0.0,0.0
2023-12-18 20:00:00,0.0,0.0,0.0,0.0,0.0,0.0,0.0,0.0,0.0,0.0,0.0,0.0,0.0,0.0,0.0,0.0,0.0,0.0,0.0,0.0,0.0,0.0,0.0,0.0,0.0,0.0,0.0,0.0
2023-12-18 21:00:00,0.0,0.0,0.0,0.0,0.0,0.0,0.0,0.0,0.0,0.0,0.0,0.0,0.0,0.0,0.0,0.0,0.0,0.0,0.0,0.0,0.0,0.0,0.0,0.0,0.0,0.0,0.0,0.0
2023-12-18 22:00:00,0.0,0.0,0.0,0.0,0.0,0.0,0.0,0.0,0.0,0.0,0.0,0.0,0.0,0.0,0.0,0.0,0.0,0.0,0.0,0.0,0.0,0.0,0.0,0.0,0.0,0.0,0.0,0.0
2023-12-18 23:00:00,0.0,0.0,0.0,0.0,0.0,0.0,0.0,0.0,0.0,0.0,0.0,0.0,0.0,0.0,0.0,0.0,0.0,0.0,0.0,0.0,0.0,0.0,0.0,0.0,0.0,0.0,0.0,0.0
2023-12-19 00:00:00,0.0,0.0,0.0,0.0,0.0,0.0,0.0,0.0,0.0,0.0,0.0,0.0,0.0,0.0,0.0,0.0,0.0,0.0,0.0,0.0,0.0,0.0,0.0,0.0,0.0,0.0,0.0,0.0
2023-12-19 01:00:00,0.0,0.0,0.0,0.0,0.0,0.0,0.0,0.0,0.0,0.0,0.0,0.0,0.0,0.0,0.0,0.0,0.0,0.0,0.0,0.0,0.0,0.0,0.0,0.0,0.0,0.0,0.0,0.0
2023-12-19 02:00:00,0.0,0.0,0.0,0.0,0.0,0.0,0.0,0.0,0.0,0.0,0.0,0.0,0.0,0.0,0.0,0.0,0.0,0.0,0.0,0.0,0.0,0.0,0.0,0.0,0.0,0.0,0.0,0.0
2023-12-19 03:00:00,0.0,0.0,0.0,0.0,0.0,0.0,0.0,0.0,0.0,0.0,0.0,0.0,0.0,0.0,0.0,0.0,0.0,0.0,0.0,0.0,0.0,0.0,0.0,0.0,0.0,0.0,0.0,0.0
2023-12-19 04:00:00,0.0,0.0,0.0,0.0,0.0,0.0,0.0,0.0,0.0,0.0,0.0,0.0,0.0,0.0,0.0,0.0,0.0,0.0,0.0,0.0,0.0,0.0,0.0,0.0,0.0,0.0,0.0,0.0
2023-12-19 05:00:00,0.0,0.0,0.0,0.0,0.0,0.0,0.0,0.0,0.0,0.0,0.0,0.0,0.0,0.0,0.0,0.0,0.0,0.0,0.0,0.0,0.0,0.0,0.0,0.0,0.0,0.0,0.0,0.0
2023-12-19 06:00:00,0.0,0.0,0.0,0.0,0.0,0.0,0.0,0.0,0.0,0.0,0.0,0.0,0.0,0.0,0.0,0.0,0.0,0.0,0.0,0.0,0.0,0.0,0.0,0.0,0.0,0.0,0.0,0.0
2023-12-19 07:00:00,0.0,0.0,0.0,0.0,0.0,0.0,0.0,0.0,0.0,0.0,0.0,0.0,0.0,0.0,0.0,0.0,0.0,0.0,0.0,0.0,0.0,0.0,0.0,0.0,0.0,0.0,0.0,0.0
2023-12-19 08:00:00,0.0,0.0,0.0,0.0,0.0,0.0,0.0,0.0,0.0,0.0,0.0,0.0,0.0,0.0,0.0,0.0,0.0,0.0,0.0,0.0,0.0,0.0,0.0,0.0,0.0,0.0,0.0,0.0
2023-12-19 09:00:00,0.0,0.0,0.0,0.0,0.0,0.0,0.0,0.0,0.0,0.0,0.0,0.0,0.0,0.0,0.0,0.0,0.0,0.0,0.0,0.0,0.0,0.0,0.0,0.0,0.0,0.0,0.0,0.0
2023-12-19 10:00:00,0.00024185607805288738,0.008259737561272603,0.0,0.030436175160705903,0.0,0.0,4.966496152839289e-06,0.0004981628113427263,0.0,0.0,0.0,0.004397318951782794,0.0,0.0012447222555515027,0.0,0.0,0.0,0.0,0.0,0.0,0.0014003125374954404,0.00042288244441843035,0.03621675173663841,0.03661591282590449,0.02989875890885233,0.0,0.00460341945341877,0.04804623292491206
2023-12-19 11:00:00,0.02167454462152576,0.0754219761484698,0.002532436756506637,0.04931919184262594,5.1937035054995596e-05,4.8551254091829245e-05,0.0024041836396586865,0.009345403419241421,0.007493965976697985,0.0015515987906932782,0.00232424377365109,0.03919358078604518,0.009578510350517988,0.017180825605244223,0.004465830182109169,0.002841290160061216,1.8264196199025054e-05,0.007145507700155451,0.0,0.01171360183859353,0.01818885630371803,0.017710687154948297,0.06040395662863373,0.06908679515766068,0.0736142963211392,0.00014624354877237623,0.021051017253537203,0.09088296290841388
2023-12-19 12:00:00,0.06946534961987791,0.15942189061131423,0.023625170558626795,0.04918233785775363,0.12772192800988555,0.05428566234358078,0.06284751424721643,0.06082147855573392,0.04669678582593893,0.03681791846074007,0.05477337889771891,0.08378060207989521,0.06520414767095137,0.04545226747098869,0.02055504090822267,0.03203133085039956,0.008598076807396732,0.035285317392506135,0.0021874578084638903,0.02901185615758218,0.04090477254362744,0.07224623383008645,0.1945660506410305,0.10063309165788388,0.13558032812791046,0.04291396341047767,0.06453249923143299,0.12084002742114594
2023-12-19 13:00:00,0.056480673096631274,0.2034423726149934,0.014857853610345917,0.03503009547709088,0.20665486635114727,0.1097304397432706,0.01881853490402591,0.0214371999571893,0.04565182336236078,0.02816709587117486,0.01710412085623738,0.05451451176184996,0.06131963460560226,0.02936301151798005,0.025351773896007297,0.02422018164981736,0.030628788175749495,0.024188206768430334,0.00689587763718289,0.02115318217056494,0.03144960730379264,0.0474151962558387,0.22432228184201256,0.1424600703018799,0.19371774723518992,0.07366461414787759,0.1053415532973219,0.16645953591841664
2023-12-19 14:00:00,0.06521440768473666,0.21300365942211866,0.016472296698595557,0.04942886267174252,0.22949474645736295,0.11256382687669639,0.017028080550290352,0.023934606603881428,0.03653900734426457,0.03063166468750235,0.020545309945546777,0.06257336774884262,0.04297455572250707,0.02849828712612705,0.02864728579679033,0.020530769251353886,0.067321326661271,0.025171005845100115,0.012374610639667308,0.020834403987194727,0.030201095090826215,0.050336707283437566,0.21418173558086653,0.12853601515611604,0.17801677653528375,0.10720182341165045,0.08859570138440116,0.14194023739622946
2023-12-19 15:00:00,0.04836059821780702,0.18253018642453556,0.012718508923256855,0.061634682420293,0.22443156165545156,0.10548440733690326,0.01062524700838736,0.012598982030888597,0.04054269090426676,0.011801084236380863,0.012081712405337864,0.05213983749076679,0.05674730357601041,0.01205440854919675,0.0181623905406774,0.019467307546947414,0.07343688920263278,0.027685244204846193,0.016091627436068942,0.008281617856298886,0.011961790482839489,0.03638345477143764,0.19644958044630623,0.09704137418102969,0.14342151583759524,0.10236897468687996,0.09146677944451137,0.10434733831986931
2023-12-19 16:00:00,0.02724635421653801,0.10770745436201844,0.006499195295274273,0.024188618567496545,0.1580310662977372,0.06417346181028812,0.003969253634892661,0.005715869751483436,0.01839416312813849,0.003747410454179043,0.003851584646383468,0.031363542509859024,0.025967183877385086,0.007193854858528032,0.006341645201316163,0.00817681851016718,0.025993697171624076,0.01243215617012907,0.022306016324547956,0.006484011165670879,0.007282459918321453,0.020189502026487036,0.11571901279891587,0.051825358282537086,0.09396774428133157,0.058137941440579016,0.06185161618491961,0.059741497175788416
2023-12-19 17:00:00,0.009665841894038343,0.04637629486096369,0.0006327448257267341,0.005797710077989357,0.016958875441665716,0.018339110457096124,0.005740796457780351,0.009799803732177995,0.0245415252864792,3.942750631421503e-06,0.00017139752682301528,0.009990312601107118,0.04119114585897138,0.024683593713514383,0.0009724063370325943,0.00867225586290464,0.017069282930021138,0.0018259892918118827,0.019895649362647573,0.00027499781941316777,0.027047263242860248,0.005145102918905209,0.0,0.006117868966632469,0.0018590328491393212,0.01815927829508125,0.006356567006724405,0.0040492029937511005
2023-12-19 18:00:00,0.0,0.0,0.0,0.0,0.0,0.0,0.0,0.0,0.0,0.0,0.0,0.0,0.0,0.0,0.0,0.0,0.0,0.0,0.0,0.0,0.0,0.0,0.0,0.0,0.0,0.0,0.0,0.0
2023-12-19 19:00:00,0.0,0.0,0.0,0.0,0.0,0.0,0.0,0.0,0.0,0.0,0.0,0.0,0.0,0.0,0.0,0.0,0.0,0.0,0.0,0.0,0.0,0.0,0.0,0.0,0.0,0.0,0.0,0.0
2023-12-19 20:00:00,0.0,0.0,0.0,0.0,0.0,0.0,0.0,0.0,0.0,0.0,0.0,0.0,0.0,0.0,0.0,0.0,0.0,0.0,0.0,0.0,0.0,0.0,0.0,0.0,0.0,0.0,0.0,0.0
2023-12-19 21:00:00,0.0,0.0,0.0,0.0,0.0,0.0,0.0,0.0,0.0,0.0,0.0,0.0,0.0,0.0,0.0,0.0,0.0,0.0,0.0,0.0,0.0,0.0,0.0,0.0,0.0,0.0,0.0,0.0
2023-12-19 22:00:00,0.0,0.0,0.0,0.0,0.0,0.0,0.0,0.0,0.0,0.0,0.0,0.0,0.0,0.0,0.0,0.0,0.0,0.0,0.0,0.0,0.0,0.0,0.0,0.0,0.0,0.0,0.0,0.0
2023-12-19 23:00:00,0.0,0.0,0.0,0.0,0.0,0.0,0.0,0.0,0.0,0.0,0.0,0.0,0.0,0.0,0.0,0.0,0.0,0.0,0.0,0.0,0.0,0.0,0.0,0.0,0.0,0.0,0.0,0.0
2023-12-20 00:00:00,0.0,0.0,0.0,0.0,0.0,0.0,0.0,0.0,0.0,0.0,0.0,0.0,0.0,0.0,0.0,0.0,0.0,0.0,0.0,0.0,0.0,0.0,0.0,0.0,0.0,0.0,0.0,0.0
2023-12-20 01:00:00,0.0,0.0,0.0,0.0,0.0,0.0,0.0,0.0,0.0,0.0,0.0,0.0,0.0,0.0,0.0,0.0,0.0,0.0,0.0,0.0,0.0,0.0,0.0,0.0,0.0,0.0,0.0,0.0
2023-12-20 02:00:00,0.0,0.0,0.0,0.0,0.0,0.0,0.0,0.0,0.0,0.0,0.0,0.0,0.0,0.0,0.0,0.0,0.0,0.0,0.0,0.0,0.0,0.0,0.0,0.0,0.0,0.0,0.0,0.0
2023-12-20 03:00:00,0.0,0.0,0.0,0.0,0.0,0.0,0.0,0.0,0.0,0.0,0.0,0.0,0.0,0.0,0.0,0.0,0.0,0.0,0.0,0.0,0.0,0.0,0.0,0.0,0.0,0.0,0.0,0.0
2023-12-20 04:00:00,0.0,0.0,0.0,0.0,0.0,0.0,0.0,0.0,0.0,0.0,0.0,0.0,0.0,0.0,0.0,0.0,0.0,0.0,0.0,0.0,0.0,0.0,0.0,0.0,0.0,0.0,0.0,0.0
2023-12-20 05:00:00,0.0,0.0,0.0,0.0,0.0,0.0,0.0,0.0,0.0,0.0,0.0,0.0,0.0,0.0,0.0,0.0,0.0,0.0,0.0,0.0,0.0,0.0,0.0,0.0,0.0,0.0,0.0,0.0
2023-12-20 06:00:00,0.0,0.0,0.0,0.0,0.0,0.0,0.0,0.0,0.0,0.0,0.0,0.0,0.0,0.0,0.0,0.0,0.0,0.0,0.0,0.0,0.0,0.0,0.0,0.0,0.0,0.0,0.0,0.0
2023-12-20 07:00:00,0.0,0.0,0.0,0.0,0.0,0.0,0.0,0.0,0.0,0.0,0.0,0.0,0.0,0.0,0.0,0.0,0.0,0.0,0.0,0.0,0.0,0.0,0.0,0.0,0.0,0.0,0.0,0.0
2023-12-20 08:00:00,0.0,0.0,0.0,0.0,0.0,0.0,0.0,0.0,0.0,0.0,0.0,0.0,0.0,0.0,0.0,0.0,0.0,0.0,0.0,0.0,0.0,0.0,0.0,0.0,0.0,0.0,0.0,0.0
2023-12-20 09:00:00,0.0,0.0,0.0,0.0,0.0,0.0,0.0,0.0,0.0,0.0,0.0,0.0,0.0,0.0,0.0,0.0,0.0,0.0,0.0,0.0,0.0,0.0,0.0,0.0,0.0,0.0,0.0,0.0
2023-12-20 10:00:00,9.201454970551975e-05,0.012193712099295522,0.00016858892744190288,0.07165304350599168,0.0,0.0,0.03554888103961979,0.0878638934693751,0.0,0.005720341803251724,0.011841913410728743,0.012377950812835773,0.0,0.17810545394284474,0.0,0.0,0.0,0.0,0.0,0.10216899195766858,0.18856125726012177,0.0014628599989113282,0.13957022175978814,0.04971664183757753,0.02519767582730392,0.0,0.017523587214219063,0.07053164445810768
2023-12-20 11:00:00,0.0073808991583113,0.06696669113771726,0.0043412120706608935,0.12195211401362199,0.000878096475423757,0.004517113611933047,0.05063630396975859,0.15066993765897296,0.0026978538313110526,0.03584737088116849,0.03576719128737017,0.027554825011983006,0.003948546708613527,0.2845902372121441,0.0036844771097948275,0.0019481965890881577,0.030605924533354766,0.002750680458728339,0.03264020373500992,0.16976920886966176,0.2993559382326723,0.01857109586179614,0.20214845711038243,0.08004343826892953,0.08491760699675815,0.0034439195027388602,0.0817363413659991,0.11232054700218051
2023-12-20 12:00:00,0.01812180177834968,0.1035184022895884,0.008712959512278037,0.17840846581931571,0.06946545149242682,0.1291509552650676,0.08784505124712455,0.16147826314389954,0.011065498442130681,0.017999903772052996,0.035112598823940855,0.03592467308519033,0.013140305316462415,0.32118844833797966,0.016827583784936845,0.009117974014350962,0.04050076264668912,0.011843859078597729,0.05206644918730846,0.16960015873661652,0.3377975695654395,0.022055696786601863,0.3035245825788473,0.15878918352614624,0.14175454391996248,0.10491860031073565,0.17190797436007504,0.17765733370353426
2023-12-20 13:00:00,0.028238934973193165,0.10521167272823323,0.02016743650625015,0.1977042639978985,0.14800534829227988,0.18967177457305118,0.09699857307010888,0.18110448417454408,0.01611073200428573,0.0329272785357089,0.055370254165038706,0.04055563987906262,0.01626543366831859,0.32804249594118917,0.020504641295085408,0.012188971817426984,0.06957522763716054,0.013547897197757989,0.07556714920256433,0.20011586338334358,0.34215735333151837,0.02947052009375285,0.3237746689832923,0.1936911495256919,0.1792507792760729,0.17471363673384357,0.09657305880023782,0.19811416624984002
2023-12-20 14:00:00,0.03328414071676798,0.10376211954896061,0.02673098120583404,0.18732182364824349,0.2373359116917555,0.17417238703973356,0.07861419405643957,0.12061884103881278,0.02011391725186072,0.02318127724915231,0.03900568478597388,0.04090936555866334,0.022482115517707436,0.22336749217469093,0.025614107145441132,0.017820802622423852,0.052265517724249914,0.018899991903534953,0.07305601757526321,0.11694466332809075,0.23308451590538265,0.03415620665876024,0.29068701840012795,0.20675686278589842,0.14613852185353882,0.18552212927358006,0.1220787813875262,0.19652505636295395
2023-12-20 15:00:00,0.0298864503366096,0.05661920477010865,0.021514873268610204,0.16539009695451418,0.24401282790962717,0.16338085239442648,0.05775792679725559,0.11091099253577591,0.018123792233216696,0.05655429757759652,0.045868107250604945,0.036728288214335957,0.019592711672907354,0.1942824724697928,0.022376521404264743,0.015017284308445067,0.05111786099229433,0.016973415098344404,0.07361959786070127,0.13970787556668043,0.2049364608525567,0.04776041454317397,0.2953885392900994,0.11069524562627331,0.09082053450608622,0.16276850805823545,0.07879491423644772,0.12378243745145966
2023-12-20 16:00:00,0.01750563237880038,0.021382225618531245,0.009996199588132897,0.12698142287877984,0.192717200088149,0.09921298266808405,0.04096892797684581,0.09822035332328631,0.014260813668732067,0.033429359021372125,0.03454562467918274,0.022193255067074036,0.016437650968369997,0.16830956627892638,0.012493429590834326,0.011018451328534809,0.028060114496234235,0.009245245083106762,0.048443285116500916,0.13513015717367519,0.1757357856566621,0.023331365860932807,0.19109598389023852,0.04831014781848833,0.03897421024833168,0.11991475981161585,0.046655701555953395,0.06257876870620459
2023-12-20 17:00:00,0.004352775772740481,0.005718834271416909,0.000906437632847683,0.09963295852029579,0.012428941982732153,0.04256741653474972,0.006009179510130729,0.054453380586062104,0.0016960996127277181,0.006926129234817157,0.010108618465204345,0.005581994296972795,0.0025262537990628753,0.10917254596600828,0.001488184182949234,0.0015126734606400421,0.006135079120804469,0.0014846936095868361,0.008663522841593304,0.09928822861130343,0.11605670025401729,0.004306786176256228,0.00804472543046284,0.031040105048103263,0.0013655100300312964,0.05758867619119638,0.0006951797990430797,0.04211638191397704
2023-12-20 18:00:00,0.0,0.0,0.0,0.0,0.0,0.0,0.0,0.0,0.0,0.0,0.0,0.0,0.0,0.0,0.0,0.0,0.0,0.0,0.0,0.0,0.0,0.0,0.0,0.0,0.0,0.0,0.0,0.0
2023-12-20 19:00:00,0.0,0.0,0.0,0.0,0.0,0.0,0.0,0.0,0.0,0.0,0.0,0.0,0.0,0.0,0.0,0.0,0.0,0.0,0.0,0.0,0.0,0.0,0.0,0.0,0.0,0.0,0.0,0.0
2023-12-20 20:00:00,0.0,0.0,0.0,0.0,0.0,0.0,0.0,0.0,0.0,0.0,0.0,0.0,0.0,0.0,0.0,0.0,0.0,0.0,0.0,0.0,0.0,0.0,0.0,0.0,0.0,0.0,0.0,0.0
2023-12-20 21:00:00,0.0,0.0,0.0,0.0,0.0,0.0,0.0,0.0,0.0,0.0,0.0,0.0,0.0,0.0,0.0,0.0,0.0,0.0,0.0,0.0,0.0,0.0,0.0,0.0,0.0,0.0,0.0,0.0
2023-12-20 22:00:00,0.0,0.0,0.0,0.0,0.0,0.0,0.0,0.0,0.0,0.0,0.0,0.0,0.0,0.0,0.0,0.0,0.0,0.0,0.0,0.0,0.0,0.0,0.0,0.0,0.0,0.0,0.0,0.0
2023-12-20 23:00:00,0.0,0.0,0.0,0.0,0.0,0.0,0.0,0.0,0.0,0.0,0.0,0.0,0.0,0.0,0.0,0.0,0.0,0.0,0.0,0.0,0.0,0.0,0.0,0.0,0.0,0.0,0.0,0.0
2023-12-21 00:00:00,0.0,0.0,0.0,0.0,0.0,0.0,0.0,0.0,0.0,0.0,0.0,0.0,0.0,0.0,0.0,0.0,0.0,0.0,0.0,0.0,0.0,0.0,0.0,0.0,0.0,0.0,0.0,0.0
2023-12-21 01:00:00,0.0,0.0,0.0,0.0,0.0,0.0,0.0,0.0,0.0,0.0,0.0,0.0,0.0,0.0,0.0,0.0,0.0,0.0,0.0,0.0,0.0,0.0,0.0,0.0,0.0,0.0,0.0,0.0
2023-12-21 02:00:00,0.0,0.0,0.0,0.0,0.0,0.0,0.0,0.0,0.0,0.0,0.0,0.0,0.0,0.0,0.0,0.0,0.0,0.0,0.0,0.0,0.0,0.0,0.0,0.0,0.0,0.0,0.0,0.0
2023-12-21 03:00:00,0.0,0.0,0.0,0.0,0.0,0.0,0.0,0.0,0.0,0.0,0.0,0.0,0.0,0.0,0.0,0.0,0.0,0.0,0.0,0.0,0.0,0.0,0.0,0.0,0.0,0.0,0.0,0.0
2023-12-21 04:00:00,0.0,0.0,0.0,0.0,0.0,0.0,0.0,0.0,0.0,0.0,0.0,0.0,0.0,0.0,0.0,0.0,0.0,0.0,0.0,0.0,0.0,0.0,0.0,0.0,0.0,0.0,0.0,0.0
2023-12-21 05:00:00,0.0,0.0,0.0,0.0,0.0,0.0,0.0,0.0,0.0,0.0,0.0,0.0,0.0,0.0,0.0,0.0,0.0,0.0,0.0,0.0,0.0,0.0,0.0,0.0,0.0,0.0,0.0,0.0
2023-12-21 06:00:00,0.0,0.0,0.0,0.0,0.0,0.0,0.0,0.0,0.0,0.0,0.0,0.0,0.0,0.0,0.0,0.0,0.0,0.0,0.0,0.0,0.0,0.0,0.0,0.0,0.0,0.0,0.0,0.0
2023-12-21 07:00:00,0.0,0.0,0.0,0.0,0.0,0.0,0.0,0.0,0.0,0.0,0.0,0.0,0.0,0.0,0.0,0.0,0.0,0.0,0.0,0.0,0.0,0.0,0.0,0.0,0.0,0.0,0.0,0.0
2023-12-21 08:00:00,0.0,0.0,0.0,0.0,0.0,0.0,0.0,0.0,0.0,0.0,0.0,0.0,0.0,0.0,0.0,0.0,0.0,0.0,0.0,0.0,0.0,0.0,0.0,0.0,0.0,0.0,0.0,0.0
2023-12-21 09:00:00,0.0,0.0,0.0,0.0,0.0,0.0,0.0,0.0,0.0,0.0,0.0,0.0,0.0,0.0,0.0,0.0,0.0,0.0,0.0,0.0,0.0,0.0,0.0,0.0,0.0,0.0,0.0,0.0
2023-12-21 10:00:00,5.9191555144199195e-05,0.003963806046878714,0.0007981573787697516,0.021814806428951557,0.0,0.0,0.023153994546648345,0.0009534426451381835,0.0,0.0,0.0,0.004867201376456863,0.0,0.0027644779454634102,0.0,0.0,0.0,0.0,0.0,0.0,0.0029870893347903496,0.0001973051838139973,0.13067018677406347,0.02207991771542644,0.004297732486642866,0.0,0.00020419175342717451,0.03803197817859564
2023-12-21 11:00:00,0.02430376193391371,0.13542287379572437,0.02067675944174184,0.02618214880336038,0.004225577116353167,0.00016164407895356267,0.08086552443462013,0.08518585082162589,0.0026597035936551093,0.08485981664147504,0.07816266454824201,0.031220002848959063,0.003435478988846676,0.07312211351797304,0.010902657592545231,0.0015240569823839303,9.392711105957001e-05,0.010721776573293656,0.0,0.03305007940249275,0.0717176698372613,0.046696844455241034,0.16911755742071277,0.0782646412080859,0.03407613042390537,0.0038520326420699086,0.025252250389553827,0.09841324555108118
2023-12-21 12:00:00,0.039909750114693984,0.17972247147518655,0.04047090482705348,0.05300033941812135,0.10675233898965202,0.040407606754845324,0.16426448150309692,0.16914131528310497,0.00818806080355465,0.11382622581418692,0.13479083149542856,0.0638724703007818,0.010819837979892357,0.1696659679058616,0.009618147547787906,0.005726423922382225,0.0028119495567141385,0.01616971136941209,0.0017630858479036008,0.05911406119395101,0.16543647084930502,0.06340318836420539,0.15117670414917203,0.13337191566175766,0.0946090218439596,0.0501667605159434,0.10556435739693042,0.16795085181428498
2023-12-21 13:00:00,0.04711312691980845,0.19239514563269589,0.07261536777383096,0.058905745957463236,0.1892487924522088,0.058842528322557326,0.22135095215171693,0.23479622068014058,0.012303070384766794,0.15990597721197122,0.18141382515969934,0.063740908491273,0.01556704163664907,0.25152775572021135,0.012967157981712238,0.009155475292123969,0.004364374908824795,0.024899321913450036,0.002985463284948056,0.09549185537017793,0.25073478907933755,0.08397826610137173,0.1531236871102235,0.17938805372744954,0.10179809197649187,0.05191524065723769,0.11460260578931533,0.2149016464355787
2023-12-21 14:00:00,0.04821705889293408,0.20725309972952058,0.0353249028080362,0.07896322600356229,0.21534909327190752,0.050873412358149225,0.12910595833667846,0.15761483839259968,0.013257700899651264,0.0886597164140668,0.09512591553272245,0.06610039825610171,0.0164233161032105,0.21399618304898588,0.011938689266082365,0.008339353629518396,0.004606776812567228,0.018746424946589527,0.00330045149477776,0.07122309592804119,0.21919109260293224,0.06089893902163687,0.23058912149734465,0.18902481972891802,0.17594775503130072,0.0460699573669726,0.18006916890599134,0.20268233319553863
2023-12-21 15:00:00,0.03968042282459126,0.13034852886395812,0.01490009641660459,0.09829474999003804,0.1938856443874419,0.040405409027015504,0.04099478630485733,0.13859603955344463,0.010997881558451278,0.04399334601702887,0.03817005579189177,0.04722093924228154,0.013733229660441782,0.26071292748797614,0.010535173920582747,0.00770846662196097,0.0029046865224688244,0.018163262159021507,0.0014734490052681056,0.17812158794697097,0.27681058806266984,0.04455595625461123,0.2033122925922437,0.10423011910645118,0.06767201540155131,0.02906012567857785,0.11751397723680855,0.10341468457509884
2023-12-21 16:00:00,0.0328711346739046,0.10851663555478762,0.012965284059471057,0.0828332382665855,0.11862608598796659,0.020273005132286,0.018127092559937438,0.06505042602768372,0.007089733123548911,0.014273300572000902,0.01627643892883139,0.03591684890899798,0.007614343447542414,0.1287148164470365,0.006730870661905836,0.004146310385304927,0.00131534448128349,0.009936179262869266,0.0006959644459197041,0.09146374018174035,0.13695269887843975,0.023243732027491495,0.16752615996179102,0.05480074055790419,0.06487197995296703,0.013645858218399818,0.1298758422318309,0.04412787342552057
2023-12-21 17:00:00,0.014454934726878116,0.07553398353019564,0.0046930516082716684,0.04328384843809521,0.055268471998525436,0.004058060425253483,0.004187126412307974,0.03042018027018468,0.0009049591820411381,0.00427600274200315,0.006000839759483852,0.011060243599595124,0.0014023416858569462,0.057388350817058335,0.0009292971411271978,0.0006793391835943415,2.527238647249925e-06,0.001475654092119903,2.4612524704152065e-06,0.05095705853196353,0.06101091575038406,0.005117837060960382,0.036514795529153134,0.05066514842654747,0.013266848584997236,0.0023578961083303884,0.013915679219418298,0.014768433136207964
2023-12-21 18:00:00,0.0,0.0,0.0,0.0,0.0,0.0,0.0,0.0,0.0,0.0,0.0,0.0,0.0,0.0,0.0,0.0,0.0,0.0,0.0,0.0,0.0,0.0,0.0,0.0,0.0,0.0,0.0,0.0
2023-12-21 19:00:00,0.0,0.0,0.0,0.0,0.0,0.0,0.0,0.0,0.0,0.0,0.0,0.0,0.0,0.0,0.0,0.0,0.0,0.0,0.0,0.0,0.0,0.0,0.0,0.0,0.0,0.0,0.0,0.0
2023-12-21 20:00:00,0.0,0.0,0.0,0.0,0.0,0.0,0.0,0.0,0.0,0.0,0.0,0.0,0.0,0.0,0.0,0.0,0.0,0.0,0.0,0.0,0.0,0.0,0.0,0.0,0.0,0.0,0.0,0.0
2023-12-21 21:00:00,0.0,0.0,0.0,0.0,0.0,0.0,0.0,0.0,0.0,0.0,0.0,0.0,0.0,0.0,0.0,0.0,0.0,0.0,0.0,0.0,0.0,0.0,0.0,0.0,0.0,0.0,0.0,0.0
2023-12-21 22:00:00,0.0,0.0,0.0,0.0,0.0,0.0,0.0,0.0,0.0,0.0,0.0,0.0,0.0,0.0,0.0,0.0,0.0,0.0,0.0,0.0,0.0,0.0,0.0,0.0,0.0,0.0,0.0,0.0
2023-12-21 23:00:00,0.0,0.0,0.0,0.0,0.0,0.0,0.0,0.0,0.0,0.0,0.0,0.0,0.0,0.0,0.0,0.0,0.0,0.0,0.0,0.0,0.0,0.0,0.0,0.0,0.0,0.0,0.0,0.0
2023-12-22 00:00:00,0.0,0.0,0.0,0.0,0.0,0.0,0.0,0.0,0.0,0.0,0.0,0.0,0.0,0.0,0.0,0.0,0.0,0.0,0.0,0.0,0.0,0.0,0.0,0.0,0.0,0.0,0.0,0.0
2023-12-22 01:00:00,0.0,0.0,0.0,0.0,0.0,0.0,0.0,0.0,0.0,0.0,0.0,0.0,0.0,0.0,0.0,0.0,0.0,0.0,0.0,0.0,0.0,0.0,0.0,0.0,0.0,0.0,0.0,0.0
2023-12-22 02:00:00,0.0,0.0,0.0,0.0,0.0,0.0,0.0,0.0,0.0,0.0,0.0,0.0,0.0,0.0,0.0,0.0,0.0,0.0,0.0,0.0,0.0,0.0,0.0,0.0,0.0,0.0,0.0,0.0
2023-12-22 03:00:00,0.0,0.0,0.0,0.0,0.0,0.0,0.0,0.0,0.0,0.0,0.0,0.0,0.0,0.0,0.0,0.0,0.0,0.0,0.0,0.0,0.0,0.0,0.0,0.0,0.0,0.0,0.0,0.0
2023-12-22 04:00:00,0.0,0.0,0.0,0.0,0.0,0.0,0.0,0.0,0.0,0.0,0.0,0.0,0.0,0.0,0.0,0.0,0.0,0.0,0.0,0.0,0.0,0.0,0.0,0.0,0.0,0.0,0.0,0.0
2023-12-22 05:00:00,0.0,0.0,0.0,0.0,0.0,0.0,0.0,0.0,0.0,0.0,0.0,0.0,0.0,0.0,0.0,0.0,0.0,0.0,0.0,0.0,0.0,0.0,0.0,0.0,0.0,0.0,0.0,0.0
2023-12-22 06:00:00,0.0,0.0,0.0,0.0,0.0,0.0,0.0,0.0,0.0,0.0,0.0,0.0,0.0,0.0,0.0,0.0,0.0,0.0,0.0,0.0,0.0,0.0,0.0,0.0,0.0,0.0,0.0,0.0
2023-12-22 07:00:00,0.0,0.0,0.0,0.0,0.0,0.0,0.0,0.0,0.0,0.0,0.0,0.0,0.0,0.0,0.0,0.0,0.0,0.0,0.0,0.0,0.0,0.0,0.0,0.0,0.0,0.0,0.0,0.0
2023-12-22 08:00:00,0.0,0.0,0.0,0.0,0.0,0.0,0.0,0.0,0.0,0.0,0.0,0.0,0.0,0.0,0.0,0.0,0.0,0.0,0.0,0.0,0.0,0.0,0.0,0.0,0.0,0.0,0.0,0.0
2023-12-22 09:00:00,0.0,0.0,0.0,0.0,0.0,0.0,0.0,0.0,0.0,0.0,0.0,0.0,0.0,0.0,0.0,0.0,0.0,0.0,0.0,0.0,0.0,0.0,0.0,0.0,0.0,0.0,0.0,0.0
2023-12-22 10:00:00,0.002704518110004693,0.015911733663575255,0.1025676786958232,0.004497572913715399,0.0,0.0,0.05740277927782145,0.013309674934407321,0.0,0.01641656343213231,0.025667721838256066,0.003972365409716476,0.0,0.0005933750977448452,0.0,0.0,0.0,0.0012927806887375907,0.0,0.0,0.0005741343610176898,0.0033935861994198627,0.09065063077529263,0.04553351812082549,0.07113648871606972,0.0,0.04225491128879649,0.04900239963705718
2023-12-22 11:00:00,0.19939284018867082,0.14320667883587027,0.2796800873705214,0.011744186057924265,0.0024729279717309997,0.04933300515347234,0.13247679475477628,0.05891608005109539,0.15512872792498472,0.12511404223273453,0.14067184368668972,0.024488793046388332,0.11754143145852823,0.014243353120000616,0.0991625713321059,0.11870345684050777,0.10699193270091766,0.187566706053106,0.11467662853831516,0.008561403590034608,0.013089411846622743,0.11319420455940758,0.12380945932794411,0.06403129245129223,0.14098841774821028,0.09308759991054869,0.11154088883177186,0.09344973162579627
2023-12-22 12:00:00,0.2648411718244901,0.17758658223743592,0.40596381502139856,0.03318223572615746,0.04764421149889329,0.19931741255825672,0.23691186792148058,0.10809740155503862,0.20981070143740196,0.21531778549661668,0.23367271786204968,0.0736974235197295,0.15460795650522352,0.03103520017152608,0.12247661084383064,0.12032929501787226,0.24646983285037294,0.2750202579376841,0.232967372231928,0.027738103333863073,0.029590756378430064,0.20080169605778883,0.22334260085894228,0.0696387366909578,0.16638724416036288,0.16881923892780692,0.09007558892845896,0.10931685296386584
2023-12-22 13:00:00,0.38130193352795005,0.23722478224987914,0.47070450791737234,0.04007606162828487,0.08153677679664935,0.27640758550852007,0.3868361769844242,0.25969516579574997,0.32321271194454243,0.30738484074770434,0.3655902489248831,0.11709336397420325,0.26406096211693597,0.16670480598361412,0.166098382602046,0.20770458152175414,0.36934925278899616,0.3781721042319887,0.346099040242677,0.09202014269964562,0.15477705276047246,0.2793415775233115,0.27714470757741844,0.04145960918333666,0.14296514388105097,0.2763358969766183,0.13831125138698022,0.04998181165630302
2023-12-22 14:00:00,0.4756065000531655,0.29446855810856926,0.5447383381753663,0.0821141938636524,0.1273805703830901,0.2995399257276747,0.44129112403571663,0.3647073614702115,0.35862548569652736,0.5190799332025076,0.4877976052035834,0.22648221156188386,0.3327245388226155,0.26242017435690046,0.2804852320560628,0.39187031480462453,0.382201685166229,0.4821187264070917,0.38824971935832037,0.20589128473209628,0.2569051751261926,0.4874933265458648,0.19417475291234618,0.06537551911007937,0.12078053329105144,0.28049417259614023,0.11862717990402943,0.08566969069723727
2023-12-22 15:00:00,0.4466619590718019,0.32831486118194486,0.4673482022857316,0.15471245102051656,0.19149219610814208,0.2826084207171165,0.4667144445886631,0.4886595768905337,0.3888677040485919,0.5052972461455059,0.49480407783757974,0.3345632303484164,0.3797577688221297,0.47561114631265006,0.2743683683959003,0.3452175126138205,0.4049368137286991,0.5191253521579634,0.3691898632929137,0.4214820343337842,0.47306898848319595,0.4828995267100918,0.26577065739941635,0.08095898194218693,0.10337101580044245,0.34983070443322317,0.13729182892727573,0.1019733625969894
2023-12-22 16:00:00,0.3552830284605243,0.2857351829084244,0.4583720324893452,0.18073175071583747,0.15878692410212528,0.2344605019220828,0.46048272109239824,0.4595190776298379,0.32918462802779813,0.4838993816454744,0.4692011670022791,0.3247650511249699,0.29354748310724954,0.4291006627828666,0.2049457006455653,0.23891330486220835,0.37422562157459593,0.3474488109090749,0.3351723175969895,0.41079713289985365,0.4268903406310254,0.4130027790969492,0.2069813251440913,0.08639401504291971,0.06111262164235887,0.2390619720129485,0.1274352883217922,0.11414675293653959
2023-12-22 17:00:00,0.29021613230398163,0.23113771283242932,0.3893854575907438,0.19490069988025274,0.05875940231387121,0.16132290824925863,0.38200910609027267,0.3682464511018104,0.22286197075042463,0.34558068038868717,0.3866432858290066,0.2734073997542057,0.19093069204822544,0.33041371607226044,0.19433408094659668,0.16496052380975929,0.27559495721789934,0.28701318671032916,0.21793158396088638,0.29773309965360084,0.3223331876163453,0.2989478386949814,0.007703007034141222,0.059962271308540115,0.0,0.17806022832467128,0.0383923568277431,0.07289194796944166
2023-12-22 18:00:00,0.0,0.0,0.0,0.0,0.0,0.0,0.0,0.0,0.0,0.0,0.0,0.0,0.0,0.0,0.0,0.0,0.0,0.0,0.0,0.0,0.0,0.0,0.0,0.0,0.0,0.0,0.0,0.0
2023-12-22 19:00:00,0.0,0.0,0.0,0.0,0.0,0.0,0.0,0.0,0.0,0.0,0.0,0.0,0.0,0.0,0.0,0.0,0.0,0.0,0.0,0.0,0.0,0.0,0.0,0.0,0.0,0.0,0.0,0.0
2023-12-22 20:00:00,0.0,0.0,0.0,0.0,0.0,0.0,0.0,0.0,0.0,0.0,0.0,0.0,0.0,0.0,0.0,0.0,0.0,0.0,0.0,0.0,0.0,0.0,0.0,0.0,0.0,0.0,0.0,0.0
2023-12-22 21:00:00,0.0,0.0,0.0,0.0,0.0,0.0,0.0,0.0,0.0,0.0,0.0,0.0,0.0,0.0,0.0,0.0,0.0,0.0,0.0,0.0,0.0,0.0,0.0,0.0,0.0,0.0,0.0,0.0
2023-12-22 22:00:00,0.0,0.0,0.0,0.0,0.0,0.0,0.0,0.0,0.0,0.0,0.0,0.0,0.0,0.0,0.0,0.0,0.0,0.0,0.0,0.0,0.0,0.0,0.0,0.0,0.0,0.0,0.0,0.0
2023-12-22 23:00:00,0.0,0.0,0.0,0.0,0.0,0.0,0.0,0.0,0.0,0.0,0.0,0.0,0.0,0.0,0.0,0.0,0.0,0.0,0.0,0.0,0.0,0.0,0.0,0.0,0.0,0.0,0.0,0.0
2023-12-23 00:00:00,0.0,0.0,0.0,0.0,0.0,0.0,0.0,0.0,0.0,0.0,0.0,0.0,0.0,0.0,0.0,0.0,0.0,0.0,0.0,0.0,0.0,0.0,0.0,0.0,0.0,0.0,0.0,0.0
2023-12-23 01:00:00,0.0,0.0,0.0,0.0,0.0,0.0,0.0,0.0,0.0,0.0,0.0,0.0,0.0,0.0,0.0,0.0,0.0,0.0,0.0,0.0,0.0,0.0,0.0,0.0,0.0,0.0,0.0,0.0
2023-12-23 02:00:00,0.0,0.0,0.0,0.0,0.0,0.0,0.0,0.0,0.0,0.0,0.0,0.0,0.0,0.0,0.0,0.0,0.0,0.0,0.0,0.0,0.0,0.0,0.0,0.0,0.0,0.0,0.0,0.0
2023-12-23 03:00:00,0.0,0.0,0.0,0.0,0.0,0.0,0.0,0.0,0.0,0.0,0.0,0.0,0.0,0.0,0.0,0.0,0.0,0.0,0.0,0.0,0.0,0.0,0.0,0.0,0.0,0.0,0.0,0.0
2023-12-23 04:00:00,0.0,0.0,0.0,0.0,0.0,0.0,0.0,0.0,0.0,0.0,0.0,0.0,0.0,0.0,0.0,0.0,0.0,0.0,0.0,0.0,0.0,0.0,0.0,0.0,0.0,0.0,0.0,0.0
2023-12-23 05:00:00,0.0,0.0,0.0,0.0,0.0,0.0,0.0,0.0,0.0,0.0,0.0,0.0,0.0,0.0,0.0,0.0,0.0,0.0,0.0,0.0,0.0,0.0,0.0,0.0,0.0,0.0,0.0,0.0
2023-12-23 06:00:00,0.0,0.0,0.0,0.0,0.0,0.0,0.0,0.0,0.0,0.0,0.0,0.0,0.0,0.0,0.0,0.0,0.0,0.0,0.0,0.0,0.0,0.0,0.0,0.0,0.0,0.0,0.0,0.0
2023-12-23 07:00:00,0.0,0.0,0.0,0.0,0.0,0.0,0.0,0.0,0.0,0.0,0.0,0.0,0.0,0.0,0.0,0.0,0.0,0.0,0.0,0.0,0.0,0.0,0.0,0.0,0.0,0.0,0.0,0.0
2023-12-23 08:00:00,0.0,0.0,0.0,0.0,0.0,0.0,0.0,0.0,0.0,0.0,0.0,0.0,0.0,0.0,0.0,0.0,0.0,0.0,0.0,0.0,0.0,0.0,0.0,0.0,0.0,0.0,0.0,0.0
2023-12-23 09:00:00,0.0,0.0,0.0,0.0,0.0,0.0,0.0,0.0,0.0,0.0,0.0,0.0,0.0,0.0,0.0,0.0,0.0,0.0,0.0,0.0,0.0,0.0,0.0,0.0,0.0,0.0,0.0,0.0
2023-12-23 10:00:00,0.021980632566081654,0.03681029166570874,0.16170737352119988,0.1575451259781256,0.0,0.0,0.31599387451847827,0.33919880525963747,0.0,0.28397236130223624,0.30503037779671993,0.05868863369499828,0.0,0.32763012443188316,0.0,0.0,0.0,0.0,0.0,0.31549402861602516,0.3226251293327201,0.125030192272228,0.35816852059665366,0.2513661883619345,0.35609065572060267,0.0,0.15409973694399634,0.276873833445557
2023-12-23 11:00:00,0.2115115351636668,0.35379024616731447,0.34811806884733304,0.2477067214628499,0.011429300359686131,0.0067326909162467915,0.49582552251417994,0.4795075404432983,0.19582459784266606,0.39027076875754063,0.420521648421907,0.12660535397571715,0.21390907599485148,0.46526345243602385,0.0646977718049436,0.13959057440742562,0.0007339453780184014,0.24293881183251417,0.00031919805463531914,0.45403626989062174,0.45945727728151997,0.2321267675411323,0.5304193376913515,0.3519060612042883,0.48227936974413194,0.009178671791766442,0.4895939798804729,0.4294649859970958
2023-12-23 12:00:00,0.3909070766709798,0.5617826994224387,0.47462417717979327,0.27376821287563546,0.014597924798264285,0.019509492620724937,0.45493880298191786,0.31575128030284105,0.38644489017761285,0.4268202399003217,0.3859216126521492,0.23665326201651002,0.4542485624825332,0.22651085966849946,0.22512575361816328,0.31067381673482725,0.005637088076863726,0.4070326735831353,0.0034604925409418884,0.21188343985942665,0.2266835889853203,0.3528097975042927,0.6098183236730862,0.3938025979720004,0.3978138791586474,0.01708410988755243,0.37509920562950655,0.488640084912661
2023-12-23 13:00:00,0.4292635745610666,0.6328421704795923,0.4865651301056735,0.39062728699147614,0.02517717182701716,0.041578195999223716,0.4798699988313552,0.3236058967732504,0.39147936805281,0.3529475570366214,0.3482706424510303,0.40796135586091614,0.4540687413688359,0.2729498205900291,0.29616670509364307,0.33272130440137926,0.017196205305350917,0.44388852408427115,0.012966010214136802,0.23002800063679568,0.27177351420829554,0.38653578122461796,0.6701829893675718,0.47911135074289224,0.4478214913530389,0.03206196570624033,0.4856204150835038,0.5534175843864039
2023-12-23 14:00:00,0.488168288839114,0.6706641425733849,0.5372130253718737,0.445537509237773,0.030013530347556997,0.07619909178003312,0.6351385386670427,0.5721429085952879,0.37463438289872425,0.5282045974435459,0.5418486291572496,0.5369824709375258,0.44780319255664136,0.5319265433043081,0.4791161989985663,0.4769859168659865,0.018251814465354083,0.5692824532242658,0.01278202052074392,0.49897930630971216,0.5237796553550789,0.58248103538022,0.6941270001524575,0.4951125605000169,0.48400393129633823,0.06925652792022552,0.5135692720281487,0.5620100930817438
2023-12-23 15:00:00,0.5211389183301662,0.6571536632133864,0.5121139937523487,0.4236519522061308,0.029666522314202075,0.05247430532470959,0.4666789606947739,0.38111347042604127,0.4567596586316423,0.3280630817206036,0.35611180339608395,0.5598804112602593,0.5444319676955506,0.40610841997825353,0.4164299795042975,0.3934534259555672,0.019858334607361684,0.5113529401172074,0.009993442782542983,0.3133329698109722,0.40804078691775975,0.5136827052493651,0.6521950315236127,0.5057954873231716,0.4352107975826725,0.08869158905084434,0.526490022661181,0.5455462210242289
2023-12-23 16:00:00,0.449434323157622,0.5716856216968657,0.4495219987831605,0.4220597809575091,0.010649250129894762,0.027054466775876564,0.3860082272082234,0.31518611127387874,0.3554084338636441,0.3126095014971086,0.30890686816581414,0.5208679272022417,0.41695715697653063,0.35674056617553584,0.30587394450657945,0.28890773366019495,0.010459035776718697,0.5353040148396713,0.004715408583228936,0.2994238409813837,0.36760690611454294,0.503270483500231,0.5497103653052586,0.44746267428965464,0.3146111367023988,0.04999517104512643,0.4404926061297809,0.45986639519758354
2023-12-23 17:00:00,0.288993197572667,0.3977238853937532,0.2986473064842798,0.25585795131099354,0.00021350959997176936,0.008124681495522142,0.30794578951972057,0.23915267236412321,0.23447979515929376,0.21730108613966306,0.23640507014569198,0.3476231641129877,0.2920891902479063,0.23185268071591666,0.16541565500347422,0.23550801502351448,0.0013733375486765086,0.3482028592009227,0.0007439705314375413,0.15776429657337343,0.23259556537862094,0.3344424989459404,0.0969053610802256,0.3071148226902386,0.07555770814892537,0.01657893100804398,0.11721891855092081,0.3270521656261703
2023-12-23 18:00:00,0.0,0.0,0.0,0.0,0.0,0.0,0.0,0.0,0.0,0.0,0.0,0.0,0.0,0.0,0.0,0.0,0.0,0.0,0.0,0.0,0.0,0.0,0.0,0.0,0.0,0.0,0.0,0.0
2023-12-23 19:00:00,0.0,0.0,0.0,0.0,0.0,0.0,0.0,0.0,0.0,0.0,0.0,0.0,0.0,0.0,0.0,0.0,0.0,0.0,0.0,0.0,0.0,0.0,0.0,0.0,0.0,0.0,0.0,0.0
2023-12-23 20:00:00,0.0,0.0,0.0,0.0,0.0,0.0,0.0,0.0,0.0,0.0,0.0,0.0,0.0,0.0,0.0,0.0,0.0,0.0,0.0,0.0,0.0,0.0,0.0,0.0,0.0,0.0,0.0,0.0
2023-12-23 21:00:00,0.0,0.0,0.0,0.0,0.0,0.0,0.0,0.0,0.0,0.0,0.0,0.0,0.0,0.0,0.0,0.0,0.0,0.0,0.0,0.0,0.0,0.0,0.0,0.0,0.0,0.0,0.0,0.0
2023-12-23 22:00:00,0.0,0.0,0.0,0.0,0.0,0.0,0.0,0.0,0.0,0.0,0.0,0.0,0.0,0.0,0.0,0.0,0.0,0.0,0.0,0.0,0.0,0.0,0.0,0.0,0.0,0.0,0.0,0.0
2023-12-23 23:00:00,0.0,0.0,0.0,0.0,0.0,0.0,0.0,0.0,0.0,0.0,0.0,0.0,0.0,0.0,0.0,0.0,0.0,0.0,0.0,0.0,0.0,0.0,0.0,0.0,0.0,0.0,0.0,0.0
2023-12-24 00:00:00,0.0,0.0,0.0,0.0,0.0,0.0,0.0,0.0,0.0,0.0,0.0,0.0,0.0,0.0,0.0,0.0,0.0,0.0,0.0,0.0,0.0,0.0,0.0,0.0,0.0,0.0,0.0,0.0
2023-12-24 01:00:00,0.0,0.0,0.0,0.0,0.0,0.0,0.0,0.0,0.0,0.0,0.0,0.0,0.0,0.0,0.0,0.0,0.0,0.0,0.0,0.0,0.0,0.0,0.0,0.0,0.0,0.0,0.0,0.0
2023-12-24 02:00:00,0.0,0.0,0.0,0.0,0.0,0.0,0.0,0.0,0.0,0.0,0.0,0.0,0.0,0.0,0.0,0.0,0.0,0.0,0.0,0.0,0.0,0.0,0.0,0.0,0.0,0.0,0.0,0.0
2023-12-24 03:00:00,0.0,0.0,0.0,0.0,0.0,0.0,0.0,0.0,0.0,0.0,0.0,0.0,0.0,0.0,0.0,0.0,0.0,0.0,0.0,0.0,0.0,0.0,0.0,0.0,0.0,0.0,0.0,0.0
2023-12-24 04:00:00,0.0,0.0,0.0,0.0,0.0,0.0,0.0,0.0,0.0,0.0,0.0,0.0,0.0,0.0,0.0,0.0,0.0,0.0,0.0,0.0,0.0,0.0,0.0,0.0,0.0,0.0,0.0,0.0
2023-12-24 05:00:00,0.0,0.0,0.0,0.0,0.0,0.0,0.0,0.0,0.0,0.0,0.0,0.0,0.0,0.0,0.0,0.0,0.0,0.0,0.0,0.0,0.0,0.0,0.0,0.0,0.0,0.0,0.0,0.0
2023-12-24 06:00:00,0.0,0.0,0.0,0.0,0.0,0.0,0.0,0.0,0.0,0.0,0.0,0.0,0.0,0.0,0.0,0.0,0.0,0.0,0.0,0.0,0.0,0.0,0.0,0.0,0.0,0.0,0.0,0.0
2023-12-24 07:00:00,0.0,0.0,0.0,0.0,0.0,0.0,0.0,0.0,0.0,0.0,0.0,0.0,0.0,0.0,0.0,0.0,0.0,0.0,0.0,0.0,0.0,0.0,0.0,0.0,0.0,0.0,0.0,0.0
2023-12-24 08:00:00,0.0,0.0,0.0,0.0,0.0,0.0,0.0,0.0,0.0,0.0,0.0,0.0,0.0,0.0,0.0,0.0,0.0,0.0,0.0,0.0,0.0,0.0,0.0,0.0,0.0,0.0,0.0,0.0
2023-12-24 09:00:00,0.0,0.0,0.0,0.0,0.0,0.0,0.0,0.0,0.0,0.0,0.0,0.0,0.0,0.0,0.0,0.0,0.0,0.0,0.0,0.0,0.0,0.0,0.0,0.0,0.0,0.0,0.0,0.0
2023-12-24 10:00:00,0.0,0.012306987277616203,2.2588790864496628e-05,0.033308690541879106,0.0,0.0,0.0019821168397374414,0.005605033724061615,0.0,0.003069848247401096,0.0016953999672510798,0.06505949890738545,0.0,0.008799029804196853,0.0,0.0,0.0,0.0,0.0,0.012445908318246341,0.009306788208326625,0.0003934726362389248,0.4085012197381645,0.09407462376504663,0.23179923439195568,0.0,0.07694407996529033,0.10236738870789182
2023-12-24 11:00:00,0.08042411747374631,0.13805805216488395,0.013928446620499765,0.0958928588352289,0.007342351607054696,0.0008314865780804106,0.020479892165529003,0.02547103097819486,0.014321020068808678,0.02766178134640304,0.0224784033135718,0.24364693449497363,0.018820234488909824,0.02789826994446199,0.01103430545415694,0.008339995518310104,0.026185017259806063,0.04791246750606724,0.026350821767025082,0.04569259121662776,0.02887779087262312,0.11370389016077569,0.5796661958047009,0.2195700424285168,0.41926944651139997,0.00648107323378539,0.32052663799107045,0.20076694246385932
2023-12-24 12:00:00,0.1243093834647675,0.19024313296788123,0.041626537551593325,0.15292119904900192,0.042260537763589415,0.012610124923117074,0.0718298972749211,0.03896489750027793,0.08073337988802225,0.04700123580752265,0.045595684512745316,0.1971817519172308,0.08195339939318104,0.03264149478180296,0.11444445189909835,0.05830448050527327,0.12146539357291501,0.086801207859512,0.07661064687053551,0.04454143825079265,0.03289543456146214,0.12012832488623226,0.7330026526197712,0.41065547672433433,0.6940740947088888,0.024730165977411206,0.5118117601212273,0.3881113817708762
2023-12-24 13:00:00,0.20556346605820425,0.3044018602682425,0.03245407768902873,0.21539370963511387,0.0631908581274704,0.022522777945690867,0.04854027268434647,0.04647895177452973,0.10654865015353765,0.05992627828666855,0.054064683599497815,0.35203022267168815,0.10014765582592915,0.0414205551779735,0.1264268912619649,0.06523701649103184,0.193681458700918,0.1811703700054819,0.12152760855057565,0.04891182184995575,0.041538549974794094,0.25320187078748874,0.7863936377025955,0.4995795589080306,0.7916637001340701,0.03941356156878642,0.5877077411975373,0.4468853726197084
2023-12-24 14:00:00,0.20378576345243965,0.3554130155407694,0.015696029806582874,0.13744026267813156,0.0892838942303294,0.03316687561538845,0.02172801734191221,0.049531545488873396,0.12803963534859922,0.03732281578191787,0.02977430097079406,0.34133734334663907,0.10475648065776957,0.0731936849961363,0.10349949007772238,0.06697268664502423,0.26151086411142843,0.18765623720102034,0.20110537601515127,0.08275377253461368,0.07601018202893671,0.25109715169532176,0.774148572257456,0.5113214139884751,0.7813302891786051,0.05740825581098273,0.6015401017882989,0.4338271534896822
2023-12-24 15:00:00,0.14597417542277244,0.3436813615940698,0.051567779420979676,0.11720918128516032,0.08704799491584861,0.04097179239635186,0.07704942177542003,0.06244114831638679,0.12584603625771798,0.03775655625279913,0.032273180318185074,0.2765706507932205,0.09959758986694559,0.10584117523046263,0.09245835966098702,0.08919751847520957,0.2958914565418313,0.07442721797687954,0.26508329547983506,0.05397265986977823,0.1133761379255094,0.13386026170414325,0.7431109479169283,0.4462606698418357,0.7255804066603982,0.04394829995966869,0.5590543586573429,0.37696195553267686
2023-12-24 16:00:00,0.10128084084371744,0.32775115710244773,0.02671139877513359,0.22792774441347186,0.06809902591766745,0.03460897192285153,0.011434840376418816,0.017711545304306454,0.0905131821771941,0.005858886850798793,0.004042405029164163,0.270418948206753,0.061045976390010415,0.039776355393014495,0.058842551577839707,0.043060217546604086,0.24882010446198083,0.03358099814802228,0.23693328752217357,0.016654562420377952,0.042906453290465545,0.06873911449367352,0.6084550076033296,0.3826317969281473,0.6071007197929263,0.02981665172020048,0.4394837606296811,0.2959817210334448
2023-12-24 17:00:00,0.07776415350030288,0.2814226112233315,0.08546862810829986,0.10602494230338233,0.01988199735916229,0.033163437463199316,0.03646038632147035,0.041194982455310204,0.0864286544731876,0.002786035770092396,0.0067808196950393225,0.13880988232801472,0.045480576547425815,0.08413724597801847,0.03676940054712287,0.02725099041722968,0.1893309219302693,0.009476622135451236,0.17030164451385793,0.048102763753550354,0.08795476915334896,0.03524757932515941,0.13391907594409283,0.27477689461933075,0.15061633315599665,0.023645482176417747,0.1079924121875547,0.20556665486643375
2023-12-24 18:00:00,0.0,0.0,0.0,0.0,0.0,0.0,0.0,0.0,0.0,0.0,0.0,0.0,0.0,0.0,0.0,0.0,0.0,0.0,0.0,0.0,0.0,0.0,0.0,0.0,0.0,0.0,0.0,0.0
2023-12-24 19:00:00,0.0,0.0,0.0,0.0,0.0,0.0,0.0,0.0,0.0,0.0,0.0,0.0,0.0,0.0,0.0,0.0,0.0,0.0,0.0,0.0,0.0,0.0,0.0,0.0,0.0,0.0,0.0,0.0
2023-12-24 20:00:00,0.0,0.0,0.0,0.0,0.0,0.0,0.0,0.0,0.0,0.0,0.0,0.0,0.0,0.0,0.0,0.0,0.0,0.0,0.0,0.0,0.0,0.0,0.0,0.0,0.0,0.0,0.0,0.0
2023-12-24 21:00:00,0.0,0.0,0.0,0.0,0.0,0.0,0.0,0.0,0.0,0.0,0.0,0.0,0.0,0.0,0.0,0.0,0.0,0.0,0.0,0.0,0.0,0.0,0.0,0.0,0.0,0.0,0.0,0.0
2023-12-24 22:00:00,0.0,0.0,0.0,0.0,0.0,0.0,0.0,0.0,0.0,0.0,0.0,0.0,0.0,0.0,0.0,0.0,0.0,0.0,0.0,0.0,0.0,0.0,0.0,0.0,0.0,0.0,0.0,0.0
2023-12-24 23:00:00,0.0,0.0,0.0,0.0,0.0,0.0,0.0,0.0,0.0,0.0,0.0,0.0,0.0,0.0,0.0,0.0,0.0,0.0,0.0,0.0,0.0,0.0,0.0,0.0,0.0,0.0,0.0,0.0
2023-12-25 00:00:00,0.0,0.0,0.0,0.0,0.0,0.0,0.0,0.0,0.0,0.0,0.0,0.0,0.0,0.0,0.0,0.0,0.0,0.0,0.0,0.0,0.0,0.0,0.0,0.0,0.0,0.0,0.0,0.0
2023-12-25 01:00:00,0.0,0.0,0.0,0.0,0.0,0.0,0.0,0.0,0.0,0.0,0.0,0.0,0.0,0.0,0.0,0.0,0.0,0.0,0.0,0.0,0.0,0.0,0.0,0.0,0.0,0.0,0.0,0.0
2023-12-25 02:00:00,0.0,0.0,0.0,0.0,0.0,0.0,0.0,0.0,0.0,0.0,0.0,0.0,0.0,0.0,0.0,0.0,0.0,0.0,0.0,0.0,0.0,0.0,0.0,0.0,0.0,0.0,0.0,0.0
2023-12-25 03:00:00,0.0,0.0,0.0,0.0,0.0,0.0,0.0,0.0,0.0,0.0,0.0,0.0,0.0,0.0,0.0,0.0,0.0,0.0,0.0,0.0,0.0,0.0,0.0,0.0,0.0,0.0,0.0,0.0
2023-12-25 04:00:00,0.0,0.0,0.0,0.0,0.0,0.0,0.0,0.0,0.0,0.0,0.0,0.0,0.0,0.0,0.0,0.0,0.0,0.0,0.0,0.0,0.0,0.0,0.0,0.0,0.0,0.0,0.0,0.0
2023-12-25 05:00:00,0.0,0.0,0.0,0.0,0.0,0.0,0.0,0.0,0.0,0.0,0.0,0.0,0.0,0.0,0.0,0.0,0.0,0.0,0.0,0.0,0.0,0.0,0.0,0.0,0.0,0.0,0.0,0.0
2023-12-25 06:00:00,0.0,0.0,0.0,0.0,0.0,0.0,0.0,0.0,0.0,0.0,0.0,0.0,0.0,0.0,0.0,0.0,0.0,0.0,0.0,0.0,0.0,0.0,0.0,0.0,0.0,0.0,0.0,0.0
2023-12-25 07:00:00,0.0,0.0,0.0,0.0,0.0,0.0,0.0,0.0,0.0,0.0,0.0,0.0,0.0,0.0,0.0,0.0,0.0,0.0,0.0,0.0,0.0,0.0,0.0,0.0,0.0,0.0,0.0,0.0
2023-12-25 08:00:00,0.0,0.0,0.0,0.0,0.0,0.0,0.0,0.0,0.0,0.0,0.0,0.0,0.0,0.0,0.0,0.0,0.0,0.0,0.0,0.0,0.0,0.0,0.0,0.0,0.0,0.0,0.0,0.0
2023-12-25 09:00:00,0.0,0.0,0.0,0.0,0.0,0.0,0.0,0.0,0.0,0.0,0.0,0.0,0.0,0.0,0.0,0.0,0.0,0.0,0.0,0.0,0.0,0.0,0.0,0.0,0.0,0.0,0.0,0.0
2023-12-25 10:00:00,0.0,0.003703952116129695,0.0,0.021797274256243556,0.0,0.0,0.0,0.0,0.0,0.0,0.0,0.0035222741565554784,0.0,0.0,0.0,0.0,0.0,0.0,0.0,0.0,0.0,0.0,0.40575029091270187,0.04214358312546277,0.0744080999942248,0.0,0.0010153053381545822,0.09138785277282967
2023-12-25 11:00:00,0.0167149710442933,0.06437900267243118,0.0001711412137638561,0.028855792681355127,0.0001906115234600135,3.296001714598433e-05,0.0008545532850105568,0.003027107023603473,0.004198844549182307,0.002030342626456027,0.000950951529917962,0.028228605065555204,0.0057124974948445945,0.0059981356950995456,0.005587331154732496,0.005119264535250656,0.0,0.01377112454220761,0.0,0.00410951291772441,0.006502117873566002,0.02326712590314296,0.5681599825651683,0.08023552294718518,0.1461867845085435,0.0006105208103772711,0.02502999059229277,0.1370370346885259
2023-12-25 12:00:00,0.033764392493410976,0.15475927692317357,0.001587340811749817,0.029610918427779628,0.004856605170476769,0.003757160132023927,0.003605078647547047,0.007557410232362068,0.007687537962453272,0.0018302824758741137,0.00229537389434029,0.08934669690716249,0.010462035161640093,0.014045749891743833,0.007834006634675076,0.008080098904999613,0.0014265560755379154,0.010758030202851855,0.0010052874374511982,0.006848599909175588,0.014743070433873632,0.02967977969936099,0.6760032127734675,0.0742615482754825,0.20499745723907228,0.004928474159644048,0.04754151201465696,0.07673244321145789
2023-12-25 13:00:00,0.028905655287569925,0.25865699375631473,0.003405093175696472,0.05408207906947065,0.016364208565277222,0.011536088804376557,0.005006881979012026,0.016204141844179936,0.012970645055121644,0.0042692652103489374,0.004311710668691545,0.08304688860803569,0.014899900969830845,0.029602221374064302,0.020663770739701964,0.016629525828195532,0.009957775512642663,0.012291691448445878,0.009181189381481792,0.02319496443871692,0.031255758285448056,0.02642789486651706,0.6516613668687333,0.10266583358800305,0.17842951799100626,0.011426018913714987,0.0761169506409064,0.10657828140877583
2023-12-25 14:00:00,0.021741677483253567,0.2685282264404381,0.0034251321478475246,0.047924756817957354,0.02668986706735835,0.01228794269903012,0.00513545552601872,0.006763770819288264,0.018975786349208098,0.0026968944852387164,0.0028846767493349423,0.06553283311485392,0.02081021709628491,0.011779261064795571,0.023214839696941852,0.017504514610982968,0.007826742101421197,0.010748881940430144,0.007158870621263724,0.0075559998317933814,0.012497711552111566,0.022091137135047595,0.6495529332308203,0.2652970367629965,0.23646125883529326,0.01360094833593497,0.21735919234925574,0.19517947515292408
2023-12-25 15:00:00,0.02309552202949031,0.24843962162729266,0.003453333833178473,0.03482881195838008,0.02182716738244377,0.012127860526974628,0.005380017766257195,0.00794048940351341,0.015827212961473113,0.0063124203491001256,0.005938911349666637,0.05956366523857238,0.016666119586445215,0.010187200348224427,0.020804498872773775,0.017373169263189905,0.007201018492941849,0.008807588592267114,0.009720642019319646,0.006016601876311256,0.010600538969235107,0.02283390675592836,0.4887830781523758,0.2704418900936051,0.2608227259888289,0.013369199176071867,0.36960316182267816,0.1755983779701471
2023-12-25 16:00:00,0.016108579215471184,0.23617725173017115,0.000828668550303543,0.017023140268487086,0.013541757245256676,0.006647755700318702,0.0028234679446861428,0.010284172370460552,0.01215081038533452,0.006393892066066508,0.004328625938389079,0.04164877619325082,0.012775231223325722,0.01688222171385781,0.02352586772851955,0.012649863974537838,0.0032313148693704926,0.004565486930910028,0.003550488244471933,0.016446227892303295,0.017937293235276538,0.015235849123949584,0.30720383875327184,0.21695152964933334,0.3286057548279524,0.004260428045940405,0.3273398353916435,0.147727788987569
2023-12-25 17:00:00,0.004592685522776563,0.13504148325793477,0.0,0.0009949064503057532,0.0031098967129594575,0.0012936755177322947,0.00013202808795813043,0.0004305112014956192,0.00579520718960094,0.0,0.0,0.011836104566996263,0.004102976592803849,0.0010963153318298933,0.025196852422624254,0.005170725438011013,0.00053424307145111,4.28375828283545e-05,0.0009331159230285839,0.0,0.00123335474830863,0.002206733921292325,0.10362595625193997,0.06499015007353222,0.11466544268362124,0.0006693949745573002,0.0422512497668237,0.045514366743655034
2023-12-25 18:00:00,0.0,0.0,0.0,0.0,0.0,0.0,0.0,0.0,0.0,0.0,0.0,0.0,0.0,0.0,0.0,0.0,0.0,0.0,0.0,0.0,0.0,0.0,0.0,0.0,0.0,0.0,0.0,0.0
2023-12-25 19:00:00,0.0,0.0,0.0,0.0,0.0,0.0,0.0,0.0,0.0,0.0,0.0,0.0,0.0,0.0,0.0,0.0,0.0,0.0,0.0,0.0,0.0,0.0,0.0,0.0,0.0,0.0,0.0,0.0
2023-12-25 20:00:00,0.0,0.0,0.0,0.0,0.0,0.0,0.0,0.0,0.0,0.0,0.0,0.0,0.0,0.0,0.0,0.0,0.0,0.0,0.0,0.0,0.0,0.0,0.0,0.0,0.0,0.0,0.0,0.0
2023-12-25 21:00:00,0.0,0.0,0.0,0.0,0.0,0.0,0.0,0.0,0.0,0.0,0.0,0.0,0.0,0.0,0.0,0.0,0.0,0.0,0.0,0.0,0.0,0.0,0.0,0.0,0.0,0.0,0.0,0.0
2023-12-25 22:00:00,0.0,0.0,0.0,0.0,0.0,0.0,0.0,0.0,0.0,0.0,0.0,0.0,0.0,0.0,0.0,0.0,0.0,0.0,0.0,0.0,0.0,0.0,0.0,0.0,0.0,0.0,0.0,0.0
2023-12-25 23:00:00,0.0,0.0,0.0,0.0,0.0,0.0,0.0,0.0,0.0,0.0,0.0,0.0,0.0,0.0,0.0,0.0,0.0,0.0,0.0,0.0,0.0,0.0,0.0,0.0,0.0,0.0,0.0,0.0
2023-12-26 00:00:00,0.0,0.0,0.0,0.0,0.0,0.0,0.0,0.0,0.0,0.0,0.0,0.0,0.0,0.0,0.0,0.0,0.0,0.0,0.0,0.0,0.0,0.0,0.0,0.0,0.0,0.0,0.0,0.0
2023-12-26 01:00:00,0.0,0.0,0.0,0.0,0.0,0.0,0.0,0.0,0.0,0.0,0.0,0.0,0.0,0.0,0.0,0.0,0.0,0.0,0.0,0.0,0.0,0.0,0.0,0.0,0.0,0.0,0.0,0.0
2023-12-26 02:00:00,0.0,0.0,0.0,0.0,0.0,0.0,0.0,0.0,0.0,0.0,0.0,0.0,0.0,0.0,0.0,0.0,0.0,0.0,0.0,0.0,0.0,0.0,0.0,0.0,0.0,0.0,0.0,0.0
2023-12-26 03:00:00,0.0,0.0,0.0,0.0,0.0,0.0,0.0,0.0,0.0,0.0,0.0,0.0,0.0,0.0,0.0,0.0,0.0,0.0,0.0,0.0,0.0,0.0,0.0,0.0,0.0,0.0,0.0,0.0
2023-12-26 04:00:00,0.0,0.0,0.0,0.0,0.0,0.0,0.0,0.0,0.0,0.0,0.0,0.0,0.0,0.0,0.0,0.0,0.0,0.0,0.0,0.0,0.0,0.0,0.0,0.0,0.0,0.0,0.0,0.0
2023-12-26 05:00:00,0.0,0.0,0.0,0.0,0.0,0.0,0.0,0.0,0.0,0.0,0.0,0.0,0.0,0.0,0.0,0.0,0.0,0.0,0.0,0.0,0.0,0.0,0.0,0.0,0.0,0.0,0.0,0.0
2023-12-26 06:00:00,0.0,0.0,0.0,0.0,0.0,0.0,0.0,0.0,0.0,0.0,0.0,0.0,0.0,0.0,0.0,0.0,0.0,0.0,0.0,0.0,0.0,0.0,0.0,0.0,0.0,0.0,0.0,0.0
2023-12-26 07:00:00,0.0,0.0,0.0,0.0,0.0,0.0,0.0,0.0,0.0,0.0,0.0,0.0,0.0,0.0,0.0,0.0,0.0,0.0,0.0,0.0,0.0,0.0,0.0,0.0,0.0,0.0,0.0,0.0
2023-12-26 08:00:00,0.0,0.0,0.0,0.0,0.0,0.0,0.0,0.0,0.0,0.0,0.0,0.0,0.0,0.0,0.0,0.0,0.0,0.0,0.0,0.0,0.0,0.0,0.0,0.0,0.0,0.0,0.0,0.0
2023-12-26 09:00:00,0.0,0.0,0.0,0.0,0.0,0.0,0.0,0.0,0.0,0.0,0.0,0.0,0.0,0.0,0.0,0.0,0.0,0.0,0.0,0.0,0.0,0.0,0.0,0.0,0.0,0.0,0.0,0.0
2023-12-26 10:00:00,0.005778412623778854,0.026653231622511656,0.008088886723745806,0.08575067164992652,0.0,0.0,0.04767850132659202,0.1033914898728609,0.0,0.09190333203718326,0.05213180341017368,0.08403946591807351,0.0,0.17840754190814406,0.0,0.0,0.0,0.0,0.0,0.13353520045457973,0.1896668435948313,0.044409701176701934,0.18712968763915908,0.17207691983448753,0.07308976811351843,0.0,0.021829204774614287,0.2293992632387769
2023-12-26 11:00:00,0.14527398248663953,0.37318121282746824,0.0632889841738841,0.15675935206403688,0.007021627980346614,0.03967660746251659,0.0846242076763174,0.17596754115953042,0.2134960298598174,0.1564024720128716,0.09907452283578862,0.21146063681724075,0.17507700959702746,0.27377679900713214,0.13764280159895612,0.15958346767114376,0.12626838407352564,0.20073436376052742,0.06613546948241533,0.26384998933321957,0.2921805774376816,0.15966602267473604,0.26867965048260267,0.26457805632165265,0.11324117256202794,0.07432807148132889,0.1851919937609554,0.35931277079982865
2023-12-26 12:00:00,0.2228877227105428,0.45685077667539725,0.18332007736212982,0.2818574447629257,0.04094710091989153,0.08645378102491709,0.2031594837384524,0.26917718125122725,0.26182655013190553,0.2522566791115268,0.1884667238677378,0.3217387749556584,0.275690770794199,0.3535973474177958,0.2249657130796255,0.2676793290156529,0.1746913184398771,0.26960834710017595,0.1492206575749574,0.36867829106150074,0.37002893551169064,0.24855394964607525,0.2671575783536203,0.3509783198845853,0.14359322409025682,0.18748078523777084,0.2473002947134525,0.4450415388375805
2023-12-26 13:00:00,0.25587321104795063,0.5306591081117685,0.16651291971587873,0.40494839594352733,0.11624558158587785,0.13253253960805886,0.27475538196214927,0.38112602748876706,0.35089069724637145,0.34624512969393406,0.2856261803872863,0.3715229921009789,0.3711027556609295,0.4421225894556247,0.299024614641814,0.33898607720381874,0.25466963428806677,0.26018506981500406,0.2518482630799641,0.4567740188965648,0.4524542330046337,0.28062070200832073,0.36885554717304325,0.46194272104140804,0.2244990162585475,0.1854554235282206,0.30599536254291293,0.5286409737754771
2023-12-26 14:00:00,0.22582100620663254,0.5470056440059383,0.1659581504780026,0.4590845394982848,0.17750211323294093,0.18052264937476217,0.20650079031478652,0.32462745391196435,0.26003748054045217,0.3242900986506999,0.2715150411123426,0.3195664699716577,0.2963510322406613,0.37121699202947434,0.3409330848925593,0.4062144162697346,0.3042061923336127,0.19993487114722897,0.3452995851700942,0.37748428643813214,0.38023116745614555,0.24367213600495305,0.35911683776303,0.48100524082092677,0.24639758184327662,0.2046476382779318,0.3289559166667525,0.5322613575351895
2023-12-26 15:00:00,0.20872880673573552,0.5638987890977973,0.11946149907469689,0.33692694191158673,0.181915234745086,0.20039810003823186,0.1866990428868712,0.28305682471772914,0.1919273452751881,0.3321934512148692,0.24553474356283778,0.31347735885784367,0.22823573925682808,0.29931266172562243,0.4230000021397764,0.27946219594711125,0.24134751012877212,0.3049386519293367,0.33413005560525905,0.4245249826822612,0.3083310733219284,0.3006326114794266,0.33247551704982103,0.4884256394417658,0.3543655501080379,0.22562744781295926,0.3706035711204549,0.5314100212166523
2023-12-26 16:00:00,0.23792259166291713,0.5080675357458065,0.04128954034593537,0.27680052585579795,0.1745174140421746,0.20188873464487264,0.07466432763239224,0.18127454066776758,0.17418665691059856,0.17272695409892608,0.11073814092113055,0.4083650489092238,0.20593707621845025,0.25862058950665734,0.39687347754438934,0.2297109229055708,0.23813508701565173,0.3508799323519163,0.34382814009703816,0.41767512351207986,0.2714407456723021,0.3527501492656799,0.24810515148007853,0.3575029553547557,0.24820684811958416,0.25604992559988027,0.2865548000800818,0.3945785085640562
2023-12-26 17:00:00,0.17078058115928535,0.36787493127844656,0.005420190631663307,0.3236218955676691,0.08776250009591785,0.13176289766028923,0.0218553785066824,0.057191297314337364,0.1224446695240076,0.05426545624385435,0.023316113753087973,0.34310197642300366,0.14596867978084935,0.096433444593581,0.24250557849416265,0.162575589094811,0.1302632442386973,0.27084099876370615,0.20697395430095128,0.22066924638080382,0.10350008214992251,0.23984021951514536,0.07760778564706454,0.2798783522712837,0.13347423076201623,0.1788596081576578,0.11348935428925706,0.2654468252554193
2023-12-26 18:00:00,0.0,0.0,0.0,0.0,0.0,0.0,0.0,0.0,0.0,0.0,0.0,0.0,0.0,0.0,0.0,0.0,0.0,0.0,0.0,0.0,0.0,0.0,0.0,0.0,0.0,0.0,0.0,0.0
2023-12-26 19:00:00,0.0,0.0,0.0,0.0,0.0,0.0,0.0,0.0,0.0,0.0,0.0,0.0,0.0,0.0,0.0,0.0,0.0,0.0,0.0,0.0,0.0,0.0,0.0,0.0,0.0,0.0,0.0,0.0
2023-12-26 20:00:00,0.0,0.0,0.0,0.0,0.0,0.0,0.0,0.0,0.0,0.0,0.0,0.0,0.0,0.0,0.0,0.0,0.0,0.0,0.0,0.0,0.0,0.0,0.0,0.0,0.0,0.0,0.0,0.0
2023-12-26 21:00:00,0.0,0.0,0.0,0.0,0.0,0.0,0.0,0.0,0.0,0.0,0.0,0.0,0.0,0.0,0.0,0.0,0.0,0.0,0.0,0.0,0.0,0.0,0.0,0.0,0.0,0.0,0.0,0.0
2023-12-26 22:00:00,0.0,0.0,0.0,0.0,0.0,0.0,0.0,0.0,0.0,0.0,0.0,0.0,0.0,0.0,0.0,0.0,0.0,0.0,0.0,0.0,0.0,0.0,0.0,0.0,0.0,0.0,0.0,0.0
2023-12-26 23:00:00,0.0,0.0,0.0,0.0,0.0,0.0,0.0,0.0,0.0,0.0,0.0,0.0,0.0,0.0,0.0,0.0,0.0,0.0,0.0,0.0,0.0,0.0,0.0,0.0,0.0,0.0,0.0,0.0
2023-12-27 00:00:00,0.0,0.0,0.0,0.0,0.0,0.0,0.0,0.0,0.0,0.0,0.0,0.0,0.0,0.0,0.0,0.0,0.0,0.0,0.0,0.0,0.0,0.0,0.0,0.0,0.0,0.0,0.0,0.0
2023-12-27 01:00:00,0.0,0.0,0.0,0.0,0.0,0.0,0.0,0.0,0.0,0.0,0.0,0.0,0.0,0.0,0.0,0.0,0.0,0.0,0.0,0.0,0.0,0.0,0.0,0.0,0.0,0.0,0.0,0.0
2023-12-27 02:00:00,0.0,0.0,0.0,0.0,0.0,0.0,0.0,0.0,0.0,0.0,0.0,0.0,0.0,0.0,0.0,0.0,0.0,0.0,0.0,0.0,0.0,0.0,0.0,0.0,0.0,0.0,0.0,0.0
2023-12-27 03:00:00,0.0,0.0,0.0,0.0,0.0,0.0,0.0,0.0,0.0,0.0,0.0,0.0,0.0,0.0,0.0,0.0,0.0,0.0,0.0,0.0,0.0,0.0,0.0,0.0,0.0,0.0,0.0,0.0
2023-12-27 04:00:00,0.0,0.0,0.0,0.0,0.0,0.0,0.0,0.0,0.0,0.0,0.0,0.0,0.0,0.0,0.0,0.0,0.0,0.0,0.0,0.0,0.0,0.0,0.0,0.0,0.0,0.0,0.0,0.0
2023-12-27 05:00:00,0.0,0.0,0.0,0.0,0.0,0.0,0.0,0.0,0.0,0.0,0.0,0.0,0.0,0.0,0.0,0.0,0.0,0.0,0.0,0.0,0.0,0.0,0.0,0.0,0.0,0.0,0.0,0.0
2023-12-27 06:00:00,0.0,0.0,0.0,0.0,0.0,0.0,0.0,0.0,0.0,0.0,0.0,0.0,0.0,0.0,0.0,0.0,0.0,0.0,0.0,0.0,0.0,0.0,0.0,0.0,0.0,0.0,0.0,0.0
2023-12-27 07:00:00,0.0,0.0,0.0,0.0,0.0,0.0,0.0,0.0,0.0,0.0,0.0,0.0,0.0,0.0,0.0,0.0,0.0,0.0,0.0,0.0,0.0,0.0,0.0,0.0,0.0,0.0,0.0,0.0
2023-12-27 08:00:00,0.0,0.0,0.0,0.0,0.0,0.0,0.0,0.0,0.0,0.0,0.0,0.0,0.0,0.0,0.0,0.0,0.0,0.0,0.0,0.0,0.0,0.0,0.0,0.0,0.0,0.0,0.0,0.0
2023-12-27 09:00:00,0.0,0.0,0.0,0.0,0.0,0.0,0.0,0.0,0.0,0.0,0.0,0.0,0.0,0.0,0.0,0.0,0.0,0.0,0.0,0.0,0.0,0.0,0.0,0.0,0.0,0.0,0.0,0.0
2023-12-27 10:00:00,0.0,0.024662750280454112,0.0,0.06442868955642354,0.0,0.0,0.0,0.0,0.0,0.0,5.516155402705101e-05,0.05749935198507697,0.0,0.0023559340468040564,0.0,0.0,0.0,0.0,0.0,0.008202329579675323,0.0026504258026545636,8.638678886901474e-05,0.21250394605712805,0.17985684080556977,0.2085525827825492,0.0,0.10690140612819032,0.18640608687257815
2023-12-27 11:00:00,0.0608707130700508,0.12808217732509558,0.007077782129561289,0.17041072705032037,0.00092130955030987,0.00043614965220861496,0.0015594603968486767,0.0016021968204399872,0.03337349482362212,0.0010263617280575194,0.0006775642313319329,0.10710390676944047,0.04471252392577079,0.004524826972896502,0.01842973500251605,0.021816243697830306,0.00037328055634124985,0.019596025807889116,0.0,0.013577555967761307,0.004888124447164853,0.04048017263502295,0.39325563480933473,0.3142255978454372,0.41387386020191547,0.0005736174064387507,0.33562631721288955,0.28556634866059966
2023-12-27 12:00:00,0.08131748938307612,0.2806175422247632,0.037398139481802005,0.1672560906687358,0.03722916942037469,0.016625275947193537,0.018872987878695124,0.013115560188223485,0.07045964482060892,0.010340559890314004,0.009967981537270047,0.0904101366397099,0.06385320657851318,0.016419770916132573,0.18797493717234945,0.060568707924184215,0.004098848470046733,0.013855055416946907,0.0028802558277500417,0.007059339945987067,0.01671599597054344,0.03123365884625642,0.5657527388051605,0.3317607604368539,0.5083889010983357,0.0203936092326865,0.18295947027237267,0.31046006559082095
2023-12-27 13:00:00,0.05716491997592097,0.4359424468236957,0.035792390995606,0.10105382781044008,0.11495640404185671,0.0253669718425272,0.01724391654757461,0.01790581956235558,0.0902229251607762,0.010549268118736818,0.011945486469212924,0.10445587776728675,0.09322830994119329,0.026311618135367004,0.1539262004423666,0.07943215503153733,0.009506828719339996,0.014740887561820426,0.00880060155907533,0.013878584274538584,0.02786042729138081,0.03300467554851259,0.6714391892441947,0.3741220304774246,0.6854053669213834,0.034434006606866206,0.3640001321558444,0.32257697987487083
2023-12-27 14:00:00,0.07375467807702082,0.40273426738926427,0.05271597734484852,0.07558708127815576,0.09006090942378533,0.056108489983134585,0.015334035937213941,0.0276128725719134,0.1287757365485965,0.028783989853548648,0.020448010914901872,0.07043613539810617,0.12127705707725168,0.034439811885106544,0.2318923963225424,0.16232647974633846,0.016208016180193654,0.030393123055406385,0.007586008216073547,0.02249980026036461,0.03628073335219171,0.03440646794005722,0.6739428216685311,0.3725792722227185,0.6583886122372392,0.04471456193827359,0.48290974740010645,0.36784974324164865
2023-12-27 15:00:00,0.05231651033780167,0.3138947496526015,0.056610609697708605,0.0593907142799276,0.06677425487140508,0.07795232765346283,0.022119242570370994,0.03139492329474204,0.14184973224230268,0.0059811057820929655,0.006436991608331871,0.05649928238992434,0.16674061648060967,0.0621367385827634,0.2554240037940251,0.22660524427534098,0.009516864162658623,0.01621847267573816,0.028493362232314877,0.05290082814077154,0.06582985510251295,0.020040788665673378,0.5633652828673772,0.2833737369162729,0.535377529254169,0.1036570807965533,0.39801391451050183,0.35252992403402933
2023-12-27 16:00:00,0.0653475488618979,0.23488307012762,0.07027283178405834,0.020449173569324745,0.06403735762716493,0.03623712362532289,0.04593184223537195,0.02192906167928763,0.12680471323492482,0.009419235879219074,0.01586932192732281,0.02877325851189494,0.0861603749640603,0.023147791644667595,0.15246637512653086,0.09396600057493212,0.01659232754292877,0.0033876418076665017,0.014671974245700431,0.008101683522836188,0.02141701028247511,0.011817089500032156,0.4616887199063471,0.1963974021762588,0.37516429778551413,0.07247440127952316,0.14082931477336239,0.22423446429044094
2023-12-27 17:00:00,0.020927883972390978,0.16144821518684108,0.07648910194704361,0.0017904328369921154,0.007219428770612151,0.01904131391022046,0.041728470303767036,0.012246945810153509,0.06835808226666548,0.011399886522303266,0.0132931638956014,0.008720181438535231,0.058079228842333776,0.011937955948400227,0.06120871544134928,0.06413580793148918,0.030322951484344444,0.0011234768959545102,0.03627890228668127,0.000653981522675266,0.013076144133144079,0.005859929189597805,0.19335029304761006,0.10609405093474655,0.1431947225950531,0.021620379526530516,0.1033811407967913,0.06816124885790437
2023-12-27 18:00:00,0.0,0.0,0.0,0.0,0.0,0.0,0.0,0.0,0.0,0.0,0.0,0.0,0.0,0.0,0.0,0.0,0.0,0.0,0.0,0.0,0.0,0.0,0.0,0.0,0.0,0.0,0.0,0.0
2023-12-27 19:00:00,0.0,0.0,0.0,0.0,0.0,0.0,0.0,0.0,0.0,0.0,0.0,0.0,0.0,0.0,0.0,0.0,0.0,0.0,0.0,0.0,0.0,0.0,0.0,0.0,0.0,0.0,0.0,0.0
2023-12-27 20:00:00,0.0,0.0,0.0,0.0,0.0,0.0,0.0,0.0,0.0,0.0,0.0,0.0,0.0,0.0,0.0,0.0,0.0,0.0,0.0,0.0,0.0,0.0,0.0,0.0,0.0,0.0,0.0,0.0
2023-12-27 21:00:00,0.0,0.0,0.0,0.0,0.0,0.0,0.0,0.0,0.0,0.0,0.0,0.0,0.0,0.0,0.0,0.0,0.0,0.0,0.0,0.0,0.0,0.0,0.0,0.0,0.0,0.0,0.0,0.0
2023-12-27 22:00:00,0.0,0.0,0.0,0.0,0.0,0.0,0.0,0.0,0.0,0.0,0.0,0.0,0.0,0.0,0.0,0.0,0.0,0.0,0.0,0.0,0.0,0.0,0.0,0.0,0.0,0.0,0.0,0.0
2023-12-27 23:00:00,0.0,0.0,0.0,0.0,0.0,0.0,0.0,0.0,0.0,0.0,0.0,0.0,0.0,0.0,0.0,0.0,0.0,0.0,0.0,0.0,0.0,0.0,0.0,0.0,0.0,0.0,0.0,0.0
2023-12-28 00:00:00,0.0,0.0,0.0,0.0,0.0,0.0,0.0,0.0,0.0,0.0,0.0,0.0,0.0,0.0,0.0,0.0,0.0,0.0,0.0,0.0,0.0,0.0,0.0,0.0,0.0,0.0,0.0,0.0
2023-12-28 01:00:00,0.0,0.0,0.0,0.0,0.0,0.0,0.0,0.0,0.0,0.0,0.0,0.0,0.0,0.0,0.0,0.0,0.0,0.0,0.0,0.0,0.0,0.0,0.0,0.0,0.0,0.0,0.0,0.0
2023-12-28 02:00:00,0.0,0.0,0.0,0.0,0.0,0.0,0.0,0.0,0.0,0.0,0.0,0.0,0.0,0.0,0.0,0.0,0.0,0.0,0.0,0.0,0.0,0.0,0.0,0.0,0.0,0.0,0.0,0.0
2023-12-28 03:00:00,0.0,0.0,0.0,0.0,0.0,0.0,0.0,0.0,0.0,0.0,0.0,0.0,0.0,0.0,0.0,0.0,0.0,0.0,0.0,0.0,0.0,0.0,0.0,0.0,0.0,0.0,0.0,0.0
2023-12-28 04:00:00,0.0,0.0,0.0,0.0,0.0,0.0,0.0,0.0,0.0,0.0,0.0,0.0,0.0,0.0,0.0,0.0,0.0,0.0,0.0,0.0,0.0,0.0,0.0,0.0,0.0,0.0,0.0,0.0
2023-12-28 05:00:00,0.0,0.0,0.0,0.0,0.0,0.0,0.0,0.0,0.0,0.0,0.0,0.0,0.0,0.0,0.0,0.0,0.0,0.0,0.0,0.0,0.0,0.0,0.0,0.0,0.0,0.0,0.0,0.0
2023-12-28 06:00:00,0.0,0.0,0.0,0.0,0.0,0.0,0.0,0.0,0.0,0.0,0.0,0.0,0.0,0.0,0.0,0.0,0.0,0.0,0.0,0.0,0.0,0.0,0.0,0.0,0.0,0.0,0.0,0.0
2023-12-28 07:00:00,0.0,0.0,0.0,0.0,0.0,0.0,0.0,0.0,0.0,0.0,0.0,0.0,0.0,0.0,0.0,0.0,0.0,0.0,0.0,0.0,0.0,0.0,0.0,0.0,0.0,0.0,0.0,0.0
2023-12-28 08:00:00,0.0,0.0,0.0,0.0,0.0,0.0,0.0,0.0,0.0,0.0,0.0,0.0,0.0,0.0,0.0,0.0,0.0,0.0,0.0,0.0,0.0,0.0,0.0,0.0,0.0,0.0,0.0,0.0
2023-12-28 09:00:00,0.0,0.0,0.0,0.0,0.0,0.0,0.0,0.0,0.0,0.0,0.0,0.0,0.0,0.0,0.0,0.0,0.0,0.0,0.0,0.0,0.0,0.0,0.0,0.0,0.0,0.0,0.0,0.0
2023-12-28 10:00:00,9.747864322488667e-05,0.028880687465277666,4.871659131493092e-05,0.058672767121339446,0.0,0.0,0.002070676513548113,0.008175934572806728,0.0,0.0047556400419546604,0.0023621235256338874,0.02390105853663419,0.0,0.014128895998638116,0.0,0.0,0.0,0.0,0.0,0.01604866334982548,0.015101261798231659,0.001641562607309614,0.3358995408585599,0.18596596700343232,0.12925959296272163,0.0,0.03249169134129962,0.2166013712495062
2023-12-28 11:00:00,0.09271831141350995,0.37097443439501815,0.014592282366889756,0.09788370304381773,0.0018336477976843256,0.020411495505983694,0.026565768575126516,0.035118771095394456,0.1297303821313803,0.0344787064215345,0.031257334093312175,0.08629029710467315,0.11588709798032291,0.0355944934036483,0.17150309384517803,0.08880135774417212,0.04604709067062935,0.04585016739202477,0.007700278449028575,0.02724941590946144,0.035361856821904375,0.08025191284459815,0.43948485875346716,0.24675318586555406,0.19202091654407838,0.01311097141221159,0.24759811142203186,0.3270477459871636
2023-12-28 12:00:00,0.10152738684319515,0.5108225091597942,0.0073669216665915105,0.15831097331509822,0.01985520915232363,0.02513891191407205,0.016114506545229303,0.06293596501387079,0.07590382780584172,0.022710489858838723,0.01960202291568673,0.15644225110194515,0.08078800101504702,0.11484366513959869,0.20066593876049077,0.08275891775689222,0.10630513142504476,0.06315721903593625,0.05941928482315941,0.12337501326721745,0.12146195568737066,0.09719679505156648,0.503128466168997,0.34680119446907937,0.2480713018181257,0.04439158172870245,0.33751044010854947,0.38173143612451366
2023-12-28 13:00:00,0.10393839546597905,0.5594737049765687,0.01763296573178894,0.19066101794613255,0.04442175114328338,0.044718205534072845,0.0460692529932099,0.036780422044040785,0.0729163669158284,0.02430993045859431,0.03411957870498102,0.17804929621133642,0.08134129021158491,0.03759104430449403,0.2580351478609965,0.11408339921090499,0.133232763118306,0.055991683004004256,0.06467230615299319,0.024837430511916322,0.036176166089629376,0.09941022415034152,0.5018521390275094,0.3050838496165973,0.3023624571330983,0.06805806289633985,0.43935424863298816,0.3189724911989554
2023-12-28 14:00:00,0.04603663398782583,0.44445591424112935,0.012498265744658036,0.17979471872183858,0.06617913010138106,0.05006227970545345,0.03229909909644065,0.029414324528813263,0.048937139620343996,0.018107434405365747,0.021593543636517235,0.14890920582828143,0.0530473417448057,0.03813105393943594,0.20075268582051253,0.08101832385200655,0.1622593532624713,0.025200325830030925,0.13062976127204798,0.01640165227933069,0.03883249501001914,0.05291571651389512,0.5378777963349679,0.3317457693515744,0.38722648546433,0.11058077471896803,0.5154466089017606,0.2644651745958698
2023-12-28 15:00:00,0.034496480900263485,0.27518502373576237,0.011006877621661334,0.14514735094509487,0.04795395985886429,0.058098494734982825,0.02079597904736367,0.03136905489143976,0.024054831878338352,0.010909972539795082,0.011294441572334536,0.08226707760643419,0.02988799953188379,0.0595966904936788,0.1104900279615048,0.043263824004298054,0.151686015022362,0.011442994888015652,0.13580741824128015,0.03029038111079496,0.06350097722438557,0.029044661417582135,0.5024861997267055,0.29204024068764395,0.38473603047627913,0.12182888909143265,0.5026738639747023,0.22246749802448157
2023-12-28 16:00:00,0.02220287652048538,0.14757774841168445,0.004377171622479533,0.11817284678853639,0.027716986669820275,0.025671947589188962,0.006420053585701968,0.009670766679545301,0.01027185908426994,0.0058101057002357525,0.0060890463128747425,0.05288069909595484,0.01303932194332655,0.014989882745113028,0.027583210707554952,0.014126344114212708,0.16174473529191488,0.007985709640478029,0.11940457024626136,0.007771748696965939,0.015764663205416234,0.019472174859503612,0.3963671646028543,0.15117799795193973,0.2570863631376907,0.06253031883725871,0.35337164924955494,0.11843885018913698
2023-12-28 17:00:00,0.0037560162219742455,0.0969455077273627,0.0002821656977217924,0.08218061091492795,0.017080344606242113,0.04326680618309787,0.0004986946468031232,0.0005789473308446925,0.005498158878475237,0.0004074755448517463,0.0005426719994077384,0.01210742902116663,0.004801623259915058,0.002543597272232417,0.006075853672036563,0.0026185134119537526,0.10529804405516961,0.0013241607650264756,0.11564282834668023,0.0009663913157661375,0.002821525415870509,0.0036966431593664106,0.13659058726175402,0.08718500850611145,0.0799311404647861,0.05260166730213742,0.09108447162723261,0.05912922894685145
2023-12-28 18:00:00,0.0,0.0,0.0,0.0,0.0,0.0,0.0,0.0,0.0,0.0,0.0,0.0,0.0,0.0,0.0,0.0,0.0,0.0,0.0,0.0,0.0,0.0,0.0,0.0,0.0,0.0,0.0,0.0
2023-12-28 19:00:00,0.0,0.0,0.0,0.0,0.0,0.0,0.0,0.0,0.0,0.0,0.0,0.0,0.0,0.0,0.0,0.0,0.0,0.0,0.0,0.0,0.0,0.0,0.0,0.0,0.0,0.0,0.0,0.0
2023-12-28 20:00:00,0.0,0.0,0.0,0.0,0.0,0.0,0.0,0.0,0.0,0.0,0.0,0.0,0.0,0.0,0.0,0.0,0.0,0.0,0.0,0.0,0.0,0.0,0.0,0.0,0.0,0.0,0.0,0.0
2023-12-28 21:00:00,0.0,0.0,0.0,0.0,0.0,0.0,0.0,0.0,0.0,0.0,0.0,0.0,0.0,0.0,0.0,0.0,0.0,0.0,0.0,0.0,0.0,0.0,0.0,0.0,0.0,0.0,0.0,0.0
2023-12-28 22:00:00,0.0,0.0,0.0,0.0,0.0,0.0,0.0,0.0,0.0,0.0,0.0,0.0,0.0,0.0,0.0,0.0,0.0,0.0,0.0,0.0,0.0,0.0,0.0,0.0,0.0,0.0,0.0,0.0
2023-12-28 23:00:00,0.0,0.0,0.0,0.0,0.0,0.0,0.0,0.0,0.0,0.0,0.0,0.0,0.0,0.0,0.0,0.0,0.0,0.0,0.0,0.0,0.0,0.0,0.0,0.0,0.0,0.0,0.0,0.0
2023-12-29 00:00:00,0.0,0.0,0.0,0.0,0.0,0.0,0.0,0.0,0.0,0.0,0.0,0.0,0.0,0.0,0.0,0.0,0.0,0.0,0.0,0.0,0.0,0.0,0.0,0.0,0.0,0.0,0.0,0.0
2023-12-29 01:00:00,0.0,0.0,0.0,0.0,0.0,0.0,0.0,0.0,0.0,0.0,0.0,0.0,0.0,0.0,0.0,0.0,0.0,0.0,0.0,0.0,0.0,0.0,0.0,0.0,0.0,0.0,0.0,0.0
2023-12-29 02:00:00,0.0,0.0,0.0,0.0,0.0,0.0,0.0,0.0,0.0,0.0,0.0,0.0,0.0,0.0,0.0,0.0,0.0,0.0,0.0,0.0,0.0,0.0,0.0,0.0,0.0,0.0,0.0,0.0
2023-12-29 03:00:00,0.0,0.0,0.0,0.0,0.0,0.0,0.0,0.0,0.0,0.0,0.0,0.0,0.0,0.0,0.0,0.0,0.0,0.0,0.0,0.0,0.0,0.0,0.0,0.0,0.0,0.0,0.0,0.0
2023-12-29 04:00:00,0.0,0.0,0.0,0.0,0.0,0.0,0.0,0.0,0.0,0.0,0.0,0.0,0.0,0.0,0.0,0.0,0.0,0.0,0.0,0.0,0.0,0.0,0.0,0.0,0.0,0.0,0.0,0.0
2023-12-29 05:00:00,0.0,0.0,0.0,0.0,0.0,0.0,0.0,0.0,0.0,0.0,0.0,0.0,0.0,0.0,0.0,0.0,0.0,0.0,0.0,0.0,0.0,0.0,0.0,0.0,0.0,0.0,0.0,0.0
2023-12-29 06:00:00,0.0,0.0,0.0,0.0,0.0,0.0,0.0,0.0,0.0,0.0,0.0,0.0,0.0,0.0,0.0,0.0,0.0,0.0,0.0,0.0,0.0,0.0,0.0,0.0,0.0,0.0,0.0,0.0
2023-12-29 07:00:00,0.0,0.0,0.0,0.0,0.0,0.0,0.0,0.0,0.0,0.0,0.0,0.0,0.0,0.0,0.0,0.0,0.0,0.0,0.0,0.0,0.0,0.0,0.0,0.0,0.0,0.0,0.0,0.0
2023-12-29 08:00:00,0.0,0.0,0.0,0.0,0.0,0.0,0.0,0.0,0.0,0.0,0.0,0.0,0.0,0.0,0.0,0.0,0.0,0.0,0.0,0.0,0.0,0.0,0.0,0.0,0.0,0.0,0.0,0.0
2023-12-29 09:00:00,0.0,0.0,0.0,0.0,0.0,0.0,0.0,0.0,0.0,0.0,0.0,0.0,0.0,0.0,0.0,0.0,0.0,0.0,0.0,0.0,0.0,0.0,0.0,0.0,0.0,0.0,0.0,0.0
2023-12-29 10:00:00,0.0024206350257603465,0.022037940552291073,0.013003840769575269,0.11539832768580509,0.0,0.0,0.0009230718419600267,0.008546267068983796,0.0,0.0228430511272832,0.018477396869315058,0.054652455073864264,0.0,0.012873780301843472,0.0,0.0,0.0,0.0,0.0,0.00434502217480876,0.014097324909205549,0.011427261210101328,0.3478454680596771,0.14913496753022498,0.0985660356338302,0.0,0.08925403498096945,0.15674637225480303
2023-12-29 11:00:00,0.07768197958624254,0.1612851845034765,0.06621362684932795,0.2584368188450706,0.0008377740078718222,0.0016750539966926283,0.02981048037020662,0.07853525613925018,0.015379488715233041,0.12031609856220674,0.11175674547152431,0.14739615166610584,0.01471769399434609,0.09095981767981842,0.03434751104289731,0.016946405156342353,2.5550534025147143e-05,0.12470560949169877,0.0,0.10004521652250745,0.09343918704478978,0.11324648542898613,0.5041262970984589,0.2234467230714552,0.2068239443107154,0.0022043597332741063,0.35566403477867903,0.23716285869644396
2023-12-29 12:00:00,0.06576562432593033,0.2438949269424816,0.015631805235341332,0.19869017959507154,0.007003975931357836,0.03144178178961269,0.026849427449826057,0.049009422505883866,0.07598665052321966,0.0416888483489956,0.03481999760779921,0.1269485482677117,0.07483006605829247,0.0655923338476557,0.13564145247156642,0.06256742544917093,0.004050413823702857,0.047779976591265795,0.0024309239538519885,0.05675507706506983,0.06799210816080764,0.06696973544512787,0.28962412659064135,0.29890158646850756,0.19591682341386749,0.040211263774984636,0.3976208484814489,0.3554748032798234
2023-12-29 13:00:00,0.11487809003968741,0.38727700360696965,0.013738416993155126,0.16395847033913033,0.024492190360174425,0.02158855920640676,0.030057322757021044,0.03678654502647485,0.12789212052194904,0.03560568133700627,0.03218298975389421,0.1721749865393286,0.1149778418228008,0.04046053008669862,0.1739088301101288,0.0905099538214039,0.01307304470389136,0.07308946314243019,0.007912612696299278,0.04027688206600906,0.04099450516242417,0.09692610996044852,0.3745405712471273,0.37735188394654007,0.2846368935784853,0.0425726802353683,0.4807432256201416,0.4222254238260602
2023-12-29 14:00:00,0.16017442049056574,0.42056724218212116,0.013411245936695314,0.1818618121104006,0.027664510217961086,0.03321140603530298,0.02220710568108102,0.030514793764983904,0.1611859804764438,0.025164056574313955,0.02464631953644873,0.26542084331251287,0.1874121256572996,0.04061776758442613,0.11651046265725704,0.15388459240902813,0.019502771233566762,0.09265849917774893,0.01073202295665174,0.029781640357000698,0.04179857644920288,0.14618330039198507,0.35250665011024723,0.3954252274906202,0.30241498166949776,0.03970457732208943,0.5090110379466936,0.40864476176559633
2023-12-29 15:00:00,0.1425325995481898,0.36755774460953133,0.018171411766329457,0.14989580715591708,0.03475603568564209,0.027913142661939602,0.01877041645637231,0.016400989469595558,0.0998297272038034,0.014339926451454793,0.012635914232631268,0.2520682148141344,0.1265962692183539,0.023572852681101934,0.12526216092490258,0.1271913406395823,0.015714196441522034,0.08764597089639346,0.009787395805414392,0.01909407729510481,0.024877667060124512,0.14413854137027274,0.3767290381955361,0.38006865679266016,0.39322598197484776,0.0350720694455409,0.4935010514395653,0.33065899524129744
2023-12-29 16:00:00,0.08824322677310117,0.3049657738505962,0.01079008560237997,0.055186387009002386,0.055509911236112604,0.01992477897657914,0.013026764846226627,0.014638122037797076,0.0472051098838956,0.011835953224925228,0.010528516382543875,0.1483011969964942,0.055330879587646306,0.022117968256674073,0.09885256562266496,0.05621367051537731,0.005086542906074717,0.04299600848151767,0.0034398693040177796,0.013192389534946123,0.02360956655755852,0.08341820779763366,0.2948001924673124,0.26061598263072394,0.39369570846866164,0.04611624283519921,0.374169130346811,0.23601470127335458
2023-12-29 17:00:00,0.02254698046110701,0.11202602272982168,0.00033460717739179093,0.013842897269594383,0.00969944400836922,0.00598150904882532,0.002188522981798427,0.006318840207406494,0.011422855132207553,0.0012512281765209472,0.001391090862183104,0.030597316263619095,0.012993980786298704,0.012634899982359787,0.010124762883959176,0.006347632399801815,0.0009544283926465456,0.007713159931772043,0.00020454783987831126,0.003805786932245688,0.013600863287494535,0.015403889414072449,0.11662523536765947,0.11393843930892046,0.1743824908549502,0.018088688903812097,0.12526941329314523,0.07439620537192304
2023-12-29 18:00:00,0.0,0.0,0.0,0.0,0.0,0.0,0.0,0.0,0.0,0.0,0.0,0.0,0.0,0.0,0.0,0.0,0.0,0.0,0.0,0.0,0.0,0.0,0.0,0.0,0.0,0.0,0.0,0.0
2023-12-29 19:00:00,0.0,0.0,0.0,0.0,0.0,0.0,0.0,0.0,0.0,0.0,0.0,0.0,0.0,0.0,0.0,0.0,0.0,0.0,0.0,0.0,0.0,0.0,0.0,0.0,0.0,0.0,0.0,0.0
2023-12-29 20:00:00,0.0,0.0,0.0,0.0,0.0,0.0,0.0,0.0,0.0,0.0,0.0,0.0,0.0,0.0,0.0,0.0,0.0,0.0,0.0,0.0,0.0,0.0,0.0,0.0,0.0,0.0,0.0,0.0
2023-12-29 21:00:00,0.0,0.0,0.0,0.0,0.0,0.0,0.0,0.0,0.0,0.0,0.0,0.0,0.0,0.0,0.0,0.0,0.0,0.0,0.0,0.0,0.0,0.0,0.0,0.0,0.0,0.0,0.0,0.0
2023-12-29 22:00:00,0.0,0.0,0.0,0.0,0.0,0.0,0.0,0.0,0.0,0.0,0.0,0.0,0.0,0.0,0.0,0.0,0.0,0.0,0.0,0.0,0.0,0.0,0.0,0.0,0.0,0.0,0.0,0.0
2023-12-29 23:00:00,0.0,0.0,0.0,0.0,0.0,0.0,0.0,0.0,0.0,0.0,0.0,0.0,0.0,0.0,0.0,0.0,0.0,0.0,0.0,0.0,0.0,0.0,0.0,0.0,0.0,0.0,0.0,0.0
2023-12-30 00:00:00,0.0,0.0,0.0,0.0,0.0,0.0,0.0,0.0,0.0,0.0,0.0,0.0,0.0,0.0,0.0,0.0,0.0,0.0,0.0,0.0,0.0,0.0,0.0,0.0,0.0,0.0,0.0,0.0
2023-12-30 01:00:00,0.0,0.0,0.0,0.0,0.0,0.0,0.0,0.0,0.0,0.0,0.0,0.0,0.0,0.0,0.0,0.0,0.0,0.0,0.0,0.0,0.0,0.0,0.0,0.0,0.0,0.0,0.0,0.0
2023-12-30 02:00:00,0.0,0.0,0.0,0.0,0.0,0.0,0.0,0.0,0.0,0.0,0.0,0.0,0.0,0.0,0.0,0.0,0.0,0.0,0.0,0.0,0.0,0.0,0.0,0.0,0.0,0.0,0.0,0.0
2023-12-30 03:00:00,0.0,0.0,0.0,0.0,0.0,0.0,0.0,0.0,0.0,0.0,0.0,0.0,0.0,0.0,0.0,0.0,0.0,0.0,0.0,0.0,0.0,0.0,0.0,0.0,0.0,0.0,0.0,0.0
2023-12-30 04:00:00,0.0,0.0,0.0,0.0,0.0,0.0,0.0,0.0,0.0,0.0,0.0,0.0,0.0,0.0,0.0,0.0,0.0,0.0,0.0,0.0,0.0,0.0,0.0,0.0,0.0,0.0,0.0,0.0
2023-12-30 05:00:00,0.0,0.0,0.0,0.0,0.0,0.0,0.0,0.0,0.0,0.0,0.0,0.0,0.0,0.0,0.0,0.0,0.0,0.0,0.0,0.0,0.0,0.0,0.0,0.0,0.0,0.0,0.0,0.0
2023-12-30 06:00:00,0.0,0.0,0.0,0.0,0.0,0.0,0.0,0.0,0.0,0.0,0.0,0.0,0.0,0.0,0.0,0.0,0.0,0.0,0.0,0.0,0.0,0.0,0.0,0.0,0.0,0.0,0.0,0.0
2023-12-30 07:00:00,0.0,0.0,0.0,0.0,0.0,0.0,0.0,0.0,0.0,0.0,0.0,0.0,0.0,0.0,0.0,0.0,0.0,0.0,0.0,0.0,0.0,0.0,0.0,0.0,0.0,0.0,0.0,0.0
2023-12-30 08:00:00,0.0,0.0,0.0,0.0,0.0,0.0,0.0,0.0,0.0,0.0,0.0,0.0,0.0,0.0,0.0,0.0,0.0,0.0,0.0,0.0,0.0,0.0,0.0,0.0,0.0,0.0,0.0,0.0
2023-12-30 09:00:00,0.0,0.0,0.0,0.0,0.0,0.0,0.0,0.0,0.0,0.0,0.0,0.0,0.0,0.0,0.0,0.0,0.0,0.0,0.0,0.0,0.0,0.0,0.0,0.0,0.0,0.0,0.0,0.0
2023-12-30 10:00:00,0.003082368911476236,0.018800533987026715,0.03130488949705464,0.04450194479615875,0.0,0.0,0.044138597746087437,0.034826137867664975,0.0,0.0414925432191615,0.04552699574761705,0.013138229154026126,0.0,0.03768778968835837,0.0,0.0,0.0,0.0,0.0,0.01622031133177372,0.036155265601820905,0.013483994286648662,0.38035506567034894,0.21055798064978853,0.29299650282753475,0.0,0.11936614871263514,0.13927640466338978
2023-12-30 11:00:00,0.08141929477321788,0.3725405402600539,0.1439029044113836,0.039698214346673484,0.001464271514293952,0.0324456466846287,0.1007916682330321,0.0907436048222492,0.08649212438128921,0.14449203539939626,0.10061807080998705,0.04170739043398722,0.0976710295727613,0.09356381609739683,0.18553899535168078,0.10501518262762828,0.01554714488558564,0.054649680688824316,0.006417664648238774,0.09920100797029663,0.09780369096717524,0.0996563856985524,0.5457415042781011,0.30224984917903747,0.4387027126853788,0.03090435684633128,0.3486872020108908,0.2772977070085345
2023-12-30 12:00:00,0.19456932668180368,0.4711143188827647,0.15868147185519724,0.06717015484753572,0.06274786075526699,0.03175423910435664,0.1644963406288571,0.061719470010220163,0.10434904100060757,0.0725323285295256,0.08207284711086026,0.1662987858290272,0.11211216383767403,0.04175532948605205,0.10744447307846325,0.0644192912724992,0.006135093818716013,0.22132824711641,0.002552730436238582,0.05275897255159596,0.043147416861458246,0.21198044001175806,0.4973261465587228,0.2814811813575213,0.3030607534049578,0.08280068045672884,0.3330529595916002,0.3174686771572027
2023-12-30 13:00:00,0.2449431039198528,0.5318057951539108,0.2135014523733447,0.1114095418047711,0.12476224685347395,0.035551201378090695,0.2135761281495863,0.06888542652661825,0.10058695647821554,0.09042208718382047,0.1081031091325655,0.230157620349852,0.090917838293966,0.03017206154044238,0.13898696992308185,0.0738194094499942,0.03270596128360874,0.23366338122125616,0.013766783860481328,0.025672077195949786,0.03005874562078744,0.2641660579774666,0.48822987435582516,0.2908479686243542,0.38066077592449427,0.10440765572850934,0.397706342908443,0.3316953060902223
2023-12-30 14:00:00,0.2787376516176494,0.5541332476885982,0.1950732365304361,0.12239483524087653,0.15126729252629353,0.06212139120480074,0.1663624814923956,0.08828775442860393,0.19871050555610256,0.1788802079313112,0.1809084040820946,0.18927443445992942,0.19608165809346148,0.04628091904234606,0.1982275085463645,0.13007577812585033,0.0490377474473206,0.21934857261687393,0.011608215328331875,0.01927533731859845,0.04424705477410153,0.24864094331601083,0.4855640648194496,0.26346541088661735,0.39398071345678126,0.12420047018170914,0.426655334110731,0.2927814928472449
2023-12-30 15:00:00,0.306897398686462,0.5201787683752447,0.14374972462305666,0.061008281504688615,0.11497329492038479,0.0456899063455056,0.20203299642572906,0.13793214948920046,0.22119777809118502,0.17075240351982135,0.17498240146559868,0.17808482519622085,0.19556332277858832,0.0893034685634887,0.13338715042410643,0.09601248234715502,0.06410282988801701,0.25368638095102897,0.009673284446335239,0.055744292979123006,0.0806360556184052,0.25648228066340484,0.44976587351659664,0.19845274284640615,0.39024588350623035,0.09244275641729961,0.3577245204180792,0.2620524080758003
2023-12-30 16:00:00,0.2649678081945658,0.44193445385366,0.1308777904466036,0.044318336780308665,0.08154700399501127,0.02091968976386539,0.09268372499506178,0.07446054688487984,0.1821747978154998,0.11895356786441318,0.11973785015313301,0.1881866574835181,0.15672522617113466,0.05901120411016646,0.08873231013731199,0.07536695451864446,0.03074616913389932,0.18963580671582794,0.01035532493212368,0.020812168624449758,0.05566117409220794,0.23569655270697923,0.44554965165410954,0.12073950615273689,0.316956582443742,0.04861135606929102,0.2545156513329096,0.1376423704714731
2023-12-30 17:00:00,0.1677249020448667,0.29781663018504717,0.09996361543002992,0.020930574457220127,0.022429292866298352,0.005915577265019717,0.0715688372380961,0.021773065945605533,0.1050417713635363,0.04233866201396053,0.041901548621358864,0.09855237659083545,0.08035436392440774,0.011665848155303025,0.04644494944615586,0.04508608316306052,0.02869115067817698,0.10483666587654052,0.006652808170463646,0.0042011307896911475,0.010698064547514208,0.11012034967975833,0.24882134931357439,0.0922802839682165,0.18965171451319687,0.020531647133396568,0.1880765963471476,0.08407821976003615
2023-12-30 18:00:00,0.0,0.0,0.0,0.0,0.0,0.0,0.0,0.0,0.0,0.0,0.0,0.0,0.0,0.0,0.0,0.0,0.0,0.0,0.0,0.0,0.0,0.0,0.0,0.0,0.0,0.0,0.0,0.0
2023-12-30 19:00:00,0.0,0.0,0.0,0.0,0.0,0.0,0.0,0.0,0.0,0.0,0.0,0.0,0.0,0.0,0.0,0.0,0.0,0.0,0.0,0.0,0.0,0.0,0.0,0.0,0.0,0.0,0.0,0.0
2023-12-30 20:00:00,0.0,0.0,0.0,0.0,0.0,0.0,0.0,0.0,0.0,0.0,0.0,0.0,0.0,0.0,0.0,0.0,0.0,0.0,0.0,0.0,0.0,0.0,0.0,0.0,0.0,0.0,0.0,0.0
2023-12-30 21:00:00,0.0,0.0,0.0,0.0,0.0,0.0,0.0,0.0,0.0,0.0,0.0,0.0,0.0,0.0,0.0,0.0,0.0,0.0,0.0,0.0,0.0,0.0,0.0,0.0,0.0,0.0,0.0,0.0
2023-12-30 22:00:00,0.0,0.0,0.0,0.0,0.0,0.0,0.0,0.0,0.0,0.0,0.0,0.0,0.0,0.0,0.0,0.0,0.0,0.0,0.0,0.0,0.0,0.0,0.0,0.0,0.0,0.0,0.0,0.0
2023-12-30 23:00:00,0.0,0.0,0.0,0.0,0.0,0.0,0.0,0.0,0.0,0.0,0.0,0.0,0.0,0.0,0.0,0.0,0.0,0.0,0.0,0.0,0.0,0.0,0.0,0.0,0.0,0.0,0.0,0.0
2023-12-31 00:00:00,0.0,0.0,0.0,0.0,0.0,0.0,0.0,0.0,0.0,0.0,0.0,0.0,0.0,0.0,0.0,0.0,0.0,0.0,0.0,0.0,0.0,0.0,0.0,0.0,0.0,0.0,0.0,0.0
2023-12-31 01:00:00,0.0,0.0,0.0,0.0,0.0,0.0,0.0,0.0,0.0,0.0,0.0,0.0,0.0,0.0,0.0,0.0,0.0,0.0,0.0,0.0,0.0,0.0,0.0,0.0,0.0,0.0,0.0,0.0
2023-12-31 02:00:00,0.0,0.0,0.0,0.0,0.0,0.0,0.0,0.0,0.0,0.0,0.0,0.0,0.0,0.0,0.0,0.0,0.0,0.0,0.0,0.0,0.0,0.0,0.0,0.0,0.0,0.0,0.0,0.0
2023-12-31 03:00:00,0.0,0.0,0.0,0.0,0.0,0.0,0.0,0.0,0.0,0.0,0.0,0.0,0.0,0.0,0.0,0.0,0.0,0.0,0.0,0.0,0.0,0.0,0.0,0.0,0.0,0.0,0.0,0.0
2023-12-31 04:00:00,0.0,0.0,0.0,0.0,0.0,0.0,0.0,0.0,0.0,0.0,0.0,0.0,0.0,0.0,0.0,0.0,0.0,0.0,0.0,0.0,0.0,0.0,0.0,0.0,0.0,0.0,0.0,0.0
2023-12-31 05:00:00,0.0,0.0,0.0,0.0,0.0,0.0,0.0,0.0,0.0,0.0,0.0,0.0,0.0,0.0,0.0,0.0,0.0,0.0,0.0,0.0,0.0,0.0,0.0,0.0,0.0,0.0,0.0,0.0
2023-12-31 06:00:00,0.0,0.0,0.0,0.0,0.0,0.0,0.0,0.0,0.0,0.0,0.0,0.0,0.0,0.0,0.0,0.0,0.0,0.0,0.0,0.0,0.0,0.0,0.0,0.0,0.0,0.0,0.0,0.0
2023-12-31 07:00:00,0.0,0.0,0.0,0.0,0.0,0.0,0.0,0.0,0.0,0.0,0.0,0.0,0.0,0.0,0.0,0.0,0.0,0.0,0.0,0.0,0.0,0.0,0.0,0.0,0.0,0.0,0.0,0.0
2023-12-31 08:00:00,0.0,0.0,0.0,0.0,0.0,0.0,0.0,0.0,0.0,0.0,0.0,0.0,0.0,0.0,0.0,0.0,0.0,0.0,0.0,0.0,0.0,0.0,0.0,0.0,0.0,0.0,0.0,0.0
2023-12-31 09:00:00,0.0,0.0,0.0,0.0,0.0,0.0,0.0,0.0,0.0,0.0,0.0,0.0,0.0,0.0,0.0,0.0,0.0,0.0,0.0,0.0,0.0,0.0,0.0,0.0,0.0,0.0,0.0,0.0
2023-12-31 10:00:00,0.0015619600588427827,0.012210327462143494,0.021327524078031058,0.05544197292023877,0.0,0.0,0.030812253177479307,0.06310376448067787,0.0,0.019334524138748803,0.024079626086021207,0.01931812008142819,0.0,0.1261517411035528,0.0,0.0,0.0,0.0,0.0,0.08607181455872276,0.13305406239620884,0.0064235269885381295,0.20312585769156552,0.06573123912149477,0.09387821950803801,0.0,0.0022649870129995754,0.051315055600711666
2023-12-31 11:00:00,0.06967415234131588,0.2852955083593029,0.20568820617306938,0.08898567254990399,0.009159182148205337,0.0038863926339013696,0.06595764566365621,0.05235583405803096,0.0707084835998616,0.06620188512259903,0.06699133505989252,0.057474250472132574,0.10790960501495554,0.07905299482073684,0.036485103731813115,0.06353899544762481,0.0018047377358779378,0.020945567081146973,0.0034863782207508382,0.030555309095217177,0.08435098503368568,0.0520399351451176,0.2952325035156799,0.12679529455447275,0.12769266528749376,0.03507783336770718,0.12598511277925167,0.14422754719083739
2023-12-31 12:00:00,0.1592228996950618,0.3974067239257693,0.2962639370982236,0.2267609347319631,0.11288876262652175,0.02828113004041501,0.246465715211718,0.1477600676437411,0.13711321725428335,0.1151930034684285,0.14274023142824221,0.17700417670134397,0.17962084714989943,0.1483904831203123,0.05286847865645094,0.09022111981481193,0.011009054445151724,0.06191662014894563,0.013326316742756052,0.0983769146708861,0.14744351876473036,0.10240882269634088,0.3996158729399662,0.1499645972141561,0.14319485921950417,0.04669935924721919,0.23342324594768943,0.1893024737628155
2023-12-31 13:00:00,0.2537031152908748,0.4437630556113406,0.4187470348037349,0.25582587012104824,0.1681456888205922,0.05585233455705387,0.17812471807953348,0.14584080781853262,0.21071235671165303,0.1523480838023962,0.17498192193023893,0.15405958231550354,0.25362978517171975,0.186039299892148,0.10842275683390158,0.184775936783287,0.025259225023665198,0.1808477118125765,0.028823607350843067,0.051854089556527906,0.1923369525204029,0.15635455928959924,0.39154271577544497,0.19677548478462661,0.16245313293295907,0.08562766707813745,0.23917975115352175,0.24290672795683807
2023-12-31 14:00:00,0.23648681032638166,0.4556022117420361,0.35615964575818737,0.21984236244734418,0.1887010473648487,0.07360305832220611,0.2429048118269823,0.18655049215524125,0.21644207362052992,0.11341977067771856,0.1570552862718666,0.15096920035432743,0.27976769063425383,0.23024605020269145,0.16623237361766807,0.24346054556393346,0.03352720353823441,0.1825652255533314,0.03897790476703751,0.09664591375339814,0.23228712956780656,0.11617558588445966,0.33166825614785944,0.17434325362780825,0.1369590753050317,0.0862707106040697,0.24560890205598704,0.1898126883224554
2023-12-31 15:00:00,0.3029042488504371,0.4898490317778244,0.2911789708380726,0.2873558691153411,0.16793401715267323,0.07879785801979904,0.21749796948991887,0.15656958465727777,0.1981336362042042,0.10139625096368905,0.12427587768189431,0.3364777560522717,0.27075701686678466,0.19115412503232876,0.2164894868072208,0.2376601101606448,0.03278774112315277,0.3180771427931148,0.03616145266747101,0.11225347464270849,0.19571398147623964,0.29508734425913447,0.3393155378995101,0.15988176152315434,0.1455262820103374,0.10114881696348371,0.2603328835338224,0.1752086894777781
2023-12-31 16:00:00,0.23266404117778489,0.420758000941585,0.17605427144343816,0.23053159816919536,0.12780343322486104,0.04869855304085605,0.251069907971302,0.23402595358301648,0.18367540456660514,0.18787719222431123,0.21372709087377934,0.2159975442125727,0.22448089267318413,0.21401335716350453,0.12186859797717356,0.17557442197276554,0.022831504386926584,0.2535159580361142,0.02116924818045767,0.11689912553157554,0.20817163155161145,0.2301984130186677,0.18946934960650724,0.14190100417857254,0.07637871224866354,0.06105370377002201,0.207710325735556,0.17471487763359664
2023-12-31 17:00:00,0.14371401121016625,0.26655925714938566,0.09292825664270427,0.180255980532935,0.02197803886586011,0.01102857393749814,0.12382085036456501,0.1545025643538891,0.0638743388257156,0.11064157656844942,0.11829475559840767,0.19345990101577012,0.0823947932115996,0.17867516092118618,0.02648134243351783,0.04265022687203864,0.0038309181075417897,0.14476878429343154,0.003292064862703759,0.14548407875059333,0.18034538444855447,0.18953270137841693,0.07740377052713593,0.0944743418836463,0.01567879109723418,0.014861839463219293,0.15958503646871058,0.11177307043631991
2023-12-31 18:00:00,0.0,0.0,0.0,0.0,0.0,0.0,0.0,0.0,0.0,0.0,0.0,0.0,0.0,0.0,0.0,0.0,0.0,0.0,0.0,0.0,0.0,0.0,0.0,0.0,0.0,0.0,0.0,0.0
2023-12-31 19:00:00,0.0,0.0,0.0,0.0,0.0,0.0,0.0,0.0,0.0,0.0,0.0,0.0,0.0,0.0,0.0,0.0,0.0,0.0,0.0,0.0,0.0,0.0,0.0,0.0,0.0,0.0,0.0,0.0
2023-12-31 20:00:00,0.0,0.0,0.0,0.0,0.0,0.0,0.0,0.0,0.0,0.0,0.0,0.0,0.0,0.0,0.0,0.0,0.0,0.0,0.0,0.0,0.0,0.0,0.0,0.0,0.0,0.0,0.0,0.0
2023-12-31 21:00:00,0.0,0.0,0.0,0.0,0.0,0.0,0.0,0.0,0.0,0.0,0.0,0.0,0.0,0.0,0.0,0.0,0.0,0.0,0.0,0.0,0.0,0.0,0.0,0.0,0.0,0.0,0.0,0.0
2023-12-31 22:00:00,0.0,0.0,0.0,0.0,0.0,0.0,0.0,0.0,0.0,0.0,0.0,0.0,0.0,0.0,0.0,0.0,0.0,0.0,0.0,0.0,0.0,0.0,0.0,0.0,0.0,0.0,0.0,0.0
2023-12-31 23:00:00,0.0,0.0,0.0,0.0,0.0,0.0,0.0,0.0,0.0,0.0,0.0,0.0,0.0,0.0,0.0,0.0,0.0,0.0,0.0,0.0,0.0,0.0,0.0,0.0,0.0,0.0,0.0,0.0
